0.000000000000000000e+00 8.310995807114196499e-02 8.145783491474584137e-02 2.993423461914062500e+00
1.000000000000000000e+00 8.456681261848038311e-02 8.660315520933384303e-02 2.996864557266235352e+00
2.000000000000000000e+00 1.029780502977459822e-01 8.835948364427961832e-02 3.130250930786132812e+00
3.000000000000000000e+00 9.927296122878602469e-02 1.043754183832021343e-01 3.130967378616333008e+00
4.000000000000000000e+00 1.235252542599947906e-01 1.038813013447041078e-01 3.248096942901611328e+00
5.000000000000000000e+00 1.193004813120887297e-01 1.250197470797503319e-01 3.245934486389160156e+00
6.000000000000000000e+00 1.472298301493829009e-01 1.222060825472897905e-01 3.349498987197875977e+00
7.000000000000000000e+00 1.432064028607211714e-01 1.496442038555294285e-01 3.345635890960693359e+00
8.000000000000000000e+00 1.712671315467200750e-01 1.435202349003736888e-01 3.439917087554931641e+00
9.000000000000000000e+00 1.686167873970716435e-01 1.765792181895173563e-01 3.432495594024658203e+00
1.000000000000000000e+01 1.986768002037698211e-01 1.702446061701548274e-01 3.516735076904296875e+00
1.100000000000000000e+01 1.909331984271712690e-01 2.000939752053528808e-01 3.510305404663085938e+00
1.200000000000000000e+01 2.227950680028193131e-01 1.931190782833308861e-01 3.585921049118041992e+00
1.300000000000000000e+01 2.150431642766704454e-01 2.224559433681014831e-01 3.577421903610229492e+00
1.400000000000000000e+01 2.434719687646749453e-01 2.122422917475863535e-01 3.647303104400634766e+00
1.500000000000000000e+01 2.345528949133095509e-01 2.473121157441130757e-01 3.637785911560058594e+00
1.600000000000000000e+01 2.668951969874153729e-01 2.359490167606034805e-01 3.704315900802612305e+00
1.700000000000000000e+01 2.565567266247706923e-01 2.723799461805090916e-01 3.693063974380493164e+00
1.800000000000000000e+01 2.885491338177422205e-01 2.611974838842938684e-01 3.756023883819580078e+00
1.900000000000000000e+01 2.765249156365807148e-01 2.929504479938291328e-01 3.744656562805175781e+00
2.000000000000000000e+01 3.102080208882381229e-01 2.838227798476283259e-01 3.802101373672485352e+00
2.100000000000000000e+01 2.934466899598472400e-01 3.160898424409719909e-01 3.791366577148437500e+00
2.200000000000000000e+01 3.287822502851691642e-01 3.007188143736969077e-01 3.844242572784423828e+00
2.300000000000000000e+01 3.165881527506843041e-01 3.335843260910159036e-01 3.835375547409057617e+00
2.400000000000000000e+01 3.456009797996031363e-01 3.214867628755732620e-01 3.886014938354492188e+00
2.500000000000000000e+01 3.340600281286380535e-01 3.543670529819969439e-01 3.876589536666870117e+00
2.600000000000000000e+01 3.652539774718869814e-01 3.410889196320944228e-01 3.923770427703857422e+00
2.700000000000000000e+01 3.498733068993766793e-01 3.742362579995526239e-01 3.915813446044921875e+00
2.800000000000000000e+01 3.810584439787143007e-01 3.586160522206707779e-01 3.960445404052734375e+00
2.900000000000000000e+01 3.682161438946488508e-01 3.894831862910165254e-01 3.951147079467773438e+00
3.000000000000000000e+01 3.996641439761431935e-01 3.752554020436498772e-01 3.994929075241088867e+00
3.100000000000000000e+01 3.857770795160804234e-01 4.064446727970041917e-01 3.985275983810424805e+00
3.200000000000000000e+01 4.159852370341655114e-01 3.924708259839482793e-01 4.029252052307128906e+00
3.300000000000000000e+01 4.022087329489568708e-01 4.241282260677886051e-01 4.017659664154052734e+00
3.400000000000000000e+01 4.324180691133990839e-01 4.066884638546859332e-01 4.060503959655761719e+00
3.500000000000000000e+01 4.204416496100712441e-01 4.389337241814691981e-01 4.049727439880371094e+00
3.600000000000000000e+01 4.474550152929646085e-01 4.225043413288692706e-01 4.090014457702636719e+00
3.700000000000000000e+01 4.338575153245383120e-01 4.540801041491227541e-01 4.078896045684814453e+00
3.800000000000000000e+01 4.648240030716723759e-01 4.360776549263791213e-01 4.117571353912353516e+00
3.900000000000000000e+01 4.490282838842041269e-01 4.672609805630438817e-01 4.107290267944335938e+00
4.000000000000000000e+01 4.756617528656919003e-01 4.531213721571678010e-01 4.145557880401611328e+00
4.100000000000000000e+01 4.611682218600778871e-01 4.812828934969761163e-01 4.134172916412353516e+00
4.200000000000000000e+01 4.914227900378095870e-01 4.682852589343958760e-01 4.171597480773925781e+00
4.300000000000000000e+01 4.733937189597977602e-01 4.944294196113472317e-01 4.160738468170166016e+00
4.400000000000000000e+01 5.028682774773479691e-01 4.831739419317950812e-01 4.195230484008789062e+00
4.500000000000000000e+01 4.869702793557126874e-01 5.082526568145283585e-01 4.185443878173828125e+00
4.600000000000000000e+01 5.158529389383699204e-01 4.901942208402781387e-01 4.217906475067138672e+00
4.700000000000000000e+01 4.996483328353050757e-01 5.241454430548314614e-01 4.209090709686279297e+00
4.800000000000000000e+01 5.282804048361248173e-01 5.030832984231407012e-01 4.240195274353027344e+00
4.900000000000000000e+01 5.118082110010555574e-01 5.325313445704682458e-01 4.230815887451171875e+00
5.000000000000000000e+01 5.412439912118898189e-01 5.164263393313892614e-01 4.262016773223876953e+00
5.100000000000000000e+01 5.247830741488673789e-01 5.435271144546705013e-01 4.252346038818359375e+00
5.200000000000000000e+01 5.506205120879346104e-01 5.298339994299735567e-01 4.282628536224365234e+00
5.300000000000000000e+01 5.359598879508754576e-01 5.570823246219656077e-01 4.271797657012939453e+00
5.400000000000000000e+01 5.625710394066008035e-01 5.412998340850356804e-01 4.301519393920898438e+00
5.500000000000000000e+01 5.431141267744463708e-01 5.698021233094433535e-01 4.290912151336669922e+00
5.600000000000000000e+01 5.713230196161448449e-01 5.511003397559574024e-01 4.319916725158691406e+00
5.700000000000000000e+01 5.568002164936319831e-01 5.838441848527696765e-01 4.310029506683349609e+00
5.800000000000000000e+01 5.810558750187495569e-01 5.656931043062852771e-01 4.337503910064697266e+00
5.900000000000000000e+01 5.675459840195439254e-01 5.889978321095764580e-01 4.327835083007812500e+00
6.000000000000000000e+01 5.906216484177045922e-01 5.743243446547153797e-01 4.353696823120117188e+00
6.100000000000000000e+01 5.755309618712403097e-01 6.004423599447304971e-01 4.343975067138671875e+00
6.200000000000000000e+01 6.032644094584511674e-01 5.866087337219696440e-01 4.371253013610839844e+00
6.300000000000000000e+01 5.881134768877588348e-01 6.102584291352741719e-01 4.360310077667236328e+00
6.400000000000000000e+01 6.116701589316939636e-01 5.954842629157106604e-01 4.385426044464111328e+00
6.500000000000000000e+01 5.958944470260993942e-01 6.191219891124906116e-01 4.374549865722656250e+00
6.600000000000000000e+01 6.178032835369575704e-01 6.011984304305370008e-01 4.399814605712890625e+00
6.700000000000000000e+01 6.040253539308911845e-01 6.276916388043446426e-01 4.388712406158447266e+00
6.800000000000000000e+01 6.271824274276484035e-01 6.103593898405147433e-01 4.414396762847900391e+00
6.900000000000000000e+01 6.144237590638352842e-01 6.330554984803106189e-01 4.402435779571533203e+00
7.000000000000000000e+01 6.372448192750169715e-01 6.182364879705984917e-01 4.427556037902832031e+00
7.100000000000000000e+01 6.213907563659882838e-01 6.409158225559504762e-01 4.414634704589843750e+00
7.200000000000000000e+01 6.438753413741807874e-01 6.280468433913249937e-01 4.440247058868408203e+00
7.300000000000000000e+01 6.302034730658097050e-01 6.501644025296209328e-01 4.427755832672119141e+00
7.400000000000000000e+01 6.504030931850149910e-01 6.352475405527019392e-01 4.451651573181152344e+00
7.500000000000000000e+01 6.350752660390971416e-01 6.593284046623797412e-01 4.440905094146728516e+00
7.600000000000000000e+01 6.588793509848308583e-01 6.446741445353277866e-01 4.462799072265625000e+00
7.700000000000000000e+01 6.425661886866208539e-01 6.638559795168921251e-01 4.452589511871337891e+00
7.800000000000000000e+01 6.662915017591393152e-01 6.479100101277438517e-01 4.475214958190917969e+00
7.900000000000000000e+01 6.486946427968736106e-01 6.730206652881913776e-01 4.463911533355712891e+00
8.000000000000000000e+01 6.695608385752201963e-01 6.572481804903719249e-01 4.487445831298828125e+00
8.100000000000000000e+01 6.578883267998154594e-01 6.801175308424005639e-01 4.475482940673828125e+00
8.200000000000000000e+01 6.791860884745155591e-01 6.658068358947931698e-01 4.498272895812988281e+00
8.300000000000000000e+01 6.599662000284522989e-01 6.843321004070936908e-01 4.485804080963134766e+00
8.400000000000000000e+01 6.831293952970191041e-01 6.675004898411304177e-01 4.508160591125488281e+00
8.500000000000000000e+01 6.675446288118809246e-01 6.893207043209467200e-01 4.494757175445556641e+00
8.600000000000000000e+01 6.881938109343936905e-01 6.729808366062303149e-01 4.518479347229003906e+00
8.700000000000000000e+01 6.727197951567146506e-01 6.964401291962732943e-01 4.504232883453369141e+00
8.800000000000000000e+01 6.947312557953938539e-01 6.832641287146535847e-01 4.525977134704589844e+00
8.900000000000000000e+01 6.811388427454529992e-01 7.007620169396565624e-01 4.513516426086425781e+00
9.000000000000000000e+01 6.998077950567770378e-01 6.849689041078534935e-01 4.533808708190917969e+00
9.100000000000000000e+01 6.841996185330400104e-01 7.046540837511922062e-01 4.521822452545166016e+00
9.200000000000000000e+01 7.063833020205870783e-01 6.927455433912085292e-01 4.540882587432861328e+00
9.300000000000000000e+01 6.886551839466832359e-01 7.110877805756361525e-01 4.528953075408935547e+00
9.400000000000000000e+01 7.100218027316315128e-01 6.968771211096342899e-01 4.548168182373046875e+00
9.500000000000000000e+01 6.933592755548313447e-01 7.163989109342353556e-01 4.537261009216308594e+00
9.600000000000000000e+01 7.151928294961326094e-01 7.010166208112552644e-01 4.556208133697509766e+00
9.700000000000000000e+01 6.987572092741093366e-01 7.217400072657175203e-01 4.544532299041748047e+00
9.800000000000000000e+01 7.186408235992705063e-01 7.052635209394455540e-01 4.563168525695800781e+00
9.900000000000000000e+01 7.023627309884370451e-01 7.261193686825436755e-01 4.550608634948730469e+00
1.000000000000000000e+02 7.240161682638104335e-01 7.083978692802397337e-01 4.570214271545410156e+00
1.010000000000000000e+02 7.069636441905382540e-01 7.286237272103607276e-01 4.558232307434082031e+00
1.020000000000000000e+02 7.268317227966505367e-01 7.162057541159871921e-01 4.576725959777832031e+00
1.030000000000000000e+02 7.109553387488505294e-01 7.334032077168469721e-01 4.565794944763183594e+00
1.040000000000000000e+02 7.315015091247016876e-01 7.187819635153129827e-01 4.583378791809082031e+00
1.050000000000000000e+02 7.158224297588652307e-01 7.377217409173112417e-01 4.573190212249755859e+00
1.060000000000000000e+02 7.321449314969631361e-01 7.230631629830459595e-01 4.589037418365478516e+00
1.070000000000000000e+02 7.181667304958112563e-01 7.433608937630947766e-01 4.577940464019775391e+00
1.080000000000000000e+02 7.360212692646652677e-01 7.257503199021958507e-01 4.593956470489501953e+00
1.090000000000000000e+02 7.212787977525957350e-01 7.455584361524806303e-01 4.584338665008544922e+00
1.100000000000000000e+02 7.422600466560415056e-01 7.292253417655699677e-01 4.599610805511474609e+00
1.110000000000000000e+02 7.238650218486393229e-01 7.479319918670471745e-01 4.589419364929199219e+00
1.120000000000000000e+02 7.415855864197685721e-01 7.341011145910893987e-01 4.604338645935058594e+00
1.130000000000000000e+02 7.249886452073542875e-01 7.502579250119713050e-01 4.594101905822753906e+00
1.140000000000000000e+02 7.452902274389211490e-01 7.346556634326057988e-01 4.609675407409667969e+00
1.150000000000000000e+02 7.290127796814447336e-01 7.535265560691992714e-01 4.598095893859863281e+00
1.160000000000000000e+02 7.484495381954000548e-01 7.397588396984859926e-01 4.613145828247070312e+00
1.170000000000000000e+02 7.322320015744656629e-01 7.572114629592986423e-01 4.602143287658691406e+00
1.180000000000000000e+02 7.497087442184776629e-01 7.428340238824874264e-01 4.617673873901367188e+00
1.190000000000000000e+02 7.352741376076051827e-01 7.591885337097737940e-01 4.607192993164062500e+00
1.200000000000000000e+02 7.499796513070809967e-01 7.470983847893422070e-01 4.621254920959472656e+00
1.210000000000000000e+02 7.368455694772395592e-01 7.619092688906154986e-01 4.611729621887207031e+00
1.220000000000000000e+02 7.530077500923121336e-01 7.490815415763811824e-01 4.624676704406738281e+00
1.230000000000000000e+02 7.381904763170403783e-01 7.663080223284481907e-01 4.615388393402099609e+00
1.240000000000000000e+02 7.569408482404990091e-01 7.514042048346162295e-01 4.628949642181396484e+00
1.250000000000000000e+02 7.416524709129292958e-01 7.660515972056382017e-01 4.619958400726318359e+00
1.260000000000000000e+02 7.600843302821087555e-01 7.550272052957651692e-01 4.633351802825927734e+00
1.270000000000000000e+02 7.435977751008392422e-01 7.690336698952268124e-01 4.623749256134033203e+00
1.280000000000000000e+02 7.626549889063878318e-01 7.543619367963857458e-01 4.638132572174072266e+00
1.290000000000000000e+02 7.473208019730299689e-01 7.717147070136840536e-01 4.627445697784423828e+00
1.300000000000000000e+02 7.648698365100750074e-01 7.573142992091602688e-01 4.641003608703613281e+00
1.310000000000000000e+02 7.488057593830540482e-01 7.721659546440692301e-01 4.630697250366210938e+00
1.320000000000000000e+02 7.659120268643550000e-01 7.590917626909842175e-01 4.644200801849365234e+00
1.330000000000000000e+02 7.529823001837444574e-01 7.737838618119754486e-01 4.633347988128662109e+00
1.340000000000000000e+02 7.665294725329853120e-01 7.600176224347303666e-01 4.646352767944335938e+00
1.350000000000000000e+02 7.511846298262067068e-01 7.765794957792081510e-01 4.634839057922363281e+00
1.360000000000000000e+02 7.696819786910028549e-01 7.620243619710008742e-01 4.649871349334716797e+00
1.370000000000000000e+02 7.529454047038860454e-01 7.775207022904944143e-01 4.637277603149414062e+00
1.380000000000000000e+02 7.714596680047642874e-01 7.630021172078830238e-01 4.652937412261962891e+00
1.390000000000000000e+02 7.567667506246609221e-01 7.805576893340046007e-01 4.639443397521972656e+00
1.400000000000000000e+02 7.697455087532384388e-01 7.657861069414559907e-01 4.655328273773193359e+00
1.410000000000000000e+02 7.557911720606353967e-01 7.817650184573872174e-01 4.642526149749755859e+00
1.420000000000000000e+02 7.724718783338190287e-01 7.684485838274714986e-01 4.657438278198242188e+00
1.430000000000000000e+02 7.593372864357285090e-01 7.846997413426144430e-01 4.644251823425292969e+00
1.440000000000000000e+02 7.758431121764431948e-01 7.698007100498668320e-01 4.660809516906738281e+00
1.450000000000000000e+02 7.578242283003506774e-01 7.853099650993108360e-01 4.645202159881591797e+00
1.460000000000000000e+02 7.775575358111656010e-01 7.692289682925046446e-01 4.663822174072265625e+00
1.470000000000000000e+02 7.618565588027821356e-01 7.868537287728073482e-01 4.647322654724121094e+00
1.480000000000000000e+02 7.767651030766068443e-01 7.695424901992106159e-01 4.664123058319091797e+00
1.490000000000000000e+02 7.639736458696390065e-01 7.887574989523375990e-01 4.648910999298095703e+00
1.500000000000000000e+02 7.793373134988818007e-01 7.729752651029153654e-01 4.666224479675292969e+00
1.510000000000000000e+02 7.642320493370009515e-01 7.889709450664934565e-01 4.651796340942382812e+00
1.520000000000000000e+02 7.828623145578899045e-01 7.763600416616932565e-01 4.669060707092285156e+00
1.530000000000000000e+02 7.658357018903636515e-01 7.901162110267624383e-01 4.654229164123535156e+00
1.540000000000000000e+02 7.814343228246224404e-01 7.768377922095285326e-01 4.671237468719482422e+00
1.550000000000000000e+02 7.681274305300005434e-01 7.932613168291696715e-01 4.656077861785888672e+00
1.560000000000000000e+02 7.852376668332692322e-01 7.779054676261298873e-01 4.672997474670410156e+00
1.570000000000000000e+02 7.674018515535953044e-01 7.918882430954119478e-01 4.657954692840576172e+00
1.580000000000000000e+02 7.845506541569214898e-01 7.782399127044000720e-01 4.674973011016845703e+00
1.590000000000000000e+02 7.705818905884287418e-01 7.935250950039062223e-01 4.659661769866943359e+00
1.600000000000000000e+02 7.841434409242583614e-01 7.807174943716068682e-01 4.677998542785644531e+00
1.610000000000000000e+02 7.716735706759889624e-01 7.951858782159753058e-01 4.661403656005859375e+00
1.620000000000000000e+02 7.873219458546769634e-01 7.793529825108658216e-01 4.678477287292480469e+00
1.630000000000000000e+02 7.718241046570123443e-01 7.957317380611227398e-01 4.662389755249023438e+00
1.640000000000000000e+02 7.872700184169951765e-01 7.806071997151177166e-01 4.680400848388671875e+00
1.650000000000000000e+02 7.734382253841782795e-01 7.977748708600962413e-01 4.663754940032958984e+00
1.660000000000000000e+02 7.875721864201155054e-01 7.828094837288157581e-01 4.681602954864501953e+00
1.670000000000000000e+02 7.749675945779388453e-01 7.971942588649411077e-01 4.664120674133300781e+00
1.680000000000000000e+02 7.896591104943472272e-01 7.844676521228635124e-01 4.682592868804931641e+00
1.690000000000000000e+02 7.761110537308669732e-01 7.953996068275042131e-01 4.666396617889404297e+00
1.700000000000000000e+02 7.880157418685548310e-01 7.826043697099746010e-01 4.683022975921630859e+00
1.710000000000000000e+02 7.761679610561316167e-01 7.983499728724955391e-01 4.667717456817626953e+00
1.720000000000000000e+02 7.902128155864254211e-01 7.849736873155690464e-01 4.684340000152587891e+00
1.730000000000000000e+02 7.757850108911082954e-01 8.002198481445067513e-01 4.668831348419189453e+00
1.740000000000000000e+02 7.920746194168298837e-01 7.843423043547551599e-01 4.685392379760742188e+00
1.750000000000000000e+02 7.773034283238786646e-01 8.019477622777033687e-01 4.670502662658691406e+00
1.760000000000000000e+02 7.913245275846989557e-01 7.852018069616784057e-01 4.686651706695556641e+00
1.770000000000000000e+02 7.783222529747040319e-01 8.024942367990697267e-01 4.670365810394287109e+00
1.780000000000000000e+02 7.931434065286758761e-01 7.876082909673542964e-01 4.688209056854248047e+00
1.790000000000000000e+02 7.795650490656963472e-01 8.034351611818157934e-01 4.672761440277099609e+00
1.800000000000000000e+02 7.956205918291158197e-01 7.892326104285511956e-01 4.689523696899414062e+00
1.810000000000000000e+02 7.801520822925291920e-01 8.044764779187533188e-01 4.674719333648681641e+00
1.820000000000000000e+02 7.949069630615331894e-01 7.907553679260896917e-01 4.690201759338378906e+00
1.830000000000000000e+02 7.794114175130685274e-01 8.041341525875086438e-01 4.676066398620605469e+00
1.840000000000000000e+02 7.946807809215918894e-01 7.901570738550844908e-01 4.690821170806884766e+00
1.850000000000000000e+02 7.815814625497912171e-01 8.059336724995664891e-01 4.675677299499511719e+00
1.860000000000000000e+02 7.968200731251765534e-01 7.911296383086774409e-01 4.692175388336181641e+00
1.870000000000000000e+02 7.814718357502379309e-01 8.051339277585787269e-01 4.675470352172851562e+00
1.880000000000000000e+02 7.940198221084060481e-01 7.924215903316019771e-01 4.692615509033203125e+00
1.890000000000000000e+02 7.814070457681006054e-01 8.067887472478402211e-01 4.675742626190185547e+00
1.900000000000000000e+02 7.964511773720427401e-01 7.924545623989749377e-01 4.693973064422607422e+00
1.910000000000000000e+02 7.810603555635052819e-01 8.066774911753166188e-01 4.675984859466552734e+00
1.920000000000000000e+02 7.961346161850004766e-01 7.919167697901845493e-01 4.694706916809082031e+00
1.930000000000000000e+02 7.835593603910070426e-01 8.081291660244690478e-01 4.676791667938232422e+00
1.940000000000000000e+02 7.973114049316658569e-01 7.922710581523856321e-01 4.695793151855468750e+00
1.950000000000000000e+02 7.818073737153911074e-01 8.069150481743185832e-01 4.678077697753906250e+00
1.960000000000000000e+02 7.974806434942310895e-01 7.907852713004170919e-01 4.696879386901855469e+00
1.970000000000000000e+02 7.814401892256512827e-01 8.040273534270024891e-01 4.678503036499023438e+00
1.980000000000000000e+02 7.952654452164720222e-01 7.916086083693730791e-01 4.697526454925537109e+00
1.990000000000000000e+02 7.838371118470298660e-01 8.076657549493652111e-01 4.679067134857177734e+00
2.000000000000000000e+02 7.962479308918877230e-01 7.902423919782446404e-01 4.698009490966796875e+00
2.010000000000000000e+02 7.822686275041514925e-01 8.049545005256542041e-01 4.679800510406494141e+00
2.020000000000000000e+02 7.974797772185451272e-01 7.921793500087978002e-01 4.699602127075195312e+00
2.030000000000000000e+02 7.843716906684514711e-01 8.069080135691996114e-01 4.681108951568603516e+00
2.040000000000000000e+02 7.955874803959295249e-01 7.905326251905718804e-01 4.699595928192138672e+00
2.050000000000000000e+02 7.824051854931912686e-01 8.060366780045314927e-01 4.681448459625244141e+00
2.060000000000000000e+02 7.967134695432886993e-01 7.905628854618474977e-01 4.699998378753662109e+00
2.070000000000000000e+02 7.839182628296087474e-01 8.047782939937382363e-01 4.681004524230957031e+00
2.080000000000000000e+02 7.953918144068250484e-01 7.911150118403346143e-01 4.701088905334472656e+00
2.090000000000000000e+02 7.821428618938992550e-01 8.059594761283876974e-01 4.682525157928466797e+00
2.100000000000000000e+02 7.963730215017403857e-01 7.928914439466850927e-01 4.701961517333984375e+00
2.110000000000000000e+02 7.822397763793230707e-01 8.056328925602193047e-01 4.684486865997314453e+00
2.120000000000000000e+02 7.970125126511862224e-01 7.915293252787756195e-01 4.702422618865966797e+00
2.130000000000000000e+02 7.837459568270389587e-01 8.075305870739978298e-01 4.685827255249023438e+00
2.140000000000000000e+02 7.987281327109280182e-01 7.945928562801398698e-01 4.702795982360839844e+00
2.150000000000000000e+02 7.847724190514089315e-01 8.075646891357262103e-01 4.687210559844970703e+00
2.160000000000000000e+02 7.977307838490153014e-01 7.944317939224684322e-01 4.703491210937500000e+00
2.170000000000000000e+02 7.844256590439097065e-01 8.080417375707997785e-01 4.689074516296386719e+00
2.180000000000000000e+02 7.984109271098616123e-01 7.938395853257937951e-01 4.702932357788085938e+00
2.190000000000000000e+02 7.861521949568187617e-01 8.059814890959740019e-01 4.687980651855468750e+00
2.200000000000000000e+02 7.967484325285023594e-01 7.923646283308422023e-01 4.703763961791992188e+00
2.210000000000000000e+02 7.858545960433293009e-01 8.067844634270419091e-01 4.688738346099853516e+00
2.220000000000000000e+02 7.987581849593240468e-01 7.936498322735544564e-01 4.704285621643066406e+00
2.230000000000000000e+02 7.877953015912446677e-01 8.091642064901979348e-01 4.689594268798828125e+00
2.240000000000000000e+02 7.995083708750629903e-01 7.935857750040193892e-01 4.705420494079589844e+00
2.250000000000000000e+02 7.870545561307187299e-01 8.089376636341164550e-01 4.689861774444580078e+00
2.260000000000000000e+02 8.005050727896259044e-01 7.958801621292411754e-01 4.706202507019042969e+00
2.270000000000000000e+02 7.868173338238657610e-01 8.088976867787218694e-01 4.689564704895019531e+00
2.280000000000000000e+02 8.021618153473467627e-01 7.936727995910138889e-01 4.707602500915527344e+00
2.290000000000000000e+02 7.891360930631061699e-01 8.089365148056225641e-01 4.689983844757080078e+00
2.300000000000000000e+02 8.024360753654450340e-01 7.951931866704560203e-01 4.709047317504882812e+00
2.310000000000000000e+02 7.899087903074279993e-01 8.074988231463280375e-01 4.690235137939453125e+00
2.320000000000000000e+02 8.026418367046422864e-01 7.935997309365929731e-01 4.710243225097656250e+00
2.330000000000000000e+02 7.859989970769635237e-01 8.085264078179443814e-01 4.691122531890869141e+00
2.340000000000000000e+02 8.038990362299396342e-01 7.955704013444079292e-01 4.709863185882568359e+00
2.350000000000000000e+02 7.894331732387006584e-01 8.074399846177446882e-01 4.691140651702880859e+00
2.360000000000000000e+02 8.009834230250658660e-01 7.931867500228257928e-01 4.710281372070312500e+00
2.370000000000000000e+02 7.913967228376963536e-01 8.089637899381935116e-01 4.691556930541992188e+00
2.380000000000000000e+02 8.035530043419206736e-01 7.958176625879813670e-01 4.710450172424316406e+00
2.390000000000000000e+02 7.907154529250226549e-01 8.087883410989512578e-01 4.690502643585205078e+00
2.400000000000000000e+02 8.029150722615642222e-01 7.958687925178570266e-01 4.709856986999511719e+00
2.410000000000000000e+02 7.900919424654003764e-01 8.093662679448969666e-01 4.689609050750732422e+00
2.420000000000000000e+02 8.038366919549451151e-01 7.953068555919486915e-01 4.710260868072509766e+00
2.430000000000000000e+02 7.897487163675716015e-01 8.087837447323931173e-01 4.689580440521240234e+00
2.440000000000000000e+02 8.042696233342364609e-01 7.953486638375432127e-01 4.709808826446533203e+00
2.450000000000000000e+02 7.898686551548906865e-01 8.110729186281510072e-01 4.688766002655029297e+00
2.460000000000000000e+02 8.051968353406188106e-01 7.967423256816492660e-01 4.709438323974609375e+00
2.470000000000000000e+02 7.902616157683394205e-01 8.107221777586767208e-01 4.690251827239990234e+00
2.480000000000000000e+02 8.055544805027265998e-01 7.970743937338246043e-01 4.709406852722167969e+00
2.490000000000000000e+02 7.909402619031998816e-01 8.113570228714089838e-01 4.691481113433837891e+00
2.500000000000000000e+02 8.035458568459536988e-01 7.974669520660616628e-01 4.709622859954833984e+00
2.510000000000000000e+02 7.890329365740959000e-01 8.103409802372181225e-01 4.690809249877929688e+00
2.520000000000000000e+02 8.031281816134065998e-01 7.960537601629170679e-01 4.708795547485351562e+00
2.530000000000000000e+02 7.903749498704238929e-01 8.088903454279746663e-01 4.690405368804931641e+00
2.540000000000000000e+02 8.042517743522414886e-01 7.963015318360915362e-01 4.709230899810791016e+00
2.550000000000000000e+02 7.897002003071167398e-01 8.098758029260351154e-01 4.691387653350830078e+00
2.560000000000000000e+02 8.078804113371992335e-01 7.955961927741486139e-01 4.710117816925048828e+00
2.570000000000000000e+02 7.899847303521596587e-01 8.093527678420526783e-01 4.691708564758300781e+00
2.580000000000000000e+02 8.026859968293514891e-01 7.962781211403268111e-01 4.709305763244628906e+00
2.590000000000000000e+02 7.916844539214292764e-01 8.091416901655600347e-01 4.692057132720947266e+00
2.600000000000000000e+02 8.054598356060166386e-01 7.967494463734631216e-01 4.710684299468994141e+00
2.610000000000000000e+02 7.918221491309945792e-01 8.101303163506012872e-01 4.693302631378173828e+00
2.620000000000000000e+02 8.037279432605171081e-01 7.960825599620354742e-01 4.710851669311523438e+00
2.630000000000000000e+02 7.901632480737730280e-01 8.132177736866473827e-01 4.693784713745117188e+00
2.640000000000000000e+02 8.046654003178590475e-01 7.979151296842029728e-01 4.710826873779296875e+00
2.650000000000000000e+02 7.912232618455468103e-01 8.139868357113407837e-01 4.694612026214599609e+00
2.660000000000000000e+02 8.035331172705251213e-01 7.987404765562310383e-01 4.710585594177246094e+00
2.670000000000000000e+02 7.915347274790411891e-01 8.115748371445711262e-01 4.695078849792480469e+00
2.680000000000000000e+02 8.053641107265467891e-01 7.986872975133321173e-01 4.710533142089843750e+00
2.690000000000000000e+02 7.917157113324265749e-01 8.126464424051644819e-01 4.695443630218505859e+00
2.700000000000000000e+02 8.080056074702433033e-01 7.981712105540729185e-01 4.710799694061279297e+00
2.710000000000000000e+02 7.915541452750388673e-01 8.134972714408322814e-01 4.696386337280273438e+00
2.720000000000000000e+02 8.067920164497109914e-01 7.991298003016135132e-01 4.711494445800781250e+00
2.730000000000000000e+02 7.922886058714715407e-01 8.120593377190692408e-01 4.696391582489013672e+00
2.740000000000000000e+02 8.074769800625872795e-01 7.989186554530963713e-01 4.711962699890136719e+00
2.750000000000000000e+02 7.921500382510771043e-01 8.127872107485816233e-01 4.697107315063476562e+00
2.760000000000000000e+02 8.048282635201753354e-01 7.979301235403913894e-01 4.710419178009033203e+00
2.770000000000000000e+02 7.923201175610913305e-01 8.122385765642464728e-01 4.696057319641113281e+00
2.780000000000000000e+02 8.065574713820813368e-01 7.976912960527879903e-01 4.709830284118652344e+00
2.790000000000000000e+02 7.933903356136079443e-01 8.138088200215881640e-01 4.695665359497070312e+00
2.800000000000000000e+02 8.055223146945935664e-01 8.006698282553308399e-01 4.711028099060058594e+00
2.810000000000000000e+02 7.913397393702465976e-01 8.131752782395745838e-01 4.695286750793457031e+00
2.820000000000000000e+02 8.059535777777681043e-01 8.011892080681816131e-01 4.710535526275634766e+00
2.830000000000000000e+02 7.889201180474267883e-01 8.112514924802682881e-01 4.696213722229003906e+00
2.840000000000000000e+02 8.034400463545434690e-01 7.995647411401928251e-01 4.710125446319580078e+00
2.850000000000000000e+02 7.919002492550529793e-01 8.121431013954063527e-01 4.695649147033691406e+00
2.860000000000000000e+02 8.051598831976498616e-01 7.991095376584160803e-01 4.711662769317626953e+00
2.870000000000000000e+02 7.915957371038663259e-01 8.140819464454661647e-01 4.695274829864501953e+00
2.880000000000000000e+02 8.051005650917903989e-01 8.007517903232295176e-01 4.713068485260009766e+00
2.890000000000000000e+02 7.919455871846678985e-01 8.143975149120546986e-01 4.695894718170166016e+00
2.900000000000000000e+02 8.043174344670193099e-01 7.992736210351234494e-01 4.713229179382324219e+00
2.910000000000000000e+02 7.913547324628948942e-01 8.133608559570352226e-01 4.694763660430908203e+00
2.920000000000000000e+02 8.052992429645910999e-01 7.996948586076831900e-01 4.713298320770263672e+00
2.930000000000000000e+02 7.894760864233381081e-01 8.133310471135934971e-01 4.694486618041992188e+00
2.940000000000000000e+02 8.048758289961178702e-01 7.992751707769558678e-01 4.713020801544189453e+00
2.950000000000000000e+02 7.905117150886353805e-01 8.135932646360589660e-01 4.693342208862304688e+00
2.960000000000000000e+02 8.053885508908902313e-01 8.010893345717667868e-01 4.712727069854736328e+00
2.970000000000000000e+02 7.903559443241294780e-01 8.140278134613337935e-01 4.693396091461181641e+00
2.980000000000000000e+02 8.027294063691756687e-01 7.999184647692471062e-01 4.711871623992919922e+00
2.990000000000000000e+02 7.888745501309534225e-01 8.126213884750740357e-01 4.693761825561523438e+00
3.000000000000000000e+02 8.047531688412749018e-01 7.980386268278821804e-01 4.710880279541015625e+00
3.010000000000000000e+02 7.910383311076808477e-01 8.117993479644837196e-01 4.693041324615478516e+00
3.020000000000000000e+02 8.045948634135715594e-01 8.005023183109710727e-01 4.710723876953125000e+00
3.030000000000000000e+02 7.914558162096919647e-01 8.122025147320568461e-01 4.692632198333740234e+00
3.040000000000000000e+02 8.060186983798649507e-01 7.977708263090907970e-01 4.710883140563964844e+00
3.050000000000000000e+02 7.906733131009083815e-01 8.097725871411263210e-01 4.693100929260253906e+00
3.060000000000000000e+02 8.056286906447795992e-01 7.960757924328680790e-01 4.710250377655029297e+00
3.070000000000000000e+02 7.887737328958047689e-01 8.094291242858142610e-01 4.692194938659667969e+00
3.080000000000000000e+02 8.033667596107924025e-01 7.992918981521188737e-01 4.710565567016601562e+00
3.090000000000000000e+02 7.896225862035907150e-01 8.112082900883291758e-01 4.692826271057128906e+00
3.100000000000000000e+02 8.039999975239773278e-01 7.978730240220716086e-01 4.709048271179199219e+00
3.110000000000000000e+02 7.891606759367693069e-01 8.099094479324374651e-01 4.692059040069580078e+00
3.120000000000000000e+02 8.047353570551482038e-01 7.972483550596606294e-01 4.708541870117187500e+00
3.130000000000000000e+02 7.897661695699788043e-01 8.100318396317268688e-01 4.692404270172119141e+00
3.140000000000000000e+02 8.041453660789552593e-01 7.973919465013065144e-01 4.709084033966064453e+00
3.150000000000000000e+02 7.899171205513320082e-01 8.119082686520926462e-01 4.693367481231689453e+00
3.160000000000000000e+02 8.051487970005239969e-01 7.986616303116836901e-01 4.710853099822998047e+00
3.170000000000000000e+02 7.899947203201833634e-01 8.115902025408066045e-01 4.693960189819335938e+00
3.180000000000000000e+02 8.040643281092796357e-01 7.970578561654529937e-01 4.710994720458984375e+00
3.190000000000000000e+02 7.898026693516240204e-01 8.107818130902024745e-01 4.694395542144775391e+00
3.200000000000000000e+02 8.033855320564022851e-01 7.979310743320492394e-01 4.712755203247070312e+00
3.210000000000000000e+02 7.900172819061902496e-01 8.107140221074012887e-01 4.693211078643798828e+00
3.220000000000000000e+02 8.060122470971238240e-01 7.990778219871503829e-01 4.711752414703369141e+00
3.230000000000000000e+02 7.916625959534991930e-01 8.116758234172328779e-01 4.691791534423828125e+00
3.240000000000000000e+02 8.054545755514814775e-01 7.978210754055294895e-01 4.711435794830322266e+00
3.250000000000000000e+02 7.930850491140876146e-01 8.132864403467031655e-01 4.691945075988769531e+00
3.260000000000000000e+02 8.076156449971668705e-01 7.978463695600762629e-01 4.712822914123535156e+00
3.270000000000000000e+02 7.955053369256890328e-01 8.120700163758955981e-01 4.692551136016845703e+00
3.280000000000000000e+02 8.098535588421077458e-01 7.970427640562999239e-01 4.713896274566650391e+00
3.290000000000000000e+02 7.949917143805815822e-01 8.129927375858420069e-01 4.692899703979492188e+00
3.300000000000000000e+02 8.104179406952902731e-01 7.975104011735512088e-01 4.714220523834228516e+00
3.310000000000000000e+02 7.951201321946020917e-01 8.105112650114890682e-01 4.692111492156982422e+00
3.320000000000000000e+02 8.104383071996620336e-01 7.943749531031221167e-01 4.714239597320556641e+00
3.330000000000000000e+02 7.970515197185770173e-01 8.075347283545556420e-01 4.690682888031005859e+00
3.340000000000000000e+02 8.119452817779334586e-01 7.952035260589930266e-01 4.715237617492675781e+00
3.350000000000000000e+02 7.960069656302659613e-01 8.092348694801233533e-01 4.690501689910888672e+00
3.360000000000000000e+02 8.103166396668373128e-01 7.941854604691286346e-01 4.716603755950927734e+00
3.370000000000000000e+02 7.938787782484821864e-01 8.109747712794149743e-01 4.690608501434326172e+00
3.380000000000000000e+02 8.114256227799152565e-01 7.955574479531880572e-01 4.717148780822753906e+00
3.390000000000000000e+02 7.968998336522462589e-01 8.112745267060736953e-01 4.690903186798095703e+00
3.400000000000000000e+02 8.100284398530586127e-01 7.959319540652659564e-01 4.717155933380126953e+00
3.410000000000000000e+02 7.946217791062620828e-01 8.108025857544199910e-01 4.691546440124511719e+00
3.420000000000000000e+02 8.121685537978001745e-01 7.959447314979386512e-01 4.718834400177001953e+00
3.430000000000000000e+02 7.977997611167806369e-01 8.101905880495505752e-01 4.690912723541259766e+00
3.440000000000000000e+02 8.135158742314878566e-01 7.941965250136399090e-01 4.719261169433593750e+00
3.450000000000000000e+02 7.973125665198113055e-01 8.078931888775405801e-01 4.690803527832031250e+00
3.460000000000000000e+02 8.115230436196306796e-01 7.942794857431088040e-01 4.719208717346191406e+00
3.470000000000000000e+02 7.971576984514997521e-01 8.074234467453844655e-01 4.691354751586914062e+00
3.480000000000000000e+02 8.095262070438423718e-01 7.955782541858603674e-01 4.718541622161865234e+00
3.490000000000000000e+02 7.938995774397475946e-01 8.089653325177171839e-01 4.691864013671875000e+00
3.500000000000000000e+02 8.091938906492872619e-01 7.963157157069302716e-01 4.718016624450683594e+00
3.510000000000000000e+02 7.948915961034245248e-01 8.104677013367030947e-01 4.693079471588134766e+00
3.520000000000000000e+02 8.081753864648660857e-01 7.961158968457400231e-01 4.718442440032958984e+00
3.530000000000000000e+02 7.952480203748794052e-01 8.101815539802929012e-01 4.693421363830566406e+00
3.540000000000000000e+02 8.078122358226035304e-01 7.968503481119231235e-01 4.718448162078857422e+00
3.550000000000000000e+02 7.947649414155351089e-01 8.095965118312357101e-01 4.694050788879394531e+00
3.560000000000000000e+02 8.069067120944565241e-01 7.962541387641433044e-01 4.718393802642822266e+00
3.570000000000000000e+02 7.921941205066640457e-01 8.082038767101611398e-01 4.694332599639892578e+00
3.580000000000000000e+02 8.075187591950861998e-01 7.957788892349290100e-01 4.718213081359863281e+00
3.590000000000000000e+02 7.947665432708124200e-01 8.089096887964933869e-01 4.694851398468017578e+00
3.600000000000000000e+02 8.064142961749751759e-01 7.971440896287680378e-01 4.717947959899902344e+00
3.610000000000000000e+02 7.948841283044640882e-01 8.075926229848590099e-01 4.695243835449218750e+00
3.620000000000000000e+02 8.073406938022210655e-01 7.969584185574919433e-01 4.717311382293701172e+00
3.630000000000000000e+02 7.950477935069227842e-01 8.089048090550670089e-01 4.695444583892822266e+00
3.640000000000000000e+02 8.075563504213046917e-01 7.942787745296890911e-01 4.716331005096435547e+00
3.650000000000000000e+02 7.936435356519762063e-01 8.101372304811969016e-01 4.694105625152587891e+00
3.660000000000000000e+02 8.063773647487609830e-01 7.976774532581719646e-01 4.715757369995117188e+00
3.670000000000000000e+02 7.937369281857160619e-01 8.088367793314297227e-01 4.694452285766601562e+00
3.680000000000000000e+02 8.067753551527699907e-01 7.953437245030769986e-01 4.715810298919677734e+00
3.690000000000000000e+02 7.914595627500727870e-01 8.094647069543967621e-01 4.693105697631835938e+00
3.700000000000000000e+02 8.081660028843845600e-01 7.950045961317517840e-01 4.716279029846191406e+00
3.710000000000000000e+02 7.940654633879458135e-01 8.102830730212844390e-01 4.693205356597900391e+00
3.720000000000000000e+02 8.075587901759037068e-01 7.954844648369283622e-01 4.717814445495605469e+00
3.730000000000000000e+02 7.933869285956233197e-01 8.089139669795391008e-01 4.693953514099121094e+00
3.740000000000000000e+02 8.083817927111052182e-01 7.961018572521678660e-01 4.717813491821289062e+00
3.750000000000000000e+02 7.955162520187974984e-01 8.101540974403955708e-01 4.695430278778076172e+00
3.760000000000000000e+02 8.083695387354060680e-01 7.976743629728914042e-01 4.717504501342773438e+00
3.770000000000000000e+02 7.926909399748900409e-01 8.069374933791120252e-01 4.694345951080322266e+00
3.780000000000000000e+02 8.074310221687238665e-01 7.939152147445014407e-01 4.716755390167236328e+00
3.790000000000000000e+02 7.944889787200021258e-01 8.097195898406650549e-01 4.694628715515136719e+00
3.800000000000000000e+02 8.079977269267988316e-01 7.962270686104605533e-01 4.717140197753906250e+00
3.810000000000000000e+02 7.962159176270509064e-01 8.081141120137159684e-01 4.694825649261474609e+00
3.820000000000000000e+02 8.091262549340476617e-01 7.953859892687586974e-01 4.718152523040771484e+00
3.830000000000000000e+02 7.929974657230198787e-01 8.081073998893019139e-01 4.694954395294189453e+00
3.840000000000000000e+02 8.079422920946145448e-01 7.941207662153297875e-01 4.719045162200927734e+00
3.850000000000000000e+02 7.949822483447979149e-01 8.088409718069473620e-01 4.695765495300292969e+00
3.860000000000000000e+02 8.088989756198645686e-01 7.944520727422452744e-01 4.718838214874267578e+00
3.870000000000000000e+02 7.959886244343514772e-01 8.078624634122902881e-01 4.696147441864013672e+00
3.880000000000000000e+02 8.089057057277299068e-01 7.976751321927905147e-01 4.718307971954345703e+00
3.890000000000000000e+02 7.957375964426810500e-01 8.098111424157741212e-01 4.696520328521728516e+00
3.900000000000000000e+02 8.085590700688082277e-01 7.967506894155088615e-01 4.717497348785400391e+00
3.910000000000000000e+02 7.945292853553275192e-01 8.092818005046857888e-01 4.695290565490722656e+00
3.920000000000000000e+02 8.088492667678658377e-01 7.982014169024634898e-01 4.718464374542236328e+00
3.930000000000000000e+02 7.970916923351660799e-01 8.102253119999830444e-01 4.695613384246826172e+00
3.940000000000000000e+02 8.087248626827486797e-01 7.974007594265094534e-01 4.717607975006103516e+00
3.950000000000000000e+02 7.980009469306652559e-01 8.102452171757111854e-01 4.694909572601318359e+00
3.960000000000000000e+02 8.115567530634887339e-01 7.971025491599964541e-01 4.717748641967773438e+00
3.970000000000000000e+02 7.958742654681816298e-01 8.108720556646799027e-01 4.696002960205078125e+00
3.980000000000000000e+02 8.102997896022677837e-01 7.986194247987298267e-01 4.716942787170410156e+00
