0.000000000000000000e+00 9.150102437972695846e-02 7.737360422386298231e-02 2.984235525131225586e+00
1.000000000000000000e+00 9.064408123429544550e-02 8.778167539974303379e-02 2.981572389602661133e+00
2.000000000000000000e+00 1.121956681856980109e-01 8.856072914752527447e-02 3.126902580261230469e+00
3.000000000000000000e+00 1.091016942545725843e-01 1.107226909776434509e-01 3.123276472091674805e+00
4.000000000000000000e+00 1.380839016989153512e-01 1.059697568372428012e-01 3.249175548553466797e+00
5.000000000000000000e+00 1.360944385337290452e-01 1.371510212708122178e-01 3.245912551879882812e+00
6.000000000000000000e+00 1.684108291797840051e-01 1.330509838980631909e-01 3.352000474929809570e+00
7.000000000000000000e+00 1.647448783574367026e-01 1.668823090954847099e-01 3.350197076797485352e+00
8.000000000000000000e+00 2.017003571808188567e-01 1.604867642399083194e-01 3.442893981933593750e+00
9.000000000000000000e+00 1.982564288839832323e-01 2.016829541509334300e-01 3.442578554153442383e+00
1.000000000000000000e+01 2.366437420565109528e-01 1.887035518871258977e-01 3.523476600646972656e+00
1.100000000000000000e+01 2.229453587713009499e-01 2.296816707915208533e-01 3.523629426956176758e+00
1.200000000000000000e+01 2.646534855986873991e-01 2.165311633706737959e-01 3.595328569412231445e+00
1.300000000000000000e+01 2.552671824714264348e-01 2.578618129734102649e-01 3.593039989471435547e+00
1.400000000000000000e+01 2.904126539960433240e-01 2.447733267267049317e-01 3.657456874847412109e+00
1.500000000000000000e+01 2.779822960348377059e-01 2.839634997025685670e-01 3.655889511108398438e+00
1.600000000000000000e+01 3.138148539260220971e-01 2.734900003828424353e-01 3.713314533233642578e+00
1.700000000000000000e+01 3.026058074026027889e-01 3.104642301896953227e-01 3.712399005889892578e+00
1.800000000000000000e+01 3.425366147460920940e-01 2.939687827592197267e-01 3.764559507369995117e+00
1.900000000000000000e+01 3.271104419483573111e-01 3.362917922859997577e-01 3.764417886734008789e+00
2.000000000000000000e+01 3.639794451366484829e-01 3.206777613614101852e-01 3.810907602310180664e+00
2.100000000000000000e+01 3.487372302657592571e-01 3.572313781159713875e-01 3.811142444610595703e+00
2.200000000000000000e+01 3.857301359741276414e-01 3.414485803081154236e-01 3.854792594909667969e+00
2.300000000000000000e+01 3.688171982377714819e-01 3.784213511556182019e-01 3.855159997940063477e+00
2.400000000000000000e+01 4.056385527549246084e-01 3.608502622214339595e-01 3.894196510314941406e+00
2.500000000000000000e+01 3.884555931909964288e-01 3.981300169871885286e-01 3.894994497299194336e+00
2.600000000000000000e+01 4.262346672276826620e-01 3.851562530207739421e-01 3.931169033050537109e+00
2.700000000000000000e+01 4.081047129307159849e-01 4.203357201802764842e-01 3.933448076248168945e+00
2.800000000000000000e+01 4.454449191914539585e-01 4.042548410758952659e-01 3.965462923049926758e+00
2.900000000000000000e+01 4.273436955629500988e-01 4.379234569327024040e-01 3.969049930572509766e+00
3.000000000000000000e+01 4.650056460293007232e-01 4.232872302290018873e-01 3.999268054962158203e+00
3.100000000000000000e+01 4.476206481868160170e-01 4.564717377945244348e-01 4.002181529998779297e+00
3.200000000000000000e+01 4.806936061311197217e-01 4.361270003453666111e-01 4.029930114746093750e+00
3.300000000000000000e+01 4.588793924793626577e-01 4.738860980506169884e-01 4.033986091613769531e+00
3.400000000000000000e+01 4.969534810296538652e-01 4.565245507091897359e-01 4.057478904724121094e+00
3.500000000000000000e+01 4.750920538295891338e-01 4.888834238026329992e-01 4.063668727874755859e+00
3.600000000000000000e+01 5.091078804401535374e-01 4.720486037428730519e-01 4.083904266357421875e+00
3.700000000000000000e+01 4.896885547113516424e-01 5.085273606075286779e-01 4.092575073242187500e+00
3.800000000000000000e+01 5.247887717075233605e-01 4.887470139702558836e-01 4.108016967773437500e+00
3.900000000000000000e+01 5.050353109259806406e-01 5.244537608667795281e-01 4.117992877960205078e+00
4.000000000000000000e+01 5.376122363765835077e-01 5.058438945398088249e-01 4.133158683776855469e+00
4.100000000000000000e+01 5.203598621834163440e-01 5.361953242081144433e-01 4.143469810485839844e+00
4.200000000000000000e+01 5.526240252928726893e-01 5.216033976579697029e-01 4.154009819030761719e+00
4.300000000000000000e+01 5.335716166621187195e-01 5.546104215172793506e-01 4.166894912719726562e+00
4.400000000000000000e+01 5.652639819868390259e-01 5.328116240327712694e-01 4.176089286804199219e+00
4.500000000000000000e+01 5.482144364412027127e-01 5.644473005281837041e-01 4.188954353332519531e+00
4.600000000000000000e+01 5.788448887008764698e-01 5.461186426353294987e-01 4.196922302246093750e+00
4.700000000000000000e+01 5.587840788401713388e-01 5.770248939936868382e-01 4.209836483001708984e+00
4.800000000000000000e+01 5.915655983122802830e-01 5.617083361327438462e-01 4.216654300689697266e+00
4.900000000000000000e+01 5.732699031519162824e-01 5.905364926863299058e-01 4.229384899139404297e+00
5.000000000000000000e+01 6.038378833402339163e-01 5.721003062347251866e-01 4.235199451446533203e+00
5.100000000000000000e+01 5.854381730946273121e-01 6.015719747528779360e-01 4.247746467590332031e+00
5.200000000000000000e+01 6.140381809255183176e-01 5.814185148366903810e-01 4.252837181091308594e+00
5.300000000000000000e+01 5.946461349344401848e-01 6.127283540677691542e-01 4.264540672302246094e+00
5.400000000000000000e+01 6.252240350276673242e-01 5.947354736050566304e-01 4.268212795257568359e+00
5.500000000000000000e+01 6.051755490845082130e-01 6.206424500574180270e-01 4.280527114868164062e+00
5.600000000000000000e+01 6.381779808459089320e-01 6.007959680547008130e-01 4.283301353454589844e+00
5.700000000000000000e+01 6.161822877506264451e-01 6.294354971053456316e-01 4.295008659362792969e+00
5.800000000000000000e+01 6.463556899634647079e-01 6.137634605164321577e-01 4.297142982482910156e+00
5.900000000000000000e+01 6.234792584455896014e-01 6.402137542694505967e-01 4.310157775878906250e+00
6.000000000000000000e+01 6.521808973765554907e-01 6.234169343399648122e-01 4.311267852783203125e+00
6.100000000000000000e+01 6.327989640212490219e-01 6.481405498214007910e-01 4.323420047760009766e+00
6.200000000000000000e+01 6.582000879183078634e-01 6.293930383782573301e-01 4.324586391448974609e+00
6.300000000000000000e+01 6.416779540832836526e-01 6.565506137743518655e-01 4.337576389312744141e+00
6.400000000000000000e+01 6.655847022972919413e-01 6.392381213610353052e-01 4.336058616638183594e+00
6.500000000000000000e+01 6.491278336175638763e-01 6.651535671754282841e-01 4.350262641906738281e+00
6.600000000000000000e+01 6.758109067127430203e-01 6.454822268386224415e-01 4.347846508026123047e+00
6.700000000000000000e+01 6.575848505988143300e-01 6.707098683028083208e-01 4.361461162567138672e+00
6.800000000000000000e+01 6.832656359041812122e-01 6.519620520945947906e-01 4.359451770782470703e+00
6.900000000000000000e+01 6.626819251040266812e-01 6.808785253319581399e-01 4.373435020446777344e+00
7.000000000000000000e+01 6.881718043398235007e-01 6.624718832501849120e-01 4.369129180908203125e+00
7.100000000000000000e+01 6.707340175730287513e-01 6.886021819333858485e-01 4.383433341979980469e+00
7.200000000000000000e+01 6.970634402040496447e-01 6.695183068739933852e-01 4.379018306732177734e+00
7.300000000000000000e+01 6.741377207387863058e-01 6.955066836462865387e-01 4.392905712127685547e+00
7.400000000000000000e+01 7.007190340844211551e-01 6.756913735390494002e-01 4.387531280517578125e+00
7.500000000000000000e+01 6.780613594761095708e-01 7.009731168813680968e-01 4.403152942657470703e+00
7.600000000000000000e+01 7.057834898205548324e-01 6.822095333254516447e-01 4.395506858825683594e+00
7.700000000000000000e+01 6.854424870689199700e-01 7.058668484802540499e-01 4.411819458007812500e+00
7.800000000000000000e+01 7.115078131202996481e-01 6.916924054241719855e-01 4.403704643249511719e+00
7.900000000000000000e+01 6.925906967165768036e-01 7.115880072901447084e-01 4.420568943023681641e+00
8.000000000000000000e+01 7.143337288209403724e-01 6.912042200224305377e-01 4.410781860351562500e+00
8.100000000000000000e+01 6.967510244878507564e-01 7.148837783979080651e-01 4.427384376525878906e+00
8.200000000000000000e+01 7.174609138707318534e-01 6.991885720263008031e-01 4.418866634368896484e+00
8.300000000000000000e+01 7.005908887357957804e-01 7.212467148411828566e-01 4.434739589691162109e+00
8.400000000000000000e+01 7.232423948210742193e-01 7.004878105906685581e-01 4.425651073455810547e+00
8.500000000000000000e+01 7.069675480285645408e-01 7.267141288484829653e-01 4.439991474151611328e+00
8.600000000000000000e+01 7.286914928838156280e-01 7.067675898526981637e-01 4.433004856109619141e+00
8.700000000000000000e+01 7.117109308706438542e-01 7.306911933256351466e-01 4.446177005767822266e+00
8.800000000000000000e+01 7.329333072124177839e-01 7.122461407652228571e-01 4.438724994659423828e+00
8.900000000000000000e+01 7.156360484158446056e-01 7.363670339996362113e-01 4.451559543609619141e+00
9.000000000000000000e+01 7.374701385637701945e-01 7.190309772976635205e-01 4.444749832153320312e+00
9.100000000000000000e+01 7.199678199381028820e-01 7.392983465310314362e-01 4.458189964294433594e+00
9.200000000000000000e+01 7.389513622307898322e-01 7.189517244539957996e-01 4.449454784393310547e+00
9.300000000000000000e+01 7.219909355586701105e-01 7.422596965080240361e-01 4.463947772979736328e+00
9.400000000000000000e+01 7.428041762742274567e-01 7.228672821791027880e-01 4.454628944396972656e+00
9.500000000000000000e+01 7.250487460196617384e-01 7.453989898061786912e-01 4.469702720642089844e+00
9.600000000000000000e+01 7.448213526335203394e-01 7.262400756682150238e-01 4.458622932434082031e+00
9.700000000000000000e+01 7.281827484629815883e-01 7.514947110334536662e-01 4.475138187408447266e+00
9.800000000000000000e+01 7.493127714744278745e-01 7.319878833481529012e-01 4.463129043579101562e+00
9.900000000000000000e+01 7.309297602900014512e-01 7.500277857279959992e-01 4.480142116546630859e+00
1.000000000000000000e+02 7.520171354568430111e-01 7.327632410462596724e-01 4.467879772186279297e+00
1.010000000000000000e+02 7.320593235450497671e-01 7.544685031271169962e-01 4.484264373779296875e+00
1.020000000000000000e+02 7.526364893391951361e-01 7.372080225020493094e-01 4.471957683563232422e+00
1.030000000000000000e+02 7.355745110606363157e-01 7.566286435411515576e-01 4.489380836486816406e+00
1.040000000000000000e+02 7.567413276125541932e-01 7.402156894749911675e-01 4.476640701293945312e+00
1.050000000000000000e+02 7.388856174128363152e-01 7.583405569032765081e-01 4.493823051452636719e+00
1.060000000000000000e+02 7.575836347445787933e-01 7.412762864195345802e-01 4.482669353485107422e+00
1.070000000000000000e+02 7.417621529966992311e-01 7.620724139564727384e-01 4.497981548309326172e+00
1.080000000000000000e+02 7.633274653519269703e-01 7.469137155328393618e-01 4.484931945800781250e+00
1.090000000000000000e+02 7.449823476110039033e-01 7.668008662040112222e-01 4.501601696014404297e+00
1.100000000000000000e+02 7.638814254191023112e-01 7.483491878238508477e-01 4.488304138183593750e+00
1.110000000000000000e+02 7.465856915061043209e-01 7.695534925377375268e-01 4.504128456115722656e+00
1.120000000000000000e+02 7.685721441058515069e-01 7.524945460983880618e-01 4.491755962371826172e+00
1.130000000000000000e+02 7.499978943686116395e-01 7.737987479500754162e-01 4.507558822631835938e+00
1.140000000000000000e+02 7.679627074938335518e-01 7.530154038388107152e-01 4.495447158813476562e+00
1.150000000000000000e+02 7.502404438955430077e-01 7.727044333730777037e-01 4.511521339416503906e+00
1.160000000000000000e+02 7.691565125656565360e-01 7.544784048875158300e-01 4.497284889221191406e+00
1.170000000000000000e+02 7.530931443690734861e-01 7.744535485253110085e-01 4.514607429504394531e+00
1.180000000000000000e+02 7.704706548989362913e-01 7.566429416087928628e-01 4.499132633209228516e+00
1.190000000000000000e+02 7.548515634247514594e-01 7.756766994167427764e-01 4.517603397369384766e+00
1.200000000000000000e+02 7.742441822845536059e-01 7.586703966602351690e-01 4.501617431640625000e+00
1.210000000000000000e+02 7.552571112704921097e-01 7.754867196644470440e-01 4.519390106201171875e+00
1.220000000000000000e+02 7.734815701102283336e-01 7.584027435729774336e-01 4.504488468170166016e+00
1.230000000000000000e+02 7.539983488866482952e-01 7.788219182940384622e-01 4.521158218383789062e+00
1.240000000000000000e+02 7.715958163577018025e-01 7.622168372216486798e-01 4.504540443420410156e+00
1.250000000000000000e+02 7.557573312475053262e-01 7.807826221174186676e-01 4.524186611175537109e+00
1.260000000000000000e+02 7.736854023788262147e-01 7.620543240247973360e-01 4.506139278411865234e+00
1.270000000000000000e+02 7.583167562966619535e-01 7.837452675004616953e-01 4.527191162109375000e+00
1.280000000000000000e+02 7.770959079570791683e-01 7.658587695863732225e-01 4.507840156555175781e+00
1.290000000000000000e+02 7.584512300769347126e-01 7.841201775715160860e-01 4.528316020965576172e+00
1.300000000000000000e+02 7.747222576162217100e-01 7.658846201999229830e-01 4.508494377136230469e+00
1.310000000000000000e+02 7.585263126505755737e-01 7.832710452098551324e-01 4.529953002929687500e+00
1.320000000000000000e+02 7.787564904180117598e-01 7.693833689381718299e-01 4.511480331420898438e+00
1.330000000000000000e+02 7.599215195698491021e-01 7.886808490264267668e-01 4.533377647399902344e+00
1.340000000000000000e+02 7.780678005969965394e-01 7.690378867548578468e-01 4.512893676757812500e+00
1.350000000000000000e+02 7.613019452306145629e-01 7.889395371882170771e-01 4.535367012023925781e+00
1.360000000000000000e+02 7.805570341903881326e-01 7.690106750176298744e-01 4.514109611511230469e+00
1.370000000000000000e+02 7.615638071361401362e-01 7.880519013259953409e-01 4.538137912750244141e+00
1.380000000000000000e+02 7.808603573919381535e-01 7.733086008726499649e-01 4.514819145202636719e+00
1.390000000000000000e+02 7.620944655205417195e-01 7.908160352546282912e-01 4.538615703582763672e+00
1.400000000000000000e+02 7.839108238360172898e-01 7.731987488917398954e-01 4.514947891235351562e+00
1.410000000000000000e+02 7.634546582150081306e-01 7.922520623744536694e-01 4.541400432586669922e+00
1.420000000000000000e+02 7.834259187025329751e-01 7.731643501599259061e-01 4.515308856964111328e+00
1.430000000000000000e+02 7.623557874438168236e-01 7.912140692870888170e-01 4.542509078979492188e+00
1.440000000000000000e+02 7.842524076448339487e-01 7.765276132128725584e-01 4.517705440521240234e+00
1.450000000000000000e+02 7.656731317213575361e-01 7.933822024888069757e-01 4.543586254119873047e+00
1.460000000000000000e+02 7.854784377961632202e-01 7.731952428255987053e-01 4.519467353820800781e+00
1.470000000000000000e+02 7.666520675867390944e-01 7.940813261832304626e-01 4.543735027313232422e+00
1.480000000000000000e+02 7.830787760493678196e-01 7.759655931196083323e-01 4.520104885101318359e+00
1.490000000000000000e+02 7.660875233216604130e-01 7.934543900823077811e-01 4.544995307922363281e+00
1.500000000000000000e+02 7.847954563132450989e-01 7.752785739708631940e-01 4.520723342895507812e+00
1.510000000000000000e+02 7.679129846892269740e-01 7.957704407669621283e-01 4.546018123626708984e+00
1.520000000000000000e+02 7.880690007346933257e-01 7.769250432456767941e-01 4.522052764892578125e+00
1.530000000000000000e+02 7.686151241375309695e-01 7.929625803799092987e-01 4.546570301055908203e+00
1.540000000000000000e+02 7.873790203746372507e-01 7.747278362894529646e-01 4.523773670196533203e+00
1.550000000000000000e+02 7.700437920488029109e-01 7.946773658332912937e-01 4.546443462371826172e+00
1.560000000000000000e+02 7.866595771982111129e-01 7.768420050376326769e-01 4.525585651397705078e+00
1.570000000000000000e+02 7.674407780130511059e-01 7.962919159883667941e-01 4.547769069671630859e+00
1.580000000000000000e+02 7.876325235216331544e-01 7.785248151389112525e-01 4.526671409606933594e+00
1.590000000000000000e+02 7.704579661776610466e-01 7.920570899717650493e-01 4.549661636352539062e+00
1.600000000000000000e+02 7.885062682653892763e-01 7.776358900548953068e-01 4.527110099792480469e+00
1.610000000000000000e+02 7.712166775985763723e-01 7.954621849192629046e-01 4.549467563629150391e+00
1.620000000000000000e+02 7.876828113028060407e-01 7.760174884537945905e-01 4.529019832611083984e+00
1.630000000000000000e+02 7.713828711048044129e-01 7.957282710340035647e-01 4.549108982086181641e+00
1.640000000000000000e+02 7.899213552879668088e-01 7.765787643723354172e-01 4.529195308685302734e+00
1.650000000000000000e+02 7.734463014887031918e-01 7.957288984143739974e-01 4.548853874206542969e+00
1.660000000000000000e+02 7.887478473387449229e-01 7.785662939092682366e-01 4.530289649963378906e+00
1.670000000000000000e+02 7.714976038541023762e-01 7.940231834666873212e-01 4.549365520477294922e+00
1.680000000000000000e+02 7.872524290609898001e-01 7.765207186814530038e-01 4.530082702636718750e+00
1.690000000000000000e+02 7.712429849488434686e-01 7.939858417590044404e-01 4.550148487091064453e+00
1.700000000000000000e+02 7.902183495440855410e-01 7.760816858888819336e-01 4.530400276184082031e+00
1.710000000000000000e+02 7.740238334926832220e-01 7.947438890201482531e-01 4.549708843231201172e+00
1.720000000000000000e+02 7.892946093012208619e-01 7.747119758294042091e-01 4.531577110290527344e+00
1.730000000000000000e+02 7.739154022845540215e-01 7.933743322149562349e-01 4.550600528717041016e+00
1.740000000000000000e+02 7.872118300168354788e-01 7.775560123531003454e-01 4.532999992370605469e+00
1.750000000000000000e+02 7.727709058619363081e-01 7.954993786508055553e-01 4.550606250762939453e+00
1.760000000000000000e+02 7.901758687691705640e-01 7.795302874092352452e-01 4.532067775726318359e+00
1.770000000000000000e+02 7.729806757829722486e-01 7.954249505940717002e-01 4.552526473999023438e+00
1.780000000000000000e+02 7.930874353190948689e-01 7.810248746180668000e-01 4.533163070678710938e+00
1.790000000000000000e+02 7.734537689439298092e-01 7.954305008135507116e-01 4.553809165954589844e+00
1.800000000000000000e+02 7.913521709233084511e-01 7.798750399669979183e-01 4.534833431243896484e+00
1.810000000000000000e+02 7.737163838128704452e-01 7.952194551791296195e-01 4.555494308471679688e+00
1.820000000000000000e+02 7.903384929628756161e-01 7.785793176726086839e-01 4.534342288970947266e+00
1.830000000000000000e+02 7.745873459743558564e-01 7.973633256338304998e-01 4.556252956390380859e+00
1.840000000000000000e+02 7.921934602990384766e-01 7.802539071251514136e-01 4.534660339355468750e+00
1.850000000000000000e+02 7.730575120230128716e-01 7.966885100019577282e-01 4.557733535766601562e+00
1.860000000000000000e+02 7.883507505381442959e-01 7.804575675971989757e-01 4.535271644592285156e+00
1.870000000000000000e+02 7.734678259811812451e-01 7.979272255777298817e-01 4.557418823242187500e+00
1.880000000000000000e+02 7.904213382584087677e-01 7.769339490573150542e-01 4.535853862762451172e+00
1.890000000000000000e+02 7.713352063962864991e-01 7.947446419172203846e-01 4.557071685791015625e+00
1.900000000000000000e+02 7.908000027396880904e-01 7.792728354374730548e-01 4.537004470825195312e+00
1.910000000000000000e+02 7.721826757881671277e-01 7.960353378142212000e-01 4.556751251220703125e+00
1.920000000000000000e+02 7.899067345242494209e-01 7.805866117094907297e-01 4.537137031555175781e+00
1.930000000000000000e+02 7.754741032477221463e-01 7.963537292935567447e-01 4.557584762573242188e+00
1.940000000000000000e+02 7.917324253152877578e-01 7.790472349870835034e-01 4.538555145263671875e+00
1.950000000000000000e+02 7.753498317556083430e-01 7.953257210935802402e-01 4.557018280029296875e+00
1.960000000000000000e+02 7.913560351079388377e-01 7.797039456826736492e-01 4.538046360015869141e+00
1.970000000000000000e+02 7.772315836321043170e-01 7.979685444440980380e-01 4.556577205657958984e+00
1.980000000000000000e+02 7.938320937794345333e-01 7.813202727461696639e-01 4.537396907806396484e+00
1.990000000000000000e+02 7.745223354269474836e-01 7.959197176391605844e-01 4.557145118713378906e+00
2.000000000000000000e+02 7.934233547229554429e-01 7.797680777425286536e-01 4.537947177886962891e+00
2.010000000000000000e+02 7.759855928134749004e-01 7.978919682997843710e-01 4.557221412658691406e+00
2.020000000000000000e+02 7.967194804470008052e-01 7.804354630479803934e-01 4.538480281829833984e+00
2.030000000000000000e+02 7.736534644963917184e-01 7.958824323326175731e-01 4.556739807128906250e+00
2.040000000000000000e+02 7.927292275359864027e-01 7.826267739211892893e-01 4.538017272949218750e+00
2.050000000000000000e+02 7.751947151848773698e-01 7.988457054148846437e-01 4.557028293609619141e+00
2.060000000000000000e+02 7.928606816859707918e-01 7.815051880954178021e-01 4.538232326507568359e+00
2.070000000000000000e+02 7.762873449526780378e-01 7.985741514142914443e-01 4.558657646179199219e+00
2.080000000000000000e+02 7.947070570932277533e-01 7.828239456009464803e-01 4.540193557739257812e+00
2.090000000000000000e+02 7.766390821612730866e-01 7.982173253893835030e-01 4.559041976928710938e+00
2.100000000000000000e+02 7.910841419530295626e-01 7.810939603290194544e-01 4.540353775024414062e+00
2.110000000000000000e+02 7.782216911794217484e-01 7.987083642884125201e-01 4.560883045196533203e+00
2.120000000000000000e+02 7.929806380994657289e-01 7.823206514189418037e-01 4.541410923004150391e+00
2.130000000000000000e+02 7.766813357940313134e-01 8.001457571289749549e-01 4.561157703399658203e+00
2.140000000000000000e+02 7.926495791134179347e-01 7.816997559111524829e-01 4.541639328002929688e+00
2.150000000000000000e+02 7.790957305177796943e-01 7.966214562051822101e-01 4.560045719146728516e+00
2.160000000000000000e+02 7.943989437386375085e-01 7.784456054275009640e-01 4.542492866516113281e+00
2.170000000000000000e+02 7.783825910624856403e-01 7.969925737584859782e-01 4.559402465820312500e+00
2.180000000000000000e+02 7.964268555003999328e-01 7.832418253588112611e-01 4.543197154998779297e+00
2.190000000000000000e+02 7.803855515008596422e-01 7.977066460543328352e-01 4.558307647705078125e+00
2.200000000000000000e+02 7.955116382644260575e-01 7.816455284225996003e-01 4.542548656463623047e+00
2.210000000000000000e+02 7.776797724661379529e-01 7.983195331997210431e-01 4.558843135833740234e+00
2.220000000000000000e+02 7.935545329827715655e-01 7.824022335109739323e-01 4.542971611022949219e+00
2.230000000000000000e+02 7.770046826474755752e-01 7.983907467735038566e-01 4.558389663696289062e+00
2.240000000000000000e+02 7.960336729037671422e-01 7.820742016662940443e-01 4.542712211608886719e+00
2.250000000000000000e+02 7.777900682736743621e-01 7.985061097100288885e-01 4.559165000915527344e+00
2.260000000000000000e+02 7.952459452739180090e-01 7.803299277951331048e-01 4.543506622314453125e+00
2.270000000000000000e+02 7.771664362822774397e-01 7.967251659530111274e-01 4.559447288513183594e+00
2.280000000000000000e+02 7.941611963239341154e-01 7.800973715640195927e-01 4.543422222137451172e+00
2.290000000000000000e+02 7.793535375725240133e-01 7.977906722081633539e-01 4.558675289154052734e+00
2.300000000000000000e+02 7.953720284573375654e-01 7.817261078564917698e-01 4.543262004852294922e+00
2.310000000000000000e+02 7.777417713938177268e-01 8.002496582650396872e-01 4.560134887695312500e+00
2.320000000000000000e+02 7.965414313264412849e-01 7.818689191156904528e-01 4.542315006256103516e+00
2.330000000000000000e+02 7.773522986736530749e-01 7.987960283897015401e-01 4.560579776763916016e+00
2.340000000000000000e+02 7.966411941876341274e-01 7.799659416340906093e-01 4.542810440063476562e+00
2.350000000000000000e+02 7.783262409496140011e-01 7.959531948252447364e-01 4.559525966644287109e+00
2.360000000000000000e+02 7.956653742563893905e-01 7.788275386385816734e-01 4.543456077575683594e+00
2.370000000000000000e+02 7.778648149992252181e-01 7.947793985404265626e-01 4.558936119079589844e+00
2.380000000000000000e+02 7.958897455746316574e-01 7.749758411351389542e-01 4.543676853179931641e+00
2.390000000000000000e+02 7.787033282270653389e-01 7.963135162069637785e-01 4.558685302734375000e+00
2.400000000000000000e+02 7.974102070005216758e-01 7.769652632446264473e-01 4.544429302215576172e+00
2.410000000000000000e+02 7.834087963983878966e-01 7.969060412748609767e-01 4.558389663696289062e+00
2.420000000000000000e+02 7.959116624842369481e-01 7.814211013293113073e-01 4.544476032257080078e+00
2.430000000000000000e+02 7.776966845668928929e-01 7.951406358533794627e-01 4.559158325195312500e+00
2.440000000000000000e+02 7.947222454660765045e-01 7.800608356426620427e-01 4.544895172119140625e+00
2.450000000000000000e+02 7.791417633602514270e-01 7.953775354266290343e-01 4.558518886566162109e+00
2.460000000000000000e+02 7.978739392443753298e-01 7.758082187372791205e-01 4.544537544250488281e+00
2.470000000000000000e+02 7.791153166090799553e-01 7.943598643296677642e-01 4.558307170867919922e+00
2.480000000000000000e+02 7.979062983277491750e-01 7.797429032528901960e-01 4.546306610107421875e+00
2.490000000000000000e+02 7.795504018639712873e-01 7.949187421046859381e-01 4.559559822082519531e+00
2.500000000000000000e+02 7.978946966420508158e-01 7.776147732512280752e-01 4.545171260833740234e+00
2.510000000000000000e+02 7.810683390358338363e-01 7.933504675563606279e-01 4.558238506317138672e+00
2.520000000000000000e+02 7.986791986681234246e-01 7.798536072274008246e-01 4.545707702636718750e+00
2.530000000000000000e+02 7.816005614594835338e-01 7.936796954026341666e-01 4.558687686920166016e+00
2.540000000000000000e+02 7.987921136762021757e-01 7.783638631181093448e-01 4.546741008758544922e+00
2.550000000000000000e+02 7.809787175365580092e-01 7.941977766899670499e-01 4.558611869812011719e+00
2.560000000000000000e+02 7.991906848018841547e-01 7.766984020747066397e-01 4.546105384826660156e+00
2.570000000000000000e+02 7.814080013746851350e-01 7.945849622019954817e-01 4.558420658111572266e+00
2.580000000000000000e+02 7.997876144997561054e-01 7.773020358102663563e-01 4.546861171722412109e+00
2.590000000000000000e+02 7.827853901539816306e-01 7.953321685702979815e-01 4.557227611541748047e+00
2.600000000000000000e+02 8.014347260582777022e-01 7.800411013268062632e-01 4.547586917877197266e+00
2.610000000000000000e+02 7.832776472016615976e-01 7.966114041628384879e-01 4.558670043945312500e+00
2.620000000000000000e+02 7.992545564545245895e-01 7.773920610405613552e-01 4.547124862670898438e+00
2.630000000000000000e+02 7.829415525483632843e-01 7.941299017792462500e-01 4.557798862457275391e+00
2.640000000000000000e+02 7.973615611214142085e-01 7.801445716592687596e-01 4.547380924224853516e+00
2.650000000000000000e+02 7.834231573832022288e-01 7.964922813592816286e-01 4.559277534484863281e+00
2.660000000000000000e+02 7.987107695955906195e-01 7.797135417483370690e-01 4.546461105346679688e+00
2.670000000000000000e+02 7.830460074043843477e-01 7.954138193848552252e-01 4.558738708496093750e+00
2.680000000000000000e+02 8.017557346970549670e-01 7.799681106163379729e-01 4.545915603637695312e+00
2.690000000000000000e+02 7.826320751739912485e-01 7.967983228340518309e-01 4.559521675109863281e+00
2.700000000000000000e+02 8.003344821766020800e-01 7.803755952956313857e-01 4.546546936035156250e+00
2.710000000000000000e+02 7.829820069709098052e-01 7.965526924204846537e-01 4.559027194976806641e+00
2.720000000000000000e+02 8.016977784557851594e-01 7.769147220547020227e-01 4.546491622924804688e+00
2.730000000000000000e+02 7.841212531307779621e-01 7.974634281111165901e-01 4.557499885559082031e+00
2.740000000000000000e+02 8.027010448314079172e-01 7.794268019126339153e-01 4.546585559844970703e+00
2.750000000000000000e+02 7.825353022655955337e-01 7.967786084497283650e-01 4.556428432464599609e+00
2.760000000000000000e+02 8.022256649230360415e-01 7.803334552416855141e-01 4.546814441680908203e+00
2.770000000000000000e+02 7.850394013814098182e-01 7.959247127203786798e-01 4.555816173553466797e+00
2.780000000000000000e+02 8.017117989332305239e-01 7.796929076897687327e-01 4.546913623809814453e+00
2.790000000000000000e+02 7.856462504149166470e-01 7.974333695221776930e-01 4.554947853088378906e+00
2.800000000000000000e+02 8.025695826282266410e-01 7.789846095337780163e-01 4.548484802246093750e+00
2.810000000000000000e+02 7.846512150687267040e-01 7.986035000150627505e-01 4.555267333984375000e+00
2.820000000000000000e+02 8.022731897535680945e-01 7.783652932964392201e-01 4.547708511352539062e+00
2.830000000000000000e+02 7.858758510535983621e-01 7.960670700123607668e-01 4.555760860443115234e+00
2.840000000000000000e+02 8.033859593004479827e-01 7.793114917299656108e-01 4.547503471374511719e+00
2.850000000000000000e+02 7.870983807257163622e-01 7.970828147445142564e-01 4.555854320526123047e+00
2.860000000000000000e+02 8.029143131574487668e-01 7.760419152001527543e-01 4.547537326812744141e+00
2.870000000000000000e+02 7.849333354947991559e-01 7.953575545707390893e-01 4.556600570678710938e+00
2.880000000000000000e+02 8.007510355246989509e-01 7.785641646491400225e-01 4.547287464141845703e+00
2.890000000000000000e+02 7.842297871264962694e-01 7.958646661401155287e-01 4.557919025421142578e+00
2.900000000000000000e+02 8.002266433348652619e-01 7.785595035097511163e-01 4.547473907470703125e+00
2.910000000000000000e+02 7.842297785889849049e-01 7.943007557838172028e-01 4.557478427886962891e+00
2.920000000000000000e+02 8.022022743486338925e-01 7.769441490404709327e-01 4.548645019531250000e+00
2.930000000000000000e+02 7.863362065981156501e-01 7.951444224060310040e-01 4.556556224822998047e+00
2.940000000000000000e+02 8.048389297592070113e-01 7.761964628988244908e-01 4.549193859100341797e+00
2.950000000000000000e+02 7.855591990997395913e-01 7.935820002738608325e-01 4.555888652801513672e+00
2.960000000000000000e+02 8.032435986641995873e-01 7.766886708544394891e-01 4.550470829010009766e+00
2.970000000000000000e+02 7.842451652025436148e-01 7.938009756694168750e-01 4.554446697235107422e+00
2.980000000000000000e+02 8.023584078559869992e-01 7.782156815054135368e-01 4.550858020782470703e+00
2.990000000000000000e+02 7.850021196754551900e-01 7.948034839486034508e-01 4.554875850677490234e+00
3.000000000000000000e+02 8.008817356132028609e-01 7.773135352193335512e-01 4.550681114196777344e+00
3.010000000000000000e+02 7.850671449976071026e-01 7.963440537968137223e-01 4.555103778839111328e+00
3.020000000000000000e+02 8.012460697851561120e-01 7.796963510479407722e-01 4.551459312438964844e+00
3.030000000000000000e+02 7.846710927337519070e-01 7.925276599411799072e-01 4.555684566497802734e+00
3.040000000000000000e+02 8.012405857637281414e-01 7.774182760096050027e-01 4.552490711212158203e+00
3.050000000000000000e+02 7.834647770588343274e-01 7.943290655055553762e-01 4.554526329040527344e+00
3.060000000000000000e+02 8.033610053279585106e-01 7.766955348314101837e-01 4.551733970642089844e+00
3.070000000000000000e+02 7.848494151648266470e-01 7.923807539654253995e-01 4.554307937622070312e+00
3.080000000000000000e+02 8.007353267960669596e-01 7.769068365633446938e-01 4.552183151245117188e+00
3.090000000000000000e+02 7.848125359662885270e-01 7.945642915857896726e-01 4.554303169250488281e+00
3.100000000000000000e+02 8.006169970206908904e-01 7.764473076707180121e-01 4.553130626678466797e+00
3.110000000000000000e+02 7.852737748902864912e-01 7.928841530654291425e-01 4.554709434509277344e+00
3.120000000000000000e+02 8.023750020496817070e-01 7.780517997228089122e-01 4.553342819213867188e+00
3.130000000000000000e+02 7.852432199165935156e-01 7.955004496147998205e-01 4.555165767669677734e+00
3.140000000000000000e+02 8.029111702272252460e-01 7.775159061300661589e-01 4.553494453430175781e+00
3.150000000000000000e+02 7.846584377684965306e-01 7.937830154796106097e-01 4.554208755493164062e+00
3.160000000000000000e+02 8.019495096708376680e-01 7.779408343714802054e-01 4.552338600158691406e+00
3.170000000000000000e+02 7.846750394212242963e-01 7.953404977872579051e-01 4.554118156433105469e+00
3.180000000000000000e+02 8.004071224644525584e-01 7.780573952545709604e-01 4.552420616149902344e+00
3.190000000000000000e+02 7.844495652725166357e-01 7.945348015194374502e-01 4.555309295654296875e+00
3.200000000000000000e+02 8.006963009542653609e-01 7.790186350053821540e-01 4.551499366760253906e+00
3.210000000000000000e+02 7.825000574588788504e-01 7.931457204631808811e-01 4.557711124420166016e+00
3.220000000000000000e+02 7.989691191764499711e-01 7.788102173614830370e-01 4.551322460174560547e+00
3.230000000000000000e+02 7.830061932533630698e-01 7.967852165310423951e-01 4.557814598083496094e+00
3.240000000000000000e+02 8.017243460936526178e-01 7.803737808317544600e-01 4.549149513244628906e+00
3.250000000000000000e+02 7.812254429598965988e-01 7.948876025287966440e-01 4.558248043060302734e+00
3.260000000000000000e+02 8.012476203442634448e-01 7.781791465303938837e-01 4.547944068908691406e+00
3.270000000000000000e+02 7.840980360222142842e-01 7.970749214299412966e-01 4.557591438293457031e+00
3.280000000000000000e+02 8.003922630185080767e-01 7.804664632503447441e-01 4.547729015350341797e+00
3.290000000000000000e+02 7.815681646958740902e-01 7.914510696447787375e-01 4.557721138000488281e+00
3.300000000000000000e+02 8.016124538224931317e-01 7.803129363672834939e-01 4.549015522003173828e+00
3.310000000000000000e+02 7.851655848343638278e-01 7.958583784307546871e-01 4.557754039764404297e+00
3.320000000000000000e+02 8.017187117670993013e-01 7.794548398537337608e-01 4.548322677612304688e+00
3.330000000000000000e+02 7.832937714040399957e-01 7.953870238648322877e-01 4.558382511138916016e+00
3.340000000000000000e+02 8.010132485539633862e-01 7.814661361394582562e-01 4.548061847686767578e+00
3.350000000000000000e+02 7.866903160286599084e-01 7.958867329599897955e-01 4.558547019958496094e+00
3.360000000000000000e+02 8.018127146827715990e-01 7.819977764402583631e-01 4.548917293548583984e+00
3.370000000000000000e+02 7.851353297411183263e-01 7.987866125145464125e-01 4.558250904083251953e+00
3.380000000000000000e+02 8.016434370206202420e-01 7.814331208284742702e-01 4.548432826995849609e+00
3.390000000000000000e+02 7.866005469405580319e-01 7.979409015862006793e-01 4.559035301208496094e+00
3.400000000000000000e+02 8.033644923029723550e-01 7.814349595799091608e-01 4.549035549163818359e+00
3.410000000000000000e+02 7.862199221426727780e-01 7.973078227185522726e-01 4.558306217193603516e+00
3.420000000000000000e+02 8.035382676088174136e-01 7.808568612163313549e-01 4.547358036041259766e+00
3.430000000000000000e+02 7.873466625587428602e-01 7.977503008130489848e-01 4.558423042297363281e+00
3.440000000000000000e+02 8.015833226725505023e-01 7.823202082032495452e-01 4.547028064727783203e+00
3.450000000000000000e+02 7.860127616164521713e-01 7.977310550330806160e-01 4.557792663574218750e+00
3.460000000000000000e+02 8.052959232568538406e-01 7.818902469677958544e-01 4.546691417694091797e+00
3.470000000000000000e+02 7.856713005702901098e-01 7.974432298845507416e-01 4.557685375213623047e+00
3.480000000000000000e+02 8.020757692273451367e-01 7.818716904231112208e-01 4.547409057617187500e+00
3.490000000000000000e+02 7.860473083035987019e-01 7.978680927375608745e-01 4.558200836181640625e+00
3.500000000000000000e+02 8.023956186518095279e-01 7.800868718541924540e-01 4.547391414642333984e+00
3.510000000000000000e+02 7.859033265038103400e-01 7.997868244914282387e-01 4.559834480285644531e+00
3.520000000000000000e+02 8.030653453550453680e-01 7.797438567538728105e-01 4.549197196960449219e+00
3.530000000000000000e+02 7.865825184274837234e-01 7.985766858849341343e-01 4.559218883514404297e+00
3.540000000000000000e+02 8.046847755658620427e-01 7.816226014581053594e-01 4.548941135406494141e+00
3.550000000000000000e+02 7.861488153848846805e-01 7.980952996071869476e-01 4.559676647186279297e+00
3.560000000000000000e+02 8.059978302356777258e-01 7.807763635177987771e-01 4.548690319061279297e+00
3.570000000000000000e+02 7.881507456094354325e-01 7.969324719252274258e-01 4.559267997741699219e+00
3.580000000000000000e+02 8.037154351552017184e-01 7.804221480191642080e-01 4.549993515014648438e+00
3.590000000000000000e+02 7.863495654996086603e-01 7.980566537122246729e-01 4.559043884277343750e+00
3.600000000000000000e+02 8.047830254102806835e-01 7.814871419343278891e-01 4.550203800201416016e+00
3.610000000000000000e+02 7.886751216949771104e-01 8.003931692139966136e-01 4.558708667755126953e+00
3.620000000000000000e+02 8.045616248594612552e-01 7.821191223281497296e-01 4.548503875732421875e+00
3.630000000000000000e+02 7.852228112710326613e-01 7.974712633532157202e-01 4.558848857879638672e+00
3.640000000000000000e+02 8.014678428900265938e-01 7.793316680016304510e-01 4.547955036163330078e+00
3.650000000000000000e+02 7.851763059809462320e-01 7.977905950309799321e-01 4.559662342071533203e+00
3.660000000000000000e+02 8.019274112690888412e-01 7.799219685287828163e-01 4.547697544097900391e+00
3.670000000000000000e+02 7.842865467336367358e-01 7.992547209316556156e-01 4.558994770050048828e+00
3.680000000000000000e+02 7.994263918160482429e-01 7.812150437753453414e-01 4.547932624816894531e+00
3.690000000000000000e+02 7.837879241679008846e-01 7.992416222455036579e-01 4.560606002807617188e+00
3.700000000000000000e+02 8.002060630231444538e-01 7.830164353991216908e-01 4.547290325164794922e+00
3.710000000000000000e+02 7.832404391411480482e-01 8.020549635034944780e-01 4.561587810516357422e+00
3.720000000000000000e+02 8.012528424086151624e-01 7.834471929436345183e-01 4.546050548553466797e+00
3.730000000000000000e+02 7.832702882235793584e-01 7.996813051234540337e-01 4.560783863067626953e+00
3.740000000000000000e+02 8.001935890143259122e-01 7.846623305337278032e-01 4.546757698059082031e+00
3.750000000000000000e+02 7.816043015294090734e-01 7.994731213294736794e-01 4.561299324035644531e+00
3.760000000000000000e+02 8.002043825937206201e-01 7.848646270092906052e-01 4.546521663665771484e+00
3.770000000000000000e+02 7.829244850822758561e-01 8.012116874895122143e-01 4.563074588775634766e+00
3.780000000000000000e+02 7.987740650664202358e-01 7.823501893882555125e-01 4.545876026153564453e+00
3.790000000000000000e+02 7.805917809600371182e-01 7.982764172121927793e-01 4.561500072479248047e+00
3.800000000000000000e+02 7.984264261971274479e-01 7.816273192138798453e-01 4.546639919281005859e+00
3.810000000000000000e+02 7.809315336929129048e-01 7.973585534847219547e-01 4.562463760375976562e+00
3.820000000000000000e+02 7.998361652206226191e-01 7.824494663318168897e-01 4.548223972320556641e+00
3.830000000000000000e+02 7.798226951738642665e-01 7.999163447222094048e-01 4.562759876251220703e+00
3.840000000000000000e+02 7.991121934785293535e-01 7.831682620794068184e-01 4.548607349395751953e+00
3.850000000000000000e+02 7.822047513607246483e-01 8.004802968548819786e-01 4.562375545501708984e+00
3.860000000000000000e+02 7.975463559479503139e-01 7.825715807202672236e-01 4.547989368438720703e+00
3.870000000000000000e+02 7.806749848443885753e-01 8.001972965118815395e-01 4.562399864196777344e+00
3.880000000000000000e+02 7.962032355615223933e-01 7.785148454332005974e-01 4.547194004058837891e+00
3.890000000000000000e+02 7.811650925029128834e-01 7.985899448458737560e-01 4.562246799468994141e+00
3.900000000000000000e+02 7.971729142506901455e-01 7.798869540652544341e-01 4.548489093780517578e+00
3.910000000000000000e+02 7.827859581152623036e-01 7.987117718614255013e-01 4.562109947204589844e+00
3.920000000000000000e+02 7.985998799338138721e-01 7.795781526290743724e-01 4.548984527587890625e+00
3.930000000000000000e+02 7.809049783117177901e-01 7.978818241098036834e-01 4.562507629394531250e+00
3.940000000000000000e+02 7.971571765827700773e-01 7.801607681503980318e-01 4.547706127166748047e+00
3.950000000000000000e+02 7.799300973196104936e-01 7.961204934575288883e-01 4.561161518096923828e+00
3.960000000000000000e+02 7.965060233724129413e-01 7.828303200098148951e-01 4.547449588775634766e+00
3.970000000000000000e+02 7.798943325047489328e-01 7.971422700411046058e-01 4.562146663665771484e+00
3.980000000000000000e+02 7.968843439525526984e-01 7.805508000817960035e-01 4.546651840209960938e+00
