0.000000000000000000e+00 1.568532318195819258e-02 1.506744921251988722e-02 1.298241329193115234e+01
1.000000000000000000e+00 1.515781820692795219e-02 1.512631571571160065e-02 1.299967765808105469e+01
2.000000000000000000e+00 1.731334082691815546e-02 1.499855468616580027e-02 1.314722633361816406e+01
3.000000000000000000e+00 1.724999002810836610e-02 1.700011963057850017e-02 1.316497230529785156e+01
4.000000000000000000e+00 2.041508651380931003e-02 1.732009241667542554e-02 1.329921150207519531e+01
5.000000000000000000e+00 1.950963567032869619e-02 2.054797318726154370e-02 1.332449626922607422e+01
6.000000000000000000e+00 2.341298190653523167e-02 1.953705019761799860e-02 1.344989967346191406e+01
7.000000000000000000e+00 2.255403583138536339e-02 2.367600700243705988e-02 1.347230625152587891e+01
8.000000000000000000e+00 2.736466205024566320e-02 2.333598954899233913e-02 1.358787441253662109e+01
9.000000000000000000e+00 2.614753846846123650e-02 2.860887751071072502e-02 1.361251735687255859e+01
1.000000000000000000e+01 3.125323188673037600e-02 2.702997742339474652e-02 1.371668243408203125e+01
1.100000000000000000e+01 3.060889393779471501e-02 3.213022306580684551e-02 1.374017429351806641e+01
1.200000000000000000e+01 3.625193295223329282e-02 3.127597785787075702e-02 1.383881187438964844e+01
1.300000000000000000e+01 3.466187152909766533e-02 3.653618292540063844e-02 1.386521816253662109e+01
1.400000000000000000e+01 4.128770909461772221e-02 3.530749182181157353e-02 1.395446014404296875e+01
1.500000000000000000e+01 3.983296106285286881e-02 4.150246340406147511e-02 1.397791481018066406e+01
1.600000000000000000e+01 4.646311532922015736e-02 4.002024544986425986e-02 1.406410980224609375e+01
1.700000000000000000e+01 4.425741709189757317e-02 4.703497689463764092e-02 1.408494377136230469e+01
1.800000000000000000e+01 5.125618078063604033e-02 4.445659500612304110e-02 1.416636753082275391e+01
1.900000000000000000e+01 4.945848572966531770e-02 5.188859785574555933e-02 1.418339252471923828e+01
2.000000000000000000e+01 5.634040358354878986e-02 4.925096057582002695e-02 1.425897502899169922e+01
2.100000000000000000e+01 5.401540508868226537e-02 5.656607755447067010e-02 1.427480220794677734e+01
2.200000000000000000e+01 6.116892886719487582e-02 5.419038862803780832e-02 1.434808254241943359e+01
2.300000000000000000e+01 5.778463980199835537e-02 6.238982941500983981e-02 1.436303234100341797e+01
2.400000000000000000e+01 6.674137251821005146e-02 5.845822191660718370e-02 1.442780399322509766e+01
2.500000000000000000e+01 6.361165065821175468e-02 6.641204800119618334e-02 1.444563293457031250e+01
2.600000000000000000e+01 7.119477447315827878e-02 6.311297147490514681e-02 1.450756835937500000e+01
2.700000000000000000e+01 6.792728536498850167e-02 7.198755468541422065e-02 1.452609920501708984e+01
2.800000000000000000e+01 7.664473931972733134e-02 6.847955483628960505e-02 1.458472156524658203e+01
2.900000000000000000e+01 7.254296449956167125e-02 7.613113632194989933e-02 1.459617805480957031e+01
3.000000000000000000e+01 8.107496075173314942e-02 7.297106347953391525e-02 1.465149497985839844e+01
3.100000000000000000e+01 7.704878405803952668e-02 8.154052248859380847e-02 1.466219615936279297e+01
3.200000000000000000e+01 8.602793199661976087e-02 7.749715249697841646e-02 1.472114181518554688e+01
3.300000000000000000e+01 8.176116920808557120e-02 8.602964453223531371e-02 1.472461414337158203e+01
3.400000000000000000e+01 9.033431772077804567e-02 8.195932032351294083e-02 1.478342723846435547e+01
3.500000000000000000e+01 8.643377829672982404e-02 9.102304438904647299e-02 1.478425788879394531e+01
3.600000000000000000e+01 9.470821227610284887e-02 8.660659365395814713e-02 1.483667755126953125e+01
3.700000000000000000e+01 9.030239596358792531e-02 9.514164152841098065e-02 1.484165191650390625e+01
3.800000000000000000e+01 9.904692253425523285e-02 9.006740679656866089e-02 1.489009380340576172e+01
3.900000000000000000e+01 9.382449063721969018e-02 9.868565069188868499e-02 1.489668369293212891e+01
4.000000000000000000e+01 1.028961190288778804e-01 9.479199832290277628e-02 1.494033908843994141e+01
4.100000000000000000e+01 9.798183713176714105e-02 1.032367422736482493e-01 1.494906520843505859e+01
4.200000000000000000e+01 1.076089490016434863e-01 9.843838019063015643e-02 1.499075412750244141e+01
4.300000000000000000e+01 1.016208237828814809e-01 1.077853133795994844e-01 1.499150180816650391e+01
4.400000000000000000e+01 1.111014645474496798e-01 1.020304049443055416e-01 1.503579425811767578e+01
4.500000000000000000e+01 1.060698859547755390e-01 1.112844945081943315e-01 1.503969192504882812e+01
4.600000000000000000e+01 1.150827728660360066e-01 1.060856850043198074e-01 1.508251762390136719e+01
4.700000000000000000e+01 1.094074467566981262e-01 1.153211251466270126e-01 1.508289813995361328e+01
4.800000000000000000e+01 1.189567078510506276e-01 1.102122711880006156e-01 1.512606906890869141e+01
4.900000000000000000e+01 1.130765542936081197e-01 1.190893729317667599e-01 1.512574291229248047e+01
5.000000000000000000e+01 1.230725129462200973e-01 1.130290161136770499e-01 1.516593170166015625e+01
5.100000000000000000e+01 1.166864581792483313e-01 1.222543254677916080e-01 1.516369819641113281e+01
5.200000000000000000e+01 1.263400576931918984e-01 1.161090345108388711e-01 1.520251750946044922e+01
5.300000000000000000e+01 1.201964731073908998e-01 1.254053484045193345e-01 1.519496440887451172e+01
5.400000000000000000e+01 1.300418147044780370e-01 1.194571275813569033e-01 1.523979854583740234e+01
5.500000000000000000e+01 1.240965075271470014e-01 1.288596216782975923e-01 1.523009586334228516e+01
5.600000000000000000e+01 1.324227768539629757e-01 1.224913131704991470e-01 1.527458000183105469e+01
5.700000000000000000e+01 1.261269547171817718e-01 1.317790064855428878e-01 1.526424789428710938e+01
5.800000000000000000e+01 1.357306170644467236e-01 1.253430500693341609e-01 1.530563354492187500e+01
5.900000000000000000e+01 1.296376668344521310e-01 1.339276331839031886e-01 1.529423618316650391e+01
6.000000000000000000e+01 1.388645580539686342e-01 1.273968392346985223e-01 1.533887767791748047e+01
6.100000000000000000e+01 1.322502854503038450e-01 1.368961520996999637e-01 1.532268238067626953e+01
6.200000000000000000e+01 1.422536988758451859e-01 1.298505009092795481e-01 1.536995792388916016e+01
6.300000000000000000e+01 1.350790148745056873e-01 1.393297900843747383e-01 1.534918880462646484e+01
6.400000000000000000e+01 1.448952285861368483e-01 1.323722842499058527e-01 1.539657497406005859e+01
6.500000000000000000e+01 1.378229364755102770e-01 1.418468756157880151e-01 1.537490367889404297e+01
6.600000000000000000e+01 1.476777280680186266e-01 1.348091407369371164e-01 1.542462635040283203e+01
6.700000000000000000e+01 1.399066402528693354e-01 1.442419196680221338e-01 1.539699840545654297e+01
6.800000000000000000e+01 1.499699730013567545e-01 1.373543846996756190e-01 1.544670200347900391e+01
6.900000000000000000e+01 1.424047091813113730e-01 1.475241903154067002e-01 1.542105960845947266e+01
7.000000000000000000e+01 1.519619808802541439e-01 1.399395066263725840e-01 1.546811962127685547e+01
7.100000000000000000e+01 1.448938287048777973e-01 1.492434813640828861e-01 1.544644832611083984e+01
7.200000000000000000e+01 1.546494214748797280e-01 1.415881496840764586e-01 1.549013233184814453e+01
7.300000000000000000e+01 1.470877471930180924e-01 1.512868713986090796e-01 1.546372222900390625e+01
7.400000000000000000e+01 1.565037613449991594e-01 1.438786928857066216e-01 1.551344394683837891e+01
7.500000000000000000e+01 1.481823375677397692e-01 1.536690413449251502e-01 1.548505973815917969e+01
7.600000000000000000e+01 1.586505745791240707e-01 1.463391059463206023e-01 1.553056335449218750e+01
7.700000000000000000e+01 1.500637834930499126e-01 1.559391006448413997e-01 1.550959777832031250e+01
7.800000000000000000e+01 1.596958131562342398e-01 1.481951003949095458e-01 1.554555225372314453e+01
7.900000000000000000e+01 1.521660531224019453e-01 1.580317982056270165e-01 1.552773380279541016e+01
8.000000000000000000e+01 1.615386075493274176e-01 1.496865338720513028e-01 1.556313610076904297e+01
8.100000000000000000e+01 1.535176318258041628e-01 1.589718973781672762e-01 1.554611778259277344e+01
8.200000000000000000e+01 1.631415513139176376e-01 1.518603402417202097e-01 1.558170032501220703e+01
8.300000000000000000e+01 1.549664853520482666e-01 1.614449584739228727e-01 1.556391239166259766e+01
8.400000000000000000e+01 1.649077777172597570e-01 1.538436741644118866e-01 1.559587478637695312e+01
8.500000000000000000e+01 1.568689451408016855e-01 1.637690903290551780e-01 1.558242034912109375e+01
8.600000000000000000e+01 1.669974110491705965e-01 1.556307706809400560e-01 1.561174869537353516e+01
8.700000000000000000e+01 1.581180043180056838e-01 1.650998994599615632e-01 1.559816265106201172e+01
8.800000000000000000e+01 1.676992040356886371e-01 1.574893617092248677e-01 1.562551593780517578e+01
8.900000000000000000e+01 1.593833019978753707e-01 1.666730427942062220e-01 1.561380290985107422e+01
9.000000000000000000e+01 1.695603608820424324e-01 1.586148584714257292e-01 1.563657379150390625e+01
9.100000000000000000e+01 1.605344371124434733e-01 1.684417151999125506e-01 1.562606811523437500e+01
9.200000000000000000e+01 1.704881434630182990e-01 1.597765985332591510e-01 1.564680671691894531e+01
9.300000000000000000e+01 1.622594761448166722e-01 1.694130980301818135e-01 1.564002037048339844e+01
9.400000000000000000e+01 1.726388895063673545e-01 1.611372227891524622e-01 1.566103172302246094e+01
9.500000000000000000e+01 1.635472157412982686e-01 1.703311864034514345e-01 1.565316200256347656e+01
9.600000000000000000e+01 1.734469665308785713e-01 1.625867325867966506e-01 1.567566204071044922e+01
9.700000000000000000e+01 1.653118444250924468e-01 1.722363213300601992e-01 1.566606807708740234e+01
9.800000000000000000e+01 1.754304500577052173e-01 1.631061638483098652e-01 1.569141960144042969e+01
9.900000000000000000e+01 1.660829117949355616e-01 1.731653010669189086e-01 1.567324638366699219e+01
1.000000000000000000e+02 1.759816240116582609e-01 1.646020731537566339e-01 1.570280551910400391e+01
1.010000000000000000e+02 1.671035370295122779e-01 1.739245105342351327e-01 1.568513202667236328e+01
1.020000000000000000e+02 1.768944266894745543e-01 1.652119965574616878e-01 1.571021366119384766e+01
1.030000000000000000e+02 1.680899483784459580e-01 1.749562188933626861e-01 1.569664859771728516e+01
1.040000000000000000e+02 1.778860368986672214e-01 1.661835602178893256e-01 1.572039604187011719e+01
1.050000000000000000e+02 1.689718446817259356e-01 1.758829726887645717e-01 1.570454597473144531e+01
1.060000000000000000e+02 1.785411228568813125e-01 1.668843344830115150e-01 1.572745800018310547e+01
1.070000000000000000e+02 1.691237242884061909e-01 1.768900649599447761e-01 1.571420764923095703e+01
1.080000000000000000e+02 1.787564535038600744e-01 1.675978993885295365e-01 1.573213768005371094e+01
1.090000000000000000e+02 1.697215109704898750e-01 1.778957425416952676e-01 1.572211551666259766e+01
1.100000000000000000e+02 1.800524540527920492e-01 1.683226338232893804e-01 1.574268913269042969e+01
1.110000000000000000e+02 1.715172708889786402e-01 1.789472740219289482e-01 1.573153209686279297e+01
1.120000000000000000e+02 1.812619064051873841e-01 1.692579095463249972e-01 1.575070762634277344e+01
1.130000000000000000e+02 1.718484043402497830e-01 1.802155523265319137e-01 1.574123191833496094e+01
1.140000000000000000e+02 1.815644224839434995e-01 1.706603277981817435e-01 1.575742530822753906e+01
1.150000000000000000e+02 1.723176829481992134e-01 1.802570206936542907e-01 1.574507999420166016e+01
1.160000000000000000e+02 1.827265293856263628e-01 1.709033490042831394e-01 1.576307010650634766e+01
1.170000000000000000e+02 1.735671755497363300e-01 1.812329118366332037e-01 1.575077152252197266e+01
1.180000000000000000e+02 1.834155127730245916e-01 1.713167071242473749e-01 1.577101993560791016e+01
1.190000000000000000e+02 1.740651355526531829e-01 1.811975644897231841e-01 1.575976753234863281e+01
1.200000000000000000e+02 1.836283162563629168e-01 1.725323334056663993e-01 1.577898025512695312e+01
1.210000000000000000e+02 1.749369791864368862e-01 1.824324773158381985e-01 1.576611900329589844e+01
1.220000000000000000e+02 1.844380405922340094e-01 1.735160510767940756e-01 1.578386974334716797e+01
1.230000000000000000e+02 1.752136128862362141e-01 1.840281085784340187e-01 1.577094841003417969e+01
1.240000000000000000e+02 1.841031325074668767e-01 1.739353023774309892e-01 1.578635978698730469e+01
1.250000000000000000e+02 1.756182916073535105e-01 1.842112866580565000e-01 1.577954959869384766e+01
1.260000000000000000e+02 1.847375421614805280e-01 1.752775678790245706e-01 1.578886604309082031e+01
1.270000000000000000e+02 1.754498990534667513e-01 1.848476443077794462e-01 1.578614234924316406e+01
1.280000000000000000e+02 1.853880219828740461e-01 1.758882013847796466e-01 1.578952312469482422e+01
1.290000000000000000e+02 1.760834251819524965e-01 1.856523438360905276e-01 1.579012012481689453e+01
1.300000000000000000e+02 1.863782870461872798e-01 1.767188827908024451e-01 1.579540157318115234e+01
1.310000000000000000e+02 1.773664873238990913e-01 1.864890101682951662e-01 1.579792976379394531e+01
1.320000000000000000e+02 1.870583380966712728e-01 1.765208008225711278e-01 1.580501079559326172e+01
1.330000000000000000e+02 1.780800453534199523e-01 1.865456340370874044e-01 1.579824638366699219e+01
1.340000000000000000e+02 1.873483026332019574e-01 1.772525475871811473e-01 1.580768966674804688e+01
1.350000000000000000e+02 1.778034465837818046e-01 1.866347876979183307e-01 1.580310153961181641e+01
1.360000000000000000e+02 1.876598836887381216e-01 1.772986310518893105e-01 1.581244564056396484e+01
1.370000000000000000e+02 1.785619155209575704e-01 1.870915125011820834e-01 1.580403900146484375e+01
1.380000000000000000e+02 1.880483956299106030e-01 1.782539029276914433e-01 1.581582832336425781e+01
1.390000000000000000e+02 1.783513652850296782e-01 1.872924666200654342e-01 1.580906963348388672e+01
1.400000000000000000e+02 1.887239675437373532e-01 1.778712425601570168e-01 1.581900882720947266e+01
1.410000000000000000e+02 1.792579270841946348e-01 1.874805810614373347e-01 1.580944156646728516e+01
1.420000000000000000e+02 1.891382318198301937e-01 1.780965214206217673e-01 1.582376003265380859e+01
1.430000000000000000e+02 1.797301984496917637e-01 1.887395887786577076e-01 1.581423664093017578e+01
1.440000000000000000e+02 1.885717166618008644e-01 1.784835059125806367e-01 1.582756614685058594e+01
1.450000000000000000e+02 1.795506809890830002e-01 1.887298984943673319e-01 1.582087802886962891e+01
1.460000000000000000e+02 1.897755922021672481e-01 1.793317900158841460e-01 1.582953834533691406e+01
1.470000000000000000e+02 1.800428945877298736e-01 1.895411970712690131e-01 1.582411956787109375e+01
1.480000000000000000e+02 1.896879208180614340e-01 1.801780397180264559e-01 1.583230495452880859e+01
1.490000000000000000e+02 1.803063207815060187e-01 1.903283512571976588e-01 1.583011436462402344e+01
1.500000000000000000e+02 1.903576113923652613e-01 1.802623203009860453e-01 1.583348941802978516e+01
1.510000000000000000e+02 1.811571826399000218e-01 1.902738917488041859e-01 1.583068275451660156e+01
1.520000000000000000e+02 1.900692009833480356e-01 1.806495322490681565e-01 1.583605194091796875e+01
1.530000000000000000e+02 1.811114245784447574e-01 1.901224802601404473e-01 1.583245086669921875e+01
1.540000000000000000e+02 1.905521850343378232e-01 1.802934956750792683e-01 1.583894824981689453e+01
1.550000000000000000e+02 1.810249994316471822e-01 1.904500342560007109e-01 1.583567237854003906e+01
1.560000000000000000e+02 1.908222850401226633e-01 1.807034661057568270e-01 1.584210014343261719e+01
1.570000000000000000e+02 1.811267761045778357e-01 1.905899907560623663e-01 1.584078979492187500e+01
1.580000000000000000e+02 1.902038009115101236e-01 1.809562989334624061e-01 1.584292984008789062e+01
1.590000000000000000e+02 1.814895879475421636e-01 1.908012317072233788e-01 1.584222984313964844e+01
1.600000000000000000e+02 1.911811221890319101e-01 1.817115252959835003e-01 1.584597873687744141e+01
1.610000000000000000e+02 1.821092766466240465e-01 1.909204250902150901e-01 1.584490871429443359e+01
1.620000000000000000e+02 1.917372802617621774e-01 1.813099102221712167e-01 1.584884166717529297e+01
1.630000000000000000e+02 1.817786454293911502e-01 1.912215288182697037e-01 1.584612369537353516e+01
1.640000000000000000e+02 1.918725964492351554e-01 1.822424227152181497e-01 1.585367393493652344e+01
1.650000000000000000e+02 1.823509654822539905e-01 1.910530145757257103e-01 1.584950256347656250e+01
1.660000000000000000e+02 1.921336476991362396e-01 1.819950144924583069e-01 1.585427665710449219e+01
1.670000000000000000e+02 1.831417792689077617e-01 1.910058175352851717e-01 1.585386371612548828e+01
1.680000000000000000e+02 1.925041364424110168e-01 1.820103510919580669e-01 1.585890007019042969e+01
1.690000000000000000e+02 1.827523340510844863e-01 1.921752089488684700e-01 1.585541820526123047e+01
1.700000000000000000e+02 1.926250669711306041e-01 1.830673998932987323e-01 1.585945034027099609e+01
1.710000000000000000e+02 1.827902177662802663e-01 1.930785581372774784e-01 1.586164379119873047e+01
1.720000000000000000e+02 1.930465935808192424e-01 1.827202533080475033e-01 1.586285209655761719e+01
1.730000000000000000e+02 1.831603708193664526e-01 1.929251248304797994e-01 1.586261081695556641e+01
1.740000000000000000e+02 1.932265143135760421e-01 1.832005671422536619e-01 1.586470985412597656e+01
1.750000000000000000e+02 1.833596105048769798e-01 1.923890765312215589e-01 1.586244964599609375e+01
1.760000000000000000e+02 1.930245970706893632e-01 1.831203735881329897e-01 1.586487579345703125e+01
1.770000000000000000e+02 1.829015356191301678e-01 1.928655744261494887e-01 1.586243820190429688e+01
1.780000000000000000e+02 1.929241200090076602e-01 1.830307702051942875e-01 1.586213588714599609e+01
1.790000000000000000e+02 1.831913777622494188e-01 1.919985018833802737e-01 1.586336040496826172e+01
1.800000000000000000e+02 1.926334139696347925e-01 1.827964328553103313e-01 1.586377429962158203e+01
1.810000000000000000e+02 1.834509784941914523e-01 1.932515683614979274e-01 1.586241722106933594e+01
1.820000000000000000e+02 1.936630990539308927e-01 1.837979095027246490e-01 1.586578559875488281e+01
1.830000000000000000e+02 1.842016937913800168e-01 1.934896781066525739e-01 1.586202239990234375e+01
1.840000000000000000e+02 1.939428616883249190e-01 1.827880748786959719e-01 1.586721515655517578e+01
1.850000000000000000e+02 1.832702885464048692e-01 1.928962336714695747e-01 1.586000442504882812e+01
1.860000000000000000e+02 1.938431623420321936e-01 1.834464505831043812e-01 1.587015914916992188e+01
1.870000000000000000e+02 1.840567489694009962e-01 1.929777644456212304e-01 1.586367607116699219e+01
1.880000000000000000e+02 1.937932874619930357e-01 1.831124913245897046e-01 1.587354183197021484e+01
1.890000000000000000e+02 1.839012628760843815e-01 1.926599788504835542e-01 1.586500072479248047e+01
1.900000000000000000e+02 1.944249302064680329e-01 1.833808542306125111e-01 1.587510681152343750e+01
1.910000000000000000e+02 1.844039736243142102e-01 1.934234435740261049e-01 1.586540985107421875e+01
1.920000000000000000e+02 1.937070750343022896e-01 1.838289501565996409e-01 1.587386417388916016e+01
1.930000000000000000e+02 1.841372587087389545e-01 1.935142296093916303e-01 1.586944007873535156e+01
1.940000000000000000e+02 1.928014105973706871e-01 1.835535166411708941e-01 1.587284851074218750e+01
1.950000000000000000e+02 1.843876998998833505e-01 1.932396021684850140e-01 1.586887359619140625e+01
1.960000000000000000e+02 1.942825941927146804e-01 1.835719007295504301e-01 1.587101840972900391e+01
1.970000000000000000e+02 1.845277412791338223e-01 1.934734423551178750e-01 1.586360359191894531e+01
1.980000000000000000e+02 1.942643171970198368e-01 1.843386829823955853e-01 1.587191581726074219e+01
1.990000000000000000e+02 1.851327049818106696e-01 1.938351494826238697e-01 1.586545562744140625e+01
2.000000000000000000e+02 1.950599240519810817e-01 1.836228256283498894e-01 1.587376594543457031e+01
2.010000000000000000e+02 1.852471068161493928e-01 1.937080710742445921e-01 1.586281776428222656e+01
2.020000000000000000e+02 1.951183246577188057e-01 1.842869687508240095e-01 1.587501811981201172e+01
2.030000000000000000e+02 1.859877606264322969e-01 1.937800022168637282e-01 1.586444187164306641e+01
2.040000000000000000e+02 1.961194161535835534e-01 1.832497911713901195e-01 1.587811374664306641e+01
2.050000000000000000e+02 1.857384548478058228e-01 1.927416267191991994e-01 1.586052799224853516e+01
2.060000000000000000e+02 1.955482781251695890e-01 1.831163033939026685e-01 1.587900638580322266e+01
2.070000000000000000e+02 1.856096199886740350e-01 1.925583100918701052e-01 1.586030006408691406e+01
2.080000000000000000e+02 1.955328834994879417e-01 1.830965146237364949e-01 1.587689781188964844e+01
2.090000000000000000e+02 1.867415083881195925e-01 1.934704563573051705e-01 1.585998630523681641e+01
2.100000000000000000e+02 1.953075971075507455e-01 1.832036098935138080e-01 1.587833976745605469e+01
2.110000000000000000e+02 1.851879647293185605e-01 1.933753462749431551e-01 1.585932159423828125e+01
2.120000000000000000e+02 1.950816199963278097e-01 1.838930643544415267e-01 1.587594985961914062e+01
2.130000000000000000e+02 1.850250230401526419e-01 1.932396353663920485e-01 1.586239814758300781e+01
2.140000000000000000e+02 1.952316101090252887e-01 1.836998060115711540e-01 1.587397766113281250e+01
2.150000000000000000e+02 1.862220757471390320e-01 1.933975868252822972e-01 1.586215972900390625e+01
2.160000000000000000e+02 1.952158933244479144e-01 1.831988379071489703e-01 1.587873172760009766e+01
2.170000000000000000e+02 1.856535643305008143e-01 1.933025845837191559e-01 1.586113166809082031e+01
2.180000000000000000e+02 1.954145714401731015e-01 1.829413005740948839e-01 1.587876987457275391e+01
2.190000000000000000e+02 1.858230533936713336e-01 1.934629094884054157e-01 1.586116313934326172e+01
2.200000000000000000e+02 1.954393787596954424e-01 1.835101493770753822e-01 1.587967681884765625e+01
2.210000000000000000e+02 1.853790685225686630e-01 1.935388092347702094e-01 1.586339855194091797e+01
2.220000000000000000e+02 1.948793371106556649e-01 1.840939377045223424e-01 1.587866210937500000e+01
2.230000000000000000e+02 1.857214398730073768e-01 1.937752435051441902e-01 1.587017917633056641e+01
2.240000000000000000e+02 1.950750156298794724e-01 1.845980666130253856e-01 1.587889766693115234e+01
2.250000000000000000e+02 1.855389541525786223e-01 1.939465833311012632e-01 1.587049198150634766e+01
2.260000000000000000e+02 1.955238294129960364e-01 1.840569349293006973e-01 1.587969398498535156e+01
2.270000000000000000e+02 1.860144757531287107e-01 1.941423614197611558e-01 1.587308216094970703e+01
2.280000000000000000e+02 1.955195751296340267e-01 1.845601784343110507e-01 1.588088417053222656e+01
2.290000000000000000e+02 1.857866441561803195e-01 1.945050329723422289e-01 1.587371540069580078e+01
2.300000000000000000e+02 1.957444874394523582e-01 1.841519882948438325e-01 1.587987995147705078e+01
2.310000000000000000e+02 1.855953484051643121e-01 1.940811577918116482e-01 1.587119674682617188e+01
2.320000000000000000e+02 1.956904239128063605e-01 1.844320094417130906e-01 1.587883949279785156e+01
2.330000000000000000e+02 1.865098757251267281e-01 1.950170352337129154e-01 1.587025260925292969e+01
2.340000000000000000e+02 1.959042840489792492e-01 1.850524557116354218e-01 1.587853431701660156e+01
2.350000000000000000e+02 1.848548070189813264e-01 1.945258751807270037e-01 1.587465953826904297e+01
2.360000000000000000e+02 1.950963393028464221e-01 1.855789778286660030e-01 1.587620353698730469e+01
2.370000000000000000e+02 1.853270078060401116e-01 1.954341731367377211e-01 1.588035964965820312e+01
2.380000000000000000e+02 1.955917766766832600e-01 1.855566902802965878e-01 1.587658405303955078e+01
2.390000000000000000e+02 1.850657348782330236e-01 1.958652721698788679e-01 1.588080024719238281e+01
2.400000000000000000e+02 1.959236972067519289e-01 1.855673848193029329e-01 1.587544155120849609e+01
2.410000000000000000e+02 1.858505588106208473e-01 1.958099692050246365e-01 1.587976360321044922e+01
2.420000000000000000e+02 1.958461412023321802e-01 1.856116602448120989e-01 1.588115501403808594e+01
2.430000000000000000e+02 1.861400312714852345e-01 1.958820164160988142e-01 1.588309478759765625e+01
2.440000000000000000e+02 1.952595265748620357e-01 1.863705373820219446e-01 1.587935638427734375e+01
2.450000000000000000e+02 1.852858285966335616e-01 1.962694139225923950e-01 1.589018440246582031e+01
2.460000000000000000e+02 1.949612350872772237e-01 1.869905001588554327e-01 1.587701606750488281e+01
2.470000000000000000e+02 1.846453497349448414e-01 1.968477724532948780e-01 1.589309406280517578e+01
2.480000000000000000e+02 1.944726803056912590e-01 1.869725595366684978e-01 1.587211608886718750e+01
2.490000000000000000e+02 1.848972705519241200e-01 1.965517550193088270e-01 1.589249038696289062e+01
2.500000000000000000e+02 1.941084130589156853e-01 1.859989512383330157e-01 1.587158203125000000e+01
2.510000000000000000e+02 1.840115202573410769e-01 1.965271838157811868e-01 1.589122009277343750e+01
2.520000000000000000e+02 1.948007927247555338e-01 1.862175237028877717e-01 1.587141418457031250e+01
2.530000000000000000e+02 1.844104146067669092e-01 1.960567817664180534e-01 1.589088153839111328e+01
2.540000000000000000e+02 1.936138281922968885e-01 1.866023280546890428e-01 1.587032032012939453e+01
2.550000000000000000e+02 1.843215534970350233e-01 1.966033591848851125e-01 1.589201164245605469e+01
2.560000000000000000e+02 1.945322831053205304e-01 1.861365396453241450e-01 1.586939239501953125e+01
2.570000000000000000e+02 1.841762208823276292e-01 1.966104196217850208e-01 1.589182949066162109e+01
2.580000000000000000e+02 1.941930547630941750e-01 1.864435662915968905e-01 1.587230396270751953e+01
2.590000000000000000e+02 1.846002099103876415e-01 1.968268144851446633e-01 1.589247608184814453e+01
2.600000000000000000e+02 1.942859717209435289e-01 1.861395379736202893e-01 1.587207794189453125e+01
2.610000000000000000e+02 1.849086251265157077e-01 1.962111581224358081e-01 1.588928985595703125e+01
2.620000000000000000e+02 1.945551627636482594e-01 1.867362484246166687e-01 1.587372493743896484e+01
2.630000000000000000e+02 1.850058953971422671e-01 1.965365608339067205e-01 1.588862037658691406e+01
2.640000000000000000e+02 1.950137835039142120e-01 1.866784923463608581e-01 1.587397766113281250e+01
2.650000000000000000e+02 1.845408773977033623e-01 1.964636392492231654e-01 1.588764190673828125e+01
2.660000000000000000e+02 1.949066353255687611e-01 1.863772011834595177e-01 1.587421226501464844e+01
2.670000000000000000e+02 1.853594336997106962e-01 1.962779279958833945e-01 1.588471984863281250e+01
2.680000000000000000e+02 1.949303677001629487e-01 1.857776023217531103e-01 1.587399673461914062e+01
2.690000000000000000e+02 1.850073735100669359e-01 1.955946460506693130e-01 1.588470649719238281e+01
2.700000000000000000e+02 1.956351973214884299e-01 1.858657267300344029e-01 1.587535762786865234e+01
2.710000000000000000e+02 1.853155919599382140e-01 1.959717734713571358e-01 1.588561439514160156e+01
2.720000000000000000e+02 1.947668608374292787e-01 1.863496401702449679e-01 1.587701034545898438e+01
2.730000000000000000e+02 1.848834874624528668e-01 1.969479537044702966e-01 1.588969230651855469e+01
2.740000000000000000e+02 1.944971397095738852e-01 1.865117322690052759e-01 1.587226772308349609e+01
2.750000000000000000e+02 1.843457291843094425e-01 1.960758979980156691e-01 1.588802433013916016e+01
2.760000000000000000e+02 1.936824921875961447e-01 1.860985655306709730e-01 1.586998748779296875e+01
2.770000000000000000e+02 1.839772232049428358e-01 1.960421659984263043e-01 1.588753032684326172e+01
2.780000000000000000e+02 1.926700359539061935e-01 1.866554966629259127e-01 1.586532020568847656e+01
2.790000000000000000e+02 1.832322171568867009e-01 1.963889826324216326e-01 1.588964557647705078e+01
2.800000000000000000e+02 1.933150493283791183e-01 1.865263169257657672e-01 1.586539840698242188e+01
2.810000000000000000e+02 1.831074789646192635e-01 1.962309824698416916e-01 1.588947582244873047e+01
2.820000000000000000e+02 1.938798405261723812e-01 1.872065068499269846e-01 1.586539554595947266e+01
2.830000000000000000e+02 1.837410994478879400e-01 1.959014610500240117e-01 1.588841152191162109e+01
2.840000000000000000e+02 1.938317866214701035e-01 1.860531781061113277e-01 1.586490154266357422e+01
2.850000000000000000e+02 1.841057235689803617e-01 1.964128637000051580e-01 1.588636302947998047e+01
2.860000000000000000e+02 1.942314748718856066e-01 1.869841851511886699e-01 1.586539554595947266e+01
2.870000000000000000e+02 1.839000924600930620e-01 1.961328327619198952e-01 1.588678550720214844e+01
2.880000000000000000e+02 1.943201418332926589e-01 1.863977826093458356e-01 1.586667823791503906e+01
2.890000000000000000e+02 1.846402541216024262e-01 1.961872049271597140e-01 1.588533782958984375e+01
2.900000000000000000e+02 1.935990044670433397e-01 1.863412233643506888e-01 1.586623287200927734e+01
2.910000000000000000e+02 1.835764379997390505e-01 1.964810168383231970e-01 1.588528823852539062e+01
2.920000000000000000e+02 1.935076740916802096e-01 1.857234338177511934e-01 1.586686420440673828e+01
2.930000000000000000e+02 1.837795593059957100e-01 1.958081875396889826e-01 1.588724803924560547e+01
2.940000000000000000e+02 1.935053063927960892e-01 1.865780625611327681e-01 1.586817169189453125e+01
2.950000000000000000e+02 1.843808688915228589e-01 1.970150454921139327e-01 1.589230632781982422e+01
2.960000000000000000e+02 1.930652188642849043e-01 1.869143618080758296e-01 1.587074184417724609e+01
2.970000000000000000e+02 1.836037853006544096e-01 1.972487326041958977e-01 1.589655876159667969e+01
2.980000000000000000e+02 1.935183819388144599e-01 1.869604054502607693e-01 1.586964035034179688e+01
2.990000000000000000e+02 1.842621615586524930e-01 1.964572295782340550e-01 1.589501953125000000e+01
3.000000000000000000e+02 1.939673112941803779e-01 1.871998815198616661e-01 1.587016105651855469e+01
3.010000000000000000e+02 1.837938681330499313e-01 1.968904999105431375e-01 1.589500808715820312e+01
3.020000000000000000e+02 1.935988970599804015e-01 1.867228217026242476e-01 1.586859798431396484e+01
3.030000000000000000e+02 1.841085323200209733e-01 1.969245315216221759e-01 1.589544868469238281e+01
3.040000000000000000e+02 1.937465147114860731e-01 1.869123770848314658e-01 1.586797809600830078e+01
3.050000000000000000e+02 1.837211975607656589e-01 1.971794895160383920e-01 1.589582824707031250e+01
3.060000000000000000e+02 1.936917762542416932e-01 1.878482587935952908e-01 1.587047958374023438e+01
3.070000000000000000e+02 1.837006173167163026e-01 1.967416266031737360e-01 1.589835834503173828e+01
3.080000000000000000e+02 1.938222730231676239e-01 1.867783658805051705e-01 1.587171363830566406e+01
3.090000000000000000e+02 1.838996139172440758e-01 1.966638113942769384e-01 1.589629173278808594e+01
3.100000000000000000e+02 1.938602937899965850e-01 1.866903879690223478e-01 1.587535190582275391e+01
3.110000000000000000e+02 1.838818522295294910e-01 1.965684961770483574e-01 1.589741420745849609e+01
3.120000000000000000e+02 1.939168566114481407e-01 1.866111696990525037e-01 1.587336826324462891e+01
3.130000000000000000e+02 1.837108031421545717e-01 1.963872097070625822e-01 1.589432716369628906e+01
3.140000000000000000e+02 1.935907841337194124e-01 1.859638250379265501e-01 1.587384510040283203e+01
3.150000000000000000e+02 1.841675247403911087e-01 1.962481353090965164e-01 1.589303970336914062e+01
3.160000000000000000e+02 1.940463721035699529e-01 1.860889420031397179e-01 1.587319278717041016e+01
3.170000000000000000e+02 1.840455338543802999e-01 1.960536175672829839e-01 1.588924694061279297e+01
3.180000000000000000e+02 1.944805869014050725e-01 1.862730800861236158e-01 1.587571239471435547e+01
3.190000000000000000e+02 1.844689859090860862e-01 1.959344467792447086e-01 1.588965797424316406e+01
3.200000000000000000e+02 1.937023378854822730e-01 1.856437274267440374e-01 1.587507438659667969e+01
3.210000000000000000e+02 1.843541268907150366e-01 1.954515297966221143e-01 1.588636875152587891e+01
3.220000000000000000e+02 1.940437832126720163e-01 1.854725469681774153e-01 1.587682437896728516e+01
3.230000000000000000e+02 1.847150916971450341e-01 1.961419102021819960e-01 1.588592815399169922e+01
3.240000000000000000e+02 1.938532062245532095e-01 1.846703818617367321e-01 1.587656497955322266e+01
3.250000000000000000e+02 1.841780601764288483e-01 1.948517970016878653e-01 1.588225936889648438e+01
3.260000000000000000e+02 1.948891190515229799e-01 1.846309511959174365e-01 1.587796783447265625e+01
3.270000000000000000e+02 1.851236415263811386e-01 1.949666118200861498e-01 1.587790298461914062e+01
3.280000000000000000e+02 1.947760757513266328e-01 1.848342661519683516e-01 1.588158607482910156e+01
3.290000000000000000e+02 1.854966100144346264e-01 1.947682445283192842e-01 1.587777996063232422e+01
3.300000000000000000e+02 1.956604462038762371e-01 1.845688059347646848e-01 1.588119411468505859e+01
3.310000000000000000e+02 1.857200901124416159e-01 1.946938092502530082e-01 1.587409591674804688e+01
3.320000000000000000e+02 1.962565997292254616e-01 1.856352218689394651e-01 1.588238430023193359e+01
3.330000000000000000e+02 1.855941565359703893e-01 1.956796395200219585e-01 1.587807369232177734e+01
3.340000000000000000e+02 1.954588300227107500e-01 1.859538219568891426e-01 1.588016796112060547e+01
3.350000000000000000e+02 1.853730017680825792e-01 1.954743841895247580e-01 1.587756443023681641e+01
3.360000000000000000e+02 1.958928926601605780e-01 1.849336533775997327e-01 1.587985229492187500e+01
3.370000000000000000e+02 1.859330434618839401e-01 1.954462809252289213e-01 1.587412357330322266e+01
3.380000000000000000e+02 1.957933591767107850e-01 1.850376238799519846e-01 1.588265609741210938e+01
3.390000000000000000e+02 1.864485110218904451e-01 1.955446937840480126e-01 1.587755107879638672e+01
3.400000000000000000e+02 1.962819017467690719e-01 1.849921091223313274e-01 1.588263607025146484e+01
3.410000000000000000e+02 1.863531443185044434e-01 1.959269196221940790e-01 1.587930011749267578e+01
3.420000000000000000e+02 1.967237843769125694e-01 1.857755773718091363e-01 1.588740348815917969e+01
3.430000000000000000e+02 1.864654434563444430e-01 1.956609233609077625e-01 1.588059616088867188e+01
3.440000000000000000e+02 1.960273736046857507e-01 1.856959711509783006e-01 1.588731575012207031e+01
3.450000000000000000e+02 1.860644138315143969e-01 1.963880089021254327e-01 1.588407421112060547e+01
3.460000000000000000e+02 1.955602560500340759e-01 1.865899730104735588e-01 1.588645362854003906e+01
3.470000000000000000e+02 1.858029946573747093e-01 1.964416147827433845e-01 1.588692188262939453e+01
3.480000000000000000e+02 1.953467352556451653e-01 1.858329325434884549e-01 1.588370609283447266e+01
3.490000000000000000e+02 1.854625060787200297e-01 1.961203836717091697e-01 1.588601303100585938e+01
3.500000000000000000e+02 1.952919809710135235e-01 1.859547030740001661e-01 1.588636016845703125e+01
3.510000000000000000e+02 1.854538719581400041e-01 1.945445947817759091e-01 1.588883304595947266e+01
3.520000000000000000e+02 1.951365105004880252e-01 1.856522867195781745e-01 1.588738441467285156e+01
3.530000000000000000e+02 1.862075308596349565e-01 1.952475064291936679e-01 1.588805389404296875e+01
3.540000000000000000e+02 1.956071491080218772e-01 1.857581075889914446e-01 1.588707160949707031e+01
3.550000000000000000e+02 1.854461795518242972e-01 1.958928224434809406e-01 1.588751029968261719e+01
3.560000000000000000e+02 1.958534173944419254e-01 1.861346690615381383e-01 1.588576698303222656e+01
3.570000000000000000e+02 1.854675342016504080e-01 1.960268999733636996e-01 1.588850975036621094e+01
3.580000000000000000e+02 1.946210151135443212e-01 1.857928166241331336e-01 1.588414096832275391e+01
3.590000000000000000e+02 1.847643970557978632e-01 1.960147826466237531e-01 1.589054012298583984e+01
3.600000000000000000e+02 1.948297376138245496e-01 1.859629189046511089e-01 1.588133907318115234e+01
3.610000000000000000e+02 1.851073295321382095e-01 1.960065357822155241e-01 1.589252185821533203e+01
3.620000000000000000e+02 1.951735455081160253e-01 1.862040332671327514e-01 1.588037586212158203e+01
3.630000000000000000e+02 1.845945055904764931e-01 1.956509603004766007e-01 1.589166831970214844e+01
3.640000000000000000e+02 1.937679963609792722e-01 1.862020197230571938e-01 1.588226699829101562e+01
3.650000000000000000e+02 1.840009758305950205e-01 1.964393233883947598e-01 1.589486789703369141e+01
3.660000000000000000e+02 1.939948380881028889e-01 1.864238839329420971e-01 1.587731361389160156e+01
3.670000000000000000e+02 1.835858329013644041e-01 1.968323446307596869e-01 1.589613914489746094e+01
3.680000000000000000e+02 1.938492992060551756e-01 1.866736491019002908e-01 1.587468338012695312e+01
3.690000000000000000e+02 1.834373636845696431e-01 1.966613603210037586e-01 1.589811801910400391e+01
3.700000000000000000e+02 1.936430847608225370e-01 1.862976312034636539e-01 1.587579727172851562e+01
3.710000000000000000e+02 1.841412992910854141e-01 1.962920581898247585e-01 1.589530849456787109e+01
3.720000000000000000e+02 1.936261214243750473e-01 1.868299452129909277e-01 1.587285804748535156e+01
3.730000000000000000e+02 1.838243762591450781e-01 1.962464983464776436e-01 1.589662551879882812e+01
3.740000000000000000e+02 1.940391662343148860e-01 1.864893710218283318e-01 1.587698554992675781e+01
3.750000000000000000e+02 1.842863001763910547e-01 1.963818350860910833e-01 1.589455890655517578e+01
3.760000000000000000e+02 1.934157487519171936e-01 1.859397095759220964e-01 1.587898254394531250e+01
3.770000000000000000e+02 1.839893520852443065e-01 1.965915413885821472e-01 1.589411067962646484e+01
3.780000000000000000e+02 1.930293873967862395e-01 1.864412414972826115e-01 1.587415218353271484e+01
3.790000000000000000e+02 1.837218416060542592e-01 1.966108665793677712e-01 1.589796733856201172e+01
3.800000000000000000e+02 1.934992809836639516e-01 1.863890983964534009e-01 1.587376976013183594e+01
3.810000000000000000e+02 1.841553885604642615e-01 1.964646377241944519e-01 1.589709472656250000e+01
3.820000000000000000e+02 1.934565704757677251e-01 1.869716332256054214e-01 1.587312221527099609e+01
3.830000000000000000e+02 1.838144162025670270e-01 1.969984128396920775e-01 1.589651870727539062e+01
3.840000000000000000e+02 1.939635650094938546e-01 1.871675929753478795e-01 1.587491321563720703e+01
3.850000000000000000e+02 1.845268027720164405e-01 1.971559994316994524e-01 1.589678478240966797e+01
3.860000000000000000e+02 1.937329671524062324e-01 1.869899197858285456e-01 1.587365818023681641e+01
3.870000000000000000e+02 1.844139278566286066e-01 1.970212334682442112e-01 1.589516353607177734e+01
3.880000000000000000e+02 1.943565775415926344e-01 1.869123788347002435e-01 1.587537765502929688e+01
3.890000000000000000e+02 1.843143213667614022e-01 1.968617686889597429e-01 1.589887428283691406e+01
3.900000000000000000e+02 1.933067315109432693e-01 1.875781505968294460e-01 1.587622642517089844e+01
3.910000000000000000e+02 1.844231756022420843e-01 1.967469138743443424e-01 1.590037822723388672e+01
3.920000000000000000e+02 1.939143761786601139e-01 1.875617391326012129e-01 1.587608814239501953e+01
3.930000000000000000e+02 1.842425043359424142e-01 1.967794264046530961e-01 1.590216159820556641e+01
3.940000000000000000e+02 1.944298401011309574e-01 1.873127976994059252e-01 1.587604713439941406e+01
3.950000000000000000e+02 1.847186535659947892e-01 1.972838082021951545e-01 1.589991092681884766e+01
3.960000000000000000e+02 1.943401544144465476e-01 1.871767439672945843e-01 1.587809181213378906e+01
3.970000000000000000e+02 1.843838907814487338e-01 1.971799068994517234e-01 1.589894008636474609e+01
3.980000000000000000e+02 1.942969678287667645e-01 1.867691112471847603e-01 1.587991619110107422e+01
