0.000000000000000000e+00 4.653024885215747281e-02 4.343765041959000983e-02 4.867029190063476562e+00
1.000000000000000000e+00 4.466939123680095658e-02 4.504639127454238001e-02 4.869621753692626953e+00
2.000000000000000000e+00 5.729642830147102517e-02 4.663145959844578609e-02 5.016355037689208984e+00
3.000000000000000000e+00 5.515797540639655328e-02 5.623378945240409266e-02 5.023182392120361328e+00
4.000000000000000000e+00 7.053029838152850839e-02 5.526953013871235831e-02 5.154065132141113281e+00
5.000000000000000000e+00 6.926761149028058673e-02 7.047405282431566664e-02 5.162136077880859375e+00
6.000000000000000000e+00 8.819546663707020229e-02 6.867291985635956553e-02 5.276261329650878906e+00
7.000000000000000000e+00 8.713354763199453179e-02 8.920435992303001049e-02 5.287990570068359375e+00
8.000000000000000000e+00 1.077290594302625637e-01 8.648899824070344078e-02 5.387101650238037109e+00
9.000000000000000000e+00 1.023793831005279098e-01 1.077737059684563542e-01 5.402785778045654297e+00
1.000000000000000000e+01 1.268346784819084916e-01 1.032064559264920661e-01 5.490122318267822266e+00
1.100000000000000000e+01 1.200153773539767849e-01 1.249621030316204889e-01 5.505672454833984375e+00
1.200000000000000000e+01 1.458231464799618071e-01 1.196519326089099666e-01 5.581473827362060547e+00
1.300000000000000000e+01 1.386494296930603498e-01 1.437967975891767392e-01 5.595599174499511719e+00
1.400000000000000000e+01 1.634180674082123252e-01 1.366696230079152974e-01 5.664529800415039062e+00
1.500000000000000000e+01 1.541396795596882141e-01 1.617472259767063492e-01 5.680386066436767578e+00
1.600000000000000000e+01 1.814994733275003269e-01 1.531715976025338211e-01 5.738125801086425781e+00
1.700000000000000000e+01 1.717096265084829820e-01 1.806028038164451677e-01 5.756615638732910156e+00
1.800000000000000000e+01 1.988177988212952718e-01 1.726541539783300327e-01 5.807298183441162109e+00
1.900000000000000000e+01 1.888747629313509147e-01 1.980943544247818766e-01 5.826714515686035156e+00
2.000000000000000000e+01 2.140031417052393192e-01 1.869124131817868628e-01 5.866679668426513672e+00
2.100000000000000000e+01 2.036032928273283915e-01 2.128525020430914738e-01 5.888821601867675781e+00
2.200000000000000000e+01 2.288523542219825790e-01 2.033203176036949000e-01 5.925454616546630859e+00
2.300000000000000000e+01 2.186296810981904482e-01 2.287459008539055594e-01 5.946421623229980469e+00
2.400000000000000000e+01 2.455696512494976447e-01 2.184849801130960001e-01 5.979579448699951172e+00
2.500000000000000000e+01 2.314599784753121892e-01 2.459475531618494637e-01 6.000901222229003906e+00
2.600000000000000000e+01 2.583432014347956107e-01 2.333915709583761766e-01 6.028453350067138672e+00
2.700000000000000000e+01 2.443977109515517443e-01 2.605380392861891825e-01 6.049528598785400391e+00
2.800000000000000000e+01 2.728059323529545277e-01 2.459835215052368351e-01 6.073231697082519531e+00
2.900000000000000000e+01 2.576838707956417007e-01 2.760363750138405958e-01 6.098405361175537109e+00
3.000000000000000000e+01 2.861031117589820649e-01 2.616828030125404325e-01 6.117659091949462891e+00
3.100000000000000000e+01 2.714017723992478981e-01 2.877658401619916928e-01 6.141963005065917969e+00
3.200000000000000000e+01 3.001058788163457058e-01 2.744129650891364847e-01 6.159052848815917969e+00
3.300000000000000000e+01 2.842424703794809160e-01 2.992847045520800608e-01 6.181236267089843750e+00
3.400000000000000000e+01 3.121970857151895595e-01 2.873006930077813825e-01 6.197110652923583984e+00
3.500000000000000000e+01 2.956627301078004200e-01 3.130151859180254625e-01 6.218669414520263672e+00
3.600000000000000000e+01 3.228326179970319454e-01 2.970865205232665618e-01 6.231579780578613281e+00
3.700000000000000000e+01 3.076561872410037979e-01 3.233282835229744911e-01 6.254562377929687500e+00
3.800000000000000000e+01 3.359118994579959883e-01 3.095083340138246597e-01 6.265239715576171875e+00
3.900000000000000000e+01 3.200971736187440686e-01 3.360086183839571250e-01 6.287837982177734375e+00
4.000000000000000000e+01 3.462117847254194136e-01 3.201288388374005645e-01 6.295600414276123047e+00
4.100000000000000000e+01 3.307950808013018773e-01 3.470496439793159249e-01 6.320105552673339844e+00
4.200000000000000000e+01 3.566093891143996553e-01 3.315937842099188626e-01 6.324268817901611328e+00
4.300000000000000000e+01 3.407178246957491274e-01 3.581945271440925005e-01 6.348869323730468750e+00
4.400000000000000000e+01 3.683019659682949531e-01 3.416062120172785876e-01 6.351301670074462891e+00
4.500000000000000000e+01 3.521333337175232003e-01 3.677826340118489634e-01 6.376023292541503906e+00
4.600000000000000000e+01 3.770860051547580416e-01 3.507298031739020661e-01 6.379190444946289062e+00
4.700000000000000000e+01 3.615411023872754370e-01 3.787705279866051544e-01 6.401601791381835938e+00
4.800000000000000000e+01 3.882784641128839698e-01 3.607124997030944358e-01 6.403548717498779297e+00
4.900000000000000000e+01 3.702594422197201807e-01 3.863423405441889225e-01 6.425740718841552734e+00
5.000000000000000000e+01 3.967590413147635275e-01 3.683910913960730116e-01 6.428476810455322266e+00
5.100000000000000000e+01 3.776947660643004689e-01 3.952133286486508856e-01 6.447749614715576172e+00
5.200000000000000000e+01 4.041304177018846255e-01 3.769064868767201260e-01 6.450735092163085938e+00
5.300000000000000000e+01 3.874296130882924905e-01 4.015793739173063592e-01 6.467819690704345703e+00
5.400000000000000000e+01 4.113462072623323418e-01 3.844998816322304780e-01 6.471669673919677734e+00
5.500000000000000000e+01 3.942964708467497914e-01 4.105963876653948574e-01 6.488774299621582031e+00
5.600000000000000000e+01 4.206797085020688720e-01 3.936577829817030638e-01 6.490627765655517578e+00
5.700000000000000000e+01 4.000958475098611578e-01 4.171027566642071527e-01 6.508745670318603516e+00
5.800000000000000000e+01 4.276415290098901645e-01 3.997977493265913451e-01 6.509585380554199219e+00
5.900000000000000000e+01 4.078085785371827754e-01 4.244201109554289753e-01 6.526555538177490234e+00
6.000000000000000000e+01 4.335701400360967850e-01 4.056348279643987587e-01 6.526185989379882812e+00
6.100000000000000000e+01 4.159377640230905726e-01 4.314783520740175238e-01 6.544599056243896484e+00
6.200000000000000000e+01 4.417810225256605938e-01 4.146611223846888850e-01 6.543098449707031250e+00
6.300000000000000000e+01 4.213268031742560260e-01 4.389273853149009419e-01 6.560197830200195312e+00
6.400000000000000000e+01 4.468046962882579187e-01 4.196348520475966515e-01 6.558287620544433594e+00
6.500000000000000000e+01 4.288082107168207924e-01 4.459874192874003218e-01 6.574515342712402344e+00
6.600000000000000000e+01 4.536833248161304954e-01 4.256354539152099603e-01 6.573062419891357422e+00
6.700000000000000000e+01 4.317241407553840116e-01 4.499127588345278594e-01 6.590491771697998047e+00
6.800000000000000000e+01 4.583580722955160058e-01 4.307673540142733515e-01 6.585825443267822266e+00
6.900000000000000000e+01 4.396423498406178410e-01 4.564227247270315480e-01 6.602897644042968750e+00
7.000000000000000000e+01 4.638109065860122615e-01 4.367908481714626867e-01 6.599122524261474609e+00
7.100000000000000000e+01 4.410038144938475124e-01 4.607847038752130864e-01 6.616677761077880859e+00
7.200000000000000000e+01 4.690107965034231996e-01 4.413320859885896952e-01 6.611788749694824219e+00
7.300000000000000000e+01 4.487794143973185546e-01 4.663599027749171788e-01 6.629135608673095703e+00
7.400000000000000000e+01 4.727621101563529993e-01 4.462102372435360342e-01 6.621695518493652344e+00
7.500000000000000000e+01 4.525988892603869940e-01 4.706572777482760372e-01 6.640814304351806641e+00
7.600000000000000000e+01 4.769707108292129960e-01 4.525284441690102244e-01 6.632855415344238281e+00
7.700000000000000000e+01 4.577879781080740895e-01 4.760812150184808855e-01 6.651636123657226562e+00
7.800000000000000000e+01 4.798990965026002642e-01 4.563426451992854682e-01 6.643461704254150391e+00
7.900000000000000000e+01 4.627363663050785836e-01 4.806183163829029770e-01 6.661310672760009766e+00
8.000000000000000000e+01 4.860689554229876141e-01 4.611148480326909826e-01 6.653813362121582031e+00
8.100000000000000000e+01 4.645908923543799474e-01 4.861389699214824223e-01 6.672849655151367188e+00
8.200000000000000000e+01 4.889744319769022129e-01 4.654188599372294788e-01 6.664254188537597656e+00
8.300000000000000000e+01 4.684374712412336939e-01 4.895726826314524827e-01 6.684668064117431641e+00
8.400000000000000000e+01 4.931149605361713206e-01 4.695193549915821496e-01 6.672205448150634766e+00
8.500000000000000000e+01 4.723629613843902675e-01 4.937493362436052302e-01 6.693127155303955078e+00
8.600000000000000000e+01 4.970843863601171475e-01 4.724262701749728510e-01 6.680043220520019531e+00
8.700000000000000000e+01 4.764151421854900814e-01 4.973594126617340017e-01 6.702203750610351562e+00
8.800000000000000000e+01 4.994193251809566636e-01 4.748814032779425376e-01 6.689287185668945312e+00
8.900000000000000000e+01 4.805544254484346300e-01 5.001838479293886364e-01 6.709499835968017578e+00
9.000000000000000000e+01 5.030334342819308135e-01 4.809356005520034061e-01 6.696618080139160156e+00
9.100000000000000000e+01 4.828715452116372209e-01 5.043545705530204648e-01 6.716783523559570312e+00
9.200000000000000000e+01 5.073330567431295623e-01 4.826348029200205891e-01 6.702025413513183594e+00
9.300000000000000000e+01 4.868325250268280557e-01 5.084730537078174795e-01 6.723098278045654297e+00
9.400000000000000000e+01 5.099173315702709708e-01 4.869662403873792345e-01 6.709031105041503906e+00
9.500000000000000000e+01 4.897211285342318865e-01 5.093051304313113148e-01 6.728804588317871094e+00
9.600000000000000000e+01 5.133637484666669915e-01 4.886699721950690800e-01 6.715030670166015625e+00
9.700000000000000000e+01 4.930297207670328863e-01 5.124728255415266220e-01 6.733757495880126953e+00
9.800000000000000000e+01 5.145309824577408708e-01 4.888533428707562134e-01 6.720725059509277344e+00
9.900000000000000000e+01 4.956980381113227918e-01 5.124917957170090910e-01 6.739377021789550781e+00
1.000000000000000000e+02 5.192234704025702197e-01 4.930047697920361127e-01 6.726781845092773438e+00
1.010000000000000000e+02 4.981643322480863167e-01 5.148464933391568854e-01 6.743808746337890625e+00
1.020000000000000000e+02 5.210952587526859192e-01 4.941197286230802899e-01 6.732395648956298828e+00
1.030000000000000000e+02 5.004438716548803567e-01 5.181357497633278797e-01 6.749670028686523438e+00
1.040000000000000000e+02 5.217121505574101592e-01 4.949981295126341663e-01 6.737686157226562500e+00
1.050000000000000000e+02 5.004337122829458639e-01 5.196031499409123899e-01 6.754936695098876953e+00
1.060000000000000000e+02 5.245480271990854426e-01 4.991755649668094263e-01 6.743453025817871094e+00
1.070000000000000000e+02 5.033596295840715440e-01 5.218311097753243200e-01 6.761088371276855469e+00
1.080000000000000000e+02 5.266665544613982064e-01 4.997358577762945897e-01 6.749939441680908203e+00
1.090000000000000000e+02 5.069158342460032829e-01 5.236567966062204427e-01 6.764026165008544922e+00
1.100000000000000000e+02 5.295894082425262051e-01 5.012049618007344831e-01 6.753533840179443359e+00
1.110000000000000000e+02 5.077432202341706224e-01 5.236580482413718540e-01 6.768724441528320312e+00
1.120000000000000000e+02 5.304289121309923027e-01 5.034803407285139976e-01 6.756250381469726562e+00
1.130000000000000000e+02 5.109136817145247811e-01 5.263087982607367321e-01 6.772062301635742188e+00
1.140000000000000000e+02 5.322444897826555943e-01 5.019967400731402130e-01 6.760817050933837891e+00
1.150000000000000000e+02 5.114537091312212347e-01 5.278909231290924708e-01 6.775567054748535156e+00
1.160000000000000000e+02 5.335896077500438262e-01 5.043182563519825745e-01 6.766389369964599609e+00
1.170000000000000000e+02 5.130914109415587454e-01 5.279204032567167415e-01 6.778481006622314453e+00
1.180000000000000000e+02 5.350320667087573590e-01 5.047807676409358235e-01 6.769179344177246094e+00
1.190000000000000000e+02 5.138793714723581818e-01 5.287525788605391686e-01 6.782348155975341797e+00
1.200000000000000000e+02 5.352308481661086637e-01 5.072794516428368317e-01 6.771869659423828125e+00
1.210000000000000000e+02 5.149162207285841175e-01 5.286164960664648804e-01 6.787148952484130859e+00
1.220000000000000000e+02 5.355695810307669058e-01 5.092670635472353879e-01 6.773126125335693359e+00
1.230000000000000000e+02 5.152955764181059717e-01 5.303697573715722147e-01 6.787869930267333984e+00
1.240000000000000000e+02 5.384215119217131695e-01 5.095036274559101575e-01 6.776099681854248047e+00
1.250000000000000000e+02 5.162951511600455401e-01 5.316878847915311734e-01 6.791274547576904297e+00
1.260000000000000000e+02 5.396506749833535066e-01 5.108829866675694831e-01 6.778867244720458984e+00
1.270000000000000000e+02 5.178560756328723924e-01 5.320771520123106502e-01 6.792582035064697266e+00
1.280000000000000000e+02 5.413899641635812054e-01 5.114184649027081475e-01 6.782625198364257812e+00
1.290000000000000000e+02 5.175196979303520184e-01 5.350857366512271618e-01 6.796238899230957031e+00
1.300000000000000000e+02 5.415136214131351933e-01 5.127009185846285177e-01 6.786977291107177734e+00
1.310000000000000000e+02 5.191782110734891598e-01 5.357575959002039978e-01 6.799410343170166016e+00
1.320000000000000000e+02 5.423033755686721413e-01 5.148782921194658968e-01 6.790424823760986328e+00
1.330000000000000000e+02 5.202611385436870517e-01 5.364353690890363291e-01 6.802935600280761719e+00
1.340000000000000000e+02 5.415579323365945497e-01 5.160566220137599025e-01 6.790679931640625000e+00
1.350000000000000000e+02 5.205895572459514620e-01 5.384658935465959084e-01 6.804936408996582031e+00
1.360000000000000000e+02 5.442635489333186305e-01 5.163846864212624510e-01 6.790946483612060547e+00
1.370000000000000000e+02 5.224221538190508829e-01 5.385737505700433081e-01 6.805463314056396484e+00
1.380000000000000000e+02 5.441547334944172309e-01 5.164726147261995415e-01 6.794167995452880859e+00
1.390000000000000000e+02 5.221258823768005763e-01 5.396874746955143687e-01 6.805734157562255859e+00
1.400000000000000000e+02 5.438933420720408751e-01 5.181838332786592449e-01 6.792706012725830078e+00
1.410000000000000000e+02 5.244164057105591414e-01 5.407118294215399468e-01 6.809154510498046875e+00
1.420000000000000000e+02 5.467900507173514280e-01 5.182272121398229237e-01 6.794841766357421875e+00
1.430000000000000000e+02 5.234810333894911460e-01 5.407432887166246926e-01 6.811056613922119141e+00
1.440000000000000000e+02 5.466286155184233442e-01 5.200412916651944162e-01 6.794513702392578125e+00
1.450000000000000000e+02 5.248129756152383196e-01 5.445306169049776157e-01 6.811971664428710938e+00
1.460000000000000000e+02 5.460730682326191410e-01 5.213372369047015731e-01 6.795818805694580078e+00
1.470000000000000000e+02 5.268200672684936192e-01 5.440814641830831189e-01 6.813379287719726562e+00
1.480000000000000000e+02 5.482381677996537306e-01 5.209450673005859844e-01 6.797458648681640625e+00
1.490000000000000000e+02 5.270329694079344263e-01 5.435962572900375767e-01 6.813791751861572266e+00
1.500000000000000000e+02 5.480214572628363534e-01 5.226439089631571555e-01 6.799268245697021484e+00
1.510000000000000000e+02 5.266430973745988009e-01 5.462255446483859078e-01 6.814514160156250000e+00
1.520000000000000000e+02 5.503816004618838909e-01 5.226909521258406022e-01 6.800989627838134766e+00
1.530000000000000000e+02 5.277218208233847019e-01 5.456110975776243821e-01 6.815709114074707031e+00
1.540000000000000000e+02 5.512181307346819548e-01 5.241248561260120065e-01 6.802018642425537109e+00
1.550000000000000000e+02 5.272262896188522063e-01 5.462030763882310680e-01 6.818512439727783203e+00
1.560000000000000000e+02 5.519073925752160381e-01 5.241232877586565753e-01 6.802155971527099609e+00
1.570000000000000000e+02 5.285674250586794853e-01 5.457767608389942904e-01 6.818572998046875000e+00
1.580000000000000000e+02 5.507310700137377779e-01 5.257949223495920199e-01 6.803169250488281250e+00
1.590000000000000000e+02 5.283570752916536550e-01 5.480202792701566183e-01 6.819395542144775391e+00
1.600000000000000000e+02 5.495076054637897389e-01 5.261482809477615596e-01 6.803183555603027344e+00
1.610000000000000000e+02 5.284084347999001841e-01 5.479869263317144190e-01 6.820994853973388672e+00
1.620000000000000000e+02 5.508976273021024550e-01 5.273722296730393166e-01 6.802471160888671875e+00
1.630000000000000000e+02 5.286596781689293367e-01 5.493798410258741161e-01 6.821053028106689453e+00
1.640000000000000000e+02 5.504371170256532331e-01 5.268393219449608589e-01 6.804244041442871094e+00
1.650000000000000000e+02 5.296045738876737907e-01 5.487157906094867199e-01 6.821549892425537109e+00
1.660000000000000000e+02 5.515020211990705468e-01 5.261577456028776467e-01 6.806145191192626953e+00
1.670000000000000000e+02 5.298054063085492205e-01 5.498931585730318927e-01 6.823737621307373047e+00
1.680000000000000000e+02 5.535141016281215354e-01 5.278085890558056326e-01 6.807116031646728516e+00
1.690000000000000000e+02 5.324891031375466044e-01 5.511801258809621018e-01 6.823614120483398438e+00
1.700000000000000000e+02 5.527299493834534339e-01 5.284606044440358641e-01 6.807404518127441406e+00
1.710000000000000000e+02 5.294208671260758337e-01 5.500102217486728673e-01 6.824145317077636719e+00
1.720000000000000000e+02 5.516829308932319487e-01 5.297598353243178071e-01 6.807040691375732422e+00
1.730000000000000000e+02 5.294441610176250368e-01 5.496976504854713674e-01 6.827011585235595703e+00
1.740000000000000000e+02 5.517684481247573380e-01 5.291565092183132535e-01 6.807973384857177734e+00
1.750000000000000000e+02 5.314571370482704671e-01 5.527059320950906685e-01 6.827136993408203125e+00
1.760000000000000000e+02 5.544766165627843524e-01 5.308937018558688159e-01 6.807863712310791016e+00
1.770000000000000000e+02 5.316000538275970078e-01 5.527977885747227260e-01 6.827941417694091797e+00
1.780000000000000000e+02 5.543049111226345804e-01 5.291554960136309882e-01 6.808362960815429688e+00
1.790000000000000000e+02 5.327776388209767289e-01 5.517187327133380448e-01 6.827054977416992188e+00
1.800000000000000000e+02 5.527450755840160879e-01 5.295999194606818561e-01 6.808396339416503906e+00
1.810000000000000000e+02 5.326113608872719007e-01 5.532881893911454352e-01 6.827843666076660156e+00
1.820000000000000000e+02 5.540804338882683311e-01 5.313376224397319270e-01 6.808971881866455078e+00
1.830000000000000000e+02 5.325643624349146732e-01 5.531788273356791352e-01 6.828695297241210938e+00
1.840000000000000000e+02 5.545460374949147120e-01 5.294249537652901960e-01 6.809671878814697266e+00
1.850000000000000000e+02 5.326944687904578979e-01 5.534653080700374650e-01 6.830266952514648438e+00
1.860000000000000000e+02 5.550061411077378271e-01 5.297575959802535150e-01 6.809350967407226562e+00
1.870000000000000000e+02 5.313207407304417762e-01 5.517899961334562509e-01 6.830770492553710938e+00
1.880000000000000000e+02 5.542844140191127700e-01 5.303138775034930141e-01 6.809531211853027344e+00
1.890000000000000000e+02 5.319909150184422009e-01 5.536685564035424001e-01 6.830566883087158203e+00
1.900000000000000000e+02 5.526991843717776742e-01 5.313299000996807298e-01 6.807743072509765625e+00
1.910000000000000000e+02 5.310287315313367840e-01 5.553251867121827834e-01 6.831818103790283203e+00
1.920000000000000000e+02 5.544597570857172641e-01 5.313096468627257485e-01 6.805880069732666016e+00
1.930000000000000000e+02 5.312911246284751643e-01 5.527281406954507315e-01 6.833063602447509766e+00
1.940000000000000000e+02 5.536148571577835797e-01 5.329392695656400836e-01 6.805710792541503906e+00
1.950000000000000000e+02 5.314983371586924354e-01 5.541410556881474214e-01 6.834126949310302734e+00
1.960000000000000000e+02 5.517314965391810766e-01 5.312675022459285579e-01 6.807175159454345703e+00
1.970000000000000000e+02 5.318187694000645616e-01 5.535120175092577144e-01 6.833755016326904297e+00
1.980000000000000000e+02 5.535313240175737670e-01 5.302616789197769354e-01 6.808276653289794922e+00
1.990000000000000000e+02 5.317524945502832834e-01 5.528701758089440421e-01 6.832567691802978516e+00
2.000000000000000000e+02 5.522742721512545749e-01 5.310885003416763173e-01 6.809116363525390625e+00
2.010000000000000000e+02 5.313399884529037553e-01 5.515134696536313497e-01 6.832619190216064453e+00
2.020000000000000000e+02 5.534547079905416389e-01 5.304552841554402987e-01 6.808111190795898438e+00
2.030000000000000000e+02 5.319568482442990076e-01 5.511397928714694139e-01 6.832374572753906250e+00
2.040000000000000000e+02 5.532823691497782415e-01 5.316510954504423125e-01 6.809566020965576172e+00
2.050000000000000000e+02 5.321871805994811133e-01 5.530808356032614892e-01 6.833840370178222656e+00
2.060000000000000000e+02 5.559645006794663447e-01 5.305083859138641778e-01 6.809411048889160156e+00
2.070000000000000000e+02 5.351790980034959455e-01 5.518914642125708481e-01 6.833554744720458984e+00
2.080000000000000000e+02 5.540656069608550505e-01 5.315336196611014641e-01 6.811809539794921875e+00
2.090000000000000000e+02 5.338577186789449369e-01 5.532001896909748417e-01 6.835320472717285156e+00
2.100000000000000000e+02 5.549181749788468787e-01 5.307194781093564906e-01 6.812665462493896484e+00
2.110000000000000000e+02 5.318332883683207779e-01 5.535232762391391059e-01 6.834791183471679688e+00
2.120000000000000000e+02 5.548607411538600820e-01 5.319440588970263395e-01 6.811081409454345703e+00
2.130000000000000000e+02 5.333971441409809389e-01 5.540430300177597855e-01 6.836701869964599609e+00
2.140000000000000000e+02 5.569307796929899856e-01 5.319362005403649452e-01 6.812169551849365234e+00
2.150000000000000000e+02 5.328145966590976945e-01 5.527651699041373767e-01 6.837726116180419922e+00
2.160000000000000000e+02 5.547990635922371849e-01 5.336938121813591396e-01 6.812510490417480469e+00
2.170000000000000000e+02 5.333532344963823890e-01 5.530900782170825591e-01 6.837861061096191406e+00
2.180000000000000000e+02 5.568954955345054580e-01 5.312530244332192009e-01 6.813227176666259766e+00
2.190000000000000000e+02 5.336026500048909327e-01 5.555287971413706005e-01 6.839833259582519531e+00
2.200000000000000000e+02 5.565103927067664991e-01 5.336679413467878552e-01 6.814455032348632812e+00
2.210000000000000000e+02 5.337546794211797119e-01 5.542368509520919639e-01 6.838853359222412109e+00
2.220000000000000000e+02 5.570654687832538032e-01 5.329231926547480791e-01 6.814280033111572266e+00
2.230000000000000000e+02 5.345863037797876638e-01 5.542081464114744227e-01 6.839902400970458984e+00
2.240000000000000000e+02 5.553915332264801608e-01 5.332229863547859328e-01 6.814348697662353516e+00
2.250000000000000000e+02 5.324438463232373797e-01 5.537815503410865592e-01 6.839658260345458984e+00
2.260000000000000000e+02 5.567055468386143957e-01 5.332933764855102288e-01 6.813379287719726562e+00
2.270000000000000000e+02 5.332324706857859420e-01 5.541439772203693437e-01 6.839428901672363281e+00
2.280000000000000000e+02 5.565687641253200812e-01 5.334110575382737807e-01 6.812877178192138672e+00
2.290000000000000000e+02 5.334563286919555836e-01 5.532321105219784041e-01 6.837944984436035156e+00
2.300000000000000000e+02 5.537138447181263468e-01 5.335374828534782399e-01 6.813471317291259766e+00
2.310000000000000000e+02 5.328451417692989800e-01 5.545345792476568114e-01 6.837965488433837891e+00
2.320000000000000000e+02 5.544668389113881490e-01 5.357057532481568352e-01 6.811614513397216797e+00
2.330000000000000000e+02 5.332198331269536462e-01 5.571778532509665816e-01 6.838762760162353516e+00
2.340000000000000000e+02 5.554836154220341715e-01 5.350105634179208591e-01 6.811658859252929688e+00
2.350000000000000000e+02 5.336077738162847695e-01 5.581258901797375716e-01 6.838305950164794922e+00
2.360000000000000000e+02 5.552683783832395026e-01 5.351774080084573670e-01 6.813080787658691406e+00
2.370000000000000000e+02 5.329888224217861348e-01 5.567219713727675767e-01 6.840108394622802734e+00
2.380000000000000000e+02 5.557813653391385778e-01 5.360261110450991184e-01 6.814243793487548828e+00
2.390000000000000000e+02 5.346236648884220566e-01 5.578738717726385854e-01 6.840919494628906250e+00
2.400000000000000000e+02 5.576343339019708134e-01 5.346581627638372636e-01 6.815627574920654297e+00
2.410000000000000000e+02 5.358368994951825393e-01 5.568631024338730473e-01 6.841171264648437500e+00
2.420000000000000000e+02 5.565941061451125105e-01 5.357770036397593305e-01 6.816891193389892578e+00
2.430000000000000000e+02 5.354416649951178053e-01 5.563678531947235939e-01 6.843186378479003906e+00
2.440000000000000000e+02 5.572241083798525896e-01 5.353279862653539389e-01 6.816850662231445312e+00
2.450000000000000000e+02 5.353087250627996951e-01 5.547856285101506746e-01 6.842234611511230469e+00
2.460000000000000000e+02 5.575546411371529176e-01 5.347038137362832844e-01 6.817335605621337891e+00
2.470000000000000000e+02 5.363321164303009869e-01 5.553395432843639679e-01 6.840609550476074219e+00
2.480000000000000000e+02 5.582140171522590455e-01 5.340199674632578608e-01 6.817927360534667969e+00
2.490000000000000000e+02 5.353004566222718807e-01 5.537573848103227725e-01 6.840517520904541016e+00
2.500000000000000000e+02 5.560532668309583482e-01 5.313654901781601492e-01 6.819189071655273438e+00
2.510000000000000000e+02 5.347381567903033428e-01 5.555620769953212301e-01 6.840387344360351562e+00
2.520000000000000000e+02 5.551465863220444996e-01 5.316089592721930934e-01 6.818837642669677734e+00
2.530000000000000000e+02 5.352602753163441252e-01 5.545819304184934628e-01 6.840789318084716797e+00
2.540000000000000000e+02 5.558032307141589357e-01 5.331554802143548821e-01 6.819501876831054688e+00
2.550000000000000000e+02 5.341772204085943887e-01 5.525063245317819449e-01 6.842236995697021484e+00
2.560000000000000000e+02 5.559767733421936420e-01 5.315644459115317355e-01 6.819073677062988281e+00
2.570000000000000000e+02 5.346890090123614936e-01 5.545737159637204039e-01 6.841478824615478516e+00
2.580000000000000000e+02 5.566568434501011353e-01 5.323302604834458940e-01 6.821225643157958984e+00
2.590000000000000000e+02 5.343909380338959236e-01 5.559304263496616105e-01 6.841472625732421875e+00
2.600000000000000000e+02 5.555366167635312769e-01 5.335148207009200449e-01 6.818306922912597656e+00
2.610000000000000000e+02 5.347239413834155020e-01 5.569125415248886712e-01 6.842950344085693359e+00
2.620000000000000000e+02 5.567722440282105723e-01 5.351825716889935247e-01 6.818234920501708984e+00
2.630000000000000000e+02 5.343987935792315902e-01 5.565843487763970643e-01 6.844050407409667969e+00
2.640000000000000000e+02 5.550165922387182427e-01 5.340708677474286237e-01 6.817818641662597656e+00
2.650000000000000000e+02 5.338978031714741723e-01 5.561383516832157925e-01 6.843700408935546875e+00
2.660000000000000000e+02 5.567107719266132237e-01 5.318534580424082447e-01 6.819444179534912109e+00
2.670000000000000000e+02 5.365198109569928597e-01 5.537710820977184145e-01 6.840873718261718750e+00
2.680000000000000000e+02 5.574114361248417859e-01 5.320752055407557135e-01 6.820362567901611328e+00
2.690000000000000000e+02 5.346065116663140104e-01 5.539713371394676678e-01 6.841347217559814453e+00
2.700000000000000000e+02 5.570404328586077147e-01 5.322750828505679044e-01 6.819983482360839844e+00
2.710000000000000000e+02 5.368557152794322107e-01 5.549013776429944089e-01 6.841046810150146484e+00
2.720000000000000000e+02 5.578906362185858114e-01 5.333531933281713266e-01 6.820938110351562500e+00
2.730000000000000000e+02 5.368623424348247797e-01 5.542867720186180902e-01 6.842304706573486328e+00
2.740000000000000000e+02 5.581087273802630699e-01 5.320642896037212077e-01 6.821798324584960938e+00
2.750000000000000000e+02 5.383090583907341742e-01 5.548022732000049695e-01 6.839348793029785156e+00
2.760000000000000000e+02 5.598782056402552554e-01 5.331481261883822542e-01 6.822587490081787109e+00
2.770000000000000000e+02 5.380970353311329557e-01 5.550717226238669477e-01 6.839118957519531250e+00
2.780000000000000000e+02 5.580361102596899103e-01 5.331251750307360870e-01 6.821866512298583984e+00
2.790000000000000000e+02 5.373879716747587132e-01 5.549555550185507613e-01 6.839729785919189453e+00
2.800000000000000000e+02 5.597967062859803278e-01 5.336067209619963503e-01 6.823658943176269531e+00
2.810000000000000000e+02 5.361595834910158898e-01 5.549261754944824210e-01 6.838860988616943359e+00
2.820000000000000000e+02 5.587743280249058975e-01 5.331868806285244844e-01 6.822633266448974609e+00
2.830000000000000000e+02 5.375396340177626131e-01 5.568756884077497027e-01 6.840737819671630859e+00
2.840000000000000000e+02 5.589532572900707263e-01 5.328450147644213652e-01 6.821909427642822266e+00
2.850000000000000000e+02 5.365444719320497935e-01 5.555467568585548133e-01 6.840228080749511719e+00
2.860000000000000000e+02 5.593945802762866348e-01 5.347013301502658855e-01 6.821295261383056641e+00
2.870000000000000000e+02 5.375756376724390995e-01 5.572691997319119128e-01 6.839863777160644531e+00
2.880000000000000000e+02 5.585356033752774119e-01 5.341708865515766291e-01 6.819395542144775391e+00
2.890000000000000000e+02 5.375093669499663163e-01 5.573620713854633424e-01 6.839998245239257812e+00
2.900000000000000000e+02 5.590237992892951313e-01 5.341104170663066864e-01 6.821150302886962891e+00
2.910000000000000000e+02 5.374470449405743810e-01 5.564685488358925847e-01 6.839117050170898438e+00
2.920000000000000000e+02 5.582089619732665264e-01 5.346933192792251432e-01 6.821013450622558594e+00
2.930000000000000000e+02 5.362968023046482680e-01 5.579499444621177640e-01 6.839235782623291016e+00
2.940000000000000000e+02 5.573894419874334538e-01 5.338410835722345871e-01 6.821206569671630859e+00
2.950000000000000000e+02 5.379480406708563311e-01 5.567400318499574619e-01 6.839209556579589844e+00
2.960000000000000000e+02 5.578850740019278831e-01 5.354021772090172826e-01 6.822313785552978516e+00
2.970000000000000000e+02 5.353982352726567306e-01 5.555955535863573713e-01 6.839816570281982422e+00
2.980000000000000000e+02 5.563929786859808102e-01 5.336656804042138047e-01 6.821232795715332031e+00
2.990000000000000000e+02 5.353610261665338044e-01 5.549082075063161978e-01 6.839373111724853516e+00
3.000000000000000000e+02 5.556475369436605360e-01 5.329513039266217111e-01 6.820580959320068359e+00
3.010000000000000000e+02 5.358900825450366723e-01 5.551983271229798955e-01 6.837918281555175781e+00
3.020000000000000000e+02 5.586022589852067677e-01 5.334620169660246880e-01 6.819320201873779297e+00
3.030000000000000000e+02 5.366924002972973673e-01 5.554982715614534827e-01 6.837066650390625000e+00
3.040000000000000000e+02 5.568613327439738692e-01 5.325173588837645022e-01 6.819987297058105469e+00
3.050000000000000000e+02 5.350001813268635553e-01 5.543062278744779192e-01 6.836468219757080078e+00
3.060000000000000000e+02 5.562901136868213525e-01 5.335067024287998283e-01 6.820269584655761719e+00
3.070000000000000000e+02 5.345537875824376561e-01 5.541921633533393177e-01 6.837246417999267578e+00
3.080000000000000000e+02 5.560044045144855174e-01 5.334093903008406690e-01 6.819225311279296875e+00
3.090000000000000000e+02 5.351731205699920002e-01 5.558899723717196650e-01 6.838799476623535156e+00
3.100000000000000000e+02 5.549434351753744776e-01 5.349757857786759940e-01 6.820475101470947266e+00
3.110000000000000000e+02 5.336470984879179147e-01 5.571622229022221706e-01 6.839706897735595703e+00
3.120000000000000000e+02 5.545309772685590444e-01 5.343971787272199236e-01 6.820105552673339844e+00
3.130000000000000000e+02 5.340286128398926691e-01 5.560066142544166645e-01 6.840413570404052734e+00
3.140000000000000000e+02 5.566796331584152879e-01 5.370950436215450319e-01 6.821195125579833984e+00
3.150000000000000000e+02 5.346925967846527517e-01 5.568939860196027158e-01 6.841065406799316406e+00
3.160000000000000000e+02 5.553247573033888163e-01 5.348195826790103080e-01 6.819980144500732422e+00
3.170000000000000000e+02 5.345046909709639804e-01 5.581636654938777475e-01 6.841941833496093750e+00
3.180000000000000000e+02 5.566506237024309023e-01 5.378751719827972178e-01 6.820010662078857422e+00
3.190000000000000000e+02 5.343972916753808589e-01 5.571270319427776840e-01 6.843628406524658203e+00
3.200000000000000000e+02 5.553044142780827475e-01 5.366127758301891815e-01 6.818923473358154297e+00
3.210000000000000000e+02 5.333354674998957989e-01 5.579542478999416355e-01 6.844277381896972656e+00
3.220000000000000000e+02 5.546512221189940917e-01 5.342939302794508238e-01 6.818832874298095703e+00
3.230000000000000000e+02 5.353647742024614242e-01 5.579294021455183383e-01 6.844386577606201172e+00
3.240000000000000000e+02 5.584779379889608375e-01 5.368570444515655682e-01 6.820311069488525391e+00
3.250000000000000000e+02 5.339901267756197445e-01 5.574247563562086949e-01 6.843245029449462891e+00
3.260000000000000000e+02 5.544925485651515107e-01 5.347826386285485789e-01 6.820052146911621094e+00
3.270000000000000000e+02 5.346467206732773425e-01 5.561171684292692818e-01 6.842912673950195312e+00
3.280000000000000000e+02 5.566911755953672936e-01 5.349289762250742930e-01 6.819778442382812500e+00
3.290000000000000000e+02 5.339496010313095065e-01 5.562559566861879912e-01 6.839803218841552734e+00
3.300000000000000000e+02 5.563696499723657096e-01 5.352307704751466666e-01 6.818747997283935547e+00
3.310000000000000000e+02 5.335029251981980858e-01 5.557646638112579973e-01 6.842054843902587891e+00
3.320000000000000000e+02 5.558461972551725916e-01 5.355828496515758763e-01 6.818233489990234375e+00
3.330000000000000000e+02 5.342350237545062663e-01 5.559629384694964038e-01 6.840842247009277344e+00
3.340000000000000000e+02 5.560900437423277332e-01 5.342189968860955318e-01 6.818192005157470703e+00
3.350000000000000000e+02 5.336285089818929572e-01 5.574365171490652804e-01 6.841142177581787109e+00
3.360000000000000000e+02 5.561550413200725407e-01 5.363769435865023416e-01 6.818303108215332031e+00
3.370000000000000000e+02 5.345233614463270611e-01 5.562230705084914018e-01 6.841806411743164062e+00
3.380000000000000000e+02 5.557153378543252531e-01 5.332116877875106020e-01 6.818262100219726562e+00
3.390000000000000000e+02 5.353459060498001465e-01 5.546830644472687810e-01 6.840322494506835938e+00
3.400000000000000000e+02 5.562614192711685668e-01 5.338770350450777746e-01 6.819872856140136719e+00
3.410000000000000000e+02 5.354452272329733864e-01 5.527352585366727133e-01 6.840557575225830078e+00
3.420000000000000000e+02 5.576373686806673780e-01 5.332632642187358218e-01 6.821412086486816406e+00
3.430000000000000000e+02 5.367763606621901440e-01 5.545677276115040799e-01 6.839940071105957031e+00
3.440000000000000000e+02 5.571106433861308105e-01 5.327473457347537966e-01 6.819674015045166016e+00
3.450000000000000000e+02 5.348098474099567401e-01 5.540302426184043894e-01 6.838074684143066406e+00
3.460000000000000000e+02 5.575132735679770857e-01 5.317067734746691032e-01 6.820751190185546875e+00
3.470000000000000000e+02 5.357213139899618115e-01 5.529216124951933375e-01 6.838065147399902344e+00
3.480000000000000000e+02 5.584410871973276569e-01 5.310792461243579732e-01 6.820309162139892578e+00
3.490000000000000000e+02 5.348892121972427249e-01 5.528936820062397839e-01 6.836730480194091797e+00
3.500000000000000000e+02 5.572477967333394622e-01 5.342713180379133897e-01 6.819516658782958984e+00
3.510000000000000000e+02 5.349322544699030013e-01 5.556835667095162412e-01 6.837715148925781250e+00
3.520000000000000000e+02 5.594938193485925471e-01 5.339053762031488182e-01 6.819903373718261719e+00
3.530000000000000000e+02 5.366720537867817331e-01 5.554958295989427253e-01 6.839159965515136719e+00
3.540000000000000000e+02 5.597564282219051890e-01 5.350816037436396666e-01 6.820168018341064453e+00
3.550000000000000000e+02 5.377627079111761965e-01 5.555848628248472032e-01 6.839204311370849609e+00
3.560000000000000000e+02 5.570840849083145141e-01 5.332853430719644017e-01 6.820664882659912109e+00
3.570000000000000000e+02 5.359044426585835019e-01 5.560029741839458417e-01 6.841839313507080078e+00
3.580000000000000000e+02 5.587688197961560022e-01 5.345348644838026075e-01 6.821233272552490234e+00
3.590000000000000000e+02 5.366762207170757693e-01 5.565143030138632874e-01 6.841513633728027344e+00
3.600000000000000000e+02 5.574428600175826976e-01 5.327755984089714847e-01 6.819936275482177734e+00
3.610000000000000000e+02 5.365650225743991975e-01 5.574077451397847494e-01 6.842092514038085938e+00
3.620000000000000000e+02 5.567722100630304594e-01 5.339736243708869123e-01 6.821803092956542969e+00
3.630000000000000000e+02 5.361773509305085561e-01 5.569500397549631554e-01 6.841384410858154297e+00
3.640000000000000000e+02 5.564638066928880855e-01 5.335762536614244711e-01 6.820295333862304688e+00
3.650000000000000000e+02 5.354432194820935020e-01 5.565766883577638602e-01 6.841148853302001953e+00
3.660000000000000000e+02 5.575608443032111783e-01 5.341281481887591998e-01 6.819718837738037109e+00
3.670000000000000000e+02 5.359979847502787109e-01 5.555756704063237184e-01 6.840024471282958984e+00
3.680000000000000000e+02 5.586269735575796203e-01 5.342964459253933818e-01 6.819859504699707031e+00
3.690000000000000000e+02 5.381857393971108960e-01 5.561983763434064088e-01 6.839720249176025391e+00
3.700000000000000000e+02 5.571674803071630100e-01 5.336827638909329430e-01 6.821649074554443359e+00
3.710000000000000000e+02 5.354201273696373997e-01 5.556243692988788174e-01 6.841853618621826172e+00
3.720000000000000000e+02 5.574732354093118181e-01 5.349115162134213675e-01 6.819171905517578125e+00
3.730000000000000000e+02 5.364723968598441584e-01 5.558729435348918058e-01 6.840479850769042969e+00
3.740000000000000000e+02 5.569717446969755237e-01 5.346895396978469384e-01 6.819475650787353516e+00
3.750000000000000000e+02 5.351068084578146644e-01 5.569938184432492445e-01 6.840822219848632812e+00
3.760000000000000000e+02 5.566552944898133237e-01 5.357685381428989313e-01 6.819543838500976562e+00
3.770000000000000000e+02 5.343431648610649232e-01 5.541550903380991766e-01 6.840097427368164062e+00
3.780000000000000000e+02 5.565982166052775293e-01 5.323918374447264013e-01 6.818948268890380859e+00
3.790000000000000000e+02 5.343290979805193075e-01 5.566394026055694333e-01 6.839341163635253906e+00
3.800000000000000000e+02 5.554640664165590991e-01 5.357147902634633585e-01 6.817141056060791016e+00
3.810000000000000000e+02 5.338699283572997389e-01 5.561811245666451464e-01 6.839311122894287109e+00
3.820000000000000000e+02 5.570303280051323025e-01 5.348922452120570270e-01 6.816473484039306641e+00
3.830000000000000000e+02 5.346972991085059412e-01 5.566528850639412829e-01 6.840073108673095703e+00
3.840000000000000000e+02 5.564394037297729634e-01 5.346256706743880427e-01 6.817156314849853516e+00
3.850000000000000000e+02 5.349985246037113340e-01 5.571191684862289994e-01 6.838635921478271484e+00
3.860000000000000000e+02 5.552594805164049463e-01 5.334211313907397667e-01 6.817278385162353516e+00
3.870000000000000000e+02 5.338850733785065472e-01 5.568065502508912079e-01 6.839518070220947266e+00
3.880000000000000000e+02 5.571162300808060186e-01 5.352279922397414902e-01 6.817029476165771484e+00
3.890000000000000000e+02 5.332014840769124797e-01 5.558822072960559746e-01 6.840106964111328125e+00
3.900000000000000000e+02 5.558478817321661491e-01 5.353921442102150818e-01 6.817184925079345703e+00
3.910000000000000000e+02 5.329239362362721000e-01 5.554081695350406855e-01 6.840683460235595703e+00
3.920000000000000000e+02 5.553805993974246791e-01 5.350977581432343477e-01 6.817358016967773438e+00
3.930000000000000000e+02 5.326199491277801013e-01 5.553534505474830851e-01 6.840948104858398438e+00
3.940000000000000000e+02 5.541660857107711946e-01 5.333901252861042996e-01 6.816570758819580078e+00
3.950000000000000000e+02 5.331625830269670629e-01 5.549439269632742144e-01 6.839881420135498047e+00
3.960000000000000000e+02 5.538489536621757914e-01 5.341074410968692510e-01 6.816837787628173828e+00
3.970000000000000000e+02 5.318236535503463314e-01 5.562211699533738951e-01 6.839976310729980469e+00
3.980000000000000000e+02 5.558297243588070646e-01 5.346402045006977133e-01 6.816645145416259766e+00
