0.000000000000000000e+00 1.605339428663233453e-02 1.539869611932801613e-02 1.237486457824707031e+01
1.000000000000000000e+00 1.614135867166056199e-02 1.619033808715589565e-02 1.237706851959228516e+01
2.000000000000000000e+00 1.894979933033643510e-02 1.603891445567499213e-02 1.253579807281494141e+01
3.000000000000000000e+00 1.820997213500455403e-02 1.847993166297062090e-02 1.253775978088378906e+01
4.000000000000000000e+00 2.099594865490219189e-02 1.805165543732980063e-02 1.269149494171142578e+01
5.000000000000000000e+00 2.076376810059196373e-02 2.112654182724344604e-02 1.269415569305419922e+01
6.000000000000000000e+00 2.535822328699764705e-02 2.094831001809750043e-02 1.283741474151611328e+01
7.000000000000000000e+00 2.519771070883678257e-02 2.572005496545700515e-02 1.284040355682373047e+01
8.000000000000000000e+00 2.991640608167700499e-02 2.492439147349097273e-02 1.297613239288330078e+01
9.000000000000000000e+00 2.872633233998256319e-02 2.944383084180206278e-02 1.297714805603027344e+01
1.000000000000000000e+01 3.364579686376732715e-02 2.854746560990550908e-02 1.310828781127929688e+01
1.100000000000000000e+01 3.316905256664136326e-02 3.457119503093614848e-02 1.310923957824707031e+01
1.200000000000000000e+01 3.902670591828417967e-02 3.298958717645814748e-02 1.323312568664550781e+01
1.300000000000000000e+01 3.844834953600854976e-02 3.926155336219021297e-02 1.322974491119384766e+01
1.400000000000000000e+01 4.416799292789706094e-02 3.786032195964014746e-02 1.335176181793212891e+01
1.500000000000000000e+01 4.334550934086290469e-02 4.471189966840024427e-02 1.334667778015136719e+01
1.600000000000000000e+01 5.048290668161320438e-02 4.295222926248871975e-02 1.345728015899658203e+01
1.700000000000000000e+01 4.798213390630149539e-02 5.028748291908950729e-02 1.345554828643798828e+01
1.800000000000000000e+01 5.544220012189260416e-02 4.855924745156950384e-02 1.355488109588623047e+01
1.900000000000000000e+01 5.338190609110678164e-02 5.607663740127049462e-02 1.355261039733886719e+01
2.000000000000000000e+01 6.082586088673696406e-02 5.377430851538719109e-02 1.364612197875976562e+01
2.100000000000000000e+01 5.854581829349887745e-02 6.177224492523361588e-02 1.364153480529785156e+01
2.200000000000000000e+01 6.673515265782932471e-02 5.824465114799803195e-02 1.373281574249267578e+01
2.300000000000000000e+01 6.350129213874529388e-02 6.606271343450967337e-02 1.372367572784423828e+01
2.400000000000000000e+01 7.210787256288007929e-02 6.340719879767936495e-02 1.381814575195312500e+01
2.500000000000000000e+01 6.925722916067642010e-02 7.170723933121884996e-02 1.380234432220458984e+01
2.600000000000000000e+01 7.741196843692338403e-02 6.849473612244770526e-02 1.389523029327392578e+01
2.700000000000000000e+01 7.398078831884496998e-02 7.713358199042798236e-02 1.387878322601318359e+01
2.800000000000000000e+01 8.261857517203685664e-02 7.387435773330755517e-02 1.396790981292724609e+01
2.900000000000000000e+01 7.886698891753396445e-02 8.202005286174139653e-02 1.395093441009521484e+01
3.000000000000000000e+01 8.740196265623306759e-02 7.903565707291786147e-02 1.403281402587890625e+01
3.100000000000000000e+01 8.389614819722686356e-02 8.856027579859362953e-02 1.401932430267333984e+01
3.200000000000000000e+01 9.291897824365569214e-02 8.431343244631722689e-02 1.409879970550537109e+01
3.300000000000000000e+01 8.871712714896566598e-02 9.275222737207348966e-02 1.408542442321777344e+01
3.400000000000000000e+01 9.838847418231572162e-02 8.849597967205879989e-02 1.415905761718750000e+01
3.500000000000000000e+01 9.340055310649880704e-02 9.729276169165076982e-02 1.414326286315917969e+01
3.600000000000000000e+01 1.027064109192628305e-01 9.238981278859388635e-02 1.421812915802001953e+01
3.700000000000000000e+01 9.794150970298959313e-02 1.019759211548572492e-01 1.420070838928222656e+01
3.800000000000000000e+01 1.074019293158936378e-01 9.725082753120850576e-02 1.427304172515869141e+01
3.900000000000000000e+01 1.025018410632777682e-01 1.073074823748986772e-01 1.425233364105224609e+01
4.000000000000000000e+01 1.111477077471304392e-01 1.020651032170246664e-01 1.432057380676269531e+01
4.100000000000000000e+01 1.062697774423315145e-01 1.127508413216686683e-01 1.430859661102294922e+01
4.200000000000000000e+01 1.161753612774371891e-01 1.062576249397915729e-01 1.436678791046142578e+01
4.300000000000000000e+01 1.106294219871803569e-01 1.165590281632351427e-01 1.435766983032226562e+01
4.400000000000000000e+01 1.205435188306858141e-01 1.103876175023162237e-01 1.441085624694824219e+01
4.500000000000000000e+01 1.143373084204701712e-01 1.205109967107222541e-01 1.439995861053466797e+01
4.600000000000000000e+01 1.236646834212847268e-01 1.149470511473438261e-01 1.445164585113525391e+01
4.700000000000000000e+01 1.180926944651044391e-01 1.242764432692670673e-01 1.444238376617431641e+01
4.800000000000000000e+01 1.277133845422975256e-01 1.184393769665873786e-01 1.449430561065673828e+01
4.900000000000000000e+01 1.222677995471189022e-01 1.283056354272824329e-01 1.448609828948974609e+01
5.000000000000000000e+01 1.317596641292395898e-01 1.221869200891671364e-01 1.453193378448486328e+01
5.100000000000000000e+01 1.248386426429031193e-01 1.320981792590365522e-01 1.452403068542480469e+01
5.200000000000000000e+01 1.350538212148603701e-01 1.255895093201503110e-01 1.456612586975097656e+01
5.300000000000000000e+01 1.280182183858246947e-01 1.359295481226099611e-01 1.456154823303222656e+01
5.400000000000000000e+01 1.384365822087536002e-01 1.292174712017475080e-01 1.459766769409179688e+01
5.500000000000000000e+01 1.322625238695255001e-01 1.392703433939123103e-01 1.459658813476562500e+01
5.600000000000000000e+01 1.427503957037238591e-01 1.325948656029161121e-01 1.463267230987548828e+01
5.700000000000000000e+01 1.351709648406114739e-01 1.429784952050321689e-01 1.462764835357666016e+01
5.800000000000000000e+01 1.448841594735923166e-01 1.359519864325839655e-01 1.466186237335205078e+01
5.900000000000000000e+01 1.382117329806739625e-01 1.467046142768141381e-01 1.466065311431884766e+01
6.000000000000000000e+01 1.478539587265012833e-01 1.392941056992653415e-01 1.468994235992431641e+01
6.100000000000000000e+01 1.405884753967126255e-01 1.491182123978202767e-01 1.469382095336914062e+01
6.200000000000000000e+01 1.509220163002970017e-01 1.422432752765193931e-01 1.472027587890625000e+01
6.300000000000000000e+01 1.435778128629168204e-01 1.519090453167710464e-01 1.471974754333496094e+01
6.400000000000000000e+01 1.542764854359674476e-01 1.443096099986176384e-01 1.474639415740966797e+01
6.500000000000000000e+01 1.465083331662963284e-01 1.548275455870329609e-01 1.474369430541992188e+01
6.600000000000000000e+01 1.568077713749134183e-01 1.471805574261519367e-01 1.476752853393554688e+01
6.700000000000000000e+01 1.490248213999102456e-01 1.575922118417867335e-01 1.477036190032958984e+01
6.800000000000000000e+01 1.589313815534699470e-01 1.499650353659426893e-01 1.479123592376708984e+01
6.900000000000000000e+01 1.503044907327275026e-01 1.598320560227524945e-01 1.479293823242187500e+01
7.000000000000000000e+01 1.615214340808831250e-01 1.527784652632905860e-01 1.481011772155761719e+01
7.100000000000000000e+01 1.529239743009080388e-01 1.623194799928087406e-01 1.481441783905029297e+01
7.200000000000000000e+01 1.634069145597340789e-01 1.545296758850672747e-01 1.483316040039062500e+01
7.300000000000000000e+01 1.559438180785534256e-01 1.650547241485672556e-01 1.483346176147460938e+01
7.400000000000000000e+01 1.661959904713282421e-01 1.558752826156362126e-01 1.485631465911865234e+01
7.500000000000000000e+01 1.580770616189532130e-01 1.671507752640129518e-01 1.485235023498535156e+01
7.600000000000000000e+01 1.681149081049362060e-01 1.583364426527323343e-01 1.487805080413818359e+01
7.700000000000000000e+01 1.597655868514228639e-01 1.689251861817534783e-01 1.487621021270751953e+01
7.800000000000000000e+01 1.699388985159689114e-01 1.603354725476139331e-01 1.489386177062988281e+01
7.900000000000000000e+01 1.614811710756682284e-01 1.707827987206022302e-01 1.489394378662109375e+01
8.000000000000000000e+01 1.721890909741191911e-01 1.628057068570530064e-01 1.491038417816162109e+01
8.100000000000000000e+01 1.627079364391088856e-01 1.723347088280718642e-01 1.490894031524658203e+01
8.200000000000000000e+01 1.736325062396369689e-01 1.635151383065256703e-01 1.492722034454345703e+01
8.300000000000000000e+01 1.654856987323916895e-01 1.741888433546606441e-01 1.492464256286621094e+01
8.400000000000000000e+01 1.752181106057148219e-01 1.653731256653353798e-01 1.494418525695800781e+01
8.500000000000000000e+01 1.668724260300168960e-01 1.755519370820756708e-01 1.493758392333984375e+01
8.600000000000000000e+01 1.774811745513565631e-01 1.671928388434782142e-01 1.496338176727294922e+01
8.700000000000000000e+01 1.690312305045043040e-01 1.770091144687470641e-01 1.495325851440429688e+01
8.800000000000000000e+01 1.788957147953713078e-01 1.685695420245221787e-01 1.497764015197753906e+01
8.900000000000000000e+01 1.703788764747233009e-01 1.783945718731342611e-01 1.496595382690429688e+01
9.000000000000000000e+01 1.805949594958633220e-01 1.696834712259829570e-01 1.499079990386962891e+01
9.100000000000000000e+01 1.714338982201773776e-01 1.799534930655443954e-01 1.497772026062011719e+01
9.200000000000000000e+01 1.815730554614843062e-01 1.712231033674918856e-01 1.500187969207763672e+01
9.300000000000000000e+01 1.724830133731429516e-01 1.810378996735313994e-01 1.499095630645751953e+01
9.400000000000000000e+01 1.829168063144220591e-01 1.717304961778394201e-01 1.501387214660644531e+01
9.500000000000000000e+01 1.733972286247520422e-01 1.820352061301772351e-01 1.500043964385986328e+01
9.600000000000000000e+01 1.844184897419744451e-01 1.729956529177753832e-01 1.502536869049072266e+01
9.700000000000000000e+01 1.744089944506274081e-01 1.835098935294638411e-01 1.501308536529541016e+01
9.800000000000000000e+01 1.847444027310872483e-01 1.744391182057081768e-01 1.503623199462890625e+01
9.900000000000000000e+01 1.760646892163443555e-01 1.848556680666836871e-01 1.502478885650634766e+01
1.000000000000000000e+02 1.856391939332762142e-01 1.746252703200805445e-01 1.504743099212646484e+01
1.010000000000000000e+02 1.764208651220859625e-01 1.855186670535667881e-01 1.503120803833007812e+01
1.020000000000000000e+02 1.867197460562783629e-01 1.759154579426763787e-01 1.505367279052734375e+01
1.030000000000000000e+02 1.773608451573904510e-01 1.869455180420944718e-01 1.504303073883056641e+01
1.040000000000000000e+02 1.878439427582433707e-01 1.783931168554440394e-01 1.506474494934082031e+01
1.050000000000000000e+02 1.786778074860462806e-01 1.885810645888943426e-01 1.505618381500244141e+01
1.060000000000000000e+02 1.892654961262240920e-01 1.791425505850470778e-01 1.506949806213378906e+01
1.070000000000000000e+02 1.791140349342562055e-01 1.896211086470189211e-01 1.506492996215820312e+01
1.080000000000000000e+02 1.888238322857681284e-01 1.806288494285413215e-01 1.507684421539306641e+01
1.090000000000000000e+02 1.802191209980783249e-01 1.907308870004031931e-01 1.507483768463134766e+01
1.100000000000000000e+02 1.896937545613172349e-01 1.813960271739890329e-01 1.508290004730224609e+01
1.110000000000000000e+02 1.806414971587234353e-01 1.916806458041519223e-01 1.508274459838867188e+01
1.120000000000000000e+02 1.915980806699243144e-01 1.820186720646219669e-01 1.509011650085449219e+01
1.130000000000000000e+02 1.813375121392369616e-01 1.922793566442178304e-01 1.508697414398193359e+01
1.140000000000000000e+02 1.912061522638713040e-01 1.833165516517031024e-01 1.509808254241943359e+01
1.150000000000000000e+02 1.822419177956779990e-01 1.934936916717129862e-01 1.509434986114501953e+01
1.160000000000000000e+02 1.928836069528963026e-01 1.833005523796921721e-01 1.510216426849365234e+01
1.170000000000000000e+02 1.830899812188558629e-01 1.934851747628662522e-01 1.509910202026367188e+01
1.180000000000000000e+02 1.941648887369743781e-01 1.836843639702568920e-01 1.510975837707519531e+01
1.190000000000000000e+02 1.844117723483656990e-01 1.945643949129184924e-01 1.510169982910156250e+01
1.200000000000000000e+02 1.947393787074658544e-01 1.844469970278192761e-01 1.511288166046142578e+01
1.210000000000000000e+02 1.847208984815763289e-01 1.959262271412061940e-01 1.510814666748046875e+01
1.220000000000000000e+02 1.951298105341875422e-01 1.858486856699740897e-01 1.511769390106201172e+01
1.230000000000000000e+02 1.850922996895693895e-01 1.949081208822548705e-01 1.511324024200439453e+01
1.240000000000000000e+02 1.960773954998901725e-01 1.853372790778246015e-01 1.512690067291259766e+01
1.250000000000000000e+02 1.863700617901798695e-01 1.948648995114757310e-01 1.511404228210449219e+01
1.260000000000000000e+02 1.967404180102284572e-01 1.857383969960051395e-01 1.513554000854492188e+01
1.270000000000000000e+02 1.868091647706560388e-01 1.967759871559517371e-01 1.512058830261230469e+01
1.280000000000000000e+02 1.972077933136609784e-01 1.866330330875469456e-01 1.514126777648925781e+01
1.290000000000000000e+02 1.877927856725810363e-01 1.964580098264303021e-01 1.512787342071533203e+01
1.300000000000000000e+02 1.980729177459460699e-01 1.868431409228145934e-01 1.514840412139892578e+01
1.310000000000000000e+02 1.880103085476937663e-01 1.976386470852137256e-01 1.513139533996582031e+01
1.320000000000000000e+02 1.981574172183024896e-01 1.878869501575453627e-01 1.515088367462158203e+01
1.330000000000000000e+02 1.882116396991574958e-01 1.983152031700377016e-01 1.513623619079589844e+01
1.340000000000000000e+02 1.984963484921667409e-01 1.883829635954015480e-01 1.515182685852050781e+01
1.350000000000000000e+02 1.887949852722544952e-01 1.981962163526902743e-01 1.513824367523193359e+01
1.360000000000000000e+02 1.991346984752464244e-01 1.885096534305084059e-01 1.515614604949951172e+01
1.370000000000000000e+02 1.895873784316862709e-01 1.989172250597520952e-01 1.514479637145996094e+01
1.380000000000000000e+02 1.999673686004987128e-01 1.889316476455364657e-01 1.516253471374511719e+01
1.390000000000000000e+02 1.895203208937411565e-01 2.000129272562405358e-01 1.514906787872314453e+01
1.400000000000000000e+02 1.997927174153492358e-01 1.898808743932577370e-01 1.516595554351806641e+01
1.410000000000000000e+02 1.897998386921991298e-01 1.998154619113287345e-01 1.515587520599365234e+01
1.420000000000000000e+02 1.998574308302901170e-01 1.908176869744937221e-01 1.516896820068359375e+01
1.430000000000000000e+02 1.898346345454465511e-01 2.006691688145441632e-01 1.516075038909912109e+01
1.440000000000000000e+02 2.004398913635337121e-01 1.906317959150459762e-01 1.517366600036621094e+01
1.450000000000000000e+02 1.905026181561247645e-01 2.008117280715691622e-01 1.516205501556396484e+01
1.460000000000000000e+02 2.006809864717192526e-01 1.904457787302192007e-01 1.517412281036376953e+01
1.470000000000000000e+02 1.908904805956972150e-01 2.015413209538857719e-01 1.516377353668212891e+01
1.480000000000000000e+02 2.015584658090958936e-01 1.909087985680923139e-01 1.517710399627685547e+01
1.490000000000000000e+02 1.913744677086778034e-01 2.011076516883071041e-01 1.516507911682128906e+01
1.500000000000000000e+02 2.014397825479710968e-01 1.917706781424534934e-01 1.517945098876953125e+01
1.510000000000000000e+02 1.915825508573737457e-01 2.013187642523108500e-01 1.516834163665771484e+01
1.520000000000000000e+02 2.019812688618903007e-01 1.915330447448309881e-01 1.518216419219970703e+01
1.530000000000000000e+02 1.917498670930485316e-01 2.021778674684599486e-01 1.516977405548095703e+01
1.540000000000000000e+02 2.012083817455073975e-01 1.918888019899680775e-01 1.518400478363037109e+01
1.550000000000000000e+02 1.916353759765568321e-01 2.024055733077400610e-01 1.517382431030273438e+01
1.560000000000000000e+02 2.025493937993810556e-01 1.917063683123644280e-01 1.518480205535888672e+01
1.570000000000000000e+02 1.920013567712329228e-01 2.024880165115231501e-01 1.517614841461181641e+01
1.580000000000000000e+02 2.028555698679558317e-01 1.922240579116085701e-01 1.519210243225097656e+01
1.590000000000000000e+02 1.932523610958389038e-01 2.033870103088047943e-01 1.517906188964843750e+01
1.600000000000000000e+02 2.038138756969439247e-01 1.931493670088392511e-01 1.519541740417480469e+01
1.610000000000000000e+02 1.928959897258815392e-01 2.031701589830360866e-01 1.518507766723632812e+01
1.620000000000000000e+02 2.034067225286955716e-01 1.937969186451847514e-01 1.519690418243408203e+01
1.630000000000000000e+02 1.933273579673631115e-01 2.031951448195411791e-01 1.518758583068847656e+01
1.640000000000000000e+02 2.033881646760585804e-01 1.933789614311089977e-01 1.519951629638671875e+01
1.650000000000000000e+02 1.937116727423712492e-01 2.031696100811605787e-01 1.518813991546630859e+01
1.660000000000000000e+02 2.038179679634280206e-01 1.934240397129919353e-01 1.520434951782226562e+01
1.670000000000000000e+02 1.936092012757912595e-01 2.033595644024687732e-01 1.518853378295898438e+01
1.680000000000000000e+02 2.041369556792288764e-01 1.937253242921547769e-01 1.520584583282470703e+01
1.690000000000000000e+02 1.946210226558638956e-01 2.035559951059023875e-01 1.519209194183349609e+01
1.700000000000000000e+02 2.052212557213831667e-01 1.935303578958096349e-01 1.520880603790283203e+01
1.710000000000000000e+02 1.949186753371345282e-01 2.040053245067664223e-01 1.519465255737304688e+01
1.720000000000000000e+02 2.055484661052131568e-01 1.937029665142956103e-01 1.521257591247558594e+01
1.730000000000000000e+02 1.948298058101757824e-01 2.038592119341957332e-01 1.519225597381591797e+01
1.740000000000000000e+02 2.051241847341730984e-01 1.939272713009799476e-01 1.521538925170898438e+01
1.750000000000000000e+02 1.953868166526453454e-01 2.043203225473717577e-01 1.519246196746826172e+01
1.760000000000000000e+02 2.053772738814575727e-01 1.938109194802234425e-01 1.521613979339599609e+01
1.770000000000000000e+02 1.954356295909793484e-01 2.037434871160431482e-01 1.519365215301513672e+01
1.780000000000000000e+02 2.053268166272027573e-01 1.944447390204603332e-01 1.521749973297119141e+01
1.790000000000000000e+02 1.954616436200657115e-01 2.040805497457496565e-01 1.519563484191894531e+01
1.800000000000000000e+02 2.058772293509645579e-01 1.945119553817237501e-01 1.521738815307617188e+01
1.810000000000000000e+02 1.956158041781818346e-01 2.051121420365789316e-01 1.519578266143798828e+01
1.820000000000000000e+02 2.062669845924023637e-01 1.947928583060340446e-01 1.521616554260253906e+01
1.830000000000000000e+02 1.957357708181570732e-01 2.051926774320752267e-01 1.519599628448486328e+01
1.840000000000000000e+02 2.065443724008218240e-01 1.943665656609140646e-01 1.521493625640869141e+01
1.850000000000000000e+02 1.961369077402014272e-01 2.047412325955879353e-01 1.519794178009033203e+01
1.860000000000000000e+02 2.065850829359444085e-01 1.944109845556574179e-01 1.521814155578613281e+01
1.870000000000000000e+02 1.959073602933563418e-01 2.051770182328317427e-01 1.519790363311767578e+01
1.880000000000000000e+02 2.067331980011493930e-01 1.952613594749704196e-01 1.521904563903808594e+01
1.890000000000000000e+02 1.960209499355199947e-01 2.058260087419615803e-01 1.520075225830078125e+01
1.900000000000000000e+02 2.056479185013886657e-01 1.955694160400532067e-01 1.521519184112548828e+01
1.910000000000000000e+02 1.959138994662135147e-01 2.055613603250192600e-01 1.520394229888916016e+01
1.920000000000000000e+02 2.067105219601229615e-01 1.954031555052375968e-01 1.521395111083984375e+01
1.930000000000000000e+02 1.960733044810670234e-01 2.057646402579040579e-01 1.520185184478759766e+01
1.940000000000000000e+02 2.066486422848747007e-01 1.951932789737421126e-01 1.521436023712158203e+01
1.950000000000000000e+02 1.961261180380614588e-01 2.053932948209345188e-01 1.519872379302978516e+01
1.960000000000000000e+02 2.069592320976552657e-01 1.954329822533797389e-01 1.521512699127197266e+01
1.970000000000000000e+02 1.963288756078115371e-01 2.056223649266758768e-01 1.519903182983398438e+01
1.980000000000000000e+02 2.070862708649528483e-01 1.959646928531495191e-01 1.521722030639648438e+01
1.990000000000000000e+02 1.973479436992316149e-01 2.067646047764672146e-01 1.520133209228515625e+01
2.000000000000000000e+02 2.072820034637784248e-01 1.960579344006909419e-01 1.521925354003906250e+01
2.010000000000000000e+02 1.970546634929262186e-01 2.069421306130437288e-01 1.520460796356201172e+01
2.020000000000000000e+02 2.077238787310508317e-01 1.960534632604135352e-01 1.522136974334716797e+01
2.030000000000000000e+02 1.973199223011559422e-01 2.060129806747308667e-01 1.520258235931396484e+01
2.040000000000000000e+02 2.079842936536379083e-01 1.965309849587609514e-01 1.522338390350341797e+01
2.050000000000000000e+02 1.975674215718372650e-01 2.072907334631346188e-01 1.520748424530029297e+01
2.060000000000000000e+02 2.075619428057936811e-01 1.965218289296684073e-01 1.522727966308593750e+01
2.070000000000000000e+02 1.964841096753982552e-01 2.071758692461989348e-01 1.521301364898681641e+01
2.080000000000000000e+02 2.072722420541417698e-01 1.971797926978881010e-01 1.522215557098388672e+01
2.090000000000000000e+02 1.972812798410219781e-01 2.083850461494521911e-01 1.521427154541015625e+01
2.100000000000000000e+02 2.071519739972378371e-01 1.971624533337763829e-01 1.522154712677001953e+01
2.110000000000000000e+02 1.973773956888928705e-01 2.076239351369897623e-01 1.521498870849609375e+01
2.120000000000000000e+02 2.078332722511323505e-01 1.974747003764782127e-01 1.522260284423828125e+01
2.130000000000000000e+02 1.968720467012909370e-01 2.077445026599610556e-01 1.521526241302490234e+01
2.140000000000000000e+02 2.077531102380777983e-01 1.971833150709582649e-01 1.522370338439941406e+01
2.150000000000000000e+02 1.973406315079440088e-01 2.069268153527050180e-01 1.521393871307373047e+01
2.160000000000000000e+02 2.077957786612930902e-01 1.968530766131811605e-01 1.522512626647949219e+01
2.170000000000000000e+02 1.973854839288127494e-01 2.072270922412606520e-01 1.521300506591796875e+01
2.180000000000000000e+02 2.081342336741201782e-01 1.973864108969589359e-01 1.522657108306884766e+01
2.190000000000000000e+02 1.970978530551334151e-01 2.069415723826595888e-01 1.521047592163085938e+01
2.200000000000000000e+02 2.076775585040845640e-01 1.965598533507490753e-01 1.522409057617187500e+01
2.210000000000000000e+02 1.967367721062514840e-01 2.062509402636467370e-01 1.520757961273193359e+01
2.220000000000000000e+02 2.075248981481425392e-01 1.963320481588021471e-01 1.522567176818847656e+01
2.230000000000000000e+02 1.968488340856650587e-01 2.065568707800203851e-01 1.520636367797851562e+01
2.240000000000000000e+02 2.081175431698657208e-01 1.962320003724764561e-01 1.522248077392578125e+01
2.250000000000000000e+02 1.970655511971367013e-01 2.059418462704525610e-01 1.520435810089111328e+01
2.260000000000000000e+02 2.074221530954045156e-01 1.959239096942403668e-01 1.522529888153076172e+01
2.270000000000000000e+02 1.975848332377072858e-01 2.061738434903139239e-01 1.520390033721923828e+01
2.280000000000000000e+02 2.080939997388742968e-01 1.956285512211847211e-01 1.522876167297363281e+01
2.290000000000000000e+02 1.972010144247935137e-01 2.064402161637287070e-01 1.520706558227539062e+01
2.300000000000000000e+02 2.077213318133794007e-01 1.957666592152573493e-01 1.522618103027343750e+01
2.310000000000000000e+02 1.972373890916049588e-01 2.070356453305205735e-01 1.520668125152587891e+01
2.320000000000000000e+02 2.074239256753621363e-01 1.965859257577056429e-01 1.522601985931396484e+01
2.330000000000000000e+02 1.971621058540630744e-01 2.064334380721096762e-01 1.520770835876464844e+01
2.340000000000000000e+02 2.082161862880077541e-01 1.958511990155537286e-01 1.522749710083007812e+01
2.350000000000000000e+02 1.973900207048663036e-01 2.062485148501118914e-01 1.520650005340576172e+01
2.360000000000000000e+02 2.076735137853002455e-01 1.958933167274419240e-01 1.522852802276611328e+01
2.370000000000000000e+02 1.975862454607824892e-01 2.062786806749901114e-01 1.520941734313964844e+01
2.380000000000000000e+02 2.070861998629996703e-01 1.956568425492160868e-01 1.522482204437255859e+01
2.390000000000000000e+02 1.970149969103168752e-01 2.063505556978540711e-01 1.520513725280761719e+01
2.400000000000000000e+02 2.077264417192342671e-01 1.962492375064515404e-01 1.522466659545898438e+01
2.410000000000000000e+02 1.973676149903640098e-01 2.063428151270655098e-01 1.520781040191650391e+01
2.420000000000000000e+02 2.079691389110223387e-01 1.964793940965993690e-01 1.522640991210937500e+01
2.430000000000000000e+02 1.972584292351644009e-01 2.070391111023836272e-01 1.520837593078613281e+01
2.440000000000000000e+02 2.073422534567371522e-01 1.962708571784139155e-01 1.522559833526611328e+01
2.450000000000000000e+02 1.967951174446047058e-01 2.063707804591608796e-01 1.520858287811279297e+01
2.460000000000000000e+02 2.075879362054316724e-01 1.957910341341485838e-01 1.522746753692626953e+01
2.470000000000000000e+02 1.967283409294534602e-01 2.061649516367561885e-01 1.521006202697753906e+01
2.480000000000000000e+02 2.068755684965383757e-01 1.959500518236496069e-01 1.522587108612060547e+01
2.490000000000000000e+02 1.960740670385893170e-01 2.058609331995406022e-01 1.521215438842773438e+01
2.500000000000000000e+02 2.066319858620873362e-01 1.961301675326859173e-01 1.522846603393554688e+01
2.510000000000000000e+02 1.961140506584775622e-01 2.064191879054088075e-01 1.521416854858398438e+01
2.520000000000000000e+02 2.069313592954301617e-01 1.955962908392923361e-01 1.522682476043701172e+01
2.530000000000000000e+02 1.968255036841952965e-01 2.068235929296899367e-01 1.521351242065429688e+01
2.540000000000000000e+02 2.073539147164080443e-01 1.962202776251359415e-01 1.522720336914062500e+01
2.550000000000000000e+02 1.975764904115527021e-01 2.070033974080688066e-01 1.521213626861572266e+01
2.560000000000000000e+02 2.075672395427426431e-01 1.955277276214537618e-01 1.522906780242919922e+01
2.570000000000000000e+02 1.969895364922250314e-01 2.061497271757527505e-01 1.521128749847412109e+01
2.580000000000000000e+02 2.085190270941693624e-01 1.957097197954861534e-01 1.522951793670654297e+01
2.590000000000000000e+02 1.981895545009098591e-01 2.059905799272569726e-01 1.520767307281494141e+01
2.600000000000000000e+02 2.090313137994583292e-01 1.960447051720837219e-01 1.523192596435546875e+01
2.610000000000000000e+02 1.970510505056951300e-01 2.061778455527116249e-01 1.520930767059326172e+01
2.620000000000000000e+02 2.077714662659285172e-01 1.958427773380842229e-01 1.523155212402343750e+01
2.630000000000000000e+02 1.974199696964529793e-01 2.060239247944877228e-01 1.520932197570800781e+01
2.640000000000000000e+02 2.077516638523746184e-01 1.961753093051312735e-01 1.523142814636230469e+01
2.650000000000000000e+02 1.966694608261032040e-01 2.063630568768878293e-01 1.521104812622070312e+01
2.660000000000000000e+02 2.078621945850452901e-01 1.959690616351199011e-01 1.522749900817871094e+01
2.670000000000000000e+02 1.969157707124514489e-01 2.064318481842655484e-01 1.520994949340820312e+01
2.680000000000000000e+02 2.079541799570337191e-01 1.960546261241915278e-01 1.522884368896484375e+01
2.690000000000000000e+02 1.980846569829369519e-01 2.060808852077197495e-01 1.521205425262451172e+01
2.700000000000000000e+02 2.085560566032274854e-01 1.957803955441786981e-01 1.523285007476806641e+01
2.710000000000000000e+02 1.979930164068081089e-01 2.065119722798695878e-01 1.521091365814208984e+01
2.720000000000000000e+02 2.089178559893007103e-01 1.962989143760259236e-01 1.523328208923339844e+01
2.730000000000000000e+02 1.978194347121736696e-01 2.067045009727832561e-01 1.521221828460693359e+01
2.740000000000000000e+02 2.085357143787408551e-01 1.965850467563241277e-01 1.523585033416748047e+01
2.750000000000000000e+02 1.985297358118272015e-01 2.067167774409357783e-01 1.521373176574707031e+01
2.760000000000000000e+02 2.090731624218843399e-01 1.962094649132080648e-01 1.523447608947753906e+01
2.770000000000000000e+02 1.984886262028528747e-01 2.062708832114172330e-01 1.521341037750244141e+01
2.780000000000000000e+02 2.090629158881866512e-01 1.967231394302899061e-01 1.523865985870361328e+01
2.790000000000000000e+02 1.984971635843169324e-01 2.071387025288408124e-01 1.521260452270507812e+01
2.800000000000000000e+02 2.085490108248947427e-01 1.963355529658345200e-01 1.523898506164550781e+01
2.810000000000000000e+02 1.983718048688293267e-01 2.065170258549348936e-01 1.521263790130615234e+01
2.820000000000000000e+02 2.092860985534832907e-01 1.967035769110554999e-01 1.523775577545166016e+01
2.830000000000000000e+02 1.981242256634618282e-01 2.064963520627633164e-01 1.521482467651367188e+01
2.840000000000000000e+02 2.087151704143234143e-01 1.965525408987096323e-01 1.523857498168945312e+01
2.850000000000000000e+02 1.986200472557236585e-01 2.066520466732779948e-01 1.521360588073730469e+01
2.860000000000000000e+02 2.084995277843486872e-01 1.961869009316086210e-01 1.523938369750976562e+01
2.870000000000000000e+02 1.985999724316426518e-01 2.062388757977962894e-01 1.521018981933593750e+01
2.880000000000000000e+02 2.092442994518241284e-01 1.963909762084918020e-01 1.523871135711669922e+01
2.890000000000000000e+02 1.986841709259838940e-01 2.059602255550362637e-01 1.520806026458740234e+01
2.900000000000000000e+02 2.092784020971698578e-01 1.956852476803080110e-01 1.523982620239257812e+01
2.910000000000000000e+02 1.991774343342714026e-01 2.072632368996082108e-01 1.520790958404541016e+01
2.920000000000000000e+02 2.092137696153782700e-01 1.962744040256960143e-01 1.523782157897949219e+01
2.930000000000000000e+02 1.990545994298648091e-01 2.064339932975041148e-01 1.520660591125488281e+01
2.940000000000000000e+02 2.091153722229452949e-01 1.965586546714789273e-01 1.523669433593750000e+01
2.950000000000000000e+02 1.989468577969878416e-01 2.069032809994619249e-01 1.520927429199218750e+01
2.960000000000000000e+02 2.094870301094424181e-01 1.967953694487134808e-01 1.523598766326904297e+01
2.970000000000000000e+02 1.988411079045920016e-01 2.071796963747941922e-01 1.520898628234863281e+01
2.980000000000000000e+02 2.094271442106387937e-01 1.973724000791063360e-01 1.523502635955810547e+01
2.990000000000000000e+02 1.985097303334350805e-01 2.075780660225650109e-01 1.521093177795410156e+01
3.000000000000000000e+02 2.092162960796009330e-01 1.972775109198328380e-01 1.523201274871826172e+01
3.010000000000000000e+02 1.989516370318282490e-01 2.077457401468878473e-01 1.521171951293945312e+01
3.020000000000000000e+02 2.096251104992011560e-01 1.976531441357502195e-01 1.522983360290527344e+01
3.030000000000000000e+02 1.987914986658515515e-01 2.081183286104115737e-01 1.521132183074951172e+01
3.040000000000000000e+02 2.096393404264658977e-01 1.969934657770942843e-01 1.523192596435546875e+01
3.050000000000000000e+02 1.983838790345173464e-01 2.077858476987245462e-01 1.521092224121093750e+01
3.060000000000000000e+02 2.092208195686787453e-01 1.968874973587476096e-01 1.522995090484619141e+01
3.070000000000000000e+02 1.987977134548192804e-01 2.072675630109848122e-01 1.520902156829833984e+01
3.080000000000000000e+02 2.091805952391804502e-01 1.968875647082617419e-01 1.523230552673339844e+01
3.090000000000000000e+02 1.994254486985578556e-01 2.080515620969630164e-01 1.520995616912841797e+01
3.100000000000000000e+02 2.098994624063930114e-01 1.970888341740891780e-01 1.523255729675292969e+01
3.110000000000000000e+02 1.992648316669543285e-01 2.077720345686558945e-01 1.521081829071044922e+01
3.120000000000000000e+02 2.099005025997325857e-01 1.974583720113183005e-01 1.523081016540527344e+01
3.130000000000000000e+02 1.990262425229243071e-01 2.084456022326901525e-01 1.521085834503173828e+01
3.140000000000000000e+02 2.097566492573173791e-01 1.975282504176175680e-01 1.523036575317382812e+01
3.150000000000000000e+02 1.988878200546087549e-01 2.083067569399655039e-01 1.521421337127685547e+01
3.160000000000000000e+02 2.096618156341387429e-01 1.985363533061149655e-01 1.523117256164550781e+01
3.170000000000000000e+02 1.983289161495854491e-01 2.084164278446777319e-01 1.521275520324707031e+01
3.180000000000000000e+02 2.084969237058166280e-01 1.984950056042408262e-01 1.522562122344970703e+01
3.190000000000000000e+02 1.982270463975074060e-01 2.082568682128037307e-01 1.521696758270263672e+01
3.200000000000000000e+02 2.093463942823718116e-01 1.975286562107254618e-01 1.522418403625488281e+01
3.210000000000000000e+02 1.985571765582292147e-01 2.086599808012497836e-01 1.521675014495849609e+01
3.220000000000000000e+02 2.090736476791578702e-01 1.984658886154033186e-01 1.522453975677490234e+01
3.230000000000000000e+02 1.978536291834455119e-01 2.094287197015228252e-01 1.521812534332275391e+01
3.240000000000000000e+02 2.090997563392270331e-01 1.978367583871836755e-01 1.522640323638916016e+01
3.250000000000000000e+02 1.978722126516511970e-01 2.089577060640034623e-01 1.521897125244140625e+01
3.260000000000000000e+02 2.082828669501246843e-01 1.987156948185164473e-01 1.522424793243408203e+01
3.270000000000000000e+02 1.981629954140496086e-01 2.093449834511696972e-01 1.522048187255859375e+01
3.280000000000000000e+02 2.092017572651446722e-01 1.981582107147170368e-01 1.522562026977539062e+01
3.290000000000000000e+02 1.983420783634356199e-01 2.082529531204014295e-01 1.521967601776123047e+01
3.300000000000000000e+02 2.096193508087046964e-01 1.979685435876924193e-01 1.522834014892578125e+01
3.310000000000000000e+02 1.992050589361250013e-01 2.082329452978080309e-01 1.521831417083740234e+01
3.320000000000000000e+02 2.094566170928796045e-01 1.981775431643710284e-01 1.523137378692626953e+01
3.330000000000000000e+02 1.983408612041340502e-01 2.089956104207287835e-01 1.521834373474121094e+01
3.340000000000000000e+02 2.090066684057102497e-01 1.982537388485303698e-01 1.523032855987548828e+01
3.350000000000000000e+02 1.989952255277813442e-01 2.092061411734369158e-01 1.521905422210693359e+01
3.360000000000000000e+02 2.092081037440787217e-01 1.989294919757765845e-01 1.522914886474609375e+01
3.370000000000000000e+02 1.991371684637330830e-01 2.087537601187471337e-01 1.521912765502929688e+01
3.380000000000000000e+02 2.093155198746561862e-01 1.989583518093293868e-01 1.523001956939697266e+01
3.390000000000000000e+02 1.984925414460866622e-01 2.096307224733911789e-01 1.521929168701171875e+01
3.400000000000000000e+02 2.090406343958687019e-01 1.983446505383310576e-01 1.522900772094726562e+01
3.410000000000000000e+02 1.985509541269635803e-01 2.085952249196360853e-01 1.521712017059326172e+01
3.420000000000000000e+02 2.085546937030076375e-01 1.981093643728110698e-01 1.522762203216552734e+01
3.430000000000000000e+02 1.986471702980036058e-01 2.088905580303720977e-01 1.521556949615478516e+01
3.440000000000000000e+02 2.086838039987910232e-01 1.982511143929201747e-01 1.522688865661621094e+01
3.450000000000000000e+02 1.990767551528322410e-01 2.088132915267771061e-01 1.521305751800537109e+01
3.460000000000000000e+02 2.092096475109342657e-01 1.978997407057059843e-01 1.522623825073242188e+01
3.470000000000000000e+02 1.991405341524508654e-01 2.082473633357063147e-01 1.520889377593994141e+01
3.480000000000000000e+02 2.093839161843942809e-01 1.976674539530366148e-01 1.522877120971679688e+01
3.490000000000000000e+02 1.987958793158313142e-01 2.085140013590339736e-01 1.520979213714599609e+01
3.500000000000000000e+02 2.087336532523876576e-01 1.973512006000920915e-01 1.522726631164550781e+01
3.510000000000000000e+02 1.979331924056955960e-01 2.077744664555744580e-01 1.520858192443847656e+01
3.520000000000000000e+02 2.082611349085259078e-01 1.975800665565182468e-01 1.522428226470947266e+01
3.530000000000000000e+02 1.982548839039754152e-01 2.078553142270761489e-01 1.520861434936523438e+01
3.540000000000000000e+02 2.084202100852255712e-01 1.977534999801152660e-01 1.522367572784423828e+01
3.550000000000000000e+02 1.982564961577322760e-01 2.086309958240373241e-01 1.521145057678222656e+01
3.560000000000000000e+02 2.087096774358120355e-01 1.985329781788200687e-01 1.522484207153320312e+01
3.570000000000000000e+02 1.974477703429192155e-01 2.080653305577039036e-01 1.521319389343261719e+01
3.580000000000000000e+02 2.077535093525038346e-01 1.981566477117193692e-01 1.522511577606201172e+01
3.590000000000000000e+02 1.977874376816846635e-01 2.085624652181337912e-01 1.521746540069580078e+01
3.600000000000000000e+02 2.081133337483313250e-01 1.984110035134778183e-01 1.522705841064453125e+01
3.610000000000000000e+02 1.983978461170585184e-01 2.082186561020725468e-01 1.521737766265869141e+01
3.620000000000000000e+02 2.087782089281835229e-01 1.983697009598060224e-01 1.522829818725585938e+01
3.630000000000000000e+02 1.980219861570905182e-01 2.081939095905817050e-01 1.521172332763671875e+01
3.640000000000000000e+02 2.090809222621393404e-01 1.981152401874078928e-01 1.523097801208496094e+01
3.650000000000000000e+02 1.991244965034328074e-01 2.077634935800277138e-01 1.521229839324951172e+01
3.660000000000000000e+02 2.089572555730150605e-01 1.976525952217925708e-01 1.523240375518798828e+01
3.670000000000000000e+02 1.995710266682631795e-01 2.083860067606420341e-01 1.521115398406982422e+01
3.680000000000000000e+02 2.091100030346206562e-01 1.979849701669391948e-01 1.523477172851562500e+01
3.690000000000000000e+02 1.982616497433328517e-01 2.079143317460072915e-01 1.521271228790283203e+01
3.700000000000000000e+02 2.089596292262220212e-01 1.976628583486241264e-01 1.523430728912353516e+01
3.710000000000000000e+02 1.991648350524908295e-01 2.084272961052016093e-01 1.521288776397705078e+01
3.720000000000000000e+02 2.092239435216970145e-01 1.978770048424819128e-01 1.523298549652099609e+01
3.730000000000000000e+02 1.978684003732837093e-01 2.086628456465052517e-01 1.521558380126953125e+01
3.740000000000000000e+02 2.084918919434056161e-01 1.986033667637106259e-01 1.523029232025146484e+01
3.750000000000000000e+02 1.982907088052892619e-01 2.082947055152089000e-01 1.521442031860351562e+01
3.760000000000000000e+02 2.087883262851758792e-01 1.979978232440339492e-01 1.522847652435302734e+01
3.770000000000000000e+02 1.984450285314106333e-01 2.081460308619381139e-01 1.521398353576660156e+01
3.780000000000000000e+02 2.084007382304138289e-01 1.973766049170996573e-01 1.522797966003417969e+01
3.790000000000000000e+02 1.984358288807801796e-01 2.081538080751694220e-01 1.521302986145019531e+01
3.800000000000000000e+02 2.083253153493144216e-01 1.976981537739265216e-01 1.522918510437011719e+01
3.810000000000000000e+02 1.982168150643356663e-01 2.083876522796563324e-01 1.521254539489746094e+01
3.820000000000000000e+02 2.081611986153180660e-01 1.975763967740484794e-01 1.522915077209472656e+01
3.830000000000000000e+02 1.980055329441928191e-01 2.074305903168928156e-01 1.521019077301025391e+01
3.840000000000000000e+02 2.081308815427561909e-01 1.968003832590291824e-01 1.522865962982177734e+01
3.850000000000000000e+02 1.979909554604749877e-01 2.073061749218202687e-01 1.520884418487548828e+01
3.860000000000000000e+02 2.079947679593141530e-01 1.970341695446356234e-01 1.522846221923828125e+01
3.870000000000000000e+02 1.974485336355430720e-01 2.074460010106253527e-01 1.520915412902832031e+01
3.880000000000000000e+02 2.078192351603339039e-01 1.976430224005825687e-01 1.522691440582275391e+01
3.890000000000000000e+02 1.977706024107382665e-01 2.076428264007491309e-01 1.521044826507568359e+01
3.900000000000000000e+02 2.084390107424861083e-01 1.967732782756876908e-01 1.522844219207763672e+01
3.910000000000000000e+02 1.988514526233763902e-01 2.069988873429791376e-01 1.521052169799804688e+01
3.920000000000000000e+02 2.092680599258095464e-01 1.967825545034367629e-01 1.523097801208496094e+01
3.930000000000000000e+02 1.984855504722697617e-01 2.069396312320865017e-01 1.520833396911621094e+01
3.940000000000000000e+02 2.093684153045580199e-01 1.967501834539358008e-01 1.523179626464843750e+01
3.950000000000000000e+02 1.990306275903256650e-01 2.075897134612503803e-01 1.520867633819580078e+01
3.960000000000000000e+02 2.090039765482169520e-01 1.969753501716662025e-01 1.523309516906738281e+01
3.970000000000000000e+02 1.992324530462523391e-01 2.070311984579655817e-01 1.520919799804687500e+01
3.980000000000000000e+02 2.086373325913803700e-01 1.964433866832187847e-01 1.523490619659423828e+01
