0.000000000000000000e+00 3.953609401475174229e-02 3.660180048633464994e-02 5.526746749877929688e+00
1.000000000000000000e+00 3.951286428635248510e-02 4.060837070380416552e-02 5.488660335540771484e+00
2.000000000000000000e+00 4.871011405135012434e-02 4.120767699754757790e-02 5.677451133728027344e+00
3.000000000000000000e+00 4.616579815138623089e-02 4.955631546353313904e-02 5.641978263854980469e+00
4.000000000000000000e+00 6.089795041080837273e-02 4.895250107005852391e-02 5.816655635833740234e+00
5.000000000000000000e+00 5.926042624429481154e-02 6.109810437802692951e-02 5.779851436614990234e+00
6.000000000000000000e+00 7.486477335944438649e-02 6.082870534823843489e-02 5.945618629455566406e+00
7.000000000000000000e+00 7.185115496188862472e-02 7.647248906242062882e-02 5.908333301544189453e+00
8.000000000000000000e+00 8.904431357590110452e-02 7.212334479125012687e-02 6.061262130737304688e+00
9.000000000000000000e+00 8.588478970462636031e-02 9.054413971364992653e-02 6.024270534515380859e+00
1.000000000000000000e+01 1.046160397293057071e-01 8.674067160499067397e-02 6.168221950531005859e+00
1.100000000000000000e+01 1.001997353664326879e-01 1.077109089555781385e-01 6.127910137176513672e+00
1.200000000000000000e+01 1.203664996443094687e-01 1.028017270032107328e-01 6.264573574066162109e+00
1.300000000000000000e+01 1.153599535539899801e-01 1.228663671434320342e-01 6.222691535949707031e+00
1.400000000000000000e+01 1.366673369857411557e-01 1.178088137845402783e-01 6.353112697601318359e+00
1.500000000000000000e+01 1.281411035830936629e-01 1.388721019781567756e-01 6.311202049255371094e+00
1.600000000000000000e+01 1.509280759206797495e-01 1.329639133649736238e-01 6.435040950775146484e+00
1.700000000000000000e+01 1.425143445128758679e-01 1.559932496926447476e-01 6.389517784118652344e+00
1.800000000000000000e+01 1.660282633790103879e-01 1.469571330257652964e-01 6.507905006408691406e+00
1.900000000000000000e+01 1.585123121533228430e-01 1.688560304039381510e-01 6.463249206542968750e+00
2.000000000000000000e+01 1.798509968255166680e-01 1.617506338349367356e-01 6.576303958892822266e+00
2.100000000000000000e+01 1.704019788707325789e-01 1.845366046078437405e-01 6.530407428741455078e+00
2.200000000000000000e+01 1.931708690864514522e-01 1.746807741016431770e-01 6.640007495880126953e+00
2.300000000000000000e+01 1.831451492692252325e-01 1.979087908959726028e-01 6.591909408569335938e+00
2.400000000000000000e+01 2.072086211705337633e-01 1.889011881126418102e-01 6.696096420288085938e+00
2.500000000000000000e+01 1.967769366807585740e-01 2.118080240279325011e-01 6.648647785186767578e+00
2.600000000000000000e+01 2.203420113379331025e-01 2.014997578159154756e-01 6.749734878540039062e+00
2.700000000000000000e+01 2.092142763544329320e-01 2.263307321714314868e-01 6.700559139251708984e+00
2.800000000000000000e+01 2.324677421642535602e-01 2.147808486261649774e-01 6.798009395599365234e+00
2.900000000000000000e+01 2.210103581875637879e-01 2.367816543708743116e-01 6.749057769775390625e+00
3.000000000000000000e+01 2.448424071071024777e-01 2.253751694103953152e-01 6.844616889953613281e+00
3.100000000000000000e+01 2.336979631633837040e-01 2.489254197083979603e-01 6.794059753417968750e+00
3.200000000000000000e+01 2.560028169423314015e-01 2.371471037862660503e-01 6.888741016387939453e+00
3.300000000000000000e+01 2.444097769906275475e-01 2.618052524388737590e-01 6.837094306945800781e+00
3.400000000000000000e+01 2.693613287180206539e-01 2.489878960409175335e-01 6.930518150329589844e+00
3.500000000000000000e+01 2.541825387960495730e-01 2.721905356873648429e-01 6.877799034118652344e+00
3.600000000000000000e+01 2.791422231875418380e-01 2.593942996908021326e-01 6.968575954437255859e+00
3.700000000000000000e+01 2.650918479103674397e-01 2.838337111072812835e-01 6.914774894714355469e+00
3.800000000000000000e+01 2.884592988633440935e-01 2.690917837340393581e-01 7.006733894348144531e+00
3.900000000000000000e+01 2.736148681204192967e-01 2.927787752625190532e-01 6.949890613555908203e+00
4.000000000000000000e+01 2.977813033068285042e-01 2.800201542690278766e-01 7.039845466613769531e+00
4.100000000000000000e+01 2.843277814453987751e-01 3.032079425836806674e-01 6.985368251800537109e+00
4.200000000000000000e+01 3.081548192383969376e-01 2.883343298805769450e-01 7.070857048034667969e+00
4.300000000000000000e+01 2.936019271497355976e-01 3.137201790688424752e-01 7.016043186187744141e+00
4.400000000000000000e+01 3.171309382120275910e-01 2.976935801776374180e-01 7.099812984466552734e+00
4.500000000000000000e+01 3.019970206647176192e-01 3.211226771533111091e-01 7.044982910156250000e+00
4.600000000000000000e+01 3.249251961417836676e-01 3.063134130348320050e-01 7.127314090728759766e+00
4.700000000000000000e+01 3.092540418525788204e-01 3.307818540181233780e-01 7.074012756347656250e+00
4.800000000000000000e+01 3.329870171941431423e-01 3.163576877091219819e-01 7.154792785644531250e+00
4.900000000000000000e+01 3.184179179454824649e-01 3.396604319157807694e-01 7.102362155914306641e+00
5.000000000000000000e+01 3.405211122287813419e-01 3.244404356192669980e-01 7.179327487945556641e+00
5.100000000000000000e+01 3.253891846485075234e-01 3.480449830142562373e-01 7.126317501068115234e+00
5.200000000000000000e+01 3.486402271020693777e-01 3.314261123882014104e-01 7.204503536224365234e+00
5.300000000000000000e+01 3.328674651020122610e-01 3.544191487194686685e-01 7.149860858917236328e+00
5.400000000000000000e+01 3.567620695786379859e-01 3.369084094700049992e-01 7.227798461914062500e+00
5.500000000000000000e+01 3.398478587181141264e-01 3.620803834321170145e-01 7.172155857086181641e+00
5.600000000000000000e+01 3.636630851655159868e-01 3.458704206356297828e-01 7.248711585998535156e+00
5.700000000000000000e+01 3.474641166288340854e-01 3.690706626851822381e-01 7.192914962768554688e+00
5.800000000000000000e+01 3.705934496287504043e-01 3.521223494122714959e-01 7.269760608673095703e+00
5.900000000000000000e+01 3.544115428881092211e-01 3.762261605951090493e-01 7.212718963623046875e+00
6.000000000000000000e+01 3.767476078945245499e-01 3.594352990838182715e-01 7.288452148437500000e+00
6.100000000000000000e+01 3.615906448163849207e-01 3.822799323905613500e-01 7.232614040374755859e+00
6.200000000000000000e+01 3.837664201046513401e-01 3.643061040364580783e-01 7.309693813323974609e+00
6.300000000000000000e+01 3.663230112312811926e-01 3.883955407866850895e-01 7.249096870422363281e+00
6.400000000000000000e+01 3.880839992437262187e-01 3.719706824998362249e-01 7.324566841125488281e+00
6.500000000000000000e+01 3.718659665597730535e-01 3.938786192224556504e-01 7.265124797821044922e+00
6.600000000000000000e+01 3.919226480578687499e-01 3.770401025176225995e-01 7.338374137878417969e+00
6.700000000000000000e+01 3.754329551410405807e-01 3.985806791664687765e-01 7.280787467956542969e+00
6.800000000000000000e+01 3.982741442570428836e-01 3.806562977152123106e-01 7.354843139648437500e+00
6.900000000000000000e+01 3.806726271571888032e-01 4.041771856884214253e-01 7.296529769897460938e+00
7.000000000000000000e+01 4.032302125566856743e-01 3.871329886505835427e-01 7.368448257446289062e+00
7.100000000000000000e+01 3.869565652515723486e-01 4.101005178465349510e-01 7.312823772430419922e+00
7.200000000000000000e+01 4.086170648957651030e-01 3.914225722693570053e-01 7.381863594055175781e+00
7.300000000000000000e+01 3.906275438626815033e-01 4.147398424998952615e-01 7.326923847198486328e+00
7.400000000000000000e+01 4.125298592666208353e-01 3.959082059164589218e-01 7.395059108734130859e+00
7.500000000000000000e+01 3.948664468706592490e-01 4.183582401031463172e-01 7.338956832885742188e+00
7.600000000000000000e+01 4.161311044219651034e-01 4.000357407345461191e-01 7.409260272979736328e+00
7.700000000000000000e+01 3.971688448304416807e-01 4.224334407427670635e-01 7.351912975311279297e+00
7.800000000000000000e+01 4.203661311644200649e-01 4.045887907360678493e-01 7.420194149017333984e+00
7.900000000000000000e+01 4.018966190995959531e-01 4.268949937819381257e-01 7.364013195037841797e+00
8.000000000000000000e+01 4.245907283589038239e-01 4.073277120716660704e-01 7.430337905883789062e+00
8.100000000000000000e+01 4.061720588548033417e-01 4.296967817492163277e-01 7.373909950256347656e+00
8.200000000000000000e+01 4.270952128468066267e-01 4.109396182880822868e-01 7.441013813018798828e+00
8.300000000000000000e+01 4.086052890498169110e-01 4.331592826014235564e-01 7.383535385131835938e+00
8.400000000000000000e+01 4.316173663381573933e-01 4.143765467381942957e-01 7.448970317840576172e+00
8.500000000000000000e+01 4.115018742564681142e-01 4.360817832513427805e-01 7.392316341400146484e+00
8.600000000000000000e+01 4.334964188678695485e-01 4.172722993130660862e-01 7.457386016845703125e+00
8.700000000000000000e+01 4.147324476502191049e-01 4.399829716860297335e-01 7.400599956512451172e+00
8.800000000000000000e+01 4.363488135771500520e-01 4.205162821117390815e-01 7.465697765350341797e+00
8.900000000000000000e+01 4.199061468556524734e-01 4.438335092295052631e-01 7.408114910125732422e+00
9.000000000000000000e+01 4.419899523607253577e-01 4.228952854579773324e-01 7.475009918212890625e+00
9.100000000000000000e+01 4.210280909736178190e-01 4.461877241084575840e-01 7.416633129119873047e+00
9.200000000000000000e+01 4.429373977553905939e-01 4.274894771626280843e-01 7.482131481170654297e+00
9.300000000000000000e+01 4.257648096915466196e-01 4.488458160190402779e-01 7.424728870391845703e+00
9.400000000000000000e+01 4.480002257243677621e-01 4.301967603352437886e-01 7.487938880920410156e+00
9.500000000000000000e+01 4.262707930716913007e-01 4.506340746729594060e-01 7.432998180389404297e+00
9.600000000000000000e+01 4.506503102011596429e-01 4.317520833738525687e-01 7.495240688323974609e+00
9.700000000000000000e+01 4.294541938833343342e-01 4.554661994081976029e-01 7.441998958587646484e+00
9.800000000000000000e+01 4.519906136576538613e-01 4.361970262387237507e-01 7.499842166900634766e+00
9.900000000000000000e+01 4.323174901707430573e-01 4.570933800870733421e-01 7.450294494628906250e+00
1.000000000000000000e+02 4.539230125214722689e-01 4.393607224657533616e-01 7.507828712463378906e+00
1.010000000000000000e+02 4.343207286703927861e-01 4.617089820556450341e-01 7.456399917602539062e+00
1.020000000000000000e+02 4.561165863568982792e-01 4.416305614999972429e-01 7.512671947479248047e+00
1.030000000000000000e+02 4.363249885873234368e-01 4.619871063166056113e-01 7.462210655212402344e+00
1.040000000000000000e+02 4.577005574735494298e-01 4.425756519755573715e-01 7.520041942596435547e+00
1.050000000000000000e+02 4.379874414026080354e-01 4.654502602349664397e-01 7.466124057769775391e+00
1.060000000000000000e+02 4.604339328567906842e-01 4.439197693483635243e-01 7.525648117065429688e+00
1.070000000000000000e+02 4.403687216341013455e-01 4.662309231734229620e-01 7.471108913421630859e+00
1.080000000000000000e+02 4.624241603336650130e-01 4.460856553416950310e-01 7.529973030090332031e+00
1.090000000000000000e+02 4.432583901520525393e-01 4.659539036256407640e-01 7.475427150726318359e+00
1.100000000000000000e+02 4.651561138417304453e-01 4.478309191648314203e-01 7.534792423248291016e+00
1.110000000000000000e+02 4.452144289517537268e-01 4.704307161545397409e-01 7.479762077331542969e+00
1.120000000000000000e+02 4.662649526759701235e-01 4.495927243467143231e-01 7.540085792541503906e+00
1.130000000000000000e+02 4.467656128058500320e-01 4.723892216326775473e-01 7.483829498291015625e+00
1.140000000000000000e+02 4.669663406949387530e-01 4.523901761622984852e-01 7.542871952056884766e+00
1.150000000000000000e+02 4.472051078924368928e-01 4.742764214452199756e-01 7.488487243652343750e+00
1.160000000000000000e+02 4.703968828385280965e-01 4.528830799178292787e-01 7.548552989959716797e+00
1.170000000000000000e+02 4.489633662167367700e-01 4.752340419910127678e-01 7.492140293121337891e+00
1.180000000000000000e+02 4.712541281355627221e-01 4.548355569629146666e-01 7.553632259368896484e+00
1.190000000000000000e+02 4.506242309075723651e-01 4.767642097732943673e-01 7.496084213256835938e+00
1.200000000000000000e+02 4.715206415837545628e-01 4.562813589907641076e-01 7.558399200439453125e+00
1.210000000000000000e+02 4.508474359393551123e-01 4.772795536121368087e-01 7.498658657073974609e+00
1.220000000000000000e+02 4.730032326247415320e-01 4.582582463922957872e-01 7.561622142791748047e+00
1.230000000000000000e+02 4.527823262772004975e-01 4.787599644776436847e-01 7.502104282379150391e+00
1.240000000000000000e+02 4.753407419780991683e-01 4.584985452807214812e-01 7.563460826873779297e+00
1.250000000000000000e+02 4.554013810423707120e-01 4.786535134933475044e-01 7.503220081329345703e+00
1.260000000000000000e+02 4.742836852047244145e-01 4.594381864798207649e-01 7.565793037414550781e+00
1.270000000000000000e+02 4.546013721307785027e-01 4.805780146730858626e-01 7.508208274841308594e+00
1.280000000000000000e+02 4.753828604620155551e-01 4.595547378440192898e-01 7.567389488220214844e+00
1.290000000000000000e+02 4.555793249105235532e-01 4.804655499616644621e-01 7.509930133819580078e+00
1.300000000000000000e+02 4.773416157004147231e-01 4.596602670917518396e-01 7.568738937377929688e+00
1.310000000000000000e+02 4.570968569438666473e-01 4.826966075657814215e-01 7.511434078216552734e+00
1.320000000000000000e+02 4.788783230249335499e-01 4.621128336050110974e-01 7.574376106262207031e+00
1.330000000000000000e+02 4.579745074962024431e-01 4.839740261553431289e-01 7.514416217803955078e+00
1.340000000000000000e+02 4.776777090727878927e-01 4.631363015663964022e-01 7.576287269592285156e+00
1.350000000000000000e+02 4.569694175361203592e-01 4.839805480534007387e-01 7.517992973327636719e+00
1.360000000000000000e+02 4.770999071569162475e-01 4.626242523523197980e-01 7.576993465423583984e+00
1.370000000000000000e+02 4.579952814354920076e-01 4.837407999199445641e-01 7.520403385162353516e+00
1.380000000000000000e+02 4.783470728649451553e-01 4.635875127249978189e-01 7.580111503601074219e+00
1.390000000000000000e+02 4.599917175883956322e-01 4.862199462956798834e-01 7.522387981414794922e+00
1.400000000000000000e+02 4.803838416339598627e-01 4.665829666547683385e-01 7.584195137023925781e+00
1.410000000000000000e+02 4.602274292139935663e-01 4.863269556593174947e-01 7.527403831481933594e+00
1.420000000000000000e+02 4.812741329214350605e-01 4.642241941565269370e-01 7.589569091796875000e+00
1.430000000000000000e+02 4.619542700571037663e-01 4.873991144925551855e-01 7.531205654144287109e+00
1.440000000000000000e+02 4.829112081336990880e-01 4.674012894507140192e-01 7.590264797210693359e+00
1.450000000000000000e+02 4.627363674896736168e-01 4.876262469176347869e-01 7.532566547393798828e+00
1.460000000000000000e+02 4.838681462602343331e-01 4.680593284947011101e-01 7.592473506927490234e+00
1.470000000000000000e+02 4.634331150682173273e-01 4.903951373392235191e-01 7.532448768615722656e+00
1.480000000000000000e+02 4.841863222216515328e-01 4.679846651318278483e-01 7.595205783843994141e+00
1.490000000000000000e+02 4.652240126251997454e-01 4.890376583742521155e-01 7.533400535583496094e+00
1.500000000000000000e+02 4.851078982603188039e-01 4.679151206152821207e-01 7.596783638000488281e+00
1.510000000000000000e+02 4.655952693475048920e-01 4.889445526446647983e-01 7.534132003784179688e+00
1.520000000000000000e+02 4.865709201702689279e-01 4.695482477460642956e-01 7.598841190338134766e+00
1.530000000000000000e+02 4.664607308954514808e-01 4.906791782772307320e-01 7.534685611724853516e+00
1.540000000000000000e+02 4.868553675822827609e-01 4.689837607965146593e-01 7.601308345794677734e+00
1.550000000000000000e+02 4.666466809206599176e-01 4.910233300014743563e-01 7.535504341125488281e+00
1.560000000000000000e+02 4.873023769733967892e-01 4.697467220550377576e-01 7.602119445800781250e+00
1.570000000000000000e+02 4.679650654569565971e-01 4.921188244429708369e-01 7.534904479980468750e+00
1.580000000000000000e+02 4.887870568480755518e-01 4.707993828891703370e-01 7.603631973266601562e+00
1.590000000000000000e+02 4.663693515910889986e-01 4.925883543398848485e-01 7.537317752838134766e+00
1.600000000000000000e+02 4.882031710613350950e-01 4.722543266958812436e-01 7.603601455688476562e+00
1.610000000000000000e+02 4.669542916685058276e-01 4.928480857268958126e-01 7.536950111389160156e+00
1.620000000000000000e+02 4.878681093690697135e-01 4.726353146968177432e-01 7.603742122650146484e+00
1.630000000000000000e+02 4.669752918936563857e-01 4.930265501454590416e-01 7.538033962249755859e+00
1.640000000000000000e+02 4.882651463124589863e-01 4.710086511351875838e-01 7.606542587280273438e+00
1.650000000000000000e+02 4.687336489862081734e-01 4.926794354949436960e-01 7.539078712463378906e+00
1.660000000000000000e+02 4.897579175817096120e-01 4.724529166745876640e-01 7.607543945312500000e+00
1.670000000000000000e+02 4.682885302970649088e-01 4.936208261984963985e-01 7.539659023284912109e+00
1.680000000000000000e+02 4.898073974901779870e-01 4.726717842136582970e-01 7.609029293060302734e+00
1.690000000000000000e+02 4.688260326474648632e-01 4.933162908080570563e-01 7.541072368621826172e+00
1.700000000000000000e+02 4.907436337864202192e-01 4.729360865213416143e-01 7.610695838928222656e+00
1.710000000000000000e+02 4.697743134542336496e-01 4.946363992789425401e-01 7.542167663574218750e+00
1.720000000000000000e+02 4.895067420260096891e-01 4.721010939939372375e-01 7.610935688018798828e+00
1.730000000000000000e+02 4.695867981495495114e-01 4.928729408183105121e-01 7.543135166168212891e+00
1.740000000000000000e+02 4.904460082505242569e-01 4.722274991142592637e-01 7.612113475799560547e+00
1.750000000000000000e+02 4.694307755229458756e-01 4.941128776661814492e-01 7.543180465698242188e+00
1.760000000000000000e+02 4.911101048474530439e-01 4.738082423428464085e-01 7.611275196075439453e+00
1.770000000000000000e+02 4.709183828372869307e-01 4.957612464047025380e-01 7.542700767517089844e+00
1.780000000000000000e+02 4.912038178487663775e-01 4.740621808151989081e-01 7.611333370208740234e+00
1.790000000000000000e+02 4.695731634160421053e-01 4.954203953782544412e-01 7.545423030853271484e+00
1.800000000000000000e+02 4.902211744028704965e-01 4.741832056726074662e-01 7.610132694244384766e+00
1.810000000000000000e+02 4.701308133299710867e-01 4.969695551336029693e-01 7.546509742736816406e+00
1.820000000000000000e+02 4.912741073382508872e-01 4.765445435549016118e-01 7.609705448150634766e+00
1.830000000000000000e+02 4.700779687992736600e-01 4.973475889076055534e-01 7.547760009765625000e+00
1.840000000000000000e+02 4.901143598039204852e-01 4.767812504797101503e-01 7.610588550567626953e+00
1.850000000000000000e+02 4.699641066437273418e-01 4.981789661140915704e-01 7.550186157226562500e+00
1.860000000000000000e+02 4.887880877190866058e-01 4.769259288343371539e-01 7.612914562225341797e+00
1.870000000000000000e+02 4.684690741890640275e-01 4.967840982731742128e-01 7.551616191864013672e+00
1.880000000000000000e+02 4.890551395135451784e-01 4.792622860950481734e-01 7.611177921295166016e+00
1.890000000000000000e+02 4.689092762992742025e-01 4.983030530710966799e-01 7.555252552032470703e+00
1.900000000000000000e+02 4.896432998444229523e-01 4.779748604638376919e-01 7.611997127532958984e+00
1.910000000000000000e+02 4.688579116300242711e-01 4.978745978368818159e-01 7.554275035858154297e+00
1.920000000000000000e+02 4.896904146357787257e-01 4.776472522030332790e-01 7.611952304840087891e+00
1.930000000000000000e+02 4.692980581631335801e-01 4.985624884374563193e-01 7.553703784942626953e+00
1.940000000000000000e+02 4.902754199482207143e-01 4.775226139352094501e-01 7.613349914550781250e+00
1.950000000000000000e+02 4.703455609533074844e-01 4.973574102161613109e-01 7.553284168243408203e+00
1.960000000000000000e+02 4.904303249213297633e-01 4.771834398041455705e-01 7.614829540252685547e+00
1.970000000000000000e+02 4.692312622984264880e-01 4.990514288563780987e-01 7.553775310516357422e+00
1.980000000000000000e+02 4.917222565137595036e-01 4.763905239766312860e-01 7.617185115814208984e+00
1.990000000000000000e+02 4.710066823621629761e-01 4.966747210758976627e-01 7.555049896240234375e+00
2.000000000000000000e+02 4.921921789416559556e-01 4.780726840479531670e-01 7.618673324584960938e+00
2.010000000000000000e+02 4.714813176540154638e-01 4.992754553675020079e-01 7.555334091186523438e+00
2.020000000000000000e+02 4.901456249810405286e-01 4.794574712633720703e-01 7.618257522583007812e+00
2.030000000000000000e+02 4.697907687736103677e-01 4.984417638410819085e-01 7.555535793304443359e+00
2.040000000000000000e+02 4.903637698221281482e-01 4.781982681663564105e-01 7.617792606353759766e+00
2.050000000000000000e+02 4.707461048670143478e-01 4.995696081022143464e-01 7.554841995239257812e+00
2.060000000000000000e+02 4.915349459953419209e-01 4.793636311027516528e-01 7.617727279663085938e+00
2.070000000000000000e+02 4.704188869814877605e-01 4.982256722400105198e-01 7.556715011596679688e+00
2.080000000000000000e+02 4.907167617971198714e-01 4.777742294987696314e-01 7.617682456970214844e+00
2.090000000000000000e+02 4.717746169627267672e-01 4.983521708083238910e-01 7.559548854827880859e+00
2.100000000000000000e+02 4.921121203125661814e-01 4.780558794951967894e-01 7.619263172149658203e+00
2.110000000000000000e+02 4.723495621014463519e-01 4.992869959542887148e-01 7.557859897613525391e+00
2.120000000000000000e+02 4.924229239771157896e-01 4.791540977757772768e-01 7.617429256439208984e+00
2.130000000000000000e+02 4.709956875680014199e-01 4.989082433717464959e-01 7.558537483215332031e+00
2.140000000000000000e+02 4.913024161862150074e-01 4.785104549143313069e-01 7.619368553161621094e+00
2.150000000000000000e+02 4.708359713977003924e-01 4.989928310399917022e-01 7.560113906860351562e+00
2.160000000000000000e+02 4.933159687283223960e-01 4.772655170280430958e-01 7.619475364685058594e+00
2.170000000000000000e+02 4.723187852697523503e-01 4.985376372251751897e-01 7.561850547790527344e+00
2.180000000000000000e+02 4.916046575114974559e-01 4.778402870136944647e-01 7.619829177856445312e+00
2.190000000000000000e+02 4.725554033903002216e-01 4.977811994463487433e-01 7.562841415405273438e+00
2.200000000000000000e+02 4.931066642120471855e-01 4.783888758975688993e-01 7.621000289916992188e+00
2.210000000000000000e+02 4.717262855229436003e-01 5.001905104238852928e-01 7.562448978424072266e+00
2.220000000000000000e+02 4.921465685499624154e-01 4.782423977521446101e-01 7.622505187988281250e+00
2.230000000000000000e+02 4.720656157835452227e-01 4.996836231623329461e-01 7.560899257659912109e+00
2.240000000000000000e+02 4.922268008890249846e-01 4.782562269963968049e-01 7.621221065521240234e+00
2.250000000000000000e+02 4.735323041391401588e-01 4.986451772068363764e-01 7.560158252716064453e+00
2.260000000000000000e+02 4.944146518718862127e-01 4.791339223203484599e-01 7.621785640716552734e+00
2.270000000000000000e+02 4.718181209566217893e-01 5.005403169556257303e-01 7.560540199279785156e+00
2.280000000000000000e+02 4.933166681845373436e-01 4.811106415281501403e-01 7.620100021362304688e+00
2.290000000000000000e+02 4.726286088677371655e-01 5.014241596455287775e-01 7.562121868133544922e+00
2.300000000000000000e+02 4.920265775249731965e-01 4.806855164970690319e-01 7.620477676391601562e+00
2.310000000000000000e+02 4.727852304255346083e-01 5.016542151031929686e-01 7.562696933746337891e+00
2.320000000000000000e+02 4.930091101145916421e-01 4.797003193138469346e-01 7.620275974273681641e+00
2.330000000000000000e+02 4.741546015852754481e-01 5.007821871015017967e-01 7.562529563903808594e+00
2.340000000000000000e+02 4.949634146969963955e-01 4.806243393806237107e-01 7.620489120483398438e+00
2.350000000000000000e+02 4.719897167685911388e-01 5.015993087568356712e-01 7.562943458557128906e+00
2.360000000000000000e+02 4.943546545033823403e-01 4.818534150547261197e-01 7.618638038635253906e+00
2.370000000000000000e+02 4.735869256278805173e-01 5.029028294400910148e-01 7.565301895141601562e+00
2.380000000000000000e+02 4.943476284114354247e-01 4.814440255061592788e-01 7.617550849914550781e+00
2.390000000000000000e+02 4.730206831958362335e-01 5.017106365448005256e-01 7.565217971801757812e+00
2.400000000000000000e+02 4.947807336312419202e-01 4.816812632198237409e-01 7.618360042572021484e+00
2.410000000000000000e+02 4.731988091138186192e-01 5.017590585607644149e-01 7.565235137939453125e+00
2.420000000000000000e+02 4.942328314613415596e-01 4.793364248031292685e-01 7.617787837982177734e+00
2.430000000000000000e+02 4.731101847094474899e-01 5.021125673179849258e-01 7.563891410827636719e+00
2.440000000000000000e+02 4.937564992895153715e-01 4.800930049808306288e-01 7.617499828338623047e+00
2.450000000000000000e+02 4.728003565791500939e-01 5.005646812623545383e-01 7.563888549804687500e+00
2.460000000000000000e+02 4.939743145592930818e-01 4.792472351648792706e-01 7.618585586547851562e+00
2.470000000000000000e+02 4.723666079140600993e-01 4.993551777896544919e-01 7.564258098602294922e+00
2.480000000000000000e+02 4.938426552232301758e-01 4.798097597383661483e-01 7.617376327514648438e+00
2.490000000000000000e+02 4.746011299485073387e-01 5.006750157424555425e-01 7.565077781677246094e+00
2.500000000000000000e+02 4.948260723121269411e-01 4.793897649992894250e-01 7.619245529174804688e+00
2.510000000000000000e+02 4.735346272075123819e-01 4.997133206046388554e-01 7.564527034759521484e+00
2.520000000000000000e+02 4.962386017373168756e-01 4.799739587487196202e-01 7.619551658630371094e+00
2.530000000000000000e+02 4.747265138789348859e-01 5.019602705793199116e-01 7.564575195312500000e+00
2.540000000000000000e+02 4.951922799798043062e-01 4.795779950977518968e-01 7.619657993316650391e+00
2.550000000000000000e+02 4.739080831120448534e-01 5.000508221029751343e-01 7.564843177795410156e+00
2.560000000000000000e+02 4.956424674222758009e-01 4.788763046597036555e-01 7.621153354644775391e+00
2.570000000000000000e+02 4.745680982452686880e-01 4.992558120942435784e-01 7.564057826995849609e+00
2.580000000000000000e+02 4.962436931990814037e-01 4.785358251250190209e-01 7.622589588165283203e+00
2.590000000000000000e+02 4.757529124342701476e-01 5.002236227802682178e-01 7.562551498413085938e+00
2.600000000000000000e+02 4.969589863296906551e-01 4.800560573455950331e-01 7.624115467071533203e+00
2.610000000000000000e+02 4.762899371170314922e-01 4.988272086390594384e-01 7.562493324279785156e+00
2.620000000000000000e+02 4.968211076189558706e-01 4.786062159798153970e-01 7.623324871063232422e+00
2.630000000000000000e+02 4.760006552855076123e-01 5.003164532063477665e-01 7.562788486480712891e+00
2.640000000000000000e+02 4.951388194361997508e-01 4.794927726409504709e-01 7.623322010040283203e+00
2.650000000000000000e+02 4.758356769920319418e-01 4.986149403856280360e-01 7.560585021972656250e+00
2.660000000000000000e+02 4.960086550018240059e-01 4.792482882091574359e-01 7.623698711395263672e+00
2.670000000000000000e+02 4.749804667318137663e-01 4.974123217949701359e-01 7.560111045837402344e+00
2.680000000000000000e+02 4.966456828112961741e-01 4.771146665525773378e-01 7.623437881469726562e+00
2.690000000000000000e+02 4.748796811365963988e-01 4.961378578204427847e-01 7.557406425476074219e+00
2.700000000000000000e+02 4.959900114822661799e-01 4.768035326761387860e-01 7.623952865600585938e+00
2.710000000000000000e+02 4.758003727034689212e-01 4.991733684863348675e-01 7.557532310485839844e+00
2.720000000000000000e+02 4.954923350863947307e-01 4.754362931787810553e-01 7.623046875000000000e+00
2.730000000000000000e+02 4.750795582626962110e-01 4.965052326822003148e-01 7.556587219238281250e+00
2.740000000000000000e+02 4.951044957084868581e-01 4.761827742418714426e-01 7.622439861297607422e+00
2.750000000000000000e+02 4.763685147153880473e-01 4.972121524184197616e-01 7.555923938751220703e+00
2.760000000000000000e+02 4.957972936938713215e-01 4.774772042975009012e-01 7.623953819274902344e+00
2.770000000000000000e+02 4.755838996432815713e-01 4.966000231938143550e-01 7.558965206146240234e+00
2.780000000000000000e+02 4.956700914025554128e-01 4.758853440282713176e-01 7.624770164489746094e+00
2.790000000000000000e+02 4.753520635612982770e-01 4.965446384356227982e-01 7.555469989776611328e+00
2.800000000000000000e+02 4.957021042999765759e-01 4.774781221545874588e-01 7.624728202819824219e+00
2.810000000000000000e+02 4.764044769388247058e-01 4.963616892982799511e-01 7.556056022644042969e+00
2.820000000000000000e+02 4.966125736805570567e-01 4.763003567845397468e-01 7.627062320709228516e+00
2.830000000000000000e+02 4.762900235230018153e-01 4.983016452016703624e-01 7.554024696350097656e+00
2.840000000000000000e+02 4.972816626370018533e-01 4.756204504642584929e-01 7.626497745513916016e+00
2.850000000000000000e+02 4.754084353662029749e-01 4.983689522238323177e-01 7.555060386657714844e+00
2.860000000000000000e+02 4.982376868510967616e-01 4.760221830277736044e-01 7.625190258026123047e+00
2.870000000000000000e+02 4.764132823785002246e-01 4.967035865559616403e-01 7.555713176727294922e+00
2.880000000000000000e+02 4.967615959400802916e-01 4.747162859375354538e-01 7.626105308532714844e+00
2.890000000000000000e+02 4.770010456575032864e-01 4.956805071213986613e-01 7.556403636932373047e+00
2.900000000000000000e+02 4.977440664429593764e-01 4.741007387267631712e-01 7.628245830535888672e+00
2.910000000000000000e+02 4.752535094870114496e-01 4.968401033247811238e-01 7.556828022003173828e+00
2.920000000000000000e+02 4.984749532480030609e-01 4.758983274211871506e-01 7.626931190490722656e+00
2.930000000000000000e+02 4.770140928201707098e-01 4.976456947838366895e-01 7.558207511901855469e+00
2.940000000000000000e+02 4.977229926156981343e-01 4.769984725727354213e-01 7.629357814788818359e+00
2.950000000000000000e+02 4.761890050282169828e-01 4.986080494480090719e-01 7.559314250946044922e+00
2.960000000000000000e+02 4.988034654296639170e-01 4.760947210487007086e-01 7.627791404724121094e+00
2.970000000000000000e+02 4.781284616101600937e-01 4.987882869041465050e-01 7.557550430297851562e+00
2.980000000000000000e+02 4.989718985552666353e-01 4.757143685781528575e-01 7.626525402069091797e+00
2.990000000000000000e+02 4.783931131494644773e-01 4.967950670137003533e-01 7.556035995483398438e+00
3.000000000000000000e+02 4.988016607937062474e-01 4.763002564660677729e-01 7.626418590545654297e+00
3.010000000000000000e+02 4.783583258582904119e-01 4.965863736238552151e-01 7.553538799285888672e+00
3.020000000000000000e+02 4.989381424242728680e-01 4.748256747941388967e-01 7.626287460327148438e+00
3.030000000000000000e+02 4.782605491779758355e-01 4.965373635464084279e-01 7.552582263946533203e+00
3.040000000000000000e+02 4.987258367293104233e-01 4.748838676241610157e-01 7.626892566680908203e+00
3.050000000000000000e+02 4.779715330229799553e-01 4.956339970991071597e-01 7.552044391632080078e+00
3.060000000000000000e+02 4.984937194088449597e-01 4.757447861409120904e-01 7.626605987548828125e+00
3.070000000000000000e+02 4.779059132368883023e-01 4.976941800634430146e-01 7.551164627075195312e+00
3.080000000000000000e+02 4.979910341683082553e-01 4.741870928235413230e-01 7.625271797180175781e+00
3.090000000000000000e+02 4.767136402734495348e-01 4.966408670483768995e-01 7.549525260925292969e+00
3.100000000000000000e+02 4.970103445549499677e-01 4.748898900223157415e-01 7.622943401336669922e+00
3.110000000000000000e+02 4.763496439307921548e-01 4.975640607018050887e-01 7.549882411956787109e+00
3.120000000000000000e+02 4.970657553055415345e-01 4.774075250312319052e-01 7.622589588165283203e+00
3.130000000000000000e+02 4.755763357384307222e-01 4.985655845812700937e-01 7.551399707794189453e+00
3.140000000000000000e+02 4.973820147704416383e-01 4.777268414166347399e-01 7.620569705963134766e+00
3.150000000000000000e+02 4.760391857866776988e-01 4.999416815215607657e-01 7.551692008972167969e+00
3.160000000000000000e+02 4.949532001449054586e-01 4.777041988505223435e-01 7.620863914489746094e+00
3.170000000000000000e+02 4.758809790473613743e-01 4.973092209510992512e-01 7.552705764770507812e+00
3.180000000000000000e+02 4.963206127230590514e-01 4.761427923139122664e-01 7.622000217437744141e+00
3.190000000000000000e+02 4.763056941640238517e-01 4.974251730825174356e-01 7.551343441009521484e+00
3.200000000000000000e+02 4.971397860460863294e-01 4.755297917577966937e-01 7.623840808868408203e+00
3.210000000000000000e+02 4.784485725816829960e-01 4.976953451918019744e-01 7.551820278167724609e+00
3.220000000000000000e+02 4.978438810847733986e-01 4.770706928844572481e-01 7.625824928283691406e+00
3.230000000000000000e+02 4.769640915404909642e-01 4.992486275125218587e-01 7.551932334899902344e+00
3.240000000000000000e+02 4.985363481946720188e-01 4.772083650647830355e-01 7.626736164093017578e+00
3.250000000000000000e+02 4.765782462828138111e-01 4.984325364243328282e-01 7.554755687713623047e+00
3.260000000000000000e+02 4.979225545140569809e-01 4.777169160394428848e-01 7.625914573669433594e+00
3.270000000000000000e+02 4.766744201902234912e-01 4.999099572314987250e-01 7.555161476135253906e+00
3.280000000000000000e+02 4.960237708696836889e-01 4.779894504937147182e-01 7.625151157379150391e+00
3.290000000000000000e+02 4.753576992938466361e-01 4.997131428398386421e-01 7.557255744934082031e+00
3.300000000000000000e+02 4.976024947829901790e-01 4.798813347521538319e-01 7.625141143798828125e+00
3.310000000000000000e+02 4.760549982356597765e-01 5.008532464845992793e-01 7.556316375732421875e+00
3.320000000000000000e+02 4.966510192698743720e-01 4.787171251251730042e-01 7.625168323516845703e+00
3.330000000000000000e+02 4.742757466960872414e-01 4.998479887043170145e-01 7.557965278625488281e+00
3.340000000000000000e+02 4.949582908062375997e-01 4.786535046411640182e-01 7.624167919158935547e+00
3.350000000000000000e+02 4.733557617762124692e-01 5.001558732713771160e-01 7.557660102844238281e+00
3.360000000000000000e+02 4.943913415069493000e-01 4.789170491603542690e-01 7.624018192291259766e+00
3.370000000000000000e+02 4.741288145788938868e-01 4.995897837433824207e-01 7.558515071868896484e+00
3.380000000000000000e+02 4.950438782742540567e-01 4.780279536693631814e-01 7.624664306640625000e+00
3.390000000000000000e+02 4.750188937537407341e-01 4.984469324602627816e-01 7.559021949768066406e+00
3.400000000000000000e+02 4.963522239762100385e-01 4.779927195020570174e-01 7.624255180358886719e+00
3.410000000000000000e+02 4.730684882937409852e-01 4.999123884881427893e-01 7.559365749359130859e+00
3.420000000000000000e+02 4.933492156200982581e-01 4.779654794330355227e-01 7.621984958648681641e+00
3.430000000000000000e+02 4.728138933330123805e-01 4.984627620544013205e-01 7.560554027557373047e+00
3.440000000000000000e+02 4.917195624576122803e-01 4.796107580300725259e-01 7.622227668762207031e+00
3.450000000000000000e+02 4.734973115263415577e-01 4.997011888621131770e-01 7.559517383575439453e+00
3.460000000000000000e+02 4.937492158212702376e-01 4.787146948208585995e-01 7.624171257019042969e+00
3.470000000000000000e+02 4.727412649503228703e-01 4.990526769852702826e-01 7.558121204376220703e+00
3.480000000000000000e+02 4.943331701370444198e-01 4.795602553484514252e-01 7.623801708221435547e+00
3.490000000000000000e+02 4.731781544423785402e-01 4.989576967626248027e-01 7.558448791503906250e+00
3.500000000000000000e+02 4.960264295777327970e-01 4.787126051607173416e-01 7.625607967376708984e+00
3.510000000000000000e+02 4.745787493605787000e-01 4.983750611919162132e-01 7.556849956512451172e+00
3.520000000000000000e+02 4.959458821562902076e-01 4.781951340867746647e-01 7.626624584197998047e+00
3.530000000000000000e+02 4.752533849126817089e-01 4.999247871565166146e-01 7.555924415588378906e+00
3.540000000000000000e+02 4.958207195332746120e-01 4.780190789841142762e-01 7.628069400787353516e+00
3.550000000000000000e+02 4.744440134886222515e-01 4.987116397488998154e-01 7.555227756500244141e+00
3.560000000000000000e+02 4.939209396065895041e-01 4.793627704996965000e-01 7.628994941711425781e+00
3.570000000000000000e+02 4.745517035218395629e-01 4.986936342960994750e-01 7.556287765502929688e+00
3.580000000000000000e+02 4.956949120366775374e-01 4.787159045140134683e-01 7.626796245574951172e+00
3.590000000000000000e+02 4.757833312231259937e-01 5.001387396396078655e-01 7.556136608123779297e+00
3.600000000000000000e+02 4.958042884960119911e-01 4.782409658943325148e-01 7.626121997833251953e+00
3.610000000000000000e+02 4.743458132399611671e-01 5.002855794135226963e-01 7.557980537414550781e+00
3.620000000000000000e+02 4.952963663593197285e-01 4.784256968297854740e-01 7.626179218292236328e+00
3.630000000000000000e+02 4.748267094749002992e-01 5.002249817142756516e-01 7.560676574707031250e+00
3.640000000000000000e+02 4.948904301911862813e-01 4.803338748685516135e-01 7.625331401824951172e+00
3.650000000000000000e+02 4.739433896789383427e-01 5.024264030067761011e-01 7.560655593872070312e+00
3.660000000000000000e+02 4.946660683376102319e-01 4.804243333488302237e-01 7.623581409454345703e+00
3.670000000000000000e+02 4.756895168647882199e-01 5.015629817043879557e-01 7.559670448303222656e+00
3.680000000000000000e+02 4.973010846850329236e-01 4.797076410800183432e-01 7.624353408813476562e+00
3.690000000000000000e+02 4.754065900110287513e-01 4.990693829625825750e-01 7.558519363403320312e+00
3.700000000000000000e+02 4.943408704724226443e-01 4.783183613136667289e-01 7.624254703521728516e+00
3.710000000000000000e+02 4.742153159714985744e-01 4.989363979467601462e-01 7.557187557220458984e+00
3.720000000000000000e+02 4.965009188722505074e-01 4.784870321514533287e-01 7.623727321624755859e+00
3.730000000000000000e+02 4.760843487118781026e-01 4.997352450709994232e-01 7.556874752044677734e+00
3.740000000000000000e+02 4.979370724168761808e-01 4.783619657822387738e-01 7.624640464782714844e+00
3.750000000000000000e+02 4.761050499548169501e-01 4.995904657124340398e-01 7.557977676391601562e+00
3.760000000000000000e+02 4.963690895374330281e-01 4.772983415227253778e-01 7.625632762908935547e+00
3.770000000000000000e+02 4.767301317332590105e-01 4.992239313399834955e-01 7.557308673858642578e+00
3.780000000000000000e+02 4.962208805667355782e-01 4.775068902104518953e-01 7.623426437377929688e+00
3.790000000000000000e+02 4.758341050596767152e-01 4.983272627572210567e-01 7.556993961334228516e+00
3.800000000000000000e+02 4.966664527223913495e-01 4.785407492970893406e-01 7.622717857360839844e+00
3.810000000000000000e+02 4.753161493793869874e-01 5.013351779809999131e-01 7.553612709045410156e+00
3.820000000000000000e+02 4.957417875036300714e-01 4.780670432932740410e-01 7.619209766387939453e+00
3.830000000000000000e+02 4.766051600424353607e-01 4.994926652985717253e-01 7.554436206817626953e+00
3.840000000000000000e+02 4.958998353455725261e-01 4.788396001010984948e-01 7.619659423828125000e+00
3.850000000000000000e+02 4.742184100732921292e-01 4.995983318928210459e-01 7.551998615264892578e+00
3.860000000000000000e+02 4.964382542922575747e-01 4.788069760347902215e-01 7.619918823242187500e+00
3.870000000000000000e+02 4.751059635554414351e-01 5.018629021483939079e-01 7.554123878479003906e+00
3.880000000000000000e+02 4.955379673115997141e-01 4.792307318434428365e-01 7.618731975555419922e+00
3.890000000000000000e+02 4.765296502981413718e-01 5.022450670701777975e-01 7.553403854370117188e+00
3.900000000000000000e+02 4.955602832917606060e-01 4.799624323808067139e-01 7.617458343505859375e+00
3.910000000000000000e+02 4.753185161425157457e-01 5.024021950538775094e-01 7.553974151611328125e+00
3.920000000000000000e+02 4.951251929527621942e-01 4.802295299020156172e-01 7.616949558258056641e+00
3.930000000000000000e+02 4.739594175600707060e-01 5.023188316804850784e-01 7.556081771850585938e+00
3.940000000000000000e+02 4.945141068525444328e-01 4.803336732839198486e-01 7.616836547851562500e+00
3.950000000000000000e+02 4.737768007232255885e-01 5.009327646607515394e-01 7.557178497314453125e+00
3.960000000000000000e+02 4.951787052513917375e-01 4.811458403980948817e-01 7.618085384368896484e+00
3.970000000000000000e+02 4.735957933229930084e-01 5.021490034730873298e-01 7.557631015777587891e+00
3.980000000000000000e+02 4.951603870349828851e-01 4.817841117133664919e-01 7.614507198333740234e+00
