0.000000000000000000e+00 6.860642728434607207e-02 6.158944756087531003e-02 3.612344026565551758e+00
1.000000000000000000e+00 6.721311926506527701e-02 6.832885122075378626e-02 3.627032041549682617e+00
2.000000000000000000e+00 8.686962821154826930e-02 6.842991518980515164e-02 3.761000394821166992e+00
3.000000000000000000e+00 8.589810424633936847e-02 8.581111831385380972e-02 3.774673938751220703e+00
4.000000000000000000e+00 1.099208352596069416e-01 8.571155666425249453e-02 3.891568422317504883e+00
5.000000000000000000e+00 1.062750226755699440e-01 1.129469223544473516e-01 3.904170989990234375e+00
6.000000000000000000e+00 1.391339015862877726e-01 1.070637005171577033e-01 4.007267475128173828e+00
7.000000000000000000e+00 1.331493029350045432e-01 1.386501842166666665e-01 4.017541885375976562e+00
8.000000000000000000e+00 1.677468940382120521e-01 1.316385387871474577e-01 4.108281135559082031e+00
9.000000000000000000e+00 1.590396704686128648e-01 1.656242171592166024e-01 4.117630004882812500e+00
1.000000000000000000e+01 1.953418744715382516e-01 1.576810752877665922e-01 4.197638034820556641e+00
1.100000000000000000e+01 1.861461178295732155e-01 1.942973860332010971e-01 4.207688331604003906e+00
1.200000000000000000e+01 2.197694436981849908e-01 1.854734092241856758e-01 4.274841308593750000e+00
1.300000000000000000e+01 2.129352321822316485e-01 2.211769095939937202e-01 4.287317276000976562e+00
1.400000000000000000e+01 2.471236657802486081e-01 2.133172367661790303e-01 4.346321582794189453e+00
1.500000000000000000e+01 2.355145908102247998e-01 2.462069884086196536e-01 4.358873844146728516e+00
1.600000000000000000e+01 2.705045794032890361e-01 2.365536408951411929e-01 4.409591674804687500e+00
1.700000000000000000e+01 2.568766198318952476e-01 2.734768454805571181e-01 4.422088146209716797e+00
1.800000000000000000e+01 2.928048382154390117e-01 2.580386682328772996e-01 4.466645717620849609e+00
1.900000000000000000e+01 2.801263547449011626e-01 2.961905292861548578e-01 4.479430198669433594e+00
2.000000000000000000e+01 3.144302409917172914e-01 2.820262324590149805e-01 4.518995761871337891e+00
2.100000000000000000e+01 2.988334182703553110e-01 3.173265258490943208e-01 4.532558441162109375e+00
2.200000000000000000e+01 3.359578992933332509e-01 3.013841781359170580e-01 4.566936969757080078e+00
2.300000000000000000e+01 3.216294494272624593e-01 3.404412785873079383e-01 4.581455707550048828e+00
2.400000000000000000e+01 3.572822194785876815e-01 3.218505358967572172e-01 4.613288402557373047e+00
2.500000000000000000e+01 3.394488696907543845e-01 3.578746468617690080e-01 4.627326965332031250e+00
2.600000000000000000e+01 3.744168555581852686e-01 3.397323629363860897e-01 4.653670787811279297e+00
2.700000000000000000e+01 3.576441154460403560e-01 3.782005086088479628e-01 4.669113159179687500e+00
2.800000000000000000e+01 3.949679682308241957e-01 3.583466237345378502e-01 4.693527698516845703e+00
2.900000000000000000e+01 3.759058957314108662e-01 3.951559194406589759e-01 4.707410335540771484e+00
3.000000000000000000e+01 4.117069760386437571e-01 3.765658167798212608e-01 4.729302883148193359e+00
3.100000000000000000e+01 3.925941568972775575e-01 4.118137018128033566e-01 4.744276046752929688e+00
3.200000000000000000e+01 4.263627975273029946e-01 3.917092652783472073e-01 4.761665821075439453e+00
3.300000000000000000e+01 4.078485312855138489e-01 4.251916501126741799e-01 4.776409626007080078e+00
3.400000000000000000e+01 4.420348406235543037e-01 4.099418161210041656e-01 4.790558338165283203e+00
3.500000000000000000e+01 4.230335744070824466e-01 4.423370966372594526e-01 4.808262825012207031e+00
3.600000000000000000e+01 4.550259055328873536e-01 4.224593524942355516e-01 4.819440841674804688e+00
3.700000000000000000e+01 4.324275357224443006e-01 4.569983912359524281e-01 4.837670803070068359e+00
3.800000000000000000e+01 4.670489514409574827e-01 4.393720730568406729e-01 4.845232486724853516e+00
3.900000000000000000e+01 4.473707738429928416e-01 4.712885522328261745e-01 4.864295482635498047e+00
4.000000000000000000e+01 4.816160720244223037e-01 4.507785377251753434e-01 4.870856285095214844e+00
4.100000000000000000e+01 4.593282650756164154e-01 4.843587401478972598e-01 4.889836311340332031e+00
4.200000000000000000e+01 4.933004804037369184e-01 4.671647288987398894e-01 4.892836093902587891e+00
4.300000000000000000e+01 4.712035046185230613e-01 4.997495443628506284e-01 4.914004802703857422e+00
4.400000000000000000e+01 5.052223772547130842e-01 4.815131865254422827e-01 4.913611412048339844e+00
4.500000000000000000e+01 4.830480017330670561e-01 5.096849707820811926e-01 4.938270092010498047e+00
4.600000000000000000e+01 5.161341585624260597e-01 4.920864054393646048e-01 4.934889793395996094e+00
4.700000000000000000e+01 4.956200877610111855e-01 5.244748819868406686e-01 4.959516048431396484e+00
4.800000000000000000e+01 5.261330662732085495e-01 5.006565724445970478e-01 4.954608917236328125e+00
4.900000000000000000e+01 5.060773330530832226e-01 5.337637312778825693e-01 4.979431152343750000e+00
5.000000000000000000e+01 5.368781827808251084e-01 5.115096021956063721e-01 4.973355770111083984e+00
5.100000000000000000e+01 5.164695525368916407e-01 5.449840028367677336e-01 4.997383594512939453e+00
5.200000000000000000e+01 5.463020909284163062e-01 5.224282231339989480e-01 4.989635467529296875e+00
5.300000000000000000e+01 5.235726002827877368e-01 5.510788125396407500e-01 5.013587951660156250e+00
5.400000000000000000e+01 5.550391255919085998e-01 5.302747847071209719e-01 5.007006645202636719e+00
5.500000000000000000e+01 5.322446171053882846e-01 5.611702205514771391e-01 5.029129028320312500e+00
5.600000000000000000e+01 5.642383538185995473e-01 5.402302738177870989e-01 5.021154880523681641e+00
5.700000000000000000e+01 5.419546957776176788e-01 5.694404571994755582e-01 5.045975685119628906e+00
5.800000000000000000e+01 5.713314766500220410e-01 5.462516188224159075e-01 5.035911560058593750e+00
5.900000000000000000e+01 5.507979528154927085e-01 5.765923380197719439e-01 5.058812141418457031e+00
6.000000000000000000e+01 5.804513687670187494e-01 5.535948432847141998e-01 5.050602912902832031e+00
6.100000000000000000e+01 5.579781831433234807e-01 5.838061473462354822e-01 5.070660591125488281e+00
6.200000000000000000e+01 5.853669752890287015e-01 5.600222994090051643e-01 5.063998699188232422e+00
6.300000000000000000e+01 5.659018432147426836e-01 5.894631125631377699e-01 5.082491874694824219e+00
6.400000000000000000e+01 5.936783740580170443e-01 5.686671062236740015e-01 5.076292514801025391e+00
6.500000000000000000e+01 5.725153192551706294e-01 5.958447313037432691e-01 5.093316078186035156e+00
6.600000000000000000e+01 6.014770080941401753e-01 5.741928590696481205e-01 5.088062286376953125e+00
6.700000000000000000e+01 5.799884430243350542e-01 5.998258692283826576e-01 5.104026317596435547e+00
6.800000000000000000e+01 6.068498655081777660e-01 5.799676542412929292e-01 5.097930908203125000e+00
6.900000000000000000e+01 5.831083397248483235e-01 6.068525841723046987e-01 5.113972187042236328e+00
7.000000000000000000e+01 6.116881218446474922e-01 5.849536585541277312e-01 5.108051776885986328e+00
7.100000000000000000e+01 5.913678456018239826e-01 6.128269838082979204e-01 5.124592781066894531e+00
7.200000000000000000e+01 6.164374852349771006e-01 5.894323843878555014e-01 5.117873668670654297e+00
7.300000000000000000e+01 5.965572187521606118e-01 6.167491672476943521e-01 5.133161544799804688e+00
7.400000000000000000e+01 6.213568653924037566e-01 5.949560438424953412e-01 5.125469684600830078e+00
7.500000000000000000e+01 6.016376874998340396e-01 6.226633518957567226e-01 5.142674446105957031e+00
7.600000000000000000e+01 6.257010281401673701e-01 6.009810454554116443e-01 5.134841442108154297e+00
7.700000000000000000e+01 6.072248594291388413e-01 6.257789679851292197e-01 5.149362087249755859e+00
7.800000000000000000e+01 6.325796644584523731e-01 6.056088776801141771e-01 5.141735076904296875e+00
7.900000000000000000e+01 6.100949601106014919e-01 6.316440870311533784e-01 5.155589580535888672e+00
8.000000000000000000e+01 6.387611265075064937e-01 6.101906731332549239e-01 5.148366928100585938e+00
8.100000000000000000e+01 6.179224179212016166e-01 6.359795559895969896e-01 5.163363933563232422e+00
8.200000000000000000e+01 6.409920822613708324e-01 6.121190110144441032e-01 5.156159877777099609e+00
8.300000000000000000e+01 6.195449581098151359e-01 6.409655498670543405e-01 5.170757770538330078e+00
8.400000000000000000e+01 6.453806383467516339e-01 6.156644399671944434e-01 5.164082050323486328e+00
8.500000000000000000e+01 6.242394919965226219e-01 6.410215257108186071e-01 5.177181720733642578e+00
8.600000000000000000e+01 6.479560369658747820e-01 6.222888102118132592e-01 5.170632362365722656e+00
8.700000000000000000e+01 6.265902151693069078e-01 6.444855720249440534e-01 5.181348800659179688e+00
8.800000000000000000e+01 6.530957154011050037e-01 6.230004533072734940e-01 5.177268981933593750e+00
8.900000000000000000e+01 6.324063783528891536e-01 6.460717249573371124e-01 5.185226440429687500e+00
9.000000000000000000e+01 6.555522633732628890e-01 6.248709521047405291e-01 5.182976722717285156e+00
9.100000000000000000e+01 6.346579320095474541e-01 6.507215056188290214e-01 5.189768314361572266e+00
9.200000000000000000e+01 6.604506717250758774e-01 6.273220414034559322e-01 5.187570095062255859e+00
9.300000000000000000e+01 6.366444963300567084e-01 6.540961645697066507e-01 5.192799568176269531e+00
9.400000000000000000e+01 6.620720840324767487e-01 6.309933428603613503e-01 5.192659378051757812e+00
9.500000000000000000e+01 6.393256719672982813e-01 6.563992277177091994e-01 5.198103427886962891e+00
9.600000000000000000e+01 6.644847429927113192e-01 6.331315284571086277e-01 5.197121143341064453e+00
9.700000000000000000e+01 6.395078601230468340e-01 6.589438559471001433e-01 5.201375007629394531e+00
9.800000000000000000e+01 6.659505233930134160e-01 6.362787874045697789e-01 5.201687335968017578e+00
9.900000000000000000e+01 6.444982344273496588e-01 6.610495295550204986e-01 5.205588817596435547e+00
1.000000000000000000e+02 6.690752001445473551e-01 6.387485241586862150e-01 5.204955577850341797e+00
1.010000000000000000e+02 6.471917494750064614e-01 6.634215450449260087e-01 5.208798885345458984e+00
1.020000000000000000e+02 6.711224916430174048e-01 6.398004459274249101e-01 5.208460807800292969e+00
1.030000000000000000e+02 6.501355531867638593e-01 6.641743722394081173e-01 5.212726593017578125e+00
1.040000000000000000e+02 6.744768394992323168e-01 6.426307538809865605e-01 5.213066101074218750e+00
1.050000000000000000e+02 6.535906289982812423e-01 6.665862540144535942e-01 5.215452194213867188e+00
1.060000000000000000e+02 6.768893393908334000e-01 6.449945523543351156e-01 5.217502117156982422e+00
1.070000000000000000e+02 6.546899726755407434e-01 6.673373685395785904e-01 5.217165946960449219e+00
1.080000000000000000e+02 6.791524273135012280e-01 6.446133906115919521e-01 5.221040248870849609e+00
1.090000000000000000e+02 6.564800654315894324e-01 6.697106345551762097e-01 5.220437526702880859e+00
1.100000000000000000e+02 6.814041211709515045e-01 6.449449303398394617e-01 5.224305152893066406e+00
1.110000000000000000e+02 6.586938955885052183e-01 6.706621867409180426e-01 5.223776817321777344e+00
1.120000000000000000e+02 6.806745623573194903e-01 6.477015018671391511e-01 5.226623535156250000e+00
1.130000000000000000e+02 6.595632250436058719e-01 6.708612640173378106e-01 5.226907253265380859e+00
1.140000000000000000e+02 6.825265632423739293e-01 6.514835312679038148e-01 5.227712154388427734e+00
1.150000000000000000e+02 6.589624285510258250e-01 6.755521802055183267e-01 5.229846477508544922e+00
1.160000000000000000e+02 6.835057105729561711e-01 6.581919629909606106e-01 5.229950904846191406e+00
1.170000000000000000e+02 6.617454719272946040e-01 6.781125082090699863e-01 5.232801437377929688e+00
1.180000000000000000e+02 6.851885701524452754e-01 6.549538874750830963e-01 5.231118202209472656e+00
1.190000000000000000e+02 6.634457354848505295e-01 6.793102315149338599e-01 5.236126422882080078e+00
1.200000000000000000e+02 6.835203467750873285e-01 6.563309329505596645e-01 5.233136653900146484e+00
1.210000000000000000e+02 6.633417869250982646e-01 6.804856876379229425e-01 5.239765167236328125e+00
1.220000000000000000e+02 6.863747507717993246e-01 6.564776613186699139e-01 5.233725547790527344e+00
1.230000000000000000e+02 6.642742119013554936e-01 6.831690897522486594e-01 5.240959644317626953e+00
1.240000000000000000e+02 6.878326335210147580e-01 6.594310829914300509e-01 5.236364364624023438e+00
1.250000000000000000e+02 6.675611950922523130e-01 6.818656301543297715e-01 5.243612766265869141e+00
1.260000000000000000e+02 6.887810405807711644e-01 6.610277625351349551e-01 5.238839626312255859e+00
1.270000000000000000e+02 6.677907137808820615e-01 6.821557016008380492e-01 5.245917797088623047e+00
1.280000000000000000e+02 6.895236138560217887e-01 6.581344814135808852e-01 5.240464210510253906e+00
1.290000000000000000e+02 6.689707077537748736e-01 6.861736829977942431e-01 5.246797084808349609e+00
1.300000000000000000e+02 6.906552984727304390e-01 6.631325671132146660e-01 5.240543842315673828e+00
1.310000000000000000e+02 6.675832956955134456e-01 6.868839648368801898e-01 5.250801086425781250e+00
1.320000000000000000e+02 6.901574219199111404e-01 6.632526249437781241e-01 5.241295814514160156e+00
1.330000000000000000e+02 6.692619864569099297e-01 6.880711582492524681e-01 5.252517700195312500e+00
1.340000000000000000e+02 6.928757919909295238e-01 6.634205145327535247e-01 5.243467807769775391e+00
1.350000000000000000e+02 6.696855380053713391e-01 6.885902447863118114e-01 5.251840591430664062e+00
1.360000000000000000e+02 6.925563293737111437e-01 6.661045331184926033e-01 5.245875358581542969e+00
1.370000000000000000e+02 6.707863106680146403e-01 6.892671478737608659e-01 5.252492904663085938e+00
1.380000000000000000e+02 6.936830959445361433e-01 6.662904877495918754e-01 5.247228622436523438e+00
1.390000000000000000e+02 6.726188599543456714e-01 6.895823763319304245e-01 5.253572940826416016e+00
1.400000000000000000e+02 6.930215925341886019e-01 6.673441564544417837e-01 5.248733520507812500e+00
1.410000000000000000e+02 6.722420793172402265e-01 6.898113133266404740e-01 5.255054473876953125e+00
1.420000000000000000e+02 6.956041485381581069e-01 6.678365397866523612e-01 5.249504089355468750e+00
1.430000000000000000e+02 6.744485164252085330e-01 6.904024142481716142e-01 5.255652427673339844e+00
1.440000000000000000e+02 6.945168127626777377e-01 6.664632099242567831e-01 5.250281810760498047e+00
1.450000000000000000e+02 6.722728319081181514e-01 6.914000324982657597e-01 5.257288932800292969e+00
1.460000000000000000e+02 6.950901248686852663e-01 6.670973146598336845e-01 5.251421451568603516e+00
1.470000000000000000e+02 6.728902674550333307e-01 6.916797358807028617e-01 5.258693218231201172e+00
1.480000000000000000e+02 6.958977401395340934e-01 6.694257615763142821e-01 5.253037929534912109e+00
1.490000000000000000e+02 6.755594864130308741e-01 6.917092699327236360e-01 5.258322715759277344e+00
1.500000000000000000e+02 6.968013180526014816e-01 6.694927011912871206e-01 5.254216670989990234e+00
1.510000000000000000e+02 6.749497562420151420e-01 6.934194382504007548e-01 5.258521080017089844e+00
1.520000000000000000e+02 6.960627177827862777e-01 6.698567750222133022e-01 5.253496646881103516e+00
1.530000000000000000e+02 6.735397584465876442e-01 6.936253151138572770e-01 5.262227535247802734e+00
1.540000000000000000e+02 6.967845051906959020e-01 6.705210285523243163e-01 5.252655029296875000e+00
1.550000000000000000e+02 6.748492321658829951e-01 6.946031401209313838e-01 5.262410640716552734e+00
1.560000000000000000e+02 7.003848271226535971e-01 6.714658319247400753e-01 5.255868434906005859e+00
1.570000000000000000e+02 6.772386328972500591e-01 6.953267053687058885e-01 5.263185501098632812e+00
1.580000000000000000e+02 7.004946987821378812e-01 6.701818491951923029e-01 5.256520271301269531e+00
1.590000000000000000e+02 6.774311322789242640e-01 6.938518236318522714e-01 5.263285160064697266e+00
1.600000000000000000e+02 7.005590834179878934e-01 6.743942374021231201e-01 5.256937026977539062e+00
1.610000000000000000e+02 6.758596559249638869e-01 6.958937338307533693e-01 5.263684749603271484e+00
1.620000000000000000e+02 6.972007926507109987e-01 6.732570054054434205e-01 5.257302761077880859e+00
1.630000000000000000e+02 6.757337155794330696e-01 6.953643114279904891e-01 5.265590190887451172e+00
1.640000000000000000e+02 6.989275074781347019e-01 6.722629475259463971e-01 5.256387710571289062e+00
1.650000000000000000e+02 6.769671786789868140e-01 6.955366156383254728e-01 5.266389369964599609e+00
1.660000000000000000e+02 6.988630847814601976e-01 6.741257160875340215e-01 5.256804943084716797e+00
1.670000000000000000e+02 6.763639994576600145e-01 6.968922858946168253e-01 5.267636775970458984e+00
1.680000000000000000e+02 6.994216529051706654e-01 6.751221280622798915e-01 5.257092475891113281e+00
1.690000000000000000e+02 6.778124834674957855e-01 6.968781486679838100e-01 5.269904613494873047e+00
1.700000000000000000e+02 7.008122800193459234e-01 6.758420203461699138e-01 5.258232116699218750e+00
1.710000000000000000e+02 6.765758456503184748e-01 6.979828756952751734e-01 5.269689559936523438e+00
1.720000000000000000e+02 7.009947511635776785e-01 6.736046806013853416e-01 5.257590293884277344e+00
1.730000000000000000e+02 6.769771391021498497e-01 6.969097431936603915e-01 5.270409107208251953e+00
1.740000000000000000e+02 7.001516625282042661e-01 6.757080456136588253e-01 5.257128715515136719e+00
1.750000000000000000e+02 6.782890128450402845e-01 6.973056988963083347e-01 5.269782543182373047e+00
1.760000000000000000e+02 6.994375597510658071e-01 6.745063216970349496e-01 5.257024288177490234e+00
1.770000000000000000e+02 6.759435226517526152e-01 6.992555812199851006e-01 5.269414424896240234e+00
1.780000000000000000e+02 6.999693289065572754e-01 6.740592510852120300e-01 5.257424354553222656e+00
1.790000000000000000e+02 6.783327263237475258e-01 6.971027018383180174e-01 5.270241260528564453e+00
1.800000000000000000e+02 7.003877413510773975e-01 6.756170061351602918e-01 5.258121013641357422e+00
1.810000000000000000e+02 6.766262079025484599e-01 6.983011884200719388e-01 5.271092891693115234e+00
1.820000000000000000e+02 6.978919005401672537e-01 6.748862265135352478e-01 5.256995201110839844e+00
1.830000000000000000e+02 6.762400558390301297e-01 6.972313353771392164e-01 5.271776199340820312e+00
1.840000000000000000e+02 6.983205153283477129e-01 6.762199858428644683e-01 5.256939888000488281e+00
1.850000000000000000e+02 6.775742828489617064e-01 6.992806592934874832e-01 5.272596359252929688e+00
1.860000000000000000e+02 7.001923319400981116e-01 6.751082251453129901e-01 5.257208824157714844e+00
1.870000000000000000e+02 6.782696050462668769e-01 7.003826267901405167e-01 5.272162437438964844e+00
1.880000000000000000e+02 6.995626192414805544e-01 6.748049708466248298e-01 5.258724212646484375e+00
1.890000000000000000e+02 6.789966472635134975e-01 6.994888840116084694e-01 5.273138523101806641e+00
1.900000000000000000e+02 7.008806675810217435e-01 6.739119506783303182e-01 5.259159564971923828e+00
1.910000000000000000e+02 6.774293028801244843e-01 6.973942836573466808e-01 5.271973609924316406e+00
1.920000000000000000e+02 6.983990296912424567e-01 6.783121423186752041e-01 5.259497165679931641e+00
1.930000000000000000e+02 6.738639886204718099e-01 6.992400848268163216e-01 5.272688865661621094e+00
1.940000000000000000e+02 6.994011575169142292e-01 6.763410114748396040e-01 5.257336139678955078e+00
1.950000000000000000e+02 6.746891795132736735e-01 6.996759407242189033e-01 5.272236824035644531e+00
1.960000000000000000e+02 6.988033212176758546e-01 6.765898782510719744e-01 5.258826255798339844e+00
1.970000000000000000e+02 6.753920210142349001e-01 6.990585712795674977e-01 5.272986412048339844e+00
1.980000000000000000e+02 6.991398076737356249e-01 6.769725681592078104e-01 5.260623931884765625e+00
1.990000000000000000e+02 6.762981774142362568e-01 6.982277194277030086e-01 5.272880554199218750e+00
2.000000000000000000e+02 7.006066699523367802e-01 6.779011014721165740e-01 5.261628627777099609e+00
2.010000000000000000e+02 6.793289271742066759e-01 6.987423948511940486e-01 5.271838188171386719e+00
2.020000000000000000e+02 6.989594784485668733e-01 6.758195498851523597e-01 5.260670661926269531e+00
2.030000000000000000e+02 6.782521822551488277e-01 6.986940810736796958e-01 5.271081447601318359e+00
2.040000000000000000e+02 7.027754773625439766e-01 6.772628111940143247e-01 5.261615276336669922e+00
2.050000000000000000e+02 6.803402998438458082e-01 6.973022978478187195e-01 5.273059368133544922e+00
2.060000000000000000e+02 7.034462959565231932e-01 6.761539542960048887e-01 5.262435913085937500e+00
2.070000000000000000e+02 6.824313039664620106e-01 7.009920212124675087e-01 5.273241519927978516e+00
2.080000000000000000e+02 7.012696706487417941e-01 6.769411499968100987e-01 5.264029502868652344e+00
2.090000000000000000e+02 6.813064383043490047e-01 7.010723971196863857e-01 5.274757385253906250e+00
2.100000000000000000e+02 7.043173028418417969e-01 6.773148181320722827e-01 5.265431880950927734e+00
2.110000000000000000e+02 6.809784277080115356e-01 7.006069198296082101e-01 5.274884700775146484e+00
2.120000000000000000e+02 7.036883526449726478e-01 6.769134982322435601e-01 5.266954421997070312e+00
2.130000000000000000e+02 6.815572499808794094e-01 7.010121963620292718e-01 5.274845600128173828e+00
2.140000000000000000e+02 7.045586926197965338e-01 6.779210635236897486e-01 5.267066955566406250e+00
2.150000000000000000e+02 6.818937070603496853e-01 7.033453173148738191e-01 5.276093006134033203e+00
2.160000000000000000e+02 7.048612868553377764e-01 6.787157996137109794e-01 5.266413688659667969e+00
2.170000000000000000e+02 6.821848551561761065e-01 7.044051574256454673e-01 5.275338172912597656e+00
2.180000000000000000e+02 7.065889561296716526e-01 6.797139632372288798e-01 5.264533519744873047e+00
2.190000000000000000e+02 6.816801583290542643e-01 7.045821168442187865e-01 5.275252819061279297e+00
2.200000000000000000e+02 7.043225153839661745e-01 6.818984184404272009e-01 5.263439178466796875e+00
2.210000000000000000e+02 6.827797540711367796e-01 7.022925761735322459e-01 5.276300430297851562e+00
2.220000000000000000e+02 7.032347118814805675e-01 6.808918798648067039e-01 5.264517784118652344e+00
2.230000000000000000e+02 6.801180958438072244e-01 7.035070305249584433e-01 5.275514125823974609e+00
2.240000000000000000e+02 7.060715982097698351e-01 6.798293408993745235e-01 5.264445781707763672e+00
2.250000000000000000e+02 6.830511104028439417e-01 7.028516801167157269e-01 5.276038169860839844e+00
2.260000000000000000e+02 7.048870502494331003e-01 6.806900773641527680e-01 5.266685485839843750e+00
2.270000000000000000e+02 6.808759152936869619e-01 7.044677001795442983e-01 5.275250434875488281e+00
2.280000000000000000e+02 7.059353947290645248e-01 6.805130843450178935e-01 5.267206192016601562e+00
2.290000000000000000e+02 6.815251064788859781e-01 7.046307069809643053e-01 5.275825977325439453e+00
2.300000000000000000e+02 7.051369156797235860e-01 6.796247479732401287e-01 5.266149997711181641e+00
2.310000000000000000e+02 6.832282150681173727e-01 7.036087649536041377e-01 5.275048255920410156e+00
2.320000000000000000e+02 7.050715469900324939e-01 6.800417644393643712e-01 5.266287803649902344e+00
2.330000000000000000e+02 6.808339566717283020e-01 7.022798302163041351e-01 5.276242256164550781e+00
2.340000000000000000e+02 7.037520415966981302e-01 6.777800603410600866e-01 5.266335487365722656e+00
2.350000000000000000e+02 6.829877940685873394e-01 7.033717666112773159e-01 5.275941371917724609e+00
2.360000000000000000e+02 7.045242418186903333e-01 6.780825170622197806e-01 5.266426563262939453e+00
2.370000000000000000e+02 6.822848817021207601e-01 7.014234585766850882e-01 5.276229858398437500e+00
2.380000000000000000e+02 7.038886821617567069e-01 6.787253763124037054e-01 5.265770912170410156e+00
2.390000000000000000e+02 6.829112086099971002e-01 6.995501996515128829e-01 5.274937629699707031e+00
2.400000000000000000e+02 7.045944286332215256e-01 6.784080418502591581e-01 5.267195224761962891e+00
2.410000000000000000e+02 6.809913245240125645e-01 7.001090327738517249e-01 5.274295330047607422e+00
2.420000000000000000e+02 7.028972713811757478e-01 6.778371168788603907e-01 5.267038822174072266e+00
2.430000000000000000e+02 6.803825691743697890e-01 7.017249354581742704e-01 5.273382663726806641e+00
2.440000000000000000e+02 7.016787090989060616e-01 6.785806616931497892e-01 5.266857624053955078e+00
2.450000000000000000e+02 6.794277224705953522e-01 7.008541675028718831e-01 5.273704051971435547e+00
2.460000000000000000e+02 7.029850205560010945e-01 6.783485438542767865e-01 5.267401218414306641e+00
2.470000000000000000e+02 6.826960894095881471e-01 7.016384020499625285e-01 5.273249626159667969e+00
2.480000000000000000e+02 7.046231693148341524e-01 6.802338069906956886e-01 5.267029762268066406e+00
2.490000000000000000e+02 6.821897192076096239e-01 7.012208325656803520e-01 5.274100780487060547e+00
2.500000000000000000e+02 7.045947300064167029e-01 6.787683411445492032e-01 5.269021987915039062e+00
2.510000000000000000e+02 6.822480290634478362e-01 7.013701213979043336e-01 5.273865699768066406e+00
2.520000000000000000e+02 7.060427440931352772e-01 6.786804679184735845e-01 5.270213127136230469e+00
2.530000000000000000e+02 6.846383330778955667e-01 7.015369229654683236e-01 5.275217533111572266e+00
2.540000000000000000e+02 7.054852908087155816e-01 6.789859931292514528e-01 5.270730972290039062e+00
2.550000000000000000e+02 6.824612441445656597e-01 7.007677389671371770e-01 5.274333000183105469e+00
2.560000000000000000e+02 7.046854761901125697e-01 6.779207645584209851e-01 5.270781993865966797e+00
2.570000000000000000e+02 6.834977857357493747e-01 6.989317749349777120e-01 5.274921417236328125e+00
2.580000000000000000e+02 7.056960593380348090e-01 6.790848759265826207e-01 5.271303176879882812e+00
2.590000000000000000e+02 6.821722737211066701e-01 6.990329583199098584e-01 5.274499416351318359e+00
2.600000000000000000e+02 7.045956600351105381e-01 6.778271563747324535e-01 5.272406101226806641e+00
2.610000000000000000e+02 6.813839858429114882e-01 6.992871025927249740e-01 5.273559570312500000e+00
2.620000000000000000e+02 7.039938888675051354e-01 6.779040312235213861e-01 5.271885395050048828e+00
2.630000000000000000e+02 6.806733668621592903e-01 7.006332140086666271e-01 5.273245334625244141e+00
2.640000000000000000e+02 7.046972232921485668e-01 6.775284893145343545e-01 5.270365715026855469e+00
2.650000000000000000e+02 6.840268167769074648e-01 7.021344705321875823e-01 5.271700859069824219e+00
2.660000000000000000e+02 7.046095433366089678e-01 6.781302912542495065e-01 5.270198345184326172e+00
2.670000000000000000e+02 6.807481837428011051e-01 7.023616866268000969e-01 5.272261142730712891e+00
2.680000000000000000e+02 7.053469540641865709e-01 6.799871286221814692e-01 5.268996715545654297e+00
2.690000000000000000e+02 6.814787543375870893e-01 7.010778845478022880e-01 5.273582458496093750e+00
2.700000000000000000e+02 7.029255290680845869e-01 6.807853696211784156e-01 5.269230842590332031e+00
2.710000000000000000e+02 6.823567345265044715e-01 7.027074760382858720e-01 5.274026393890380859e+00
2.720000000000000000e+02 7.053301510348447545e-01 6.782029178010592352e-01 5.270428657531738281e+00
2.730000000000000000e+02 6.841079296565021339e-01 7.031225395075922924e-01 5.273415088653564453e+00
2.740000000000000000e+02 7.056854492581920990e-01 6.781724191380452682e-01 5.271990776062011719e+00
2.750000000000000000e+02 6.817555092246783133e-01 7.039622106235882137e-01 5.273855686187744141e+00
2.760000000000000000e+02 7.035435277186988801e-01 6.802247834768290202e-01 5.272009372711181641e+00
2.770000000000000000e+02 6.827498229181083733e-01 7.010209130311599868e-01 5.274752140045166016e+00
2.780000000000000000e+02 7.047972406988262106e-01 6.801447529614844667e-01 5.271680831909179688e+00
2.790000000000000000e+02 6.802006302377849867e-01 7.017070503113034263e-01 5.274731636047363281e+00
2.800000000000000000e+02 7.043057633022037356e-01 6.817050871630740971e-01 5.270030498504638672e+00
2.810000000000000000e+02 6.828687131473653027e-01 7.047275126520359256e-01 5.274465084075927734e+00
2.820000000000000000e+02 7.030556058416022047e-01 6.788498146715525872e-01 5.270989418029785156e+00
2.830000000000000000e+02 6.825491555314063818e-01 7.024443732066116830e-01 5.275260448455810547e+00
2.840000000000000000e+02 7.048295669894314441e-01 6.784306736211648259e-01 5.268851757049560547e+00
2.850000000000000000e+02 6.808994751061334672e-01 7.017825912138031530e-01 5.274357795715332031e+00
2.860000000000000000e+02 7.025560719979969670e-01 6.785556535167532877e-01 5.268889427185058594e+00
2.870000000000000000e+02 6.810794745410555517e-01 7.033583801841123417e-01 5.274872303009033203e+00
2.880000000000000000e+02 7.039916899839457898e-01 6.800222804429378876e-01 5.267915248870849609e+00
2.890000000000000000e+02 6.801377083201816109e-01 7.033950673242347351e-01 5.276770114898681641e+00
2.900000000000000000e+02 7.039061220411773068e-01 6.803826284514151723e-01 5.268535614013671875e+00
2.910000000000000000e+02 6.831713443594743529e-01 7.025907923886460793e-01 5.275554656982421875e+00
2.920000000000000000e+02 7.061938424665544778e-01 6.788922685812404101e-01 5.270105361938476562e+00
2.930000000000000000e+02 6.836354229254626436e-01 7.018123317554531004e-01 5.274864673614501953e+00
2.940000000000000000e+02 7.061752019728160246e-01 6.784550537966789197e-01 5.272489547729492188e+00
2.950000000000000000e+02 6.822506884747173705e-01 7.019553022190868630e-01 5.275236606597900391e+00
2.960000000000000000e+02 7.060531894850327062e-01 6.806708167712410829e-01 5.270874023437500000e+00
2.970000000000000000e+02 6.862678451094397225e-01 7.029220998096197270e-01 5.276103496551513672e+00
2.980000000000000000e+02 7.077370688010961031e-01 6.793817538221347263e-01 5.271954536437988281e+00
2.990000000000000000e+02 6.851583928928188794e-01 7.023429778604748375e-01 5.274273872375488281e+00
3.000000000000000000e+02 7.063055648853526769e-01 6.787978440781379241e-01 5.272056102752685547e+00
3.010000000000000000e+02 6.876155889238808605e-01 7.021755735313800484e-01 5.273594856262207031e+00
3.020000000000000000e+02 7.082231019866729316e-01 6.789552674682998168e-01 5.272149085998535156e+00
3.030000000000000000e+02 6.854000361825365317e-01 7.028657630277369561e-01 5.274022579193115234e+00
3.040000000000000000e+02 7.065783036126634942e-01 6.796222823236055532e-01 5.271057605743408203e+00
3.050000000000000000e+02 6.838093198182491061e-01 7.016463575507243533e-01 5.274996280670166016e+00
3.060000000000000000e+02 7.053329184831789167e-01 6.789587484033938747e-01 5.270315170288085938e+00
3.070000000000000000e+02 6.859951371454576785e-01 7.028041151646019502e-01 5.276284694671630859e+00
3.080000000000000000e+02 7.072541026139745890e-01 6.785181739516445987e-01 5.269358158111572266e+00
3.090000000000000000e+02 6.831149607853319594e-01 7.037163179687369041e-01 5.277012348175048828e+00
3.100000000000000000e+02 7.072402582679588878e-01 6.797324252244703047e-01 5.268825531005859375e+00
3.110000000000000000e+02 6.830368851780466155e-01 7.024258193880682510e-01 5.276720523834228516e+00
3.120000000000000000e+02 7.048171221810831666e-01 6.801554540466006049e-01 5.267545700073242188e+00
3.130000000000000000e+02 6.812816685248974657e-01 7.035926454879523062e-01 5.276375770568847656e+00
3.140000000000000000e+02 7.074717304360952363e-01 6.817946915817263420e-01 5.266158580780029297e+00
3.150000000000000000e+02 6.841319325693870912e-01 7.030324342461589104e-01 5.277414321899414062e+00
3.160000000000000000e+02 7.056777840724341999e-01 6.831896387001253901e-01 5.266856670379638672e+00
3.170000000000000000e+02 6.827850911407703505e-01 7.047059133193767089e-01 5.276901721954345703e+00
3.180000000000000000e+02 7.068068462689457432e-01 6.823316122379952109e-01 5.268537044525146484e+00
3.190000000000000000e+02 6.842715579087971234e-01 7.062504196498731179e-01 5.276179790496826172e+00
3.200000000000000000e+02 7.043065576443489073e-01 6.810930390615170804e-01 5.268099784851074219e+00
3.210000000000000000e+02 6.844613278947299095e-01 7.042395504602956269e-01 5.276373386383056641e+00
3.220000000000000000e+02 7.037802713321698045e-01 6.819063402415935782e-01 5.266543865203857422e+00
3.230000000000000000e+02 6.817768226792620956e-01 7.042871558020279421e-01 5.277926921844482422e+00
3.240000000000000000e+02 7.031766051550467633e-01 6.820446730595227658e-01 5.267643928527832031e+00
3.250000000000000000e+02 6.841905117094678745e-01 7.037748253454976233e-01 5.278339862823486328e+00
3.260000000000000000e+02 7.070944777448157081e-01 6.809267048500922126e-01 5.269824504852294922e+00
3.270000000000000000e+02 6.823508818869695736e-01 7.034694422961338400e-01 5.277932643890380859e+00
3.280000000000000000e+02 7.055934119250533154e-01 6.829845260359325154e-01 5.269427299499511719e+00
3.290000000000000000e+02 6.811421163873616624e-01 7.019275826225018777e-01 5.277984142303466797e+00
3.300000000000000000e+02 7.024025544183679637e-01 6.808485042082282890e-01 5.269283294677734375e+00
3.310000000000000000e+02 6.822999669790936750e-01 7.028518927524900484e-01 5.278066158294677734e+00
3.320000000000000000e+02 7.035946037376425988e-01 6.789688627883218031e-01 5.268254756927490234e+00
3.330000000000000000e+02 6.804091631334632240e-01 7.046070534033646027e-01 5.277482032775878906e+00
3.340000000000000000e+02 7.038775740051915752e-01 6.798997800296094907e-01 5.266733646392822266e+00
3.350000000000000000e+02 6.814288290636201229e-01 7.023769820913096096e-01 5.277456283569335938e+00
3.360000000000000000e+02 7.061087951540765406e-01 6.813686409060882854e-01 5.266620159149169922e+00
3.370000000000000000e+02 6.818944923574253858e-01 7.026985425018495990e-01 5.277946949005126953e+00
3.380000000000000000e+02 7.047946448309397871e-01 6.788878278398757793e-01 5.267616748809814453e+00
3.390000000000000000e+02 6.823401145574997662e-01 7.043144290726186529e-01 5.277976036071777344e+00
3.400000000000000000e+02 7.056856149207791917e-01 6.794350323607895037e-01 5.266802310943603516e+00
3.410000000000000000e+02 6.839281447970696481e-01 7.015529189148861366e-01 5.278215408325195312e+00
3.420000000000000000e+02 7.052115739295528041e-01 6.796803243468890754e-01 5.267375946044921875e+00
3.430000000000000000e+02 6.800811475496026937e-01 7.009021389571699068e-01 5.277738571166992188e+00
3.440000000000000000e+02 7.060071330520468758e-01 6.781105384352222876e-01 5.267518043518066406e+00
3.450000000000000000e+02 6.809061531711376736e-01 6.998907931260719417e-01 5.277111530303955078e+00
3.460000000000000000e+02 7.053613600288959340e-01 6.801454125527600647e-01 5.269011020660400391e+00
3.470000000000000000e+02 6.825860759316799697e-01 7.007807172400813966e-01 5.276584625244140625e+00
3.480000000000000000e+02 7.067522591817302358e-01 6.815293675141179675e-01 5.269577026367187500e+00
3.490000000000000000e+02 6.830808792718428002e-01 7.027741197421883967e-01 5.278776168823242188e+00
3.500000000000000000e+02 7.048591588138358732e-01 6.789042173037275196e-01 5.268540382385253906e+00
3.510000000000000000e+02 6.831147841939193555e-01 7.029767775461278623e-01 5.278859615325927734e+00
3.520000000000000000e+02 7.061180480405423454e-01 6.805906371546740496e-01 5.268937110900878906e+00
3.530000000000000000e+02 6.817813114058517421e-01 7.017017581716700203e-01 5.279152393341064453e+00
3.540000000000000000e+02 7.067109621039838752e-01 6.806149585917783407e-01 5.267958641052246094e+00
3.550000000000000000e+02 6.855638858001620317e-01 7.045022440336337066e-01 5.276895999908447266e+00
3.560000000000000000e+02 7.047330385419883214e-01 6.782671337303702863e-01 5.268243312835693359e+00
3.570000000000000000e+02 6.841131634196896405e-01 7.041685562294764944e-01 5.278156280517578125e+00
3.580000000000000000e+02 7.048710824306874123e-01 6.810060406831043300e-01 5.269016265869140625e+00
3.590000000000000000e+02 6.839928224711269156e-01 7.027877839938515558e-01 5.279080867767333984e+00
3.600000000000000000e+02 7.031179129312378207e-01 6.817134316271625805e-01 5.270120620727539062e+00
3.610000000000000000e+02 6.821328640680776045e-01 7.019533203033389013e-01 5.278777122497558594e+00
3.620000000000000000e+02 7.063254177780178278e-01 6.801836207765799003e-01 5.270232677459716797e+00
3.630000000000000000e+02 6.822315367074512915e-01 7.035571119304443455e-01 5.277960777282714844e+00
3.640000000000000000e+02 7.055399007601673711e-01 6.837171737015835804e-01 5.269920825958251953e+00
3.650000000000000000e+02 6.825458705907671009e-01 7.066422514472026073e-01 5.277858257293701172e+00
3.660000000000000000e+02 7.049847764152099572e-01 6.804301391622886719e-01 5.270654678344726562e+00
3.670000000000000000e+02 6.840671620014148191e-01 7.045346359850305218e-01 5.276142597198486328e+00
3.680000000000000000e+02 7.054260042879577641e-01 6.812663507437384247e-01 5.272830486297607422e+00
3.690000000000000000e+02 6.830119469964985868e-01 7.040840736500936226e-01 5.276180267333984375e+00
3.700000000000000000e+02 7.055067126202074768e-01 6.830368097618600975e-01 5.273061275482177734e+00
3.710000000000000000e+02 6.816909512067392818e-01 7.047041716083238816e-01 5.276093006134033203e+00
3.720000000000000000e+02 7.029729204269274945e-01 6.819315385967779086e-01 5.272516250610351562e+00
3.730000000000000000e+02 6.809719987036632061e-01 7.056815188560729979e-01 5.277907848358154297e+00
3.740000000000000000e+02 7.025562963282976359e-01 6.817300768374270348e-01 5.271439075469970703e+00
3.750000000000000000e+02 6.806557089809704975e-01 7.031414709367020954e-01 5.277257442474365234e+00
3.760000000000000000e+02 7.023416276477690845e-01 6.828440014523318169e-01 5.271187782287597656e+00
3.770000000000000000e+02 6.832050007253794854e-01 7.042104092903759271e-01 5.279601573944091797e+00
3.780000000000000000e+02 7.037716336276585993e-01 6.817947651318582158e-01 5.271989822387695312e+00
3.790000000000000000e+02 6.825778424910028397e-01 7.062126346246841990e-01 5.278862953186035156e+00
3.800000000000000000e+02 7.038865854355523810e-01 6.838701661276950228e-01 5.272459983825683594e+00
3.810000000000000000e+02 6.790439720666533452e-01 7.059829887218761479e-01 5.278987884521484375e+00
3.820000000000000000e+02 7.028036288559447176e-01 6.834521031569725791e-01 5.271879673004150391e+00
3.830000000000000000e+02 6.802198882749298514e-01 7.066013454597822596e-01 5.280610084533691406e+00
3.840000000000000000e+02 7.018488467126281494e-01 6.825943569024265356e-01 5.270460128784179688e+00
3.850000000000000000e+02 6.800726156140325385e-01 7.058662298430111726e-01 5.280273437500000000e+00
3.860000000000000000e+02 7.007945120932210781e-01 6.819050000654369725e-01 5.269977092742919922e+00
3.870000000000000000e+02 6.794998607061768503e-01 7.079983843914054997e-01 5.279442310333251953e+00
3.880000000000000000e+02 7.006981143683164159e-01 6.823573397454615330e-01 5.270625114440917969e+00
3.890000000000000000e+02 6.808910651509292311e-01 7.064246603917785361e-01 5.278721332550048828e+00
3.900000000000000000e+02 7.027467910785056837e-01 6.847941436117651604e-01 5.269841194152832031e+00
3.910000000000000000e+02 6.806714439265481031e-01 7.052773251422331802e-01 5.278282165527343750e+00
3.920000000000000000e+02 7.027897377446618021e-01 6.837740285950180130e-01 5.270224094390869141e+00
3.930000000000000000e+02 6.819158602562161997e-01 7.061804746369009234e-01 5.277681827545166016e+00
3.940000000000000000e+02 7.044179447185670018e-01 6.834997859874202275e-01 5.270800590515136719e+00
3.950000000000000000e+02 6.798489509492008365e-01 7.043249738597999743e-01 5.276885032653808594e+00
3.960000000000000000e+02 7.032162290202131905e-01 6.828558686320103099e-01 5.270736694335937500e+00
3.970000000000000000e+02 6.798709608760128420e-01 7.034830670501339700e-01 5.276404857635498047e+00
3.980000000000000000e+02 7.027080149801675502e-01 6.828002263197558985e-01 5.271905422210693359e+00
