0.000000000000000000e+00 2.855420655911117267e-02 2.711304504961217429e-02 7.383499622344970703e+00
1.000000000000000000e+00 2.826235254000939931e-02 2.971408816725043534e-02 7.395308017730712891e+00
2.000000000000000000e+00 3.482618157839050682e-02 2.871905636201364798e-02 7.539382934570312500e+00
3.000000000000000000e+00 3.395869286688391053e-02 3.505189429552733882e-02 7.549480915069580078e+00
4.000000000000000000e+00 4.261528225844036372e-02 3.301227617082267557e-02 7.683654308319091797e+00
5.000000000000000000e+00 4.095160283321111483e-02 4.152215284320787125e-02 7.693923473358154297e+00
6.000000000000000000e+00 5.140863631391483224e-02 3.972423262844249764e-02 7.817850589752197266e+00
7.000000000000000000e+00 4.856140587373720258e-02 5.050602968699541284e-02 7.830504417419433594e+00
8.000000000000000000e+00 6.022340021654643688e-02 4.892093479728781835e-02 7.941673755645751953e+00
9.000000000000000000e+00 5.820601152111282844e-02 5.994439331061232612e-02 7.953915596008300781e+00
1.000000000000000000e+01 7.051479227873769240e-02 5.829729290044109724e-02 8.056260108947753906e+00
1.100000000000000000e+01 6.753761360770649258e-02 6.998831499372587528e-02 8.068081855773925781e+00
1.200000000000000000e+01 8.156727607593676488e-02 6.620069628175061227e-02 8.161055564880371094e+00
1.300000000000000000e+01 7.747068242021817874e-02 8.124171112697123331e-02 8.174066543579101562e+00
1.400000000000000000e+01 9.190596572749464011e-02 7.790832771905223386e-02 8.258359909057617188e+00
1.500000000000000000e+01 8.863852923227087677e-02 9.149054240626326717e-02 8.269293785095214844e+00
1.600000000000000000e+01 1.025162443243052834e-01 8.786732967692265084e-02 8.348591804504394531e+00
1.700000000000000000e+01 9.789492617196958457e-02 1.020406100601299604e-01 8.357050895690917969e+00
1.800000000000000000e+01 1.133898726747907676e-01 9.699737588013233880e-02 8.430066108703613281e+00
1.900000000000000000e+01 1.084151034428020161e-01 1.127928352233973641e-01 8.438768386840820312e+00
2.000000000000000000e+01 1.243115721888695818e-01 1.067649069804849499e-01 8.505859375000000000e+00
2.100000000000000000e+01 1.182791491164315451e-01 1.230707464854593758e-01 8.513933181762695312e+00
2.200000000000000000e+01 1.341102810486549668e-01 1.169048925973658337e-01 8.578372001647949219e+00
2.300000000000000000e+01 1.276437608335588558e-01 1.325359517848626045e-01 8.583645820617675781e+00
2.400000000000000000e+01 1.438769922068600660e-01 1.262020727237841422e-01 8.643823623657226562e+00
2.500000000000000000e+01 1.374616671588534678e-01 1.429852448669753084e-01 8.647920608520507812e+00
2.600000000000000000e+01 1.537812218089673610e-01 1.344852140354970416e-01 8.704553604125976562e+00
2.700000000000000000e+01 1.454422089588743305e-01 1.524390109633880774e-01 8.708093643188476562e+00
2.800000000000000000e+01 1.633712240974956598e-01 1.440897586321840951e-01 8.762780189514160156e+00
2.900000000000000000e+01 1.542146376863001433e-01 1.608389125733972191e-01 8.766412734985351562e+00
3.000000000000000000e+01 1.730309994395596573e-01 1.535495858053885221e-01 8.818143844604492188e+00
3.100000000000000000e+01 1.643008297760981673e-01 1.707964332284590547e-01 8.822793960571289062e+00
3.200000000000000000e+01 1.813839483497465266e-01 1.633421385445597562e-01 8.869875907897949219e+00
3.300000000000000000e+01 1.722643912428498125e-01 1.808879582525532159e-01 8.875808715820312500e+00
3.400000000000000000e+01 1.897249316124070273e-01 1.690710433787706857e-01 8.916601181030273438e+00
3.500000000000000000e+01 1.808386119025218453e-01 1.889491515529306831e-01 8.924196243286132812e+00
3.600000000000000000e+01 1.977416471157792677e-01 1.782540221749707998e-01 8.962222099304199219e+00
3.700000000000000000e+01 1.876880714600297484e-01 1.968902745192072368e-01 8.968755722045898438e+00
3.800000000000000000e+01 2.055474399650399076e-01 1.869265239441223747e-01 9.002554893493652344e+00
3.900000000000000000e+01 1.949853899567954574e-01 2.031231252873664517e-01 9.009211540222167969e+00
4.000000000000000000e+01 2.123020311311947239e-01 1.931610398756402336e-01 9.041130065917968750e+00
4.100000000000000000e+01 2.028930356028458559e-01 2.110232472723981567e-01 9.047903060913085938e+00
4.200000000000000000e+01 2.203811050194972865e-01 2.013783583586593595e-01 9.079722404479980469e+00
4.300000000000000000e+01 2.090277084076390401e-01 2.179387521918524639e-01 9.085723876953125000e+00
4.400000000000000000e+01 2.273066173257573541e-01 2.080764964395811212e-01 9.113497734069824219e+00
4.500000000000000000e+01 2.153364190047616644e-01 2.264970906726810618e-01 9.120815277099609375e+00
4.600000000000000000e+01 2.336017756394916378e-01 2.142643021893758937e-01 9.145604133605957031e+00
4.700000000000000000e+01 2.233253650084763842e-01 2.318124433280797370e-01 9.154767036437988281e+00
4.800000000000000000e+01 2.396844331262382999e-01 2.202655899657755545e-01 9.177921295166015625e+00
4.900000000000000000e+01 2.297638457119656197e-01 2.374099263428659790e-01 9.186501502990722656e+00
5.000000000000000000e+01 2.459266914970421603e-01 2.263193265990346148e-01 9.209300041198730469e+00
5.100000000000000000e+01 2.332660893307494099e-01 2.454697143688368832e-01 9.217623710632324219e+00
5.200000000000000000e+01 2.526019921325751705e-01 2.331473283008919373e-01 9.238007545471191406e+00
5.300000000000000000e+01 2.401760770791103172e-01 2.508700208696883482e-01 9.247471809387207031e+00
5.400000000000000000e+01 2.583200502417704603e-01 2.389903733742564373e-01 9.264428138732910156e+00
5.500000000000000000e+01 2.450068775185484382e-01 2.576480121391626632e-01 9.277607917785644531e+00
5.600000000000000000e+01 2.619065019018466112e-01 2.448393175458564441e-01 9.287988662719726562e+00
5.700000000000000000e+01 2.504408562014396322e-01 2.639810444660801170e-01 9.305195808410644531e+00
5.800000000000000000e+01 2.675219061921876307e-01 2.493622500410543064e-01 9.312465667724609375e+00
5.900000000000000000e+01 2.556054279399098128e-01 2.688253088708381644e-01 9.330366134643554688e+00
6.000000000000000000e+01 2.720694633734465073e-01 2.554033579481582161e-01 9.334438323974609375e+00
6.100000000000000000e+01 2.606253987418410412e-01 2.732934998512830393e-01 9.352529525756835938e+00
6.200000000000000000e+01 2.786506491861600043e-01 2.606252124084825206e-01 9.356445312500000000e+00
6.300000000000000000e+01 2.643869536455040747e-01 2.782510075158971530e-01 9.373977661132812500e+00
6.400000000000000000e+01 2.823164686740057272e-01 2.649888293007812146e-01 9.377885818481445312e+00
6.500000000000000000e+01 2.688720788983332555e-01 2.839193460764921628e-01 9.393648147583007812e+00
6.600000000000000000e+01 2.866742924585113927e-01 2.690820479128935294e-01 9.396902084350585938e+00
6.700000000000000000e+01 2.722185922696784832e-01 2.873428319269497599e-01 9.414624214172363281e+00
6.800000000000000000e+01 2.906193758073769562e-01 2.734118280995785355e-01 9.413449287414550781e+00
6.900000000000000000e+01 2.759940313946580015e-01 2.907988799594464768e-01 9.432369232177734375e+00
7.000000000000000000e+01 2.937061165084445258e-01 2.777618477414604548e-01 9.431082725524902344e+00
7.100000000000000000e+01 2.792548730111732436e-01 2.951595806719594095e-01 9.447894096374511719e+00
7.200000000000000000e+01 2.988294775941197634e-01 2.807918343977963138e-01 9.448533058166503906e+00
7.300000000000000000e+01 2.842388392906302075e-01 2.973240459625473564e-01 9.466152191162109375e+00
7.400000000000000000e+01 3.018102127454385109e-01 2.827182636372947422e-01 9.465182304382324219e+00
7.500000000000000000e+01 2.870292553017127490e-01 3.011788005303133176e-01 9.481097221374511719e+00
7.600000000000000000e+01 3.052332290667063575e-01 2.867395405028813626e-01 9.480372428894042969e+00
7.700000000000000000e+01 2.897422140953985759e-01 3.053612791706744600e-01 9.497387886047363281e+00
7.800000000000000000e+01 3.075833863325567186e-01 2.906751211951360547e-01 9.491909980773925781e+00
7.900000000000000000e+01 2.936035681875674985e-01 3.081737091004897455e-01 9.511853218078613281e+00
8.000000000000000000e+01 3.114834241772343471e-01 2.934023209889596862e-01 9.505809783935546875e+00
8.100000000000000000e+01 2.965955723588457049e-01 3.107987065179612096e-01 9.522376060485839844e+00
8.200000000000000000e+01 3.152630632752044804e-01 2.970225963730587226e-01 9.518632888793945312e+00
8.300000000000000000e+01 3.006760572735705517e-01 3.141538816027660830e-01 9.533289909362792969e+00
8.400000000000000000e+01 3.175694749136732109e-01 2.994963671010267836e-01 9.532854080200195312e+00
8.500000000000000000e+01 3.032929851507700780e-01 3.170282909378298597e-01 9.545536041259765625e+00
8.600000000000000000e+01 3.206379016448779873e-01 3.024686203018130959e-01 9.544194221496582031e+00
8.700000000000000000e+01 3.052636006223636289e-01 3.196382033974378145e-01 9.555901527404785156e+00
8.800000000000000000e+01 3.219190166225126548e-01 3.037896704202376341e-01 9.551959991455078125e+00
8.900000000000000000e+01 3.080342385446691589e-01 3.220147219787039550e-01 9.563711166381835938e+00
9.000000000000000000e+01 3.248657514906882482e-01 3.066061982144349662e-01 9.558960914611816406e+00
9.100000000000000000e+01 3.095223471671336712e-01 3.250604774597655733e-01 9.572888374328613281e+00
9.200000000000000000e+01 3.266606015600997392e-01 3.078701811721314963e-01 9.569639205932617188e+00
9.300000000000000000e+01 3.116468981359632462e-01 3.264735994987318368e-01 9.583518028259277344e+00
9.400000000000000000e+01 3.295935850921994370e-01 3.110620894207259957e-01 9.578858375549316406e+00
9.500000000000000000e+01 3.133051604025067216e-01 3.281404170009428189e-01 9.593345642089843750e+00
9.600000000000000000e+01 3.306876472923278021e-01 3.117010490886550911e-01 9.587059020996093750e+00
9.700000000000000000e+01 3.163878420326129426e-01 3.297062140715554812e-01 9.600888252258300781e+00
9.800000000000000000e+01 3.318383120096108363e-01 3.137335368336922059e-01 9.596320152282714844e+00
9.900000000000000000e+01 3.162732746405248485e-01 3.317340631913873183e-01 9.609877586364746094e+00
1.000000000000000000e+02 3.343570190160513600e-01 3.163781437239565064e-01 9.599239349365234375e+00
1.010000000000000000e+02 3.189679239089291407e-01 3.343201089860092790e-01 9.615231513977050781e+00
1.020000000000000000e+02 3.370529153757181318e-01 3.171153844800781441e-01 9.604888916015625000e+00
1.030000000000000000e+02 3.218801995607414312e-01 3.339948172325707398e-01 9.620003700256347656e+00
1.040000000000000000e+02 3.395955209327058411e-01 3.181521959081936579e-01 9.612827301025390625e+00
1.050000000000000000e+02 3.229271369882150688e-01 3.365468154994979422e-01 9.624001502990722656e+00
1.060000000000000000e+02 3.404940205331732916e-01 3.204316720149723019e-01 9.619460105895996094e+00
1.070000000000000000e+02 3.240980165670540591e-01 3.379709966019393552e-01 9.630871772766113281e+00
1.080000000000000000e+02 3.413684184489829687e-01 3.208316076575071785e-01 9.624131202697753906e+00
1.090000000000000000e+02 3.248535217803734665e-01 3.384642747818872865e-01 9.634934425354003906e+00
1.100000000000000000e+02 3.420421482476300179e-01 3.247276777956454308e-01 9.629154205322265625e+00
1.110000000000000000e+02 3.263078873703347815e-01 3.412412208833853211e-01 9.639842987060546875e+00
1.120000000000000000e+02 3.438455006920814183e-01 3.257040921387066579e-01 9.632007598876953125e+00
1.130000000000000000e+02 3.276149561629315143e-01 3.418331283584472025e-01 9.644802093505859375e+00
1.140000000000000000e+02 3.446757502559759101e-01 3.245790328816685610e-01 9.635540962219238281e+00
1.150000000000000000e+02 3.282977500477535782e-01 3.430881319388577322e-01 9.649036407470703125e+00
1.160000000000000000e+02 3.470602999302268010e-01 3.281949282325462569e-01 9.638470649719238281e+00
1.170000000000000000e+02 3.310104672719312857e-01 3.459421129554792196e-01 9.653424263000488281e+00
1.180000000000000000e+02 3.477364926668302658e-01 3.288497284253714126e-01 9.643853187561035156e+00
1.190000000000000000e+02 3.310379880332307012e-01 3.460172666131193786e-01 9.658339500427246094e+00
1.200000000000000000e+02 3.489142975685049497e-01 3.298725466110425941e-01 9.647109985351562500e+00
1.210000000000000000e+02 3.321794790639687744e-01 3.468252750404386964e-01 9.660500526428222656e+00
1.220000000000000000e+02 3.500454693194747779e-01 3.306236703118143883e-01 9.650575637817382812e+00
1.230000000000000000e+02 3.339145057327141952e-01 3.485375733089415839e-01 9.660803794860839844e+00
1.240000000000000000e+02 3.523575410632502902e-01 3.314601253143547588e-01 9.655371665954589844e+00
1.250000000000000000e+02 3.343150127445055353e-01 3.483510096021473212e-01 9.663835525512695312e+00
1.260000000000000000e+02 3.533971215450198433e-01 3.324022023714173768e-01 9.660610198974609375e+00
1.270000000000000000e+02 3.356930428223750540e-01 3.503134313318956861e-01 9.668232917785644531e+00
1.280000000000000000e+02 3.543002305825111997e-01 3.342085242673511480e-01 9.665295600891113281e+00
1.290000000000000000e+02 3.381288022866139609e-01 3.511593056208019981e-01 9.674325942993164062e+00
1.300000000000000000e+02 3.551303093813583667e-01 3.352479273975426666e-01 9.670209884643554688e+00
1.310000000000000000e+02 3.396424368341601774e-01 3.526377881551552851e-01 9.678824424743652344e+00
1.320000000000000000e+02 3.567410184671782614e-01 3.351650080207723703e-01 9.674242973327636719e+00
1.330000000000000000e+02 3.395873749959577581e-01 3.522936515070143604e-01 9.683236122131347656e+00
1.340000000000000000e+02 3.584637662391401691e-01 3.358316090081162608e-01 9.680438041687011719e+00
1.350000000000000000e+02 3.419065423542293480e-01 3.534476269293551631e-01 9.684617996215820312e+00
1.360000000000000000e+02 3.595667042046839512e-01 3.376267926743714565e-01 9.685794830322265625e+00
1.370000000000000000e+02 3.425622394813511162e-01 3.557109667961937949e-01 9.689115524291992188e+00
1.380000000000000000e+02 3.606421220529024696e-01 3.386575231751675075e-01 9.687365531921386719e+00
1.390000000000000000e+02 3.433146203769097404e-01 3.565541191879308958e-01 9.692327499389648438e+00
1.400000000000000000e+02 3.605503626633043690e-01 3.385786346106338107e-01 9.690471649169921875e+00
1.410000000000000000e+02 3.451842955649085942e-01 3.566317655794976615e-01 9.695452690124511719e+00
1.420000000000000000e+02 3.627796432459419740e-01 3.409309186839969974e-01 9.693579673767089844e+00
1.430000000000000000e+02 3.451076371920939190e-01 3.565929656137090120e-01 9.696492195129394531e+00
1.440000000000000000e+02 3.632224620334392751e-01 3.406347481296286839e-01 9.694655418395996094e+00
1.450000000000000000e+02 3.467251171093584938e-01 3.575203578022181361e-01 9.699139595031738281e+00
1.460000000000000000e+02 3.626983657626742796e-01 3.401496243061442049e-01 9.698585510253906250e+00
1.470000000000000000e+02 3.454009681347047223e-01 3.585066055996012357e-01 9.703812599182128906e+00
1.480000000000000000e+02 3.637923566248112972e-01 3.407716298008685030e-01 9.700800895690917969e+00
1.490000000000000000e+02 3.476112998890661387e-01 3.594321091083389486e-01 9.705809593200683594e+00
1.500000000000000000e+02 3.660740777247544764e-01 3.411350324060643535e-01 9.705225944519042969e+00
1.510000000000000000e+02 3.480658258240270087e-01 3.589438079502499379e-01 9.707045555114746094e+00
1.520000000000000000e+02 3.655683537470570399e-01 3.419332512259439794e-01 9.707778930664062500e+00
1.530000000000000000e+02 3.481791719479302993e-01 3.598401816089692451e-01 9.709531784057617188e+00
1.540000000000000000e+02 3.662227246543058312e-01 3.431122309906478041e-01 9.708362579345703125e+00
1.550000000000000000e+02 3.479382937833385148e-01 3.608840052393624820e-01 9.710330963134765625e+00
1.560000000000000000e+02 3.657438915984849714e-01 3.430243413471542602e-01 9.709568023681640625e+00
1.570000000000000000e+02 3.480314642635210509e-01 3.597560597995654863e-01 9.712134361267089844e+00
1.580000000000000000e+02 3.678911552837605958e-01 3.430657446702103930e-01 9.711757659912109375e+00
1.590000000000000000e+02 3.486822677098563306e-01 3.608140368170664192e-01 9.715291976928710938e+00
1.600000000000000000e+02 3.666017934387868493e-01 3.431911473893115017e-01 9.714491844177246094e+00
1.610000000000000000e+02 3.490130480759988663e-01 3.604705330515857176e-01 9.715229988098144531e+00
1.620000000000000000e+02 3.665038631212861886e-01 3.434987443639604399e-01 9.715935707092285156e+00
1.630000000000000000e+02 3.485526894496825956e-01 3.606573605982339448e-01 9.717805862426757812e+00
1.640000000000000000e+02 3.656316272950815294e-01 3.442661947454762617e-01 9.717980384826660156e+00
1.650000000000000000e+02 3.503509934167197137e-01 3.609666987058583465e-01 9.718418121337890625e+00
1.660000000000000000e+02 3.671466629847081609e-01 3.435859984330343342e-01 9.719462394714355469e+00
1.670000000000000000e+02 3.494124148095356097e-01 3.614743670443923973e-01 9.717924118041992188e+00
1.680000000000000000e+02 3.671368535678113387e-01 3.447832108284532016e-01 9.720066070556640625e+00
1.690000000000000000e+02 3.501286128562018374e-01 3.620275162232505228e-01 9.720108032226562500e+00
1.700000000000000000e+02 3.675782263681703910e-01 3.450444462700493764e-01 9.720646858215332031e+00
1.710000000000000000e+02 3.514214829243999527e-01 3.626337519285901534e-01 9.723671913146972656e+00
1.720000000000000000e+02 3.681169506939017122e-01 3.450150008228141663e-01 9.725828170776367188e+00
1.730000000000000000e+02 3.514348784002966353e-01 3.620393821294667358e-01 9.723580360412597656e+00
1.740000000000000000e+02 3.689686728038799046e-01 3.446102152759584203e-01 9.726152420043945312e+00
1.750000000000000000e+02 3.523890544432004557e-01 3.619302942643081167e-01 9.725150108337402344e+00
1.760000000000000000e+02 3.689740623311725254e-01 3.450277553812289844e-01 9.730187416076660156e+00
1.770000000000000000e+02 3.526063232167248596e-01 3.627273128106813238e-01 9.726174354553222656e+00
1.780000000000000000e+02 3.697471384304221731e-01 3.459485098145885229e-01 9.731424331665039062e+00
1.790000000000000000e+02 3.527674435822119037e-01 3.620197697819936833e-01 9.725578308105468750e+00
1.800000000000000000e+02 3.702443806362575307e-01 3.458693520525273346e-01 9.731188774108886719e+00
1.810000000000000000e+02 3.528374052412692752e-01 3.626161060165589700e-01 9.726896286010742188e+00
1.820000000000000000e+02 3.696630556344968621e-01 3.463778739556753750e-01 9.728282928466796875e+00
1.830000000000000000e+02 3.518856840433461919e-01 3.627692556205201480e-01 9.725644111633300781e+00
1.840000000000000000e+02 3.699506850973180438e-01 3.471226733409287779e-01 9.728087425231933594e+00
1.850000000000000000e+02 3.526256699988228327e-01 3.642743359320531615e-01 9.725714683532714844e+00
1.860000000000000000e+02 3.701510892261045682e-01 3.472492927427625609e-01 9.730638504028320312e+00
1.870000000000000000e+02 3.521850884320379960e-01 3.642432400093873479e-01 9.728044509887695312e+00
1.880000000000000000e+02 3.707198116883146377e-01 3.474831982175173861e-01 9.731240272521972656e+00
1.890000000000000000e+02 3.539570702354842835e-01 3.647412485070491983e-01 9.728506088256835938e+00
1.900000000000000000e+02 3.693730533519520853e-01 3.490151287486845111e-01 9.733437538146972656e+00
1.910000000000000000e+02 3.524332520314505945e-01 3.663846073691803262e-01 9.733280181884765625e+00
1.920000000000000000e+02 3.705008962704628428e-01 3.471488565932685511e-01 9.734555244445800781e+00
1.930000000000000000e+02 3.529201618451520694e-01 3.652860889390093790e-01 9.731209754943847656e+00
1.940000000000000000e+02 3.700250058440253120e-01 3.483396670581377919e-01 9.735702514648437500e+00
1.950000000000000000e+02 3.528323868141916009e-01 3.652303893965435089e-01 9.732505798339843750e+00
1.960000000000000000e+02 3.700252163191093402e-01 3.489905278068329841e-01 9.734885215759277344e+00
1.970000000000000000e+02 3.527185986345131585e-01 3.662002024355642815e-01 9.735198020935058594e+00
1.980000000000000000e+02 3.696358751424027034e-01 3.498246388472258661e-01 9.733734130859375000e+00
1.990000000000000000e+02 3.520314441377472292e-01 3.668103736182351526e-01 9.738570213317871094e+00
2.000000000000000000e+02 3.698433290185684230e-01 3.492002007695891863e-01 9.733389854431152344e+00
2.010000000000000000e+02 3.527245859240223935e-01 3.668666683087090652e-01 9.739224433898925781e+00
2.020000000000000000e+02 3.707210280300109462e-01 3.500816899870095034e-01 9.734445571899414062e+00
2.030000000000000000e+02 3.536456469117717494e-01 3.670151175576474856e-01 9.738098144531250000e+00
2.040000000000000000e+02 3.701642936665829331e-01 3.500419056924680139e-01 9.733373641967773438e+00
2.050000000000000000e+02 3.532944227603712628e-01 3.681756742680273864e-01 9.738999366760253906e+00
2.060000000000000000e+02 3.710880666402402994e-01 3.503480271457390383e-01 9.735150337219238281e+00
2.070000000000000000e+02 3.536483503918775306e-01 3.675124995498612601e-01 9.737951278686523438e+00
2.080000000000000000e+02 3.704761374832685750e-01 3.507013632727520869e-01 9.735792160034179688e+00
2.090000000000000000e+02 3.534401135323059218e-01 3.671779657187413948e-01 9.740115165710449219e+00
2.100000000000000000e+02 3.703401290930318779e-01 3.505669080389279824e-01 9.735191345214843750e+00
2.110000000000000000e+02 3.528315116397022222e-01 3.670478072013785287e-01 9.738422393798828125e+00
2.120000000000000000e+02 3.699989101678219927e-01 3.504560873146750910e-01 9.736128807067871094e+00
2.130000000000000000e+02 3.528130206426420279e-01 3.685145367782521331e-01 9.740289688110351562e+00
2.140000000000000000e+02 3.688136125110978436e-01 3.508375940428138939e-01 9.734642982482910156e+00
2.150000000000000000e+02 3.530606331771206086e-01 3.673385841219626302e-01 9.740033149719238281e+00
2.160000000000000000e+02 3.713091528257538854e-01 3.503318499905087591e-01 9.734771728515625000e+00
2.170000000000000000e+02 3.531708606514653570e-01 3.662227009617583517e-01 9.738567352294921875e+00
2.180000000000000000e+02 3.697995610024986113e-01 3.491290222065677740e-01 9.735863685607910156e+00
2.190000000000000000e+02 3.526709286101861740e-01 3.666592650824134214e-01 9.737154006958007812e+00
2.200000000000000000e+02 3.707352891798625927e-01 3.497499856093092552e-01 9.734153747558593750e+00
2.210000000000000000e+02 3.534679279643589966e-01 3.674945162041502456e-01 9.738837242126464844e+00
2.220000000000000000e+02 3.701656659163072294e-01 3.496596221144779859e-01 9.733289718627929688e+00
2.230000000000000000e+02 3.532999404859550330e-01 3.669323634205978180e-01 9.737361907958984375e+00
2.240000000000000000e+02 3.714598529301458840e-01 3.485549036066314943e-01 9.731934547424316406e+00
2.250000000000000000e+02 3.536166819723620680e-01 3.663196070010334982e-01 9.735267639160156250e+00
2.260000000000000000e+02 3.711216358619785494e-01 3.499420789115135211e-01 9.730952262878417969e+00
2.270000000000000000e+02 3.542110751823588366e-01 3.671808929517438314e-01 9.734552383422851562e+00
2.280000000000000000e+02 3.710971899873979907e-01 3.499014890206191830e-01 9.731521606445312500e+00
2.290000000000000000e+02 3.538317460625989841e-01 3.667112100425216070e-01 9.735365867614746094e+00
2.300000000000000000e+02 3.716485300596543695e-01 3.506329311860505449e-01 9.731909751892089844e+00
2.310000000000000000e+02 3.532306384026484558e-01 3.668853668028976278e-01 9.734535217285156250e+00
2.320000000000000000e+02 3.710598953188959936e-01 3.499101224645469466e-01 9.731388092041015625e+00
2.330000000000000000e+02 3.535623531448064960e-01 3.677847404609889681e-01 9.736778259277343750e+00
2.340000000000000000e+02 3.714271223692280355e-01 3.505478695003899081e-01 9.732875823974609375e+00
2.350000000000000000e+02 3.545782443416227725e-01 3.670511068533801602e-01 9.738448143005371094e+00
2.360000000000000000e+02 3.719022522911210604e-01 3.499431366817409850e-01 9.733272552490234375e+00
2.370000000000000000e+02 3.543442974081738583e-01 3.672482799372839835e-01 9.737999916076660156e+00
2.380000000000000000e+02 3.704681584458661137e-01 3.485070513093590505e-01 9.732386589050292969e+00
2.390000000000000000e+02 3.532446575475570727e-01 3.671334904248417796e-01 9.737416267395019531e+00
2.400000000000000000e+02 3.694229151131810385e-01 3.497181770153706126e-01 9.731111526489257812e+00
2.410000000000000000e+02 3.534784464536154802e-01 3.673872402195259013e-01 9.739130020141601562e+00
2.420000000000000000e+02 3.710518972371211199e-01 3.495398859703807704e-01 9.730411529541015625e+00
2.430000000000000000e+02 3.522573504325896554e-01 3.668619651340013776e-01 9.738094329833984375e+00
2.440000000000000000e+02 3.703457868484743565e-01 3.508200753645086545e-01 9.728375434875488281e+00
2.450000000000000000e+02 3.526779387107932262e-01 3.676818457651075955e-01 9.740391731262207031e+00
2.460000000000000000e+02 3.694186361579510636e-01 3.513024371921695810e-01 9.730717658996582031e+00
2.470000000000000000e+02 3.523525994971911102e-01 3.685959392444574378e-01 9.742238044738769531e+00
2.480000000000000000e+02 3.698667097747405652e-01 3.511629632130723877e-01 9.728493690490722656e+00
2.490000000000000000e+02 3.534628329682538705e-01 3.693312642834027382e-01 9.741893768310546875e+00
2.500000000000000000e+02 3.690622632985185447e-01 3.507293769244306247e-01 9.729993820190429688e+00
2.510000000000000000e+02 3.521014006944076513e-01 3.682459407630755965e-01 9.743366241455078125e+00
2.520000000000000000e+02 3.702306135953858379e-01 3.522772667976512562e-01 9.729864120483398438e+00
2.530000000000000000e+02 3.512704891632552617e-01 3.695635437707202042e-01 9.745267868041992188e+00
2.540000000000000000e+02 3.683855827944039207e-01 3.515445588913518882e-01 9.729054450988769531e+00
2.550000000000000000e+02 3.535955912898848807e-01 3.687214471358383205e-01 9.745759963989257812e+00
2.560000000000000000e+02 3.711362937315070276e-01 3.518246156079787301e-01 9.731189727783203125e+00
2.570000000000000000e+02 3.538173731021147517e-01 3.698885971455644350e-01 9.744606018066406250e+00
2.580000000000000000e+02 3.703410535361328360e-01 3.523242365010739174e-01 9.729549407958984375e+00
2.590000000000000000e+02 3.521158226587739470e-01 3.704229827459825097e-01 9.745334625244140625e+00
2.600000000000000000e+02 3.694331537223057293e-01 3.543894123657585493e-01 9.726697921752929688e+00
2.610000000000000000e+02 3.516522979189236620e-01 3.707432960464686622e-01 9.747413635253906250e+00
2.620000000000000000e+02 3.686665070022741575e-01 3.530482064987626178e-01 9.727415084838867188e+00
2.630000000000000000e+02 3.513158218498622642e-01 3.700590165555536770e-01 9.748488426208496094e+00
2.640000000000000000e+02 3.689378080672732763e-01 3.528360721011585821e-01 9.728421211242675781e+00
2.650000000000000000e+02 3.517454815016682335e-01 3.702010027621417398e-01 9.748142242431640625e+00
2.660000000000000000e+02 3.690667979738054272e-01 3.530299147433584861e-01 9.728923797607421875e+00
2.670000000000000000e+02 3.521973707496913741e-01 3.704291285150199120e-01 9.749872207641601562e+00
2.680000000000000000e+02 3.685781841704762751e-01 3.535194642628028405e-01 9.731493949890136719e+00
2.690000000000000000e+02 3.515723021537811022e-01 3.703551767447727516e-01 9.750573158264160156e+00
2.700000000000000000e+02 3.691365321315620562e-01 3.529820054826217635e-01 9.731171607971191406e+00
2.710000000000000000e+02 3.527013745454629090e-01 3.696229099368039672e-01 9.748970031738281250e+00
2.720000000000000000e+02 3.691517437339130181e-01 3.520662078101181036e-01 9.733102798461914062e+00
2.730000000000000000e+02 3.519516846546675293e-01 3.689919520035379041e-01 9.747887611389160156e+00
2.740000000000000000e+02 3.703064026290761035e-01 3.518080555162151901e-01 9.731480598449707031e+00
2.750000000000000000e+02 3.526834847468603429e-01 3.685118128517742564e-01 9.745236396789550781e+00
2.760000000000000000e+02 3.697196329195144293e-01 3.513466297864463739e-01 9.734328269958496094e+00
2.770000000000000000e+02 3.533446032770312661e-01 3.680116916743815247e-01 9.747582435607910156e+00
2.780000000000000000e+02 3.701540852875112586e-01 3.517457948575099524e-01 9.735444068908691406e+00
2.790000000000000000e+02 3.522407925050745625e-01 3.686038997188507693e-01 9.748831748962402344e+00
2.800000000000000000e+02 3.684490651452285159e-01 3.522033607112858289e-01 9.733301162719726562e+00
2.810000000000000000e+02 3.520967577740197196e-01 3.680681499636285214e-01 9.748357772827148438e+00
2.820000000000000000e+02 3.699680374171638308e-01 3.511898889123378220e-01 9.735520362854003906e+00
2.830000000000000000e+02 3.527506628284911017e-01 3.707088700517557900e-01 9.748072624206542969e+00
2.840000000000000000e+02 3.695892457759684668e-01 3.528643892059468157e-01 9.734775543212890625e+00
2.850000000000000000e+02 3.519880579007383936e-01 3.698167319683883236e-01 9.747542381286621094e+00
2.860000000000000000e+02 3.682306279887159750e-01 3.541787512424129925e-01 9.732079505920410156e+00
2.870000000000000000e+02 3.510108483696109394e-01 3.698994181270745529e-01 9.750596046447753906e+00
2.880000000000000000e+02 3.680260743222967257e-01 3.525469106575628286e-01 9.729348182678222656e+00
2.890000000000000000e+02 3.507589392323692823e-01 3.705827493741611356e-01 9.750984191894531250e+00
2.900000000000000000e+02 3.676970755668892421e-01 3.528032521357875595e-01 9.727556228637695312e+00
2.910000000000000000e+02 3.505102084247608829e-01 3.708188978841765460e-01 9.751860618591308594e+00
2.920000000000000000e+02 3.684006649815052548e-01 3.538588674929650790e-01 9.729373931884765625e+00
2.930000000000000000e+02 3.511645187481707842e-01 3.708509742961894617e-01 9.752301216125488281e+00
2.940000000000000000e+02 3.682646267762089698e-01 3.533277882853874119e-01 9.728135108947753906e+00
2.950000000000000000e+02 3.509904699903984016e-01 3.702992259899555716e-01 9.751215934753417969e+00
2.960000000000000000e+02 3.681402031662822094e-01 3.539498481000876717e-01 9.728497505187988281e+00
2.970000000000000000e+02 3.510024407111711486e-01 3.711006767512257110e-01 9.753607749938964844e+00
2.980000000000000000e+02 3.690756053128196323e-01 3.539676410620166136e-01 9.726190567016601562e+00
2.990000000000000000e+02 3.516228640155273366e-01 3.699665845845069856e-01 9.749874114990234375e+00
3.000000000000000000e+02 3.681707334113979435e-01 3.525990182536016260e-01 9.727031707763671875e+00
3.010000000000000000e+02 3.511090521199452530e-01 3.703375416920062779e-01 9.749276161193847656e+00
3.020000000000000000e+02 3.684320981622528635e-01 3.533652221841133145e-01 9.727992057800292969e+00
3.030000000000000000e+02 3.513912874712034617e-01 3.700848567928390342e-01 9.749072074890136719e+00
3.040000000000000000e+02 3.690916551974365301e-01 3.526908850775799520e-01 9.727926254272460938e+00
3.050000000000000000e+02 3.511139870928556284e-01 3.706100906862075939e-01 9.750646591186523438e+00
3.060000000000000000e+02 3.690784934429284792e-01 3.531982985235379569e-01 9.727680206298828125e+00
3.070000000000000000e+02 3.510145580417101674e-01 3.709199348573942734e-01 9.751111030578613281e+00
3.080000000000000000e+02 3.685111247030460890e-01 3.539512277502703252e-01 9.728340148925781250e+00
3.090000000000000000e+02 3.518826542588127659e-01 3.703284786241062276e-01 9.751981735229492188e+00
3.100000000000000000e+02 3.690521969364292110e-01 3.537116955211472291e-01 9.730582237243652344e+00
3.110000000000000000e+02 3.509404181781454746e-01 3.701115165397728668e-01 9.750982284545898438e+00
3.120000000000000000e+02 3.688335250368547369e-01 3.524448531573841081e-01 9.733992576599121094e+00
3.130000000000000000e+02 3.512875707808843506e-01 3.696549272783328233e-01 9.750415802001953125e+00
3.140000000000000000e+02 3.691295362316029949e-01 3.525218988275036769e-01 9.734610557556152344e+00
3.150000000000000000e+02 3.517877567918193393e-01 3.704900792199691262e-01 9.749037742614746094e+00
3.160000000000000000e+02 3.695690006295586638e-01 3.524298088365160342e-01 9.737571716308593750e+00
3.170000000000000000e+02 3.530469770632816418e-01 3.708764800231552639e-01 9.750292778015136719e+00
3.180000000000000000e+02 3.703211869253933974e-01 3.524357726590915951e-01 9.736428260803222656e+00
3.190000000000000000e+02 3.527929262166607516e-01 3.706213379425527532e-01 9.749865531921386719e+00
3.200000000000000000e+02 3.700550113488048631e-01 3.531396884755247378e-01 9.735659599304199219e+00
3.210000000000000000e+02 3.526850313037754314e-01 3.705252675386759287e-01 9.749114990234375000e+00
3.220000000000000000e+02 3.698733493068515066e-01 3.532023819241611462e-01 9.736401557922363281e+00
3.230000000000000000e+02 3.533297970222503692e-01 3.715097885054756133e-01 9.749616622924804688e+00
3.240000000000000000e+02 3.709375456404330196e-01 3.530968175266162024e-01 9.735637664794921875e+00
3.250000000000000000e+02 3.538845511405307454e-01 3.707110979953059937e-01 9.749078750610351562e+00
3.260000000000000000e+02 3.698058712092489042e-01 3.535823990766310265e-01 9.735927581787109375e+00
3.270000000000000000e+02 3.532231089050205664e-01 3.708513070925943955e-01 9.750878334045410156e+00
3.280000000000000000e+02 3.713304832731384453e-01 3.548435408940223690e-01 9.735340118408203125e+00
3.290000000000000000e+02 3.529099024331717183e-01 3.723477557906714197e-01 9.750114440917968750e+00
3.300000000000000000e+02 3.701419997634238790e-01 3.547494003690174202e-01 9.736256599426269531e+00
3.310000000000000000e+02 3.526247012357227040e-01 3.728198138469636103e-01 9.753754615783691406e+00
3.320000000000000000e+02 3.693051815927952952e-01 3.549131847029076692e-01 9.735336303710937500e+00
3.330000000000000000e+02 3.519659231068014149e-01 3.723098518939881862e-01 9.756628036499023438e+00
3.340000000000000000e+02 3.706586808333963146e-01 3.546759602543040346e-01 9.735030174255371094e+00
3.350000000000000000e+02 3.535679703194677392e-01 3.725934075705619186e-01 9.755600929260253906e+00
3.360000000000000000e+02 3.697451115990713633e-01 3.546742413541235650e-01 9.734542846679687500e+00
3.370000000000000000e+02 3.531723699032030539e-01 3.728773507466616177e-01 9.754172325134277344e+00
3.380000000000000000e+02 3.705029042498274028e-01 3.551084602334832474e-01 9.734228134155273438e+00
3.390000000000000000e+02 3.531450485487516722e-01 3.724166986413072200e-01 9.753111839294433594e+00
3.400000000000000000e+02 3.692883912166557425e-01 3.547716757070875637e-01 9.732816696166992188e+00
3.410000000000000000e+02 3.512759935645199394e-01 3.709241033200115223e-01 9.751125335693359375e+00
3.420000000000000000e+02 3.695202604816155145e-01 3.546589612941511982e-01 9.731924057006835938e+00
3.430000000000000000e+02 3.527209095631603786e-01 3.717761886292777485e-01 9.751776695251464844e+00
3.440000000000000000e+02 3.705116092261325211e-01 3.549574706824518699e-01 9.733005523681640625e+00
3.450000000000000000e+02 3.520599905873081359e-01 3.715575073772137693e-01 9.751314163208007812e+00
3.460000000000000000e+02 3.697478289397948537e-01 3.537417720638750263e-01 9.732826232910156250e+00
3.470000000000000000e+02 3.522855352220012892e-01 3.717150701872782292e-01 9.753166198730468750e+00
3.480000000000000000e+02 3.686508851502472983e-01 3.545003035878952491e-01 9.731189727783203125e+00
3.490000000000000000e+02 3.512279684984701000e-01 3.720423930851513572e-01 9.752551078796386719e+00
3.500000000000000000e+02 3.690993614234170939e-01 3.537722895100711140e-01 9.729572296142578125e+00
3.510000000000000000e+02 3.504015132362463536e-01 3.703327268915296289e-01 9.752247810363769531e+00
3.520000000000000000e+02 3.682042274750919608e-01 3.535395088450293266e-01 9.728324890136718750e+00
3.530000000000000000e+02 3.504253590745077251e-01 3.704831221384948803e-01 9.752148628234863281e+00
3.540000000000000000e+02 3.679567357943009931e-01 3.532339514919042300e-01 9.730113029479980469e+00
3.550000000000000000e+02 3.507225554759587083e-01 3.710622738550853339e-01 9.749987602233886719e+00
3.560000000000000000e+02 3.671929899720264845e-01 3.526912398430897544e-01 9.730030059814453125e+00
3.570000000000000000e+02 3.498378210213027861e-01 3.705016028599315558e-01 9.748983383178710938e+00
3.580000000000000000e+02 3.672388634353903614e-01 3.533199336742072760e-01 9.727704048156738281e+00
3.590000000000000000e+02 3.516117217903962366e-01 3.701286217302772741e-01 9.746828079223632812e+00
3.600000000000000000e+02 3.679429607835055238e-01 3.519815521273931824e-01 9.729399681091308594e+00
3.610000000000000000e+02 3.509516645456829953e-01 3.695162542689486296e-01 9.746932983398437500e+00
3.620000000000000000e+02 3.670221611276173190e-01 3.526711602868469186e-01 9.730491638183593750e+00
3.630000000000000000e+02 3.505058796964796164e-01 3.695803649840184724e-01 9.751856803894042969e+00
3.640000000000000000e+02 3.683564083679232160e-01 3.518072582937258330e-01 9.730126380920410156e+00
3.650000000000000000e+02 3.506008871143283523e-01 3.686940974635619650e-01 9.749325752258300781e+00
3.660000000000000000e+02 3.669924101287663776e-01 3.520793494278233182e-01 9.730091094970703125e+00
3.670000000000000000e+02 3.502873501383452770e-01 3.686910499072993397e-01 9.750845909118652344e+00
3.680000000000000000e+02 3.671105021319334138e-01 3.526896898114367240e-01 9.730085372924804688e+00
3.690000000000000000e+02 3.504379030272936624e-01 3.690842373444712110e-01 9.749973297119140625e+00
3.700000000000000000e+02 3.669553622518927916e-01 3.515502200361433349e-01 9.728876113891601562e+00
3.710000000000000000e+02 3.512829357266784025e-01 3.685681939146326913e-01 9.749693870544433594e+00
3.720000000000000000e+02 3.686360086337323594e-01 3.515748954700171902e-01 9.731657981872558594e+00
3.730000000000000000e+02 3.503925430058291157e-01 3.692520730112364702e-01 9.751079559326171875e+00
3.740000000000000000e+02 3.689071701386844038e-01 3.513261451875777652e-01 9.734855651855468750e+00
3.750000000000000000e+02 3.510183190553331500e-01 3.700128612006703954e-01 9.754285812377929688e+00
3.760000000000000000e+02 3.700438773202078258e-01 3.520144154793661828e-01 9.737574577331542969e+00
3.770000000000000000e+02 3.519944643883558544e-01 3.698410319366530752e-01 9.753338813781738281e+00
3.780000000000000000e+02 3.680077050255352034e-01 3.527843128398408523e-01 9.735610008239746094e+00
3.790000000000000000e+02 3.513227026868873670e-01 3.694035204125847294e-01 9.755590438842773438e+00
3.800000000000000000e+02 3.673930281180294299e-01 3.522537934987753916e-01 9.734093666076660156e+00
3.810000000000000000e+02 3.511134321795517099e-01 3.706687378574957115e-01 9.752615928649902344e+00
3.820000000000000000e+02 3.681956535155341825e-01 3.529501757256934824e-01 9.734388351440429688e+00
3.830000000000000000e+02 3.519841170433599120e-01 3.703603448760747208e-01 9.756006240844726562e+00
3.840000000000000000e+02 3.673603037658456638e-01 3.536378741998112418e-01 9.734744071960449219e+00
3.850000000000000000e+02 3.523788339167846506e-01 3.701048522018242637e-01 9.755459785461425781e+00
3.860000000000000000e+02 3.692799296436015122e-01 3.536866830298888154e-01 9.737785339355468750e+00
3.870000000000000000e+02 3.524281962814291846e-01 3.700699609936476953e-01 9.753906250000000000e+00
3.880000000000000000e+02 3.691568709898658818e-01 3.528903675542190421e-01 9.737225532531738281e+00
3.890000000000000000e+02 3.520760872989986967e-01 3.703500211793228636e-01 9.752650260925292969e+00
3.900000000000000000e+02 3.701242582655488444e-01 3.534961591785659163e-01 9.736687660217285156e+00
3.910000000000000000e+02 3.522283970184654223e-01 3.701160285970148123e-01 9.752732276916503906e+00
3.920000000000000000e+02 3.707276062645091796e-01 3.532966442997067524e-01 9.738059997558593750e+00
3.930000000000000000e+02 3.521768379139275096e-01 3.706437120468351054e-01 9.753946304321289062e+00
3.940000000000000000e+02 3.699801321088003192e-01 3.529969862515598411e-01 9.738372802734375000e+00
3.950000000000000000e+02 3.515802531353949267e-01 3.709209806977293300e-01 9.753385543823242188e+00
3.960000000000000000e+02 3.683805612377797911e-01 3.551404751666034643e-01 9.735137939453125000e+00
3.970000000000000000e+02 3.524026114532961551e-01 3.715707602289198830e-01 9.755279541015625000e+00
3.980000000000000000e+02 3.701675829265426709e-01 3.541263145945224289e-01 9.735033988952636719e+00
