0.000000000000000000e+00 2.687073756339090902e-02 2.441642403090398331e-02 7.997499942779541016e+00
1.000000000000000000e+00 2.627618061092659024e-02 2.708191833113092126e-02 8.024455070495605469e+00
2.000000000000000000e+00 3.070046544901289254e-02 2.596314686260794979e-02 8.152997016906738281e+00
3.000000000000000000e+00 3.095118666373116237e-02 3.119241562112576305e-02 8.183141708374023438e+00
4.000000000000000000e+00 3.799002296178833477e-02 3.080221042702065842e-02 8.300839424133300781e+00
5.000000000000000000e+00 3.635305846997354678e-02 3.862319680014920237e-02 8.331949234008789062e+00
6.000000000000000000e+00 4.487870008648459086e-02 3.691562544340470237e-02 8.436457633972167969e+00
7.000000000000000000e+00 4.404488922833601355e-02 4.557877009845984206e-02 8.468502044677734375e+00
8.000000000000000000e+00 5.379917871958688619e-02 4.386965240957953205e-02 8.566556930541992188e+00
9.000000000000000000e+00 5.080348082672744847e-02 5.458675274139278277e-02 8.595210075378417969e+00
1.000000000000000000e+01 6.321745126215080890e-02 5.219837239329084416e-02 8.683120727539062500e+00
1.100000000000000000e+01 6.031847386804412708e-02 6.410849264063932240e-02 8.712304115295410156e+00
1.200000000000000000e+01 7.180834534417634973e-02 6.069136922313469323e-02 8.789808273315429688e+00
1.300000000000000000e+01 6.928141967394894907e-02 7.238450304728706597e-02 8.818513870239257812e+00
1.400000000000000000e+01 8.102314355410229763e-02 6.909038351882752782e-02 8.887457847595214844e+00
1.500000000000000000e+01 7.742402007267393249e-02 8.253986989920930606e-02 8.918312072753906250e+00
1.600000000000000000e+01 9.039728179006749353e-02 7.903990701081840820e-02 8.978371620178222656e+00
1.700000000000000000e+01 8.563321622997732696e-02 9.227815034110886661e-02 9.010138511657714844e+00
1.800000000000000000e+01 1.000858854787196744e-01 8.803826959853200407e-02 9.063174247741699219e+00
1.900000000000000000e+01 9.509564645118862014e-02 1.029605233245172308e-01 9.096577644348144531e+00
2.000000000000000000e+01 1.089829640151583068e-01 9.775302101121015330e-02 9.140346527099609375e+00
2.100000000000000000e+01 1.053055190363451216e-01 1.120703402877268051e-01 9.176597595214843750e+00
2.200000000000000000e+01 1.181042074399187292e-01 1.062829981142858760e-01 9.215399742126464844e+00
2.300000000000000000e+01 1.132219362832259935e-01 1.211863046228996571e-01 9.251117706298828125e+00
2.400000000000000000e+01 1.269438511545439852e-01 1.148264687487339925e-01 9.286078453063964844e+00
2.500000000000000000e+01 1.216047414327780379e-01 1.304058445937633648e-01 9.318817138671875000e+00
2.600000000000000000e+01 1.356879170082564423e-01 1.240431780895561997e-01 9.351174354553222656e+00
2.700000000000000000e+01 1.305817428421494064e-01 1.382736208743969020e-01 9.382575035095214844e+00
2.800000000000000000e+01 1.452548323391879281e-01 1.314343837341622190e-01 9.413511276245117188e+00
2.900000000000000000e+01 1.377706953783891242e-01 1.465775626599021275e-01 9.440646171569824219e+00
3.000000000000000000e+01 1.529839915283550400e-01 1.394566147575395931e-01 9.468859672546386719e+00
3.100000000000000000e+01 1.453622330048428002e-01 1.557151856800664536e-01 9.495883941650390625e+00
3.200000000000000000e+01 1.614223637341895001e-01 1.474388248673868529e-01 9.519927978515625000e+00
3.300000000000000000e+01 1.529566738087544120e-01 1.631842202312369927e-01 9.549883842468261719e+00
3.400000000000000000e+01 1.690024375886119978e-01 1.543960065980494178e-01 9.568287849426269531e+00
3.500000000000000000e+01 1.601595674715803330e-01 1.708223584765904135e-01 9.602039337158203125e+00
3.600000000000000000e+01 1.763062637069073013e-01 1.633588914145502058e-01 9.614095687866210938e+00
3.700000000000000000e+01 1.671396474267667076e-01 1.784062331159318171e-01 9.649379730224609375e+00
3.800000000000000000e+01 1.829729032388145715e-01 1.701757964535867418e-01 9.657703399658203125e+00
3.900000000000000000e+01 1.742642667725936567e-01 1.862985460903564261e-01 9.693812370300292969e+00
4.000000000000000000e+01 1.912472528285026896e-01 1.769364138051650326e-01 9.698104858398437500e+00
4.100000000000000000e+01 1.809233308393461137e-01 1.928840982345353949e-01 9.736253738403320312e+00
4.200000000000000000e+01 1.975325241900230677e-01 1.832661236481906153e-01 9.739833831787109375e+00
4.300000000000000000e+01 1.887162039051261953e-01 2.000168900102698988e-01 9.774107933044433594e+00
4.400000000000000000e+01 2.042137060465459286e-01 1.897107273760088864e-01 9.776643753051757812e+00
4.500000000000000000e+01 1.945039489895699636e-01 2.069895000098325444e-01 9.810820579528808594e+00
4.600000000000000000e+01 2.109886425266758736e-01 1.958543264780112647e-01 9.813234329223632812e+00
4.700000000000000000e+01 2.011929837147156119e-01 2.124011168355856016e-01 9.846459388732910156e+00
4.800000000000000000e+01 2.164478167122383945e-01 2.022683603666233232e-01 9.847168922424316406e+00
4.900000000000000000e+01 2.054458721182504111e-01 2.185368965591252266e-01 9.878994941711425781e+00
5.000000000000000000e+01 2.221219355424213504e-01 2.085434982719551189e-01 9.877519607543945312e+00
5.100000000000000000e+01 2.114959033779491571e-01 2.256312983011886375e-01 9.910725593566894531e+00
5.200000000000000000e+01 2.279208389703130389e-01 2.141059950804358458e-01 9.906146049499511719e+00
5.300000000000000000e+01 2.161878378770789588e-01 2.305151215164370215e-01 9.937948226928710938e+00
5.400000000000000000e+01 2.325694932767597423e-01 2.182292959873062266e-01 9.935717582702636719e+00
5.500000000000000000e+01 2.215696239067266593e-01 2.348329262375508375e-01 9.965023994445800781e+00
5.600000000000000000e+01 2.383329259936539102e-01 2.224316968340420142e-01 9.959797859191894531e+00
5.700000000000000000e+01 2.272097180426922158e-01 2.392403905870091052e-01 9.985788345336914062e+00
5.800000000000000000e+01 2.437974698795557227e-01 2.276985064703108130e-01 9.985223770141601562e+00
5.900000000000000000e+01 2.318330924442101593e-01 2.446196505950768429e-01 1.001093292236328125e+01
6.000000000000000000e+01 2.483683841951582205e-01 2.319311577266411628e-01 1.000962829589843750e+01
6.100000000000000000e+01 2.363370850926981015e-01 2.487105979925280375e-01 1.003343486785888672e+01
6.200000000000000000e+01 2.536318418054946955e-01 2.359609463710800326e-01 1.003289413452148438e+01
6.300000000000000000e+01 2.408944935969783707e-01 2.521254372005213296e-01 1.005297279357910156e+01
6.400000000000000000e+01 2.578043152872772081e-01 2.390147266277044824e-01 1.005565166473388672e+01
6.500000000000000000e+01 2.455911102922659073e-01 2.565328597439657243e-01 1.007092380523681641e+01
6.600000000000000000e+01 2.625425843066104825e-01 2.425990567695987254e-01 1.007787895202636719e+01
6.700000000000000000e+01 2.488173229750728077e-01 2.598830092970533245e-01 1.008949375152587891e+01
6.800000000000000000e+01 2.657317096982232951e-01 2.479216581143958431e-01 1.009545612335205078e+01
6.900000000000000000e+01 2.521430680404299074e-01 2.634378769276206067e-01 1.011222171783447266e+01
7.000000000000000000e+01 2.695215651199414642e-01 2.512818962316254456e-01 1.011167430877685547e+01
7.100000000000000000e+01 2.552214460139838326e-01 2.678772480076649920e-01 1.012657451629638672e+01
7.200000000000000000e+01 2.721696201256770253e-01 2.538261118851791731e-01 1.012498092651367188e+01
7.300000000000000000e+01 2.587727367259636813e-01 2.709647746851129302e-01 1.014171409606933594e+01
7.400000000000000000e+01 2.751501418338722638e-01 2.581371530384501956e-01 1.013743686676025391e+01
7.500000000000000000e+01 2.622797657166736629e-01 2.744045659690537708e-01 1.015556430816650391e+01
7.600000000000000000e+01 2.773857816144140731e-01 2.605308771099023035e-01 1.015217971801757812e+01
7.700000000000000000e+01 2.646220136673508305e-01 2.770017712453985981e-01 1.016815567016601562e+01
7.800000000000000000e+01 2.814902321084326586e-01 2.634925843811821711e-01 1.016650772094726562e+01
7.900000000000000000e+01 2.670623834577996458e-01 2.801117415990273529e-01 1.018134498596191406e+01
8.000000000000000000e+01 2.842840344852664014e-01 2.671220549462953731e-01 1.017863655090332031e+01
8.100000000000000000e+01 2.699313154028997741e-01 2.833182265850329729e-01 1.019635200500488281e+01
8.200000000000000000e+01 2.874622401747303213e-01 2.703458599132402274e-01 1.019202995300292969e+01
8.300000000000000000e+01 2.730481411528004609e-01 2.863717175200454212e-01 1.021524238586425781e+01
8.400000000000000000e+01 2.898996882602648539e-01 2.721612018045911352e-01 1.020674514770507812e+01
8.500000000000000000e+01 2.764957012798710534e-01 2.879020031754589981e-01 1.022506427764892578e+01
8.600000000000000000e+01 2.925930560924088764e-01 2.738977650258845320e-01 1.022191619873046875e+01
8.700000000000000000e+01 2.786574071097621674e-01 2.900601219272546105e-01 1.023657608032226562e+01
8.800000000000000000e+01 2.969432738896924384e-01 2.762291531771920994e-01 1.023463153839111328e+01
8.900000000000000000e+01 2.819541501480352652e-01 2.931384193804914551e-01 1.024517154693603516e+01
9.000000000000000000e+01 2.980914273629806654e-01 2.775593408416625607e-01 1.024491596221923828e+01
9.100000000000000000e+01 2.835732430825929629e-01 2.944484918172702859e-01 1.025339317321777344e+01
9.200000000000000000e+01 3.009790364264337548e-01 2.803653391263632444e-01 1.025475025177001953e+01
9.300000000000000000e+01 2.864934304744730653e-01 2.971775029735287399e-01 1.026387310028076172e+01
9.400000000000000000e+01 3.022048633365287396e-01 2.818212238466751840e-01 1.026396179199218750e+01
9.500000000000000000e+01 2.883555007246623170e-01 2.978310110554523438e-01 1.027395629882812500e+01
9.600000000000000000e+01 3.041423180974426321e-01 2.834259095309052956e-01 1.027544593811035156e+01
9.700000000000000000e+01 2.895965901592276737e-01 2.993510904920164140e-01 1.028121185302734375e+01
9.800000000000000000e+01 3.065550627114375093e-01 2.848278888407694276e-01 1.028455734252929688e+01
9.900000000000000000e+01 2.921507256614632175e-01 3.016306464444610813e-01 1.028939628601074219e+01
1.000000000000000000e+02 3.076188404517054553e-01 2.869565046442144607e-01 1.029187870025634766e+01
1.010000000000000000e+02 2.922598177287674681e-01 3.040020745344663156e-01 1.029837226867675781e+01
1.020000000000000000e+02 3.085297024803391186e-01 2.892524641645625172e-01 1.029775810241699219e+01
1.030000000000000000e+02 2.944796401537041475e-01 3.048700879470308545e-01 1.030592823028564453e+01
1.040000000000000000e+02 3.098865086819198589e-01 2.895578155064726378e-01 1.030680274963378906e+01
1.050000000000000000e+02 2.953562751302791778e-01 3.060177575463827182e-01 1.031351757049560547e+01
1.060000000000000000e+02 3.117049332258691186e-01 2.919446735970656626e-01 1.031382369995117188e+01
1.070000000000000000e+02 2.972521438217696210e-01 3.076873004100950659e-01 1.032167911529541016e+01
1.080000000000000000e+02 3.138820997270846402e-01 2.930564325574498419e-01 1.032105922698974609e+01
1.090000000000000000e+02 2.976288227551128207e-01 3.095718057422440217e-01 1.032755661010742188e+01
1.100000000000000000e+02 3.140685407412286967e-01 2.941106367687565948e-01 1.032554626464843750e+01
1.110000000000000000e+02 2.981384607439293566e-01 3.102952897024053303e-01 1.033206081390380859e+01
1.120000000000000000e+02 3.150107927716172540e-01 2.949683664587402498e-01 1.033171844482421875e+01
1.130000000000000000e+02 2.995912217521692344e-01 3.116269702204632064e-01 1.033824157714843750e+01
1.140000000000000000e+02 3.154953811087483628e-01 2.963952664467318643e-01 1.033473491668701172e+01
1.150000000000000000e+02 3.011636163146081957e-01 3.131746046819056661e-01 1.034333229064941406e+01
1.160000000000000000e+02 3.177758512926666667e-01 2.994450603066836081e-01 1.033633041381835938e+01
1.170000000000000000e+02 3.013529775848235448e-01 3.146626271455674750e-01 1.034884834289550781e+01
1.180000000000000000e+02 3.180397791987404910e-01 3.003393429000713599e-01 1.033874702453613281e+01
1.190000000000000000e+02 3.036851250414780989e-01 3.154653844833801846e-01 1.035266017913818359e+01
1.200000000000000000e+02 3.195830712196010004e-01 3.014678568446446660e-01 1.034408283233642578e+01
1.210000000000000000e+02 3.046617593378840860e-01 3.172679210714752784e-01 1.035629367828369141e+01
1.220000000000000000e+02 3.199070903112573583e-01 3.017331408177110208e-01 1.034627151489257812e+01
1.230000000000000000e+02 3.055532412067668568e-01 3.196358990054527505e-01 1.036254692077636719e+01
1.240000000000000000e+02 3.200079059595163367e-01 3.038872674558488751e-01 1.035046291351318359e+01
1.250000000000000000e+02 3.048526272026353401e-01 3.204998413621757969e-01 1.036758041381835938e+01
1.260000000000000000e+02 3.210364843334151397e-01 3.057030017903379360e-01 1.035031032562255859e+01
1.270000000000000000e+02 3.065890510264175917e-01 3.217232290241621162e-01 1.037362575531005859e+01
1.280000000000000000e+02 3.235807812668463068e-01 3.061298429230877582e-01 1.035283565521240234e+01
1.290000000000000000e+02 3.075018972327369093e-01 3.230234040502840687e-01 1.037228202819824219e+01
1.300000000000000000e+02 3.234901991452592829e-01 3.068976274498239620e-01 1.035696220397949219e+01
1.310000000000000000e+02 3.087636055889999009e-01 3.231261669559924443e-01 1.037492942810058594e+01
1.320000000000000000e+02 3.252916604148087809e-01 3.078323902540257562e-01 1.035928153991699219e+01
1.330000000000000000e+02 3.093148063870996833e-01 3.233537714776412164e-01 1.037909603118896484e+01
1.340000000000000000e+02 3.253236410614236407e-01 3.075756143250504282e-01 1.036313152313232422e+01
1.350000000000000000e+02 3.104153189545825198e-01 3.254680063586643524e-01 1.038170433044433594e+01
1.360000000000000000e+02 3.272742266025134850e-01 3.090740605218253445e-01 1.036433601379394531e+01
1.370000000000000000e+02 3.107024634475865632e-01 3.245461728382467714e-01 1.038653755187988281e+01
1.380000000000000000e+02 3.275441211850472767e-01 3.094476317309622360e-01 1.036556434631347656e+01
1.390000000000000000e+02 3.110440082990649779e-01 3.264253509647077611e-01 1.038833808898925781e+01
1.400000000000000000e+02 3.272715699187684346e-01 3.099789648728963343e-01 1.036933612823486328e+01
1.410000000000000000e+02 3.125055102646376870e-01 3.268829494603058272e-01 1.039345836639404297e+01
1.420000000000000000e+02 3.287343738697384166e-01 3.110226134667519737e-01 1.037209033966064453e+01
1.430000000000000000e+02 3.129089183070657976e-01 3.280991777227765249e-01 1.039604187011718750e+01
1.440000000000000000e+02 3.299206443163804070e-01 3.124475545017810219e-01 1.037661838531494141e+01
1.450000000000000000e+02 3.133431628980335448e-01 3.290237068576276069e-01 1.040136432647705078e+01
1.460000000000000000e+02 3.297523902866093537e-01 3.136338155279219109e-01 1.037993240356445312e+01
1.470000000000000000e+02 3.141650210949586408e-01 3.299069893542076470e-01 1.040704917907714844e+01
1.480000000000000000e+02 3.297103006300231565e-01 3.141505147184244229e-01 1.038173007965087891e+01
1.490000000000000000e+02 3.137291477938866091e-01 3.302678935348596911e-01 1.041261959075927734e+01
1.500000000000000000e+02 3.305420549877441383e-01 3.146330180608535865e-01 1.038245773315429688e+01
1.510000000000000000e+02 3.135518566202792901e-01 3.308117902917019348e-01 1.041565418243408203e+01
1.520000000000000000e+02 3.303320480604085008e-01 3.156706550272320166e-01 1.038780403137207031e+01
1.530000000000000000e+02 3.142470483412953541e-01 3.318810980801323307e-01 1.041937828063964844e+01
1.540000000000000000e+02 3.301789400882852998e-01 3.144592994991075585e-01 1.038872623443603516e+01
1.550000000000000000e+02 3.156411565488034809e-01 3.319635600701015266e-01 1.041873550415039062e+01
1.560000000000000000e+02 3.318453568059981373e-01 3.155860245155969190e-01 1.038931560516357422e+01
1.570000000000000000e+02 3.148647128226584879e-01 3.325513488371588111e-01 1.042205524444580078e+01
1.580000000000000000e+02 3.315907487813595234e-01 3.165485419578899506e-01 1.039210414886474609e+01
1.590000000000000000e+02 3.155509198898015510e-01 3.316391492817061803e-01 1.042715644836425781e+01
1.600000000000000000e+02 3.328493525754227522e-01 3.172790852850227994e-01 1.039727973937988281e+01
1.610000000000000000e+02 3.167706827876294318e-01 3.337250250278993580e-01 1.042864036560058594e+01
1.620000000000000000e+02 3.322172576203881178e-01 3.169410273930279853e-01 1.040033054351806641e+01
1.630000000000000000e+02 3.165106743651475707e-01 3.343081906482364696e-01 1.043074035644531250e+01
1.640000000000000000e+02 3.322151313620441138e-01 3.190888517194561125e-01 1.040177154541015625e+01
1.650000000000000000e+02 3.152076050599557089e-01 3.343674154294513090e-01 1.043586635589599609e+01
1.660000000000000000e+02 3.324125051977223078e-01 3.190104749653880356e-01 1.040239906311035156e+01
1.670000000000000000e+02 3.156460075082229144e-01 3.343420359357686111e-01 1.043795394897460938e+01
1.680000000000000000e+02 3.320376834389435761e-01 3.194229077806794992e-01 1.040405082702636719e+01
1.690000000000000000e+02 3.162488385319576212e-01 3.361332880515233157e-01 1.043964004516601562e+01
1.700000000000000000e+02 3.328399198143078830e-01 3.186905449777832078e-01 1.040340518951416016e+01
1.710000000000000000e+02 3.167164980448592404e-01 3.347407193304862694e-01 1.044036960601806641e+01
1.720000000000000000e+02 3.338073692400849168e-01 3.192208563300233393e-01 1.040583229064941406e+01
1.730000000000000000e+02 3.173335396579824441e-01 3.349117484518345789e-01 1.043685722351074219e+01
1.740000000000000000e+02 3.344129832622066423e-01 3.186731462261839787e-01 1.040834999084472656e+01
1.750000000000000000e+02 3.182280849578643656e-01 3.357983533147336219e-01 1.043583965301513672e+01
1.760000000000000000e+02 3.348212270155400683e-01 3.186548140904228998e-01 1.040891742706298828e+01
1.770000000000000000e+02 3.191662579917109999e-01 3.346630449684484532e-01 1.043689823150634766e+01
1.780000000000000000e+02 3.341620777184841629e-01 3.203733514079525890e-01 1.041302967071533203e+01
1.790000000000000000e+02 3.186086533269636978e-01 3.366314843906267340e-01 1.044042015075683594e+01
1.800000000000000000e+02 3.353681945810748632e-01 3.201298532246916739e-01 1.041290187835693359e+01
1.810000000000000000e+02 3.191844772403223396e-01 3.369915295355443985e-01 1.044207954406738281e+01
1.820000000000000000e+02 3.347569074941287304e-01 3.205261932920179802e-01 1.041354370117187500e+01
1.830000000000000000e+02 3.188465080151965947e-01 3.355223115330476236e-01 1.044193363189697266e+01
1.840000000000000000e+02 3.350920912730201429e-01 3.201085164795894888e-01 1.041177558898925781e+01
1.850000000000000000e+02 3.180613673905738348e-01 3.357498615975078593e-01 1.043951034545898438e+01
1.860000000000000000e+02 3.344010792091538509e-01 3.198985579641434041e-01 1.041046810150146484e+01
1.870000000000000000e+02 3.183681729891177370e-01 3.369139175428840227e-01 1.043935585021972656e+01
1.880000000000000000e+02 3.343570126508591533e-01 3.214022252516774425e-01 1.040991783142089844e+01
1.890000000000000000e+02 3.187496226394933019e-01 3.374057063867345052e-01 1.044258594512939453e+01
1.900000000000000000e+02 3.349915929886871924e-01 3.208827022699057285e-01 1.041195297241210938e+01
1.910000000000000000e+02 3.193465757892107182e-01 3.374959184551395985e-01 1.044067287445068359e+01
1.920000000000000000e+02 3.347250828942366918e-01 3.212403255745451269e-01 1.040956115722656250e+01
1.930000000000000000e+02 3.190270067497691375e-01 3.380339708733710036e-01 1.044120693206787109e+01
1.940000000000000000e+02 3.349544813077076633e-01 3.224797877326617823e-01 1.040714168548583984e+01
1.950000000000000000e+02 3.179355907890238364e-01 3.380501168146832769e-01 1.044214534759521484e+01
1.960000000000000000e+02 3.353127835824448177e-01 3.215917897840149808e-01 1.040661334991455078e+01
1.970000000000000000e+02 3.189611124870098124e-01 3.379788089395842077e-01 1.044176673889160156e+01
1.980000000000000000e+02 3.355658669971346431e-01 3.218879460127929693e-01 1.040924167633056641e+01
1.990000000000000000e+02 3.193881502259991456e-01 3.363058598651164632e-01 1.043842029571533203e+01
2.000000000000000000e+02 3.363558573325113321e-01 3.215222657024777719e-01 1.040844535827636719e+01
2.010000000000000000e+02 3.187938695667149602e-01 3.373490107954568162e-01 1.043876552581787109e+01
2.020000000000000000e+02 3.347349440593469505e-01 3.205871608836507458e-01 1.041067790985107422e+01
2.030000000000000000e+02 3.191424100650161466e-01 3.372392551185215970e-01 1.044122505187988281e+01
2.040000000000000000e+02 3.361924576830930267e-01 3.214973176585506076e-01 1.041243457794189453e+01
2.050000000000000000e+02 3.199203039980507146e-01 3.380322211739348881e-01 1.044286441802978516e+01
2.060000000000000000e+02 3.354222622554984268e-01 3.214056546696796857e-01 1.041385936737060547e+01
2.070000000000000000e+02 3.203326233682217694e-01 3.384874222123631093e-01 1.044565296173095703e+01
2.080000000000000000e+02 3.353210655761444392e-01 3.215414665632494451e-01 1.041244983673095703e+01
2.090000000000000000e+02 3.197812581290725431e-01 3.382155244113168036e-01 1.044711399078369141e+01
2.100000000000000000e+02 3.358552062450415043e-01 3.217875523104872237e-01 1.041254425048828125e+01
2.110000000000000000e+02 3.191949106438108363e-01 3.371317968448239721e-01 1.044809722900390625e+01
2.120000000000000000e+02 3.364568648848124122e-01 3.210732898404183855e-01 1.041233539581298828e+01
2.130000000000000000e+02 3.196145907614161841e-01 3.376477598531488211e-01 1.044712543487548828e+01
2.140000000000000000e+02 3.359554291537292237e-01 3.221773941125716245e-01 1.041168785095214844e+01
2.150000000000000000e+02 3.196334938558101912e-01 3.378828969157531281e-01 1.044916820526123047e+01
2.160000000000000000e+02 3.360296611369607001e-01 3.213006581799150441e-01 1.041410541534423828e+01
2.170000000000000000e+02 3.207962264209536229e-01 3.372584986137750485e-01 1.044789314270019531e+01
2.180000000000000000e+02 3.370028658277523514e-01 3.214886215387979806e-01 1.041494083404541016e+01
2.190000000000000000e+02 3.204696644465953037e-01 3.382340831968898565e-01 1.044560813903808594e+01
2.200000000000000000e+02 3.370729938782998647e-01 3.211686146918391604e-01 1.041465187072753906e+01
2.210000000000000000e+02 3.219923625142202539e-01 3.374780072179580093e-01 1.044509983062744141e+01
2.220000000000000000e+02 3.382327230269591700e-01 3.222141584569374051e-01 1.041522789001464844e+01
2.230000000000000000e+02 3.220237078012375131e-01 3.376882017841577044e-01 1.044442558288574219e+01
2.240000000000000000e+02 3.385411606628054293e-01 3.218191142866623222e-01 1.041727352142333984e+01
2.250000000000000000e+02 3.221741157547920453e-01 3.380097094077178510e-01 1.044253826141357422e+01
2.260000000000000000e+02 3.392059967254978381e-01 3.206819574470569090e-01 1.041933631896972656e+01
2.270000000000000000e+02 3.223121680948018986e-01 3.375634864389512879e-01 1.044268035888671875e+01
2.280000000000000000e+02 3.392095845999098525e-01 3.206303111205621725e-01 1.042173004150390625e+01
2.290000000000000000e+02 3.241620995412666795e-01 3.371102175924101108e-01 1.044289207458496094e+01
2.300000000000000000e+02 3.404321466868104329e-01 3.206511237434731543e-01 1.042453765869140625e+01
2.310000000000000000e+02 3.236206514091987119e-01 3.373764257519179521e-01 1.044200611114501953e+01
2.320000000000000000e+02 3.396742447803214882e-01 3.211513756534324915e-01 1.042360782623291016e+01
2.330000000000000000e+02 3.238586387043469461e-01 3.382740867951821162e-01 1.044269275665283203e+01
2.340000000000000000e+02 3.403874346038874288e-01 3.230027041004282506e-01 1.042525768280029297e+01
2.350000000000000000e+02 3.238340063792267687e-01 3.382596198491658601e-01 1.044811534881591797e+01
2.360000000000000000e+02 3.402023270306276381e-01 3.217201423987558484e-01 1.042654895782470703e+01
2.370000000000000000e+02 3.241266098710071653e-01 3.393901238745167803e-01 1.044823455810546875e+01
2.380000000000000000e+02 3.402667671995510679e-01 3.240577349315624800e-01 1.042441558837890625e+01
2.390000000000000000e+02 3.227916259861837167e-01 3.400909322507627564e-01 1.045036315917968750e+01
2.400000000000000000e+02 3.386014626445401632e-01 3.230922301915971628e-01 1.042388153076171875e+01
2.410000000000000000e+02 3.224152334609982073e-01 3.384376935709334511e-01 1.045343780517578125e+01
2.420000000000000000e+02 3.390766844213325415e-01 3.237663810448243029e-01 1.042407894134521484e+01
2.430000000000000000e+02 3.222650148130020153e-01 3.401608546346069906e-01 1.045457267761230469e+01
2.440000000000000000e+02 3.390641832690139967e-01 3.236168469353464250e-01 1.042633724212646484e+01
2.450000000000000000e+02 3.229188943330135175e-01 3.389926557778451532e-01 1.045376396179199219e+01
2.460000000000000000e+02 3.396859641194401869e-01 3.224702356092843392e-01 1.042755508422851562e+01
2.470000000000000000e+02 3.231911188546541247e-01 3.390316186138602195e-01 1.045259952545166016e+01
2.480000000000000000e+02 3.392623983996370107e-01 3.221285607408002627e-01 1.042909240722656250e+01
2.490000000000000000e+02 3.231477648009759562e-01 3.383569858298176025e-01 1.045038604736328125e+01
2.500000000000000000e+02 3.399405745150457792e-01 3.227381104249085753e-01 1.042864608764648438e+01
2.510000000000000000e+02 3.238325566949757373e-01 3.376200256690438106e-01 1.045244979858398438e+01
2.520000000000000000e+02 3.389405700219991768e-01 3.219115640141561041e-01 1.043116378784179688e+01
2.530000000000000000e+02 3.220208162752982162e-01 3.382081855522411362e-01 1.045081710815429688e+01
2.540000000000000000e+02 3.386384085809333588e-01 3.216479902185825912e-01 1.042977619171142578e+01
2.550000000000000000e+02 3.223640835925823955e-01 3.375012157540733804e-01 1.044994926452636719e+01
2.560000000000000000e+02 3.377089717551383097e-01 3.218579586372334322e-01 1.042875099182128906e+01
2.570000000000000000e+02 3.222833330857128864e-01 3.375138487893817874e-01 1.044997215270996094e+01
2.580000000000000000e+02 3.392426004610237245e-01 3.217289284105000480e-01 1.043008422851562500e+01
2.590000000000000000e+02 3.221461884326928815e-01 3.388290570283033487e-01 1.045117855072021484e+01
2.600000000000000000e+02 3.390368402522931923e-01 3.210177073437797124e-01 1.042897796630859375e+01
2.610000000000000000e+02 3.235277253008445597e-01 3.374708648440243319e-01 1.044874572753906250e+01
2.620000000000000000e+02 3.387451493813384840e-01 3.207221701294869498e-01 1.043113613128662109e+01
2.630000000000000000e+02 3.221881144029768995e-01 3.372505215340599882e-01 1.044758605957031250e+01
2.640000000000000000e+02 3.388955183138689931e-01 3.204321428987939591e-01 1.043252182006835938e+01
2.650000000000000000e+02 3.232760573118559910e-01 3.376175331776791189e-01 1.044653415679931641e+01
2.660000000000000000e+02 3.378464492690820276e-01 3.200908127764965916e-01 1.043187999725341797e+01
2.670000000000000000e+02 3.218715783926048846e-01 3.369663926844068680e-01 1.044749927520751953e+01
2.680000000000000000e+02 3.383104304271082885e-01 3.203428931643407807e-01 1.042804431915283203e+01
2.690000000000000000e+02 3.220913849237489468e-01 3.366055675969888417e-01 1.044626808166503906e+01
2.700000000000000000e+02 3.385083433102369366e-01 3.205068981000963046e-01 1.042850971221923828e+01
2.710000000000000000e+02 3.228386905744393132e-01 3.364786919942773791e-01 1.044316959381103516e+01
2.720000000000000000e+02 3.392133864011047106e-01 3.198416741941957908e-01 1.042958641052246094e+01
2.730000000000000000e+02 3.224970942154276043e-01 3.353622010152631505e-01 1.044213962554931641e+01
2.740000000000000000e+02 3.391371293463320002e-01 3.194744784292589124e-01 1.043080711364746094e+01
2.750000000000000000e+02 3.234797746986145528e-01 3.362514821575707802e-01 1.044306087493896484e+01
2.760000000000000000e+02 3.390064488831953105e-01 3.215546007124637229e-01 1.043053340911865234e+01
2.770000000000000000e+02 3.228251616554180803e-01 3.364453245543653215e-01 1.044403457641601562e+01
2.780000000000000000e+02 3.394974241153183581e-01 3.205827405277967279e-01 1.042935276031494141e+01
2.790000000000000000e+02 3.232420282740172124e-01 3.362532589685451878e-01 1.044108676910400391e+01
2.800000000000000000e+02 3.377778480739322409e-01 3.205477250661005750e-01 1.042856216430664062e+01
2.810000000000000000e+02 3.233543126049640004e-01 3.369326726519072945e-01 1.044078826904296875e+01
2.820000000000000000e+02 3.393095121206523013e-01 3.206183576665556645e-01 1.042869567871093750e+01
2.830000000000000000e+02 3.233271372959796719e-01 3.360302995990588348e-01 1.043889427185058594e+01
2.840000000000000000e+02 3.387524517830229898e-01 3.196509438728943886e-01 1.042856407165527344e+01
2.850000000000000000e+02 3.226280338003037484e-01 3.366251914472147000e-01 1.043894195556640625e+01
2.860000000000000000e+02 3.397405486278861075e-01 3.203747487351737422e-01 1.042697334289550781e+01
2.870000000000000000e+02 3.238044472676885888e-01 3.365794793448140809e-01 1.043958473205566406e+01
2.880000000000000000e+02 3.400589801542711621e-01 3.204519214025490781e-01 1.042846298217773438e+01
2.890000000000000000e+02 3.235435013122087700e-01 3.357035643773400024e-01 1.044003486633300781e+01
2.900000000000000000e+02 3.400505619662542722e-01 3.188490132422781564e-01 1.042883968353271484e+01
2.910000000000000000e+02 3.236693985496466031e-01 3.352018283469623827e-01 1.043839550018310547e+01
2.920000000000000000e+02 3.403387094179344263e-01 3.179959891543164274e-01 1.043017005920410156e+01
2.930000000000000000e+02 3.248661634162293144e-01 3.337035457059188137e-01 1.043590354919433594e+01
2.940000000000000000e+02 3.405217808140146851e-01 3.178275598862410067e-01 1.043264865875244141e+01
2.950000000000000000e+02 3.240310751387970867e-01 3.338715138662070037e-01 1.043589210510253906e+01
2.960000000000000000e+02 3.407401320659943500e-01 3.176214383121091500e-01 1.043453407287597656e+01
2.970000000000000000e+02 3.241456436767888860e-01 3.338504775079591536e-01 1.043595027923583984e+01
2.980000000000000000e+02 3.396822037766538127e-01 3.187423812578073501e-01 1.043272209167480469e+01
2.990000000000000000e+02 3.245882691568775513e-01 3.345985491214745755e-01 1.043592643737792969e+01
3.000000000000000000e+02 3.404904690320865179e-01 3.185251410540433925e-01 1.043377017974853516e+01
3.010000000000000000e+02 3.239400078825353524e-01 3.346069256538473091e-01 1.043822002410888672e+01
3.020000000000000000e+02 3.385185569813771167e-01 3.193352481669183285e-01 1.043394184112548828e+01
3.030000000000000000e+02 3.229604648041415893e-01 3.350015417236397730e-01 1.044101810455322266e+01
3.040000000000000000e+02 3.390959017488127114e-01 3.186119612912723942e-01 1.043114185333251953e+01
3.050000000000000000e+02 3.241658242862546779e-01 3.357629311126171245e-01 1.043842697143554688e+01
3.060000000000000000e+02 3.397298344965784533e-01 3.186433387867452227e-01 1.043420791625976562e+01
3.070000000000000000e+02 3.252680783933047937e-01 3.351694722504831025e-01 1.043909931182861328e+01
3.080000000000000000e+02 3.402418574529832984e-01 3.187176056751664377e-01 1.043248939514160156e+01
3.090000000000000000e+02 3.245599851601760344e-01 3.350101840753481053e-01 1.043631362915039062e+01
3.100000000000000000e+02 3.407480197311877901e-01 3.185042945071343001e-01 1.043186950683593750e+01
3.110000000000000000e+02 3.245101024273107648e-01 3.346352187680676216e-01 1.043598556518554688e+01
3.120000000000000000e+02 3.407386481907158093e-01 3.180324689784422842e-01 1.043195629119873047e+01
3.130000000000000000e+02 3.239322589654244910e-01 3.356625012993887935e-01 1.043604564666748047e+01
3.140000000000000000e+02 3.395570642233131098e-01 3.186408666252907862e-01 1.043028354644775391e+01
3.150000000000000000e+02 3.237474534798805981e-01 3.348430402536621830e-01 1.043661403656005859e+01
3.160000000000000000e+02 3.401606416360510310e-01 3.182819345154245250e-01 1.043330001831054688e+01
3.170000000000000000e+02 3.238384460070323212e-01 3.338887453764105562e-01 1.043677330017089844e+01
3.180000000000000000e+02 3.398887054470211555e-01 3.186425424353536706e-01 1.043256282806396484e+01
3.190000000000000000e+02 3.242076786232181429e-01 3.345915764904928147e-01 1.043598365783691406e+01
3.200000000000000000e+02 3.411921495669455462e-01 3.191542699077315470e-01 1.043389701843261719e+01
3.210000000000000000e+02 3.247279928711684360e-01 3.344260113082558883e-01 1.043521213531494141e+01
3.220000000000000000e+02 3.411689875907539804e-01 3.181372372310704577e-01 1.043362426757812500e+01
3.230000000000000000e+02 3.253884464503945528e-01 3.338238619707979971e-01 1.043494129180908203e+01
3.240000000000000000e+02 3.409635842887683288e-01 3.175988323445997352e-01 1.043669033050537109e+01
3.250000000000000000e+02 3.240909368417007608e-01 3.327785892114006328e-01 1.043533039093017578e+01
3.260000000000000000e+02 3.402702655605238102e-01 3.176176659509173383e-01 1.043528366088867188e+01
3.270000000000000000e+02 3.233477251995934831e-01 3.338637782015230204e-01 1.043559360504150391e+01
3.280000000000000000e+02 3.404076602023401454e-01 3.187214560371177119e-01 1.043272304534912109e+01
3.290000000000000000e+02 3.246718590137400162e-01 3.349718500480480254e-01 1.043595790863037109e+01
3.300000000000000000e+02 3.402747107087142897e-01 3.185390909641582780e-01 1.043136119842529297e+01
3.310000000000000000e+02 3.234241285261471033e-01 3.349637945621875001e-01 1.043864822387695312e+01
3.320000000000000000e+02 3.403675286654770926e-01 3.198389601401595006e-01 1.043038082122802734e+01
3.330000000000000000e+02 3.250860970919856041e-01 3.347027749867966806e-01 1.043813800811767578e+01
3.340000000000000000e+02 3.399382205554824510e-01 3.188532409719507799e-01 1.043005084991455078e+01
3.350000000000000000e+02 3.234862976860042871e-01 3.355880689717956611e-01 1.044005966186523438e+01
3.360000000000000000e+02 3.409373745773943143e-01 3.190330164504548982e-01 1.042910957336425781e+01
3.370000000000000000e+02 3.232017430704664518e-01 3.347577924818140871e-01 1.043847560882568359e+01
3.380000000000000000e+02 3.392208261778197342e-01 3.176858275769933182e-01 1.042916870117187500e+01
3.390000000000000000e+02 3.248553788825779276e-01 3.349494600941176348e-01 1.043704605102539062e+01
3.400000000000000000e+02 3.398361275113667146e-01 3.185093797795686688e-01 1.043157958984375000e+01
3.410000000000000000e+02 3.234941368825353103e-01 3.356237469744720592e-01 1.043779182434082031e+01
3.420000000000000000e+02 3.405089084719998827e-01 3.191970566518647079e-01 1.043061828613281250e+01
3.430000000000000000e+02 3.240321211889755082e-01 3.355415123781037567e-01 1.043920230865478516e+01
3.440000000000000000e+02 3.408055232754934605e-01 3.190029842488126266e-01 1.043118572235107422e+01
3.450000000000000000e+02 3.250919080969838504e-01 3.343168796946227594e-01 1.043971157073974609e+01
3.460000000000000000e+02 3.412603509868064600e-01 3.192965332803410772e-01 1.043316364288330078e+01
3.470000000000000000e+02 3.251167050784753987e-01 3.354725941893658137e-01 1.043722629547119141e+01
3.480000000000000000e+02 3.402854693687762389e-01 3.183598399936889423e-01 1.043176937103271484e+01
3.490000000000000000e+02 3.254998257619548530e-01 3.344169930418242620e-01 1.043525600433349609e+01
3.500000000000000000e+02 3.410752021157885117e-01 3.180561725036466503e-01 1.042906379699707031e+01
3.510000000000000000e+02 3.233822157835455346e-01 3.335680192567522240e-01 1.043338489532470703e+01
3.520000000000000000e+02 3.405837088609976471e-01 3.176836755892468167e-01 1.042952060699462891e+01
3.530000000000000000e+02 3.240436926423770903e-01 3.339890764948210689e-01 1.043385601043701172e+01
3.540000000000000000e+02 3.405476833913058110e-01 3.182289723003842719e-01 1.042837619781494141e+01
3.550000000000000000e+02 3.237957347493372606e-01 3.349243618397553246e-01 1.043239879608154297e+01
3.560000000000000000e+02 3.410024117952461520e-01 3.185541395411920496e-01 1.043018627166748047e+01
3.570000000000000000e+02 3.246537937471861701e-01 3.350085271437455159e-01 1.043213176727294922e+01
3.580000000000000000e+02 3.398898258917198434e-01 3.185853382568012981e-01 1.042953014373779297e+01
3.590000000000000000e+02 3.233355993198974709e-01 3.346419271894348624e-01 1.043068790435791016e+01
3.600000000000000000e+02 3.390256581799149238e-01 3.185590651899268821e-01 1.042741298675537109e+01
3.610000000000000000e+02 3.241698801702356247e-01 3.356836460536470335e-01 1.043199157714843750e+01
3.620000000000000000e+02 3.392781268593414445e-01 3.181623202492179225e-01 1.042795181274414062e+01
3.630000000000000000e+02 3.231006680444452606e-01 3.336967318965126106e-01 1.043246078491210938e+01
3.640000000000000000e+02 3.398585069335632869e-01 3.186190260875458313e-01 1.042686176300048828e+01
3.650000000000000000e+02 3.239256676643636479e-01 3.346367673055951619e-01 1.043218994140625000e+01
3.660000000000000000e+02 3.399557357685924486e-01 3.193711781193956933e-01 1.042876815795898438e+01
3.670000000000000000e+02 3.242646400249148964e-01 3.344871589114985500e-01 1.043435955047607422e+01
3.680000000000000000e+02 3.394021737530037441e-01 3.181083389704582598e-01 1.042986297607421875e+01
3.690000000000000000e+02 3.241692440280189991e-01 3.335452679557147082e-01 1.043370914459228516e+01
3.700000000000000000e+02 3.393279328055670008e-01 3.173586981977908339e-01 1.043017387390136719e+01
3.710000000000000000e+02 3.241866421003461451e-01 3.334805751634751791e-01 1.043138790130615234e+01
3.720000000000000000e+02 3.402842802816283818e-01 3.168823244436995146e-01 1.043126201629638672e+01
3.730000000000000000e+02 3.237020638650778270e-01 3.328501842880280392e-01 1.043286609649658203e+01
3.740000000000000000e+02 3.394081806094370601e-01 3.166456761935310671e-01 1.043184757232666016e+01
3.750000000000000000e+02 3.230833958645533133e-01 3.319755909682840511e-01 1.043185043334960938e+01
3.760000000000000000e+02 3.396656545402012006e-01 3.178170674773438398e-01 1.043051242828369141e+01
3.770000000000000000e+02 3.224234692386377943e-01 3.335088275445439177e-01 1.043173789978027344e+01
3.780000000000000000e+02 3.398615273383726043e-01 3.179628667054118507e-01 1.042624187469482422e+01
3.790000000000000000e+02 3.239986501972807464e-01 3.327701944342989493e-01 1.043029594421386719e+01
3.800000000000000000e+02 3.405454442270871573e-01 3.177666499045528892e-01 1.042770957946777344e+01
3.810000000000000000e+02 3.241761698693413907e-01 3.347045036754653924e-01 1.043015766143798828e+01
3.820000000000000000e+02 3.399972801697107583e-01 3.171913375905313082e-01 1.042790317535400391e+01
3.830000000000000000e+02 3.236899696041684593e-01 3.338529471826452433e-01 1.042963123321533203e+01
3.840000000000000000e+02 3.411379007142433251e-01 3.175171242403609928e-01 1.042733860015869141e+01
3.850000000000000000e+02 3.232572387754880094e-01 3.337325698352108239e-01 1.043118572235107422e+01
3.860000000000000000e+02 3.392003655843573995e-01 3.178647036469275933e-01 1.042728805541992188e+01
3.870000000000000000e+02 3.236730053116396721e-01 3.351807240358299356e-01 1.043163394927978516e+01
3.880000000000000000e+02 3.404267216428009668e-01 3.197011193748967028e-01 1.042731666564941406e+01
3.890000000000000000e+02 3.244367192104325448e-01 3.351458066620359166e-01 1.043545627593994141e+01
3.900000000000000000e+02 3.412096870228293333e-01 3.183922302766354351e-01 1.042946243286132812e+01
3.910000000000000000e+02 3.238100701048760577e-01 3.354383349158215899e-01 1.043634796142578125e+01
3.920000000000000000e+02 3.404221989531084347e-01 3.193059856402392649e-01 1.042858028411865234e+01
3.930000000000000000e+02 3.248984845193872428e-01 3.353928571182107077e-01 1.043540191650390625e+01
3.940000000000000000e+02 3.418013180234479309e-01 3.188140323657250863e-01 1.043096351623535156e+01
3.950000000000000000e+02 3.249320250105858787e-01 3.345878354758209938e-01 1.043329906463623047e+01
3.960000000000000000e+02 3.407583746935088365e-01 3.191151987990196170e-01 1.042950153350830078e+01
3.970000000000000000e+02 3.244682591086672785e-01 3.349289900469366033e-01 1.043513107299804688e+01
3.980000000000000000e+02 3.402501604549868497e-01 3.194152157458095553e-01 1.043007373809814453e+01
