0.000000000000000000e+00 8.995642162572642375e-02 7.739956284442529866e-02 2.994738101959228516e+00
1.000000000000000000e+00 8.994794667395429599e-02 9.043533455190561066e-02 2.994628429412841797e+00
2.000000000000000000e+00 1.131417898427164032e-01 8.552551544269057504e-02 3.142273426055908203e+00
3.000000000000000000e+00 1.125947879681850339e-01 1.128074478255124691e-01 3.142870426177978516e+00
4.000000000000000000e+00 1.493378067520233221e-01 1.109327166338607007e-01 3.269734382629394531e+00
5.000000000000000000e+00 1.405493693621220619e-01 1.445779376842321884e-01 3.270885944366455078e+00
6.000000000000000000e+00 1.823634617986864548e-01 1.419111285511363008e-01 3.378237009048461914e+00
7.000000000000000000e+00 1.764509916779688214e-01 1.817334363239615780e-01 3.379191875457763672e+00
8.000000000000000000e+00 2.212594372344265647e-01 1.768063614699018349e-01 3.474746942520141602e+00
9.000000000000000000e+00 2.096614091244142497e-01 2.198652231157368908e-01 3.474616527557373047e+00
1.000000000000000000e+01 2.591846276716808228e-01 2.092185484251587735e-01 3.557622909545898438e+00
1.100000000000000000e+01 2.428511644552382165e-01 2.582998265218072742e-01 3.556951045989990234e+00
1.200000000000000000e+01 2.932203439426285252e-01 2.436766868608779002e-01 3.629437446594238281e+00
1.300000000000000000e+01 2.751132601351448104e-01 2.879211309514472239e-01 3.627506017684936523e+00
1.400000000000000000e+01 3.208472235770269965e-01 2.736531841820677990e-01 3.691454410552978516e+00
1.500000000000000000e+01 3.032816576970956413e-01 3.188711945353576160e-01 3.691787481307983398e+00
1.600000000000000000e+01 3.493094139070339610e-01 3.034113376797971662e-01 3.746716499328613281e+00
1.700000000000000000e+01 3.296214298517269881e-01 3.485145859559846127e-01 3.749593973159790039e+00
1.800000000000000000e+01 3.714055929382995003e-01 3.322648527460311252e-01 3.798181056976318359e+00
1.900000000000000000e+01 3.529536583019937113e-01 3.737535627457983511e-01 3.800724983215332031e+00
2.000000000000000000e+01 3.971114837353946214e-01 3.563418082950176036e-01 3.843918561935424805e+00
2.100000000000000000e+01 3.787041361990695632e-01 4.004317477469601649e-01 3.847087383270263672e+00
2.200000000000000000e+01 4.184932518269255941e-01 3.829801686713094622e-01 3.885418891906738281e+00
2.300000000000000000e+01 4.005305859329000295e-01 4.258455821183833034e-01 3.890206575393676758e+00
2.400000000000000000e+01 4.436609818659975613e-01 4.059242523912119371e-01 3.924283504486083984e+00
2.500000000000000000e+01 4.236601048413105031e-01 4.460091001401125799e-01 3.929495096206665039e+00
2.600000000000000000e+01 4.639389543294678009e-01 4.267264514852789348e-01 3.960498571395874023e+00
2.700000000000000000e+01 4.444416449400687141e-01 4.684038418509351431e-01 3.965628385543823242e+00
2.800000000000000000e+01 4.852451095322170005e-01 4.493200041268813894e-01 3.993590593338012695e+00
2.900000000000000000e+01 4.648187114672208131e-01 4.881963251949121285e-01 3.998450040817260742e+00
3.000000000000000000e+01 5.027880451659512140e-01 4.680888836365240668e-01 4.026962757110595703e+00
3.100000000000000000e+01 4.813868238121009613e-01 5.046792832534123807e-01 4.029425144195556641e+00
3.200000000000000000e+01 5.206066791710503017e-01 4.861418624854366710e-01 4.055022716522216797e+00
3.300000000000000000e+01 5.009728175906564829e-01 5.215094021963132542e-01 4.057452678680419922e+00
3.400000000000000000e+01 5.378711818096867381e-01 5.013688719737988686e-01 4.080373287200927734e+00
3.500000000000000000e+01 5.155542029653864544e-01 5.394843504682931279e-01 4.084571361541748047e+00
3.600000000000000000e+01 5.535421270622531420e-01 5.198342296493251302e-01 4.104998588562011719e+00
3.700000000000000000e+01 5.289081123732773948e-01 5.550592551748134706e-01 4.111555099487304688e+00
3.800000000000000000e+01 5.649999314032655429e-01 5.370268521828376329e-01 4.129633903503417969e+00
3.900000000000000000e+01 5.459665094270080843e-01 5.709412693041376885e-01 4.135221958160400391e+00
4.000000000000000000e+01 5.811689436966296363e-01 5.495293738605461220e-01 4.152722835540771484e+00
4.100000000000000000e+01 5.602196998887167823e-01 5.853863020443349496e-01 4.156272411346435547e+00
4.200000000000000000e+01 5.942610341365985871e-01 5.640081442111353205e-01 4.172337532043457031e+00
4.300000000000000000e+01 5.724564356950649913e-01 5.972608804879740996e-01 4.175934314727783203e+00
4.400000000000000000e+01 6.061299318980868378e-01 5.749230633885954456e-01 4.191104412078857422e+00
4.500000000000000000e+01 5.847467029396460347e-01 6.102366997726142994e-01 4.194970130920410156e+00
4.600000000000000000e+01 6.172148193075697176e-01 5.896036576472191149e-01 4.209638595581054688e+00
4.700000000000000000e+01 5.940823361606799580e-01 6.195667367716791718e-01 4.212618827819824219e+00
4.800000000000000000e+01 6.260857099448774443e-01 5.980803067143827256e-01 4.224642753601074219e+00
4.900000000000000000e+01 6.058989646269568041e-01 6.304030017904229677e-01 4.229001045227050781e+00
5.000000000000000000e+01 6.378178094901056916e-01 6.082802954371180348e-01 4.240515708923339844e+00
5.100000000000000000e+01 6.177949074480552083e-01 6.415018929502461775e-01 4.243735313415527344e+00
5.200000000000000000e+01 6.488375968538940830e-01 6.206074156287154642e-01 4.256209850311279297e+00
5.300000000000000000e+01 6.269369008566889612e-01 6.520139551029773273e-01 4.259085655212402344e+00
5.400000000000000000e+01 6.578931019655928081e-01 6.301979269150783658e-01 4.269651889801025391e+00
5.500000000000000000e+01 6.341417716390117532e-01 6.629953557265495512e-01 4.274607658386230469e+00
5.600000000000000000e+01 6.630675396512017983e-01 6.420060013580004554e-01 4.282038688659667969e+00
5.700000000000000000e+01 6.439669604901486766e-01 6.710539652874144556e-01 4.288217544555664062e+00
5.800000000000000000e+01 6.748968217244235568e-01 6.466783971803852227e-01 4.293365955352783203e+00
5.900000000000000000e+01 6.512990300188902237e-01 6.769536905397409710e-01 4.300355434417724609e+00
6.000000000000000000e+01 6.833918906974496554e-01 6.577260844088314018e-01 4.305324554443359375e+00
6.100000000000000000e+01 6.623636029529919034e-01 6.867590915610479740e-01 4.311601638793945312e+00
6.200000000000000000e+01 6.873862830681368719e-01 6.661029633173661813e-01 4.314741134643554688e+00
6.300000000000000000e+01 6.694562365702793061e-01 6.949490216769128592e-01 4.323047161102294922e+00
6.400000000000000000e+01 6.938777429468495628e-01 6.756889929436331599e-01 4.324341773986816406e+00
6.500000000000000000e+01 6.727385981203038989e-01 7.010748695809810860e-01 4.330889225006103516e+00
6.600000000000000000e+01 7.004681779650668849e-01 6.788320653028421248e-01 4.332886695861816406e+00
6.700000000000000000e+01 6.779852552067467952e-01 7.077289331549738716e-01 4.340578079223632812e+00
6.800000000000000000e+01 7.086981926309057211e-01 6.858327658811553817e-01 4.339824676513671875e+00
6.900000000000000000e+01 6.844190190119499029e-01 7.147664049448938517e-01 4.348914623260498047e+00
7.000000000000000000e+01 7.112306917428026232e-01 6.946264495834900687e-01 4.349905490875244141e+00
7.100000000000000000e+01 6.884854844195055223e-01 7.178867580332503051e-01 4.357656478881835938e+00
7.200000000000000000e+01 7.170083858327459536e-01 6.965711030947909777e-01 4.356199264526367188e+00
7.300000000000000000e+01 6.969838538256049043e-01 7.214742848414952281e-01 4.363785266876220703e+00
7.400000000000000000e+01 7.236265204750802482e-01 7.052559109875372600e-01 4.362667083740234375e+00
7.500000000000000000e+01 7.027020579723445293e-01 7.284360446109618970e-01 4.370200634002685547e+00
7.600000000000000000e+01 7.274334702892938376e-01 7.078408604872337140e-01 4.370481014251708984e+00
7.700000000000000000e+01 7.062626575469098666e-01 7.345827398395933239e-01 4.375882148742675781e+00
7.800000000000000000e+01 7.327925984311361995e-01 7.102008808636740556e-01 4.376640796661376953e+00
7.900000000000000000e+01 7.074834645549390455e-01 7.337011105784088105e-01 4.383050441741943359e+00
8.000000000000000000e+01 7.361442275072743735e-01 7.168190106945522277e-01 4.383309841156005859e+00
8.100000000000000000e+01 7.145145668723591470e-01 7.386605583729369817e-01 4.387750148773193359e+00
8.200000000000000000e+01 7.383332143938788894e-01 7.157123853064598640e-01 4.388276100158691406e+00
8.300000000000000000e+01 7.165366660461193193e-01 7.410097331556949607e-01 4.392782211303710938e+00
8.400000000000000000e+01 7.413742115485894013e-01 7.202205150183458304e-01 4.392155170440673828e+00
8.500000000000000000e+01 7.199960486849971142e-01 7.428106606265438838e-01 4.397047519683837891e+00
8.600000000000000000e+01 7.434048028835857913e-01 7.243771783877930304e-01 4.396178722381591797e+00
8.700000000000000000e+01 7.219132381909573182e-01 7.491824310607685389e-01 4.402849197387695312e+00
8.800000000000000000e+01 7.454120347394747048e-01 7.285277376955983097e-01 4.399895191192626953e+00
8.900000000000000000e+01 7.239671895923616152e-01 7.490981755876137127e-01 4.407128810882568359e+00
9.000000000000000000e+01 7.463186189419019900e-01 7.288197874160144973e-01 4.404504776000976562e+00
9.100000000000000000e+01 7.262561940020382245e-01 7.544755578030981624e-01 4.410503864288330078e+00
9.200000000000000000e+01 7.494449804496908785e-01 7.313872253185784711e-01 4.408058166503906250e+00
9.300000000000000000e+01 7.276321654018181873e-01 7.544840141663694544e-01 4.413877964019775391e+00
9.400000000000000000e+01 7.526244606941447923e-01 7.351667591463596496e-01 4.412503719329833984e+00
9.500000000000000000e+01 7.314540727972951295e-01 7.565333125175961460e-01 4.417601108551025391e+00
9.600000000000000000e+01 7.569971578602857631e-01 7.355472493624140018e-01 4.415922641754150391e+00
9.700000000000000000e+01 7.342065099772386860e-01 7.587096451486063931e-01 4.419951438903808594e+00
9.800000000000000000e+01 7.566861782320096763e-01 7.379691519165604285e-01 4.419709682464599609e+00
9.900000000000000000e+01 7.375673624661323036e-01 7.601348745060810819e-01 4.422417640686035156e+00
1.000000000000000000e+02 7.586295155937575752e-01 7.405832404423239312e-01 4.423310756683349609e+00
1.010000000000000000e+02 7.375443269981031280e-01 7.595651759274082426e-01 4.425108432769775391e+00
1.020000000000000000e+02 7.618303824506196253e-01 7.412309498558540266e-01 4.425950050354003906e+00
1.030000000000000000e+02 7.393967214487813244e-01 7.616787918235822241e-01 4.426468849182128906e+00
1.040000000000000000e+02 7.636612341668540527e-01 7.441542740617090868e-01 4.429341316223144531e+00
1.050000000000000000e+02 7.413767987400162740e-01 7.626989491466722448e-01 4.427889823913574219e+00
1.060000000000000000e+02 7.649997331642597320e-01 7.438065701779525973e-01 4.430899620056152344e+00
1.070000000000000000e+02 7.467066471711611975e-01 7.657324388930493164e-01 4.430371284484863281e+00
1.080000000000000000e+02 7.686948769922252733e-01 7.466470507369592502e-01 4.432155132293701172e+00
1.090000000000000000e+02 7.464411727484333570e-01 7.673422790140018712e-01 4.433343410491943359e+00
1.100000000000000000e+02 7.717052466495688545e-01 7.471240859013222879e-01 4.434105873107910156e+00
1.110000000000000000e+02 7.490018027723988059e-01 7.697938804657374900e-01 4.433806896209716797e+00
1.120000000000000000e+02 7.697969078797145537e-01 7.492008690219734701e-01 4.437280654907226562e+00
1.130000000000000000e+02 7.521150436168509978e-01 7.707102123430438212e-01 4.437009811401367188e+00
1.140000000000000000e+02 7.743218213242841763e-01 7.515535490668455720e-01 4.438433170318603516e+00
1.150000000000000000e+02 7.544253856725876561e-01 7.724502862908489975e-01 4.437656879425048828e+00
1.160000000000000000e+02 7.747863691167458100e-01 7.508387730275520866e-01 4.439880371093750000e+00
1.170000000000000000e+02 7.537378635991459630e-01 7.709261813206343961e-01 4.437761306762695312e+00
1.180000000000000000e+02 7.774385348316925626e-01 7.515651037457371508e-01 4.442311286926269531e+00
1.190000000000000000e+02 7.573740223685978545e-01 7.738514343799036688e-01 4.438886642456054688e+00
1.200000000000000000e+02 7.766982579117601704e-01 7.510395486975905976e-01 4.444434642791748047e+00
1.210000000000000000e+02 7.571627228299070422e-01 7.738451071243503954e-01 4.441464900970458984e+00
1.220000000000000000e+02 7.809748158359147707e-01 7.528399313199811704e-01 4.445803165435791016e+00
1.230000000000000000e+02 7.600833860860304325e-01 7.748926996614285967e-01 4.442819118499755859e+00
1.240000000000000000e+02 7.813298059047366628e-01 7.552902984039329137e-01 4.447811603546142578e+00
1.250000000000000000e+02 7.617914389267607111e-01 7.780379744179318768e-01 4.443572998046875000e+00
1.260000000000000000e+02 7.811165141189531091e-01 7.542161074970079593e-01 4.448475360870361328e+00
1.270000000000000000e+02 7.619612988918842422e-01 7.763637236915842399e-01 4.444701194763183594e+00
1.280000000000000000e+02 7.826408278079375336e-01 7.533978154518033987e-01 4.450195312500000000e+00
1.290000000000000000e+02 7.620196245381439804e-01 7.776226379405162259e-01 4.445377349853515625e+00
1.300000000000000000e+02 7.839553581642418889e-01 7.567259670392908477e-01 4.450983047485351562e+00
1.310000000000000000e+02 7.616165052394002766e-01 7.773044398043272851e-01 4.446370601654052734e+00
1.320000000000000000e+02 7.831774875719536011e-01 7.550819764797231937e-01 4.450696945190429688e+00
1.330000000000000000e+02 7.631594051249007693e-01 7.761581704030002804e-01 4.446071624755859375e+00
1.340000000000000000e+02 7.833619743796442769e-01 7.562220304144452454e-01 4.452376365661621094e+00
1.350000000000000000e+02 7.630191091024097760e-01 7.783373516339434639e-01 4.446084976196289062e+00
1.360000000000000000e+02 7.856618434122439876e-01 7.560177060581823039e-01 4.454291820526123047e+00
1.370000000000000000e+02 7.648719354888208199e-01 7.793434246467785265e-01 4.446138858795166016e+00
1.380000000000000000e+02 7.854208677404326266e-01 7.579083084985871466e-01 4.455445289611816406e+00
1.390000000000000000e+02 7.643512748857972383e-01 7.802044936694801924e-01 4.446962356567382812e+00
1.400000000000000000e+02 7.861783875837645708e-01 7.592359236816098589e-01 4.456017971038818359e+00
1.410000000000000000e+02 7.654814728575897176e-01 7.789634988993999754e-01 4.450046062469482422e+00
1.420000000000000000e+02 7.871039161133128736e-01 7.596435494481982298e-01 4.457911968231201172e+00
1.430000000000000000e+02 7.659638527423847654e-01 7.794479550729234152e-01 4.451063156127929688e+00
1.440000000000000000e+02 7.862245755138159709e-01 7.579874075106097786e-01 4.458895206451416016e+00
1.450000000000000000e+02 7.694549856225790796e-01 7.811463173504228363e-01 4.450940132141113281e+00
1.460000000000000000e+02 7.860451991978504305e-01 7.581905764329089914e-01 4.459415912628173828e+00
1.470000000000000000e+02 7.661933177130493267e-01 7.804969895887841069e-01 4.452080726623535156e+00
1.480000000000000000e+02 7.880919022451755573e-01 7.585403708576847759e-01 4.459861755371093750e+00
1.490000000000000000e+02 7.685225185558001160e-01 7.819342752117838247e-01 4.453332901000976562e+00
1.500000000000000000e+02 7.913472690657353814e-01 7.605312234774460611e-01 4.460271835327148438e+00
1.510000000000000000e+02 7.677765151092952323e-01 7.812911024575850405e-01 4.454702377319335938e+00
1.520000000000000000e+02 7.903328235476420049e-01 7.625486015124208761e-01 4.461833477020263672e+00
1.530000000000000000e+02 7.719048200177603958e-01 7.809118141247052280e-01 4.455872058868408203e+00
1.540000000000000000e+02 7.908939016930761623e-01 7.581803458041297406e-01 4.465270519256591797e+00
1.550000000000000000e+02 7.712328145017688374e-01 7.820373673486101795e-01 4.456050872802734375e+00
1.560000000000000000e+02 7.928798889821346840e-01 7.590817332606538681e-01 4.466053009033203125e+00
1.570000000000000000e+02 7.692748355435221619e-01 7.815254649915506224e-01 4.456663131713867188e+00
1.580000000000000000e+02 7.926003203802181041e-01 7.603905577896323820e-01 4.467242717742919922e+00
1.590000000000000000e+02 7.717251801226607810e-01 7.804523732838960504e-01 4.456041812896728516e+00
1.600000000000000000e+02 7.924756914979624867e-01 7.578976521946906297e-01 4.466356277465820312e+00
1.610000000000000000e+02 7.713151327613463337e-01 7.830418444798000754e-01 4.455848217010498047e+00
1.620000000000000000e+02 7.922282950706650562e-01 7.625973630795503944e-01 4.466653823852539062e+00
1.630000000000000000e+02 7.719353025220312414e-01 7.825501300896546830e-01 4.457754135131835938e+00
1.640000000000000000e+02 7.910954932860407851e-01 7.617133003807510239e-01 4.468035697937011719e+00
1.650000000000000000e+02 7.711734040405650026e-01 7.833452417883023378e-01 4.458537578582763672e+00
1.660000000000000000e+02 7.924159077604984169e-01 7.603974652287982527e-01 4.467445373535156250e+00
1.670000000000000000e+02 7.709085986376985611e-01 7.822861623310564116e-01 4.458885669708251953e+00
1.680000000000000000e+02 7.889078067270860473e-01 7.610315046212655643e-01 4.468157291412353516e+00
1.690000000000000000e+02 7.700932340569771606e-01 7.843196330882518108e-01 4.460736274719238281e+00
1.700000000000000000e+02 7.903207411029675722e-01 7.632356001590752115e-01 4.468058586120605469e+00
1.710000000000000000e+02 7.691974610017854319e-01 7.836838027143124830e-01 4.461067199707031250e+00
1.720000000000000000e+02 7.895769617855723510e-01 7.620861876312203798e-01 4.466761112213134766e+00
1.730000000000000000e+02 7.686355339114241403e-01 7.849833979432716546e-01 4.462228775024414062e+00
1.740000000000000000e+02 7.879502787174521572e-01 7.643018742179934488e-01 4.465672016143798828e+00
1.750000000000000000e+02 7.686424594594930548e-01 7.855245976749327674e-01 4.463124752044677734e+00
1.760000000000000000e+02 7.897285244704209672e-01 7.662310560433722717e-01 4.465927124023437500e+00
1.770000000000000000e+02 7.670966148420349517e-01 7.847249645122177375e-01 4.462338924407958984e+00
1.780000000000000000e+02 7.899306970306225750e-01 7.643648402546376897e-01 4.465696334838867188e+00
1.790000000000000000e+02 7.693083027756184578e-01 7.840165829348432203e-01 4.462279319763183594e+00
1.800000000000000000e+02 7.867783242896010387e-01 7.638909444597231646e-01 4.465599536895751953e+00
1.810000000000000000e+02 7.685026910424291868e-01 7.850587239182467147e-01 4.462258815765380859e+00
1.820000000000000000e+02 7.897050730237958893e-01 7.644392885288511241e-01 4.465741634368896484e+00
1.830000000000000000e+02 7.680188261153508833e-01 7.862689281876922287e-01 4.462647438049316406e+00
1.840000000000000000e+02 7.903703020575564286e-01 7.647989091455003052e-01 4.465792179107666016e+00
1.850000000000000000e+02 7.699493897252868146e-01 7.842721958057569109e-01 4.462401866912841797e+00
1.860000000000000000e+02 7.874356736254346512e-01 7.618998963492569221e-01 4.466013431549072266e+00
1.870000000000000000e+02 7.686925583497540293e-01 7.836829264559651564e-01 4.461817264556884766e+00
1.880000000000000000e+02 7.878655328831641880e-01 7.646770474462348810e-01 4.467043399810791016e+00
1.890000000000000000e+02 7.675546116162046406e-01 7.849979975293017720e-01 4.463434696197509766e+00
1.900000000000000000e+02 7.910396809587530997e-01 7.628264890020987066e-01 4.466189384460449219e+00
1.910000000000000000e+02 7.685243060778654822e-01 7.850778563133365973e-01 4.462580680847167969e+00
1.920000000000000000e+02 7.886743845198846969e-01 7.649714158990960078e-01 4.466563701629638672e+00
1.930000000000000000e+02 7.671038529332062650e-01 7.858053853749670248e-01 4.463732719421386719e+00
1.940000000000000000e+02 7.904362051956200785e-01 7.654399276022672005e-01 4.465929031372070312e+00
1.950000000000000000e+02 7.696251976173451581e-01 7.871101277188645717e-01 4.463353157043457031e+00
1.960000000000000000e+02 7.876033323489801674e-01 7.661468897612536688e-01 4.465344905853271484e+00
1.970000000000000000e+02 7.700274399274444903e-01 7.861108025704902635e-01 4.463030815124511719e+00
1.980000000000000000e+02 7.906001650206354592e-01 7.688601960258065748e-01 4.464894294738769531e+00
1.990000000000000000e+02 7.694025753235261833e-01 7.883769942362511829e-01 4.463745594024658203e+00
2.000000000000000000e+02 7.906135837182368675e-01 7.694502258811419804e-01 4.465150833129882812e+00
2.010000000000000000e+02 7.691864303274305037e-01 7.864522580082463632e-01 4.465073108673095703e+00
2.020000000000000000e+02 7.906993155216066604e-01 7.665374614533957409e-01 4.464641571044921875e+00
2.030000000000000000e+02 7.685446032055751608e-01 7.881635183526017885e-01 4.465836524963378906e+00
2.040000000000000000e+02 7.891018079839766663e-01 7.670411908146648194e-01 4.464500904083251953e+00
2.050000000000000000e+02 7.709625331709624163e-01 7.889393653397018813e-01 4.464028835296630859e+00
2.060000000000000000e+02 7.871668800987089432e-01 7.674406536574915894e-01 4.465561866760253906e+00
2.070000000000000000e+02 7.678466507587790035e-01 7.873944961340290094e-01 4.465383529663085938e+00
2.080000000000000000e+02 7.908467129648253380e-01 7.686272749419864603e-01 4.467432975769042969e+00
2.090000000000000000e+02 7.674872702601663876e-01 7.892331673933892233e-01 4.465925216674804688e+00
2.100000000000000000e+02 7.884747961025708740e-01 7.682905842806168062e-01 4.467406272888183594e+00
2.110000000000000000e+02 7.676497231377803487e-01 7.894006426832224088e-01 4.466778755187988281e+00
2.120000000000000000e+02 7.865653587958639781e-01 7.670425870356757381e-01 4.466054916381835938e+00
2.130000000000000000e+02 7.666707557785755744e-01 7.865770090359219813e-01 4.466176033020019531e+00
2.140000000000000000e+02 7.902627568785770551e-01 7.648284298577847640e-01 4.466746330261230469e+00
2.150000000000000000e+02 7.678681389013140013e-01 7.879843342762257175e-01 4.466101169586181641e+00
2.160000000000000000e+02 7.897385022858660619e-01 7.661045422588435017e-01 4.466734886169433594e+00
2.170000000000000000e+02 7.670687690744366627e-01 7.877214335842448456e-01 4.466617107391357422e+00
2.180000000000000000e+02 7.890080797749147168e-01 7.679390237409396969e-01 4.466167926788330078e+00
2.190000000000000000e+02 7.677654899284072076e-01 7.867807812347866747e-01 4.467701911926269531e+00
2.200000000000000000e+02 7.892829007268341579e-01 7.690752876520074999e-01 4.465704917907714844e+00
2.210000000000000000e+02 7.692493197395990912e-01 7.895942170865444254e-01 4.468561172485351562e+00
2.220000000000000000e+02 7.900935185034934083e-01 7.697796100076985670e-01 4.465322971343994141e+00
2.230000000000000000e+02 7.673714493793954983e-01 7.900672991510597765e-01 4.468282699584960938e+00
2.240000000000000000e+02 7.878284082118177656e-01 7.684145766698939894e-01 4.466477870941162109e+00
2.250000000000000000e+02 7.677160298439463793e-01 7.882382105529746052e-01 4.467382907867431641e+00
2.260000000000000000e+02 7.899069387198607295e-01 7.722026264873287360e-01 4.465214252471923828e+00
2.270000000000000000e+02 7.674984591383576804e-01 7.901984975280345047e-01 4.467743396759033203e+00
2.280000000000000000e+02 7.894495313551812554e-01 7.689665144904951344e-01 4.465675354003906250e+00
2.290000000000000000e+02 7.668811042720103943e-01 7.908540556012207956e-01 4.466676712036132812e+00
2.300000000000000000e+02 7.889562021204492570e-01 7.716254933284690809e-01 4.465460300445556641e+00
2.310000000000000000e+02 7.695493165372960798e-01 7.922628001770375405e-01 4.467805862426757812e+00
2.320000000000000000e+02 7.901296767832206580e-01 7.703311370772315536e-01 4.465735435485839844e+00
2.330000000000000000e+02 7.696258895896672669e-01 7.933100532249909298e-01 4.467198848724365234e+00
2.340000000000000000e+02 7.898440466610978650e-01 7.703531097769019675e-01 4.467322826385498047e+00
2.350000000000000000e+02 7.683377404695169721e-01 7.929503549644834060e-01 4.467712402343750000e+00
2.360000000000000000e+02 7.912885657760191371e-01 7.703603593273492534e-01 4.466447353363037109e+00
2.370000000000000000e+02 7.684431984359874068e-01 7.923796887021008484e-01 4.467884540557861328e+00
2.380000000000000000e+02 7.888585292730190268e-01 7.715242761895481083e-01 4.467724323272705078e+00
2.390000000000000000e+02 7.682198492126937062e-01 7.928436584360566419e-01 4.470373630523681641e+00
2.400000000000000000e+02 7.882031629995100985e-01 7.711584245302748331e-01 4.466373920440673828e+00
2.410000000000000000e+02 7.701224664438266476e-01 7.905162509729395381e-01 4.469072341918945312e+00
2.420000000000000000e+02 7.883274206197691258e-01 7.707260185903085370e-01 4.466915607452392578e+00
2.430000000000000000e+02 7.678808985359931727e-01 7.906594489050571273e-01 4.467998504638671875e+00
2.440000000000000000e+02 7.899730961897513115e-01 7.702424248467698575e-01 4.467227458953857422e+00
2.450000000000000000e+02 7.692960519270095610e-01 7.903905540361433335e-01 4.467815876007080078e+00
2.460000000000000000e+02 7.911096885915636090e-01 7.700384566346119009e-01 4.468333721160888672e+00
2.470000000000000000e+02 7.732937206690956300e-01 7.903896180534117910e-01 4.466910362243652344e+00
2.480000000000000000e+02 7.923628724577228555e-01 7.692411276115026508e-01 4.469408988952636719e+00
2.490000000000000000e+02 7.711202418871104802e-01 7.882059433613325394e-01 4.465768814086914062e+00
2.500000000000000000e+02 7.901344117661872613e-01 7.679563109118091591e-01 4.468725204467773438e+00
2.510000000000000000e+02 7.718731723476252027e-01 7.893804109286380877e-01 4.465928554534912109e+00
2.520000000000000000e+02 7.900560665170074381e-01 7.671717726204106969e-01 4.468201160430908203e+00
2.530000000000000000e+02 7.725363613356120984e-01 7.891717547770586982e-01 4.464701175689697266e+00
2.540000000000000000e+02 7.896957297288944577e-01 7.678464079375095785e-01 4.468897342681884766e+00
2.550000000000000000e+02 7.706813371901911625e-01 7.901336754114792749e-01 4.465390205383300781e+00
2.560000000000000000e+02 7.903171492689917699e-01 7.670361917554834319e-01 4.467949390411376953e+00
2.570000000000000000e+02 7.713788580545540841e-01 7.887919759695316557e-01 4.464818477630615234e+00
2.580000000000000000e+02 7.913724854010750764e-01 7.687273578306598187e-01 4.468617439270019531e+00
2.590000000000000000e+02 7.715636816454516378e-01 7.889856190601167718e-01 4.464488029479980469e+00
2.600000000000000000e+02 7.903815047600789567e-01 7.662865550835026296e-01 4.469069480895996094e+00
2.610000000000000000e+02 7.703562687323325386e-01 7.891235590132222866e-01 4.462583065032958984e+00
2.620000000000000000e+02 7.903022115488845811e-01 7.678849173098335479e-01 4.468539714813232422e+00
2.630000000000000000e+02 7.722223892320448924e-01 7.889895857609638963e-01 4.462184906005859375e+00
2.640000000000000000e+02 7.916332628759641388e-01 7.673830085316185601e-01 4.468309879302978516e+00
2.650000000000000000e+02 7.695515856059625959e-01 7.864855486132454887e-01 4.462492942810058594e+00
2.660000000000000000e+02 7.903864324383885753e-01 7.645859904626935988e-01 4.468973159790039062e+00
2.670000000000000000e+02 7.707839839256734882e-01 7.868231534773222347e-01 4.461868762969970703e+00
2.680000000000000000e+02 7.898852082998999435e-01 7.646419991691529860e-01 4.468719482421875000e+00
2.690000000000000000e+02 7.715123918601783926e-01 7.863960901198523423e-01 4.460652828216552734e+00
2.700000000000000000e+02 7.898861043274811866e-01 7.646964654242164316e-01 4.469482421875000000e+00
2.710000000000000000e+02 7.699073462469129270e-01 7.863919237289350717e-01 4.460316658020019531e+00
2.720000000000000000e+02 7.911966686345902611e-01 7.632291840987601717e-01 4.468995094299316406e+00
2.730000000000000000e+02 7.728796114002134399e-01 7.856408822676304027e-01 4.460903167724609375e+00
2.740000000000000000e+02 7.901951868799810264e-01 7.636380227728745140e-01 4.470752716064453125e+00
2.750000000000000000e+02 7.698665613878706848e-01 7.856520649297332737e-01 4.460301399230957031e+00
2.760000000000000000e+02 7.920005516218709962e-01 7.630312492845281458e-01 4.472070693969726562e+00
2.770000000000000000e+02 7.716458622749396978e-01 7.828592148571311693e-01 4.460405826568603516e+00
2.780000000000000000e+02 7.941392890366154589e-01 7.631125822293136629e-01 4.472367763519287109e+00
2.790000000000000000e+02 7.732154844212383304e-01 7.845685355298736008e-01 4.461303710937500000e+00
2.800000000000000000e+02 7.919641011203844005e-01 7.665649662071643000e-01 4.471492290496826172e+00
2.810000000000000000e+02 7.736269262652381018e-01 7.863265321455092938e-01 4.460935592651367188e+00
2.820000000000000000e+02 7.926501464452684331e-01 7.627254573179524932e-01 4.471204757690429688e+00
2.830000000000000000e+02 7.726812023887940084e-01 7.834205412273941294e-01 4.461517810821533203e+00
2.840000000000000000e+02 7.925050732499137052e-01 7.625226722178661820e-01 4.472065448760986328e+00
2.850000000000000000e+02 7.715352378747896145e-01 7.846287569827452568e-01 4.461031913757324219e+00
2.860000000000000000e+02 7.913073493776273670e-01 7.650852611789308311e-01 4.472097873687744141e+00
2.870000000000000000e+02 7.723847562514988274e-01 7.839222750438068488e-01 4.463252544403076172e+00
2.880000000000000000e+02 7.920094631579795985e-01 7.650824779640300610e-01 4.470695018768310547e+00
2.890000000000000000e+02 7.720295273677971748e-01 7.860845018389360783e-01 4.463314056396484375e+00
2.900000000000000000e+02 7.927400280650298559e-01 7.653949151715065957e-01 4.469673633575439453e+00
2.910000000000000000e+02 7.737828732677379806e-01 7.873469937848983635e-01 4.463838100433349609e+00
2.920000000000000000e+02 7.915906908935345099e-01 7.660851675371570524e-01 4.470209598541259766e+00
2.930000000000000000e+02 7.734662640214307050e-01 7.879191477155292889e-01 4.463029384613037109e+00
2.940000000000000000e+02 7.914684176604109833e-01 7.659497787986441208e-01 4.470040798187255859e+00
2.950000000000000000e+02 7.718846682918943936e-01 7.861344856721327323e-01 4.463532447814941406e+00
2.960000000000000000e+02 7.931611720715922020e-01 7.661145374638960170e-01 4.470176696777343750e+00
2.970000000000000000e+02 7.734211834644962869e-01 7.857814566197927064e-01 4.464943408966064453e+00
2.980000000000000000e+02 7.905184027050022877e-01 7.662946097533902545e-01 4.470414638519287109e+00
2.990000000000000000e+02 7.703683574376616328e-01 7.849816487374190466e-01 4.464686393737792969e+00
3.000000000000000000e+02 7.900273120184652109e-01 7.656314463048284891e-01 4.471115112304687500e+00
3.010000000000000000e+02 7.697890569513924364e-01 7.843461132691678106e-01 4.463951110839843750e+00
3.020000000000000000e+02 7.887642357247326430e-01 7.658806695520338215e-01 4.471644878387451172e+00
3.030000000000000000e+02 7.692551562470502091e-01 7.851654741265735593e-01 4.463819503784179688e+00
3.040000000000000000e+02 7.883303427756908066e-01 7.641204170643961513e-01 4.470998764038085938e+00
3.050000000000000000e+02 7.692537625897372111e-01 7.852598188828295855e-01 4.463516712188720703e+00
3.060000000000000000e+02 7.896066222289893632e-01 7.644070274991627834e-01 4.470449447631835938e+00
3.070000000000000000e+02 7.701028402789574789e-01 7.828320076973401820e-01 4.463082313537597656e+00
3.080000000000000000e+02 7.902962938751515454e-01 7.624800669444956602e-01 4.470650672912597656e+00
3.090000000000000000e+02 7.695795338190445367e-01 7.841626157684544740e-01 4.462690353393554688e+00
3.100000000000000000e+02 7.920668231618754884e-01 7.639597270372288085e-01 4.469394683837890625e+00
3.110000000000000000e+02 7.692294916746759137e-01 7.838814227945780644e-01 4.462410926818847656e+00
3.120000000000000000e+02 7.900709048943430624e-01 7.628851291073027729e-01 4.468162059783935547e+00
3.130000000000000000e+02 7.710616636435153604e-01 7.825153813837785188e-01 4.462532520294189453e+00
3.140000000000000000e+02 7.897474009601525013e-01 7.638747209285476902e-01 4.468386173248291016e+00
3.150000000000000000e+02 7.693942147246574104e-01 7.814655434278581225e-01 4.462646484375000000e+00
3.160000000000000000e+02 7.916734243691589956e-01 7.633472544637366353e-01 4.466985702514648438e+00
3.170000000000000000e+02 7.733694487925599770e-01 7.846316123517764751e-01 4.463366031646728516e+00
3.180000000000000000e+02 7.923519861700055733e-01 7.625614311861133032e-01 4.468017101287841797e+00
3.190000000000000000e+02 7.732190493822427291e-01 7.835058518507206360e-01 4.462491512298583984e+00
3.200000000000000000e+02 7.922595350818742999e-01 7.631729559403922503e-01 4.467453479766845703e+00
3.210000000000000000e+02 7.737575757112247210e-01 7.812489673754708930e-01 4.462728500366210938e+00
3.220000000000000000e+02 7.930132239958354035e-01 7.625321439593798489e-01 4.465930461883544922e+00
3.230000000000000000e+02 7.718176394694362674e-01 7.833054524997657975e-01 4.463584423065185547e+00
3.240000000000000000e+02 7.915849133757462130e-01 7.614096857809564689e-01 4.466483592987060547e+00
3.250000000000000000e+02 7.717348601158343646e-01 7.820544396306206014e-01 4.463398456573486328e+00
3.260000000000000000e+02 7.887682523887672437e-01 7.643623514502890792e-01 4.465523719787597656e+00
3.270000000000000000e+02 7.701502713466430450e-01 7.837223467042195857e-01 4.463304519653320312e+00
3.280000000000000000e+02 7.908707153635851084e-01 7.646371036912988917e-01 4.465539455413818359e+00
3.290000000000000000e+02 7.702522695803185604e-01 7.849493479669453766e-01 4.463479042053222656e+00
3.300000000000000000e+02 7.920833468685006817e-01 7.641046942614153625e-01 4.465229034423828125e+00
3.310000000000000000e+02 7.686062375487944243e-01 7.834040527144080501e-01 4.464024543762207031e+00
3.320000000000000000e+02 7.912807371518799648e-01 7.635618618557450388e-01 4.465859413146972656e+00
3.330000000000000000e+02 7.722070828837354073e-01 7.850699549894203377e-01 4.463683128356933594e+00
3.340000000000000000e+02 7.917011541979105393e-01 7.624778732370627310e-01 4.466340541839599609e+00
3.350000000000000000e+02 7.718120109020444319e-01 7.839603610931040745e-01 4.462760448455810547e+00
3.360000000000000000e+02 7.934197377565971321e-01 7.614308060617780427e-01 4.466220855712890625e+00
3.370000000000000000e+02 7.712793016822950820e-01 7.837128121382213042e-01 4.461814880371093750e+00
3.380000000000000000e+02 7.915615754276120741e-01 7.627224765542462981e-01 4.465541362762451172e+00
3.390000000000000000e+02 7.712547149894645182e-01 7.848909269249867426e-01 4.462945461273193359e+00
3.400000000000000000e+02 7.918262050493453108e-01 7.646722025973160530e-01 4.465927124023437500e+00
3.410000000000000000e+02 7.706412129867091787e-01 7.841555113249520925e-01 4.463136672973632812e+00
3.420000000000000000e+02 7.928063898973846113e-01 7.616181858234720714e-01 4.467211723327636719e+00
3.430000000000000000e+02 7.701336620593840498e-01 7.809173778438209812e-01 4.462625026702880859e+00
3.440000000000000000e+02 7.929604136342464082e-01 7.617728625366821937e-01 4.468098163604736328e+00
3.450000000000000000e+02 7.711602569342349556e-01 7.828346654439582997e-01 4.460565090179443359e+00
3.460000000000000000e+02 7.930080871639547668e-01 7.627389328661928758e-01 4.467096328735351562e+00
3.470000000000000000e+02 7.708360604779364023e-01 7.834391996112437528e-01 4.462087631225585938e+00
3.480000000000000000e+02 7.904219631408214708e-01 7.631991320193641792e-01 4.466143131256103516e+00
3.490000000000000000e+02 7.708793457484375278e-01 7.851216777516960565e-01 4.463281631469726562e+00
3.500000000000000000e+02 7.901903392301563578e-01 7.650170229443721270e-01 4.466459274291992188e+00
3.510000000000000000e+02 7.717529137298599906e-01 7.861865074869099912e-01 4.463440895080566406e+00
3.520000000000000000e+02 7.923490897087099860e-01 7.638394859306097961e-01 4.465610504150390625e+00
3.530000000000000000e+02 7.723947070477438226e-01 7.848711624107046481e-01 4.462185859680175781e+00
3.540000000000000000e+02 7.923478583616162529e-01 7.648022670694238911e-01 4.467330455780029297e+00
3.550000000000000000e+02 7.724490464129971645e-01 7.850443984676233056e-01 4.462239265441894531e+00
3.560000000000000000e+02 7.934713946710215682e-01 7.643860260002560691e-01 4.468484878540039062e+00
3.570000000000000000e+02 7.726766589658027318e-01 7.860698780332935343e-01 4.463191032409667969e+00
3.580000000000000000e+02 7.937173181822052559e-01 7.641154386059143544e-01 4.468857765197753906e+00
3.590000000000000000e+02 7.719491133580987929e-01 7.848966661846260573e-01 4.464365005493164062e+00
3.600000000000000000e+02 7.930352306844695720e-01 7.663122102183674844e-01 4.468838691711425781e+00
3.610000000000000000e+02 7.740632607721553704e-01 7.862263114077413517e-01 4.464494705200195312e+00
3.620000000000000000e+02 7.936584013204402988e-01 7.664607422110346624e-01 4.469532012939453125e+00
3.630000000000000000e+02 7.738969985093324677e-01 7.859746846572640555e-01 4.463887214660644531e+00
3.640000000000000000e+02 7.931247871207610656e-01 7.672656735912362080e-01 4.468146800994873047e+00
3.650000000000000000e+02 7.702754460935284930e-01 7.873185745411120928e-01 4.463813781738281250e+00
3.660000000000000000e+02 7.934709386421600064e-01 7.646038209417286291e-01 4.467699527740478516e+00
3.670000000000000000e+02 7.737165067718048128e-01 7.869986037237132193e-01 4.463782310485839844e+00
3.680000000000000000e+02 7.934262030313302683e-01 7.652301043359840405e-01 4.468141078948974609e+00
3.690000000000000000e+02 7.733781343938420649e-01 7.870912501699975916e-01 4.463953018188476562e+00
3.700000000000000000e+02 7.924769557086734917e-01 7.668949389352588408e-01 4.468393802642822266e+00
3.710000000000000000e+02 7.731934882726139158e-01 7.870881810655139255e-01 4.463582515716552734e+00
3.720000000000000000e+02 7.899320307411039632e-01 7.662251582871004718e-01 4.468216896057128906e+00
3.730000000000000000e+02 7.700367932742856469e-01 7.869522391900363179e-01 4.463488101959228516e+00
3.740000000000000000e+02 7.893438506573420277e-01 7.666780619616277992e-01 4.467269420623779297e+00
3.750000000000000000e+02 7.695086710952471210e-01 7.863981453180433068e-01 4.463029861450195312e+00
3.760000000000000000e+02 7.904155587641041869e-01 7.667417405147958220e-01 4.466783046722412109e+00
3.770000000000000000e+02 7.725579576117805880e-01 7.853876847900082003e-01 4.462471961975097656e+00
3.780000000000000000e+02 7.910841611789043437e-01 7.662457593601906813e-01 4.467399597167968750e+00
3.790000000000000000e+02 7.702636523623042075e-01 7.882604150879626292e-01 4.463860034942626953e+00
3.800000000000000000e+02 7.899437717085374677e-01 7.657262897544581115e-01 4.466355800628662109e+00
3.810000000000000000e+02 7.698415856142519775e-01 7.872875634500338116e-01 4.464718341827392578e+00
3.820000000000000000e+02 7.890256151494265957e-01 7.656927203974231988e-01 4.466173648834228516e+00
3.830000000000000000e+02 7.702315664971518538e-01 7.865297157630904978e-01 4.463723659515380859e+00
3.840000000000000000e+02 7.878937887153787401e-01 7.676539872132677189e-01 4.464247703552246094e+00
3.850000000000000000e+02 7.701087373213447718e-01 7.863165894007819734e-01 4.464478015899658203e+00
3.860000000000000000e+02 7.902195254225852228e-01 7.670154227794215851e-01 4.463803291320800781e+00
3.870000000000000000e+02 7.664535069376865462e-01 7.883651272749077066e-01 4.463925838470458984e+00
3.880000000000000000e+02 7.878625407422824578e-01 7.659735982669524379e-01 4.464141368865966797e+00
3.890000000000000000e+02 7.672452658869710618e-01 7.862338378096741520e-01 4.463652610778808594e+00
3.900000000000000000e+02 7.882313843001724774e-01 7.665711819925773440e-01 4.464598655700683594e+00
3.910000000000000000e+02 7.693412070691975080e-01 7.850035912200729049e-01 4.463106155395507812e+00
3.920000000000000000e+02 7.894459666405566622e-01 7.657466944944181231e-01 4.465728282928466797e+00
3.930000000000000000e+02 7.689774001291985739e-01 7.848094724225304075e-01 4.465335369110107422e+00
3.940000000000000000e+02 7.912606869697713652e-01 7.686558892108085184e-01 4.465219974517822266e+00
3.950000000000000000e+02 7.678480999307187860e-01 7.874274973570304370e-01 4.466690540313720703e+00
3.960000000000000000e+02 7.866904352277901413e-01 7.674118006570942452e-01 4.463470458984375000e+00
3.970000000000000000e+02 7.678643056713861936e-01 7.887249195569359106e-01 4.466992378234863281e+00
3.980000000000000000e+02 7.870382879909402218e-01 7.655969538735125646e-01 4.463524818420410156e+00
