0.000000000000000000e+00 1.801622852325088231e-02 1.678009027477421131e-02 1.174403858184814453e+01
1.000000000000000000e+00 1.676627770066855400e-02 1.689778105165172517e-02 1.177375984191894531e+01
2.000000000000000000e+00 1.904710769565830936e-02 1.741082869703759056e-02 1.190711021423339844e+01
3.000000000000000000e+00 1.896950636347998279e-02 2.012750740688691586e-02 1.193316841125488281e+01
4.000000000000000000e+00 2.321854321991115647e-02 1.992138833676241824e-02 1.206102657318115234e+01
5.000000000000000000e+00 2.259982116730096385e-02 2.383505519736838288e-02 1.209224414825439453e+01
6.000000000000000000e+00 2.697341813387184317e-02 2.350773225891705440e-02 1.220697212219238281e+01
7.000000000000000000e+00 2.668383147142102535e-02 2.811264790916892520e-02 1.223779010772705078e+01
8.000000000000000000e+00 3.244894969794898804e-02 2.656195652620768621e-02 1.234789276123046875e+01
9.000000000000000000e+00 3.091216042186402044e-02 3.254222558177372743e-02 1.237372589111328125e+01
1.000000000000000000e+01 3.749627749771271279e-02 3.094877822616338633e-02 1.247802162170410156e+01
1.100000000000000000e+01 3.633327418510668566e-02 3.726178468293248058e-02 1.250054550170898438e+01
1.200000000000000000e+01 4.299577382896904720e-02 3.611288957058780835e-02 1.259910488128662109e+01
1.300000000000000000e+01 4.094259699894571558e-02 4.331798141649299133e-02 1.262286758422851562e+01
1.400000000000000000e+01 4.915613423427450668e-02 4.174097450104826551e-02 1.271238040924072266e+01
1.500000000000000000e+01 4.619565930115956259e-02 4.911637532547981355e-02 1.273942565917968750e+01
1.600000000000000000e+01 5.413372946843909850e-02 4.747538991472375486e-02 1.281756401062011719e+01
1.700000000000000000e+01 5.119840466068545370e-02 5.531299109756658561e-02 1.284729385375976562e+01
1.800000000000000000e+01 5.924022677409554460e-02 5.218222435581033186e-02 1.291456413269042969e+01
1.900000000000000000e+01 5.762734557091745563e-02 6.086246427507054774e-02 1.294429492950439453e+01
2.000000000000000000e+01 6.574904916217456929e-02 5.752793984166423152e-02 1.300689983367919922e+01
2.100000000000000000e+01 6.246389300989487608e-02 6.687089557420877739e-02 1.303557872772216797e+01
2.200000000000000000e+01 7.186120420124002262e-02 6.409417022795195484e-02 1.309292316436767578e+01
2.300000000000000000e+01 6.840197168457202992e-02 7.350208443841504957e-02 1.312365627288818359e+01
2.400000000000000000e+01 7.673024299399282266e-02 6.998719306843841081e-02 1.317149925231933594e+01
2.500000000000000000e+01 7.388077216637430056e-02 7.901307309050827066e-02 1.320691013336181641e+01
2.600000000000000000e+01 8.303057341160431648e-02 7.525892330885337878e-02 1.324724578857421875e+01
2.700000000000000000e+01 7.902108702609930702e-02 8.499733700889250398e-02 1.328065109252929688e+01
2.800000000000000000e+01 8.775841470445691628e-02 8.084228170649655765e-02 1.331965160369873047e+01
2.900000000000000000e+01 8.410680007092792565e-02 9.024977639712915278e-02 1.334813213348388672e+01
3.000000000000000000e+01 9.362033379946031741e-02 8.636929161881908013e-02 1.338458633422851562e+01
3.100000000000000000e+01 8.904814964118916432e-02 9.536261758317535198e-02 1.341549587249755859e+01
3.200000000000000000e+01 9.889397138934762077e-02 9.072873954598570378e-02 1.344488430023193359e+01
3.300000000000000000e+01 9.400278865202341128e-02 1.006671092507479826e-01 1.347646427154541016e+01
3.400000000000000000e+01 1.031474131249983522e-01 9.619350996588682534e-02 1.350288772583007812e+01
3.500000000000000000e+01 9.916785639458440549e-02 1.061916941030612155e-01 1.353348827362060547e+01
3.600000000000000000e+01 1.088882772065642296e-01 1.014348441024241348e-01 1.355582237243652344e+01
3.700000000000000000e+01 1.032990628228131896e-01 1.112343556240441289e-01 1.358755397796630859e+01
3.800000000000000000e+01 1.131349322361650672e-01 1.053277108050451466e-01 1.360490798950195312e+01
3.900000000000000000e+01 1.074760858338591751e-01 1.163317518642209142e-01 1.363907432556152344e+01
4.000000000000000000e+01 1.178505801870092795e-01 1.111005479898531656e-01 1.365262794494628906e+01
4.100000000000000000e+01 1.114965813740059625e-01 1.216714110157967182e-01 1.369070434570312500e+01
4.200000000000000000e+01 1.221513283407175549e-01 1.148656227640163924e-01 1.369778156280517578e+01
4.300000000000000000e+01 1.161513318689740420e-01 1.253321068195246135e-01 1.373376178741455078e+01
4.400000000000000000e+01 1.264441748451677616e-01 1.190500679608060275e-01 1.374165058135986328e+01
4.500000000000000000e+01 1.208977785497447194e-01 1.293396500129654902e-01 1.377512168884277344e+01
4.600000000000000000e+01 1.311232829606307770e-01 1.231150773025165290e-01 1.378034782409667969e+01
4.700000000000000000e+01 1.249824824935570483e-01 1.336631164838620323e-01 1.381399440765380859e+01
4.800000000000000000e+01 1.351116991619024932e-01 1.263642023902943889e-01 1.381798553466796875e+01
4.900000000000000000e+01 1.283225763589618262e-01 1.375806797679373084e-01 1.384928989410400391e+01
5.000000000000000000e+01 1.389674865050135044e-01 1.305642398275429494e-01 1.385508918762207031e+01
5.100000000000000000e+01 1.317659965192302107e-01 1.422124361258111647e-01 1.388459777832031250e+01
5.200000000000000000e+01 1.425135116047550610e-01 1.351428230570459743e-01 1.389132595062255859e+01
5.300000000000000000e+01 1.357696157796456637e-01 1.461343475630473565e-01 1.392434024810791016e+01
5.400000000000000000e+01 1.470135835290589943e-01 1.387482316393242321e-01 1.392352676391601562e+01
5.500000000000000000e+01 1.393260342004606633e-01 1.495733002916757315e-01 1.395706462860107422e+01
5.600000000000000000e+01 1.500464800283778932e-01 1.423668467088412548e-01 1.395396137237548828e+01
5.700000000000000000e+01 1.422384636910495326e-01 1.527771508462380523e-01 1.398716831207275391e+01
5.800000000000000000e+01 1.530069319213914480e-01 1.449802980672092456e-01 1.398442363739013672e+01
5.900000000000000000e+01 1.453897177373127680e-01 1.556572789593316519e-01 1.401673603057861328e+01
6.000000000000000000e+01 1.559957782172768093e-01 1.479391665407262246e-01 1.401164150238037109e+01
6.100000000000000000e+01 1.489402172137352098e-01 1.589343439103964584e-01 1.404337215423583984e+01
6.200000000000000000e+01 1.596005414223446439e-01 1.522311187675008670e-01 1.404103755950927734e+01
6.300000000000000000e+01 1.507127332321569757e-01 1.619701667070456430e-01 1.407040596008300781e+01
6.400000000000000000e+01 1.618563048055009779e-01 1.541393315706676703e-01 1.406255626678466797e+01
6.500000000000000000e+01 1.535450383806548913e-01 1.652433597579959224e-01 1.409624958038330078e+01
6.600000000000000000e+01 1.645456781009566605e-01 1.572493578504247369e-01 1.408377075195312500e+01
6.700000000000000000e+01 1.563891297229421107e-01 1.677578288544015195e-01 1.411991214752197266e+01
6.800000000000000000e+01 1.678957722518226725e-01 1.595891226725521250e-01 1.411023426055908203e+01
6.900000000000000000e+01 1.594874709670252300e-01 1.700052030861919083e-01 1.414247035980224609e+01
7.000000000000000000e+01 1.698889001792983633e-01 1.615375669913999834e-01 1.413219642639160156e+01
7.100000000000000000e+01 1.613159299691323267e-01 1.729173832144567657e-01 1.416204643249511719e+01
7.200000000000000000e+01 1.725325973937553159e-01 1.646194748078677328e-01 1.415734767913818359e+01
7.300000000000000000e+01 1.639816594711017705e-01 1.744067588643320454e-01 1.418189239501953125e+01
7.400000000000000000e+01 1.742758364015205563e-01 1.663643702748297259e-01 1.417888641357421875e+01
7.500000000000000000e+01 1.654303816773221303e-01 1.769779649267402277e-01 1.420360755920410156e+01
7.600000000000000000e+01 1.762532549672385651e-01 1.687997819035981506e-01 1.419778728485107422e+01
7.700000000000000000e+01 1.680880331374799697e-01 1.790874284816172946e-01 1.422462463378906250e+01
7.800000000000000000e+01 1.788499504368377679e-01 1.702963733741978958e-01 1.421602439880371094e+01
7.900000000000000000e+01 1.698482592487779996e-01 1.810665579068767017e-01 1.423776626586914062e+01
8.000000000000000000e+01 1.812164190800601149e-01 1.719522146549463115e-01 1.423453235626220703e+01
8.100000000000000000e+01 1.725002219204550546e-01 1.831622481410752346e-01 1.425315570831298828e+01
8.200000000000000000e+01 1.835965316578956896e-01 1.738987941321654129e-01 1.425271129608154297e+01
8.300000000000000000e+01 1.738093894167436204e-01 1.844108831677108984e-01 1.426866626739501953e+01
8.400000000000000000e+01 1.853944292087630896e-01 1.753153527304177062e-01 1.426902675628662109e+01
8.500000000000000000e+01 1.759033218952501254e-01 1.861781217059504945e-01 1.428233814239501953e+01
8.600000000000000000e+01 1.871823096567152012e-01 1.766744797385783605e-01 1.428452396392822266e+01
8.700000000000000000e+01 1.777424266259537700e-01 1.880776404688652703e-01 1.429580402374267578e+01
8.800000000000000000e+01 1.891554410884938864e-01 1.789576242067811851e-01 1.429701423645019531e+01
8.900000000000000000e+01 1.799075396955859274e-01 1.892277671280384599e-01 1.430913257598876953e+01
9.000000000000000000e+01 1.912155493327692413e-01 1.808236515523712340e-01 1.431668186187744141e+01
9.100000000000000000e+01 1.813946907565072431e-01 1.910688271245981340e-01 1.432429027557373047e+01
9.200000000000000000e+01 1.918633924550051384e-01 1.819135919904650012e-01 1.432775592803955078e+01
9.300000000000000000e+01 1.832606005329694421e-01 1.928032496273762997e-01 1.433424568176269531e+01
9.400000000000000000e+01 1.940228921808328788e-01 1.818665539904037731e-01 1.434110355377197266e+01
9.500000000000000000e+01 1.844606687085349472e-01 1.934707126107668984e-01 1.434420680999755859e+01
9.600000000000000000e+01 1.953809102008463305e-01 1.832576926904287973e-01 1.435255432128906250e+01
9.700000000000000000e+01 1.856778456112041786e-01 1.946042959554475094e-01 1.435225677490234375e+01
9.800000000000000000e+01 1.962984549579464277e-01 1.842739076780837149e-01 1.436354923248291016e+01
9.900000000000000000e+01 1.872507911119883350e-01 1.953013560706244323e-01 1.436360359191894531e+01
1.000000000000000000e+02 1.977292616315594609e-01 1.864179617362394514e-01 1.437322425842285156e+01
1.010000000000000000e+02 1.883835852169364888e-01 1.968609250219524320e-01 1.437197208404541016e+01
1.020000000000000000e+02 1.987384481564487548e-01 1.872714090834459166e-01 1.438192558288574219e+01
1.030000000000000000e+02 1.886830456319757710e-01 1.980931815186445510e-01 1.437918758392333984e+01
1.040000000000000000e+02 1.995652252160813045e-01 1.883867255528210438e-01 1.438524627685546875e+01
1.050000000000000000e+02 1.894415398857175192e-01 1.984847366887579623e-01 1.438772392272949219e+01
1.060000000000000000e+02 1.998404127006856990e-01 1.890662226429024317e-01 1.439203357696533203e+01
1.070000000000000000e+02 1.900791006085590096e-01 2.005829549599872919e-01 1.439614963531494141e+01
1.080000000000000000e+02 2.012372260319812978e-01 1.899978187669327800e-01 1.439696788787841797e+01
1.090000000000000000e+02 1.904143815173649779e-01 2.020950332192203158e-01 1.440424156188964844e+01
1.100000000000000000e+02 2.014253639311477106e-01 1.920170167011132634e-01 1.440215206146240234e+01
1.110000000000000000e+02 1.908325204050337898e-01 2.027200765933892257e-01 1.441742801666259766e+01
1.120000000000000000e+02 2.027108143631954906e-01 1.928607570283752126e-01 1.440750217437744141e+01
1.130000000000000000e+02 1.923541615201086186e-01 2.039436969216769924e-01 1.442556571960449219e+01
1.140000000000000000e+02 2.038326603369745027e-01 1.942405171327535596e-01 1.441574382781982422e+01
1.150000000000000000e+02 1.933827685357002724e-01 2.048864260215534916e-01 1.443536949157714844e+01
1.160000000000000000e+02 2.039820386142775777e-01 1.944120883906248765e-01 1.442083358764648438e+01
1.170000000000000000e+02 1.936550593191115055e-01 2.057178447560108481e-01 1.444050312042236328e+01
1.180000000000000000e+02 2.049826073732598786e-01 1.955644291636095267e-01 1.442655563354492188e+01
1.190000000000000000e+02 1.947904134381930330e-01 2.068358998119332881e-01 1.444760608673095703e+01
1.200000000000000000e+02 2.057633003954491835e-01 1.968876622717331271e-01 1.443251037597656250e+01
1.210000000000000000e+02 1.950820731762178128e-01 2.073403857310805176e-01 1.445363998413085938e+01
1.220000000000000000e+02 2.066859836910007464e-01 1.964885487683449283e-01 1.443785381317138672e+01
1.230000000000000000e+02 1.960682521812354973e-01 2.076878539629521125e-01 1.445759773254394531e+01
1.240000000000000000e+02 2.072646659698588745e-01 1.976934906826914862e-01 1.444529819488525391e+01
1.250000000000000000e+02 1.969392619030029823e-01 2.083078660280215100e-01 1.446063423156738281e+01
1.260000000000000000e+02 2.081257392497080638e-01 1.984848177008087244e-01 1.445269584655761719e+01
1.270000000000000000e+02 1.973286784308446451e-01 2.088237756995789673e-01 1.446620082855224609e+01
1.280000000000000000e+02 2.081744963169682161e-01 1.993312296960468577e-01 1.445829200744628906e+01
1.290000000000000000e+02 1.980389945841213306e-01 2.093950853300774739e-01 1.447175407409667969e+01
1.300000000000000000e+02 2.089820786996559043e-01 1.989788671365791128e-01 1.446012020111083984e+01
1.310000000000000000e+02 1.987074027711980273e-01 2.103522502142364248e-01 1.447302627563476562e+01
1.320000000000000000e+02 2.092718571707888608e-01 1.992137860299994512e-01 1.446708774566650391e+01
1.330000000000000000e+02 1.992577387579049508e-01 2.109926838064526411e-01 1.448162937164306641e+01
1.340000000000000000e+02 2.105060906491985073e-01 1.996346717800943915e-01 1.447244453430175781e+01
1.350000000000000000e+02 2.000292678097489452e-01 2.111829106768323971e-01 1.448357963562011719e+01
1.360000000000000000e+02 2.106868096126471579e-01 2.000354243137992538e-01 1.448003387451171875e+01
1.370000000000000000e+02 2.004105042568120887e-01 2.112565776188659039e-01 1.448616981506347656e+01
1.380000000000000000e+02 2.111415927171399753e-01 2.007230996895418562e-01 1.448426818847656250e+01
1.390000000000000000e+02 2.016326429157347389e-01 2.115018000763063677e-01 1.449067592620849609e+01
1.400000000000000000e+02 2.120183957520330731e-01 2.017137861178098512e-01 1.448565769195556641e+01
1.410000000000000000e+02 2.006062557728677531e-01 2.123263270090269828e-01 1.449699592590332031e+01
1.420000000000000000e+02 2.120830390454498948e-01 2.018513228458169717e-01 1.448852634429931641e+01
1.430000000000000000e+02 2.010225625807414152e-01 2.128410728082624215e-01 1.449824523925781250e+01
1.440000000000000000e+02 2.126700978902910655e-01 2.020775022288530121e-01 1.448773574829101562e+01
1.450000000000000000e+02 2.014119154144583257e-01 2.130957074704784293e-01 1.450041389465332031e+01
1.460000000000000000e+02 2.124505513246652266e-01 2.019785335408104676e-01 1.449079227447509766e+01
1.470000000000000000e+02 2.017248153605028238e-01 2.133295978325054076e-01 1.450537776947021484e+01
1.480000000000000000e+02 2.126196265968870736e-01 2.028071074050144251e-01 1.449281024932861328e+01
1.490000000000000000e+02 2.023439101001040241e-01 2.145344586419465904e-01 1.450699996948242188e+01
1.500000000000000000e+02 2.129043009005123221e-01 2.034577482237582280e-01 1.449708652496337891e+01
1.510000000000000000e+02 2.026356208555120386e-01 2.143452013595387728e-01 1.450973987579345703e+01
1.520000000000000000e+02 2.132501847867744327e-01 2.028997016035652412e-01 1.449957180023193359e+01
1.530000000000000000e+02 2.030538943240704497e-01 2.144377672624497577e-01 1.450734043121337891e+01
1.540000000000000000e+02 2.140895128549726578e-01 2.036033214519958334e-01 1.450257492065429688e+01
1.550000000000000000e+02 2.040587788783492784e-01 2.142256587678974256e-01 1.450625991821289062e+01
1.560000000000000000e+02 2.147232105340459996e-01 2.030034880057797475e-01 1.450730419158935547e+01
1.570000000000000000e+02 2.039199293118089951e-01 2.146171152445518759e-01 1.450888156890869141e+01
1.580000000000000000e+02 2.149257953286787814e-01 2.038769169436153161e-01 1.451012420654296875e+01
1.590000000000000000e+02 2.047221412229560111e-01 2.145118870603750783e-01 1.451220607757568359e+01
1.600000000000000000e+02 2.154694137794132547e-01 2.044673090497849954e-01 1.450809669494628906e+01
1.610000000000000000e+02 2.044757039879062099e-01 2.157983404915281012e-01 1.451499557495117188e+01
1.620000000000000000e+02 2.153558614440173047e-01 2.050118111249453756e-01 1.450830364227294922e+01
1.630000000000000000e+02 2.045775895353222351e-01 2.163708409335491079e-01 1.451739978790283203e+01
1.640000000000000000e+02 2.157585551841120219e-01 2.061524281352954124e-01 1.450979804992675781e+01
1.650000000000000000e+02 2.045676812207010142e-01 2.162927884249980781e-01 1.451914215087890625e+01
1.660000000000000000e+02 2.161024104662109813e-01 2.055010937657615888e-01 1.450916862487792969e+01
1.670000000000000000e+02 2.041943692597003868e-01 2.161957270695727407e-01 1.452030372619628906e+01
1.680000000000000000e+02 2.158667876154404808e-01 2.056734829817259413e-01 1.450979042053222656e+01
1.690000000000000000e+02 2.047170085997791211e-01 2.172541994559230027e-01 1.452402019500732422e+01
1.700000000000000000e+02 2.156135304244361506e-01 2.060401559484756617e-01 1.450640773773193359e+01
1.710000000000000000e+02 2.046467641290735107e-01 2.174999869431639976e-01 1.452407169342041016e+01
1.720000000000000000e+02 2.160534717296879181e-01 2.063495195470185228e-01 1.450766181945800781e+01
1.730000000000000000e+02 2.043122647883669762e-01 2.183224476286147742e-01 1.452374839782714844e+01
1.740000000000000000e+02 2.154866243084241906e-01 2.066976718514793587e-01 1.450463676452636719e+01
1.750000000000000000e+02 2.042967290280635062e-01 2.188942829798598555e-01 1.452791786193847656e+01
1.760000000000000000e+02 2.152282624218797569e-01 2.083327166026884003e-01 1.450032234191894531e+01
1.770000000000000000e+02 2.043225559894834564e-01 2.195971724741157816e-01 1.453015422821044922e+01
1.780000000000000000e+02 2.151636594613496600e-01 2.081873663206972591e-01 1.450013160705566406e+01
1.790000000000000000e+02 2.050288733946652175e-01 2.185003597298408595e-01 1.453106975555419922e+01
1.800000000000000000e+02 2.156680734344398609e-01 2.084967175270703021e-01 1.450296306610107422e+01
1.810000000000000000e+02 2.042749147929423248e-01 2.193913706104385353e-01 1.453505420684814453e+01
1.820000000000000000e+02 2.160627352781951116e-01 2.089013432516463042e-01 1.450436973571777344e+01
1.830000000000000000e+02 2.049965803410691845e-01 2.199613775365106827e-01 1.453733539581298828e+01
1.840000000000000000e+02 2.153452520490874433e-01 2.089656694080997412e-01 1.450213527679443359e+01
1.850000000000000000e+02 2.045091289194179707e-01 2.198592385493082502e-01 1.454095840454101562e+01
1.860000000000000000e+02 2.155173171796571086e-01 2.089092822618610901e-01 1.450305175781250000e+01
1.870000000000000000e+02 2.046600440707704305e-01 2.203025469537750469e-01 1.454487609863281250e+01
1.880000000000000000e+02 2.156536897378239781e-01 2.092709004513124138e-01 1.450825595855712891e+01
1.890000000000000000e+02 2.054070684668788116e-01 2.198918942112565722e-01 1.454282093048095703e+01
1.900000000000000000e+02 2.166089017062263755e-01 2.090364314740573437e-01 1.450911808013916016e+01
1.910000000000000000e+02 2.053487951096626407e-01 2.207469435007923531e-01 1.454493808746337891e+01
1.920000000000000000e+02 2.160699811457584552e-01 2.093944348151961232e-01 1.450986194610595703e+01
1.930000000000000000e+02 2.051599940424387314e-01 2.208807635182515605e-01 1.454825592041015625e+01
1.940000000000000000e+02 2.164008620163155872e-01 2.098449530398076857e-01 1.451452159881591797e+01
1.950000000000000000e+02 2.049232169935888415e-01 2.210736023347238122e-01 1.455013179779052734e+01
1.960000000000000000e+02 2.164393611791791960e-01 2.095820110581528839e-01 1.451538181304931641e+01
1.970000000000000000e+02 2.054941970538714524e-01 2.204867505921403459e-01 1.455100440979003906e+01
1.980000000000000000e+02 2.162756625557487322e-01 2.099052500928364207e-01 1.451955986022949219e+01
1.990000000000000000e+02 2.059284950359036026e-01 2.205750787690121673e-01 1.455183696746826172e+01
2.000000000000000000e+02 2.165712688425327492e-01 2.100041994309851667e-01 1.451770782470703125e+01
2.010000000000000000e+02 2.062078324502235327e-01 2.208310483130489776e-01 1.455287075042724609e+01
2.020000000000000000e+02 2.173744922252113798e-01 2.097723780496829615e-01 1.452033042907714844e+01
2.030000000000000000e+02 2.062527760946240574e-01 2.208598871866676860e-01 1.455123615264892578e+01
2.040000000000000000e+02 2.171879787252900262e-01 2.106383091565878218e-01 1.451828193664550781e+01
2.050000000000000000e+02 2.063031990504043400e-01 2.209517989122868065e-01 1.455215072631835938e+01
2.060000000000000000e+02 2.174189280819633363e-01 2.097152092449298122e-01 1.452284240722656250e+01
2.070000000000000000e+02 2.063584147090552767e-01 2.208152733278336832e-01 1.455198097229003906e+01
2.080000000000000000e+02 2.177428845003751279e-01 2.100449542773332734e-01 1.452212142944335938e+01
2.090000000000000000e+02 2.068105330269936204e-01 2.218475973441710325e-01 1.455313968658447266e+01
2.100000000000000000e+02 2.180424915230185501e-01 2.107472355431783406e-01 1.452348232269287109e+01
2.110000000000000000e+02 2.068386697483843017e-01 2.212531527457901048e-01 1.455454826354980469e+01
2.120000000000000000e+02 2.186245983983947372e-01 2.105406064220347595e-01 1.452834796905517578e+01
2.130000000000000000e+02 2.074082339446211565e-01 2.217359202984874322e-01 1.455502414703369141e+01
2.140000000000000000e+02 2.186676315149854444e-01 2.107772865476159330e-01 1.452807235717773438e+01
2.150000000000000000e+02 2.075937894898850777e-01 2.210300334969194092e-01 1.455285835266113281e+01
2.160000000000000000e+02 2.186987957754345790e-01 2.104015278888257678e-01 1.453281974792480469e+01
2.170000000000000000e+02 2.074298666417323800e-01 2.213658753405909341e-01 1.455359935760498047e+01
2.180000000000000000e+02 2.178392633043329529e-01 2.104311156816559558e-01 1.453214550018310547e+01
2.190000000000000000e+02 2.072159047976014634e-01 2.211819343905474800e-01 1.455789375305175781e+01
2.200000000000000000e+02 2.180635462750204756e-01 2.105641649149262995e-01 1.453457355499267578e+01
2.210000000000000000e+02 2.068372720089345085e-01 2.223057173418959143e-01 1.455860328674316406e+01
2.220000000000000000e+02 2.175468231407608477e-01 2.102577139170458964e-01 1.453402042388916016e+01
2.230000000000000000e+02 2.068156277743993798e-01 2.214715325070302498e-01 1.456008338928222656e+01
2.240000000000000000e+02 2.181244808168721905e-01 2.114061755414958776e-01 1.453250503540039062e+01
2.250000000000000000e+02 2.070353074620521205e-01 2.218702933444261227e-01 1.456207370758056641e+01
2.260000000000000000e+02 2.177582986886369698e-01 2.110738002560401672e-01 1.453248500823974609e+01
2.270000000000000000e+02 2.063901852069605636e-01 2.216779805399641812e-01 1.456375408172607422e+01
2.280000000000000000e+02 2.173899705855692477e-01 2.115892183245583758e-01 1.453328990936279297e+01
2.290000000000000000e+02 2.073444644894176514e-01 2.219105745368382121e-01 1.456584835052490234e+01
2.300000000000000000e+02 2.184572750932540497e-01 2.110521193321721889e-01 1.453603553771972656e+01
2.310000000000000000e+02 2.076375380232568790e-01 2.215239159710750971e-01 1.456613349914550781e+01
2.320000000000000000e+02 2.187617706222229341e-01 2.105194412995279041e-01 1.453647518157958984e+01
2.330000000000000000e+02 2.069387120982602302e-01 2.214557197252780552e-01 1.456460380554199219e+01
2.340000000000000000e+02 2.185824243709510728e-01 2.111042976753540190e-01 1.453718376159667969e+01
2.350000000000000000e+02 2.071274803929720187e-01 2.216934524541541995e-01 1.456234073638916016e+01
2.360000000000000000e+02 2.174182154313135940e-01 2.104925050497919170e-01 1.453594589233398438e+01
2.370000000000000000e+02 2.068542200251971275e-01 2.209040333064941075e-01 1.456292629241943359e+01
2.380000000000000000e+02 2.170151750455751316e-01 2.100330406153985141e-01 1.453658199310302734e+01
2.390000000000000000e+02 2.070495570246093930e-01 2.209708651357741027e-01 1.456464385986328125e+01
2.400000000000000000e+02 2.183377748653905770e-01 2.100917814567531128e-01 1.453878211975097656e+01
2.410000000000000000e+02 2.070613746408526967e-01 2.214437580093150670e-01 1.456367301940917969e+01
2.420000000000000000e+02 2.179141515514894378e-01 2.110739167499280367e-01 1.453481197357177734e+01
2.430000000000000000e+02 2.069392098790140133e-01 2.219734961475568757e-01 1.456706428527832031e+01
2.440000000000000000e+02 2.177802979933399219e-01 2.103283349214296050e-01 1.453607177734375000e+01
2.450000000000000000e+02 2.064107539230705668e-01 2.217969660095229500e-01 1.456605434417724609e+01
2.460000000000000000e+02 2.179049599674835747e-01 2.104765141728792421e-01 1.453736591339111328e+01
2.470000000000000000e+02 2.070980518562632322e-01 2.214012037852532144e-01 1.456405162811279297e+01
2.480000000000000000e+02 2.179674417035219747e-01 2.107967575341746780e-01 1.453835773468017578e+01
2.490000000000000000e+02 2.068487271135319439e-01 2.217092097617384128e-01 1.456500339508056641e+01
2.500000000000000000e+02 2.172263112620918812e-01 2.107572775060816972e-01 1.453827190399169922e+01
2.510000000000000000e+02 2.067382006801248284e-01 2.213082757184567928e-01 1.456503486633300781e+01
2.520000000000000000e+02 2.180993998031633130e-01 2.104507349264301552e-01 1.453514671325683594e+01
2.530000000000000000e+02 2.070033992458203409e-01 2.218896252963981630e-01 1.456209754943847656e+01
2.540000000000000000e+02 2.180560146130291477e-01 2.107384481646983609e-01 1.453280162811279297e+01
2.550000000000000000e+02 2.071966287843854393e-01 2.215926965610227617e-01 1.456146812438964844e+01
2.560000000000000000e+02 2.181293744981842586e-01 2.102926457252362047e-01 1.453361988067626953e+01
2.570000000000000000e+02 2.074057933979621682e-01 2.209888747684337074e-01 1.456000423431396484e+01
2.580000000000000000e+02 2.186326130568860271e-01 2.102167192088383041e-01 1.453500366210937500e+01
2.590000000000000000e+02 2.074020614243833049e-01 2.208157274454445873e-01 1.455638122558593750e+01
2.600000000000000000e+02 2.188740211801904201e-01 2.100146485533326002e-01 1.453627872467041016e+01
2.610000000000000000e+02 2.075426105318255443e-01 2.209738391817558656e-01 1.455386066436767578e+01
2.620000000000000000e+02 2.191658376969686517e-01 2.098938264080693061e-01 1.453871250152587891e+01
2.630000000000000000e+02 2.077411579786227758e-01 2.206417306548370538e-01 1.455505180358886719e+01
2.640000000000000000e+02 2.194060609202898859e-01 2.097093016166228785e-01 1.454190349578857422e+01
2.650000000000000000e+02 2.082624977639608022e-01 2.211884217044626233e-01 1.455510234832763672e+01
2.660000000000000000e+02 2.187722922177116891e-01 2.095234607029989038e-01 1.454012680053710938e+01
2.670000000000000000e+02 2.078881732141984184e-01 2.207330815657593814e-01 1.455661201477050781e+01
2.680000000000000000e+02 2.190906159896439387e-01 2.103909753810219441e-01 1.453852272033691406e+01
2.690000000000000000e+02 2.077465135218555248e-01 2.209357361487938043e-01 1.455739593505859375e+01
2.700000000000000000e+02 2.184157215205291824e-01 2.096249918129198808e-01 1.454166507720947266e+01
2.710000000000000000e+02 2.074129893528619817e-01 2.209392608265443869e-01 1.455696201324462891e+01
2.720000000000000000e+02 2.177818813523085262e-01 2.095854833706165821e-01 1.453795623779296875e+01
2.730000000000000000e+02 2.072664080902848205e-01 2.206816021233899416e-01 1.456000328063964844e+01
2.740000000000000000e+02 2.179482959060148606e-01 2.098621047400677786e-01 1.453681755065917969e+01
2.750000000000000000e+02 2.068014808403249860e-01 2.216838481281538376e-01 1.456166839599609375e+01
2.760000000000000000e+02 2.175024383503518510e-01 2.103031017473178665e-01 1.453281974792480469e+01
2.770000000000000000e+02 2.066336871936931552e-01 2.212708764173658971e-01 1.456302642822265625e+01
2.780000000000000000e+02 2.171244288926036659e-01 2.106851878849572146e-01 1.452983951568603516e+01
2.790000000000000000e+02 2.066898341826681751e-01 2.215658256941682724e-01 1.456201553344726562e+01
2.800000000000000000e+02 2.173680871633646428e-01 2.101559550031315005e-01 1.453036022186279297e+01
2.810000000000000000e+02 2.070163195710786053e-01 2.211976032394578073e-01 1.456250762939453125e+01
2.820000000000000000e+02 2.174904642296811019e-01 2.095086863820680712e-01 1.453306770324707031e+01
2.830000000000000000e+02 2.064209856000736865e-01 2.217719443618512420e-01 1.456158161163330078e+01
2.840000000000000000e+02 2.168100306480999495e-01 2.100639756176775341e-01 1.453380203247070312e+01
2.850000000000000000e+02 2.054466050943516975e-01 2.219511965365298378e-01 1.456172752380371094e+01
2.860000000000000000e+02 2.166203065009240369e-01 2.109922130069206703e-01 1.452702999114990234e+01
2.870000000000000000e+02 2.059831042384045185e-01 2.222610294365291728e-01 1.456489372253417969e+01
2.880000000000000000e+02 2.173897154035701884e-01 2.111617670183284778e-01 1.452567386627197266e+01
2.890000000000000000e+02 2.057583129537207955e-01 2.222209591409515239e-01 1.456556892395019531e+01
2.900000000000000000e+02 2.172974946020420350e-01 2.106044885018597546e-01 1.452490997314453125e+01
2.910000000000000000e+02 2.065126450952423087e-01 2.218950514583720446e-01 1.456349754333496094e+01
2.920000000000000000e+02 2.173789958934901623e-01 2.112156699117261893e-01 1.452522563934326172e+01
2.930000000000000000e+02 2.056390711160173690e-01 2.220799924632581857e-01 1.456509208679199219e+01
2.940000000000000000e+02 2.174712354938315995e-01 2.110661427133561086e-01 1.452470302581787109e+01
2.950000000000000000e+02 2.063787249663726620e-01 2.222171781300773252e-01 1.456206226348876953e+01
2.960000000000000000e+02 2.177355280598209930e-01 2.107495544448957370e-01 1.452869987487792969e+01
2.970000000000000000e+02 2.064042601032614610e-01 2.217469478628366908e-01 1.456106948852539062e+01
2.980000000000000000e+02 2.175139249577102696e-01 2.111873312487493604e-01 1.452776718139648438e+01
2.990000000000000000e+02 2.060016130284605673e-01 2.220485726332386833e-01 1.456091117858886719e+01
3.000000000000000000e+02 2.173389431408550287e-01 2.110214268509302271e-01 1.452577686309814453e+01
3.010000000000000000e+02 2.065711185759506185e-01 2.216390940800832543e-01 1.456070518493652344e+01
3.020000000000000000e+02 2.175503748727521391e-01 2.114070465993282688e-01 1.452766609191894531e+01
3.030000000000000000e+02 2.064671385527108993e-01 2.225510227500466787e-01 1.456386566162109375e+01
3.040000000000000000e+02 2.173137612189931789e-01 2.113623380082482739e-01 1.452901363372802734e+01
3.050000000000000000e+02 2.066055647696715125e-01 2.222336767932405199e-01 1.456610012054443359e+01
3.060000000000000000e+02 2.178406454269741499e-01 2.116420040734637020e-01 1.452782440185546875e+01
3.070000000000000000e+02 2.067913083147602249e-01 2.223232765159683655e-01 1.456705570220947266e+01
3.080000000000000000e+02 2.179045103175880349e-01 2.104062934153142495e-01 1.453117465972900391e+01
3.090000000000000000e+02 2.079219429309206446e-01 2.221572118972020837e-01 1.456318187713623047e+01
3.100000000000000000e+02 2.181607550638394455e-01 2.104900300054964590e-01 1.453279685974121094e+01
3.110000000000000000e+02 2.075260249140949420e-01 2.217563588094828009e-01 1.456171417236328125e+01
3.120000000000000000e+02 2.178783995139265406e-01 2.106023220856799716e-01 1.453225803375244141e+01
3.130000000000000000e+02 2.073340447716396362e-01 2.210762987706101079e-01 1.456058979034423828e+01
3.140000000000000000e+02 2.184080045074014154e-01 2.099204648766003767e-01 1.453303432464599609e+01
3.150000000000000000e+02 2.070793231164470005e-01 2.208802006039461696e-01 1.455712223052978516e+01
3.160000000000000000e+02 2.186414473828220684e-01 2.099300522011940395e-01 1.453319740295410156e+01
3.170000000000000000e+02 2.083157295392856767e-01 2.211239528194680892e-01 1.455571842193603516e+01
3.180000000000000000e+02 2.186837183123754025e-01 2.099402326917721440e-01 1.453479194641113281e+01
3.190000000000000000e+02 2.070701308027411147e-01 2.210067453274822402e-01 1.455485820770263672e+01
3.200000000000000000e+02 2.181635448385829124e-01 2.101274075759110016e-01 1.453056812286376953e+01
3.210000000000000000e+02 2.073146712890709675e-01 2.216224346468353146e-01 1.455459785461425781e+01
3.220000000000000000e+02 2.184296432276106315e-01 2.097722742033443222e-01 1.453189373016357422e+01
3.230000000000000000e+02 2.071903338116480864e-01 2.206106745341755160e-01 1.455179023742675781e+01
3.240000000000000000e+02 2.183044312713447455e-01 2.096467984925793338e-01 1.453312778472900391e+01
3.250000000000000000e+02 2.075328884205824842e-01 2.203319443342738049e-01 1.455146789550781250e+01
3.260000000000000000e+02 2.186854458761887110e-01 2.099643035436755956e-01 1.453506565093994141e+01
3.270000000000000000e+02 2.074132400143434696e-01 2.210948013976437587e-01 1.455340003967285156e+01
3.280000000000000000e+02 2.186120130600400779e-01 2.105011941136973319e-01 1.453636550903320312e+01
3.290000000000000000e+02 2.078815851768749390e-01 2.210351195785345002e-01 1.455571842193603516e+01
3.300000000000000000e+02 2.186225666624920516e-01 2.106066202208546900e-01 1.453563976287841797e+01
3.310000000000000000e+02 2.077008793067020020e-01 2.217057415079412008e-01 1.455862998962402344e+01
3.320000000000000000e+02 2.191362783728955932e-01 2.105852434714407528e-01 1.453544807434082031e+01
3.330000000000000000e+02 2.075718776948453637e-01 2.216967454837330265e-01 1.455726242065429688e+01
3.340000000000000000e+02 2.186635481049571672e-01 2.096454920145664758e-01 1.453682994842529297e+01
3.350000000000000000e+02 2.079129188140046436e-01 2.214243874680379975e-01 1.455391120910644531e+01
3.360000000000000000e+02 2.194323657069459088e-01 2.101265765463380397e-01 1.453446960449218750e+01
3.370000000000000000e+02 2.078019489008036957e-01 2.216069707006603495e-01 1.455583000183105469e+01
3.380000000000000000e+02 2.180716045737767506e-01 2.099479018659786145e-01 1.453333377838134766e+01
3.390000000000000000e+02 2.079019867037106839e-01 2.205852248063628340e-01 1.455567264556884766e+01
3.400000000000000000e+02 2.179451555697176357e-01 2.096557717035768820e-01 1.453468990325927734e+01
3.410000000000000000e+02 2.076081580552340822e-01 2.198669490927119552e-01 1.455133152008056641e+01
3.420000000000000000e+02 2.185977957824319362e-01 2.092993736607165756e-01 1.453422355651855469e+01
3.430000000000000000e+02 2.082159872785082910e-01 2.200091748514536039e-01 1.455413818359375000e+01
3.440000000000000000e+02 2.185057815343970089e-01 2.091012514187258753e-01 1.453490734100341797e+01
3.450000000000000000e+02 2.077212135491523226e-01 2.205536513127768494e-01 1.455115795135498047e+01
3.460000000000000000e+02 2.187596070005226045e-01 2.090476712889657585e-01 1.453033351898193359e+01
3.470000000000000000e+02 2.075286288511400123e-01 2.202025779938545924e-01 1.455005168914794922e+01
3.480000000000000000e+02 2.181091482906323820e-01 2.094904236725147195e-01 1.453146171569824219e+01
3.490000000000000000e+02 2.065968941451297169e-01 2.204654014116019245e-01 1.454848957061767578e+01
3.500000000000000000e+02 2.177801705303960556e-01 2.092781774708105946e-01 1.452674579620361328e+01
3.510000000000000000e+02 2.064090049374035785e-01 2.205382182423585025e-01 1.454955577850341797e+01
3.520000000000000000e+02 2.185775429339815445e-01 2.088518047231600894e-01 1.452744293212890625e+01
3.530000000000000000e+02 2.075371391198654325e-01 2.205314272103657547e-01 1.454911041259765625e+01
3.540000000000000000e+02 2.181659139397449931e-01 2.090288899936010580e-01 1.452723312377929688e+01
3.550000000000000000e+02 2.067369767683825965e-01 2.199531658565816450e-01 1.454958820343017578e+01
3.560000000000000000e+02 2.184102362249417395e-01 2.094638588730604600e-01 1.452751159667968750e+01
3.570000000000000000e+02 2.072611153830925534e-01 2.201847476301082296e-01 1.454895019531250000e+01
3.580000000000000000e+02 2.178473172430037408e-01 2.098798094607617903e-01 1.452593612670898438e+01
3.590000000000000000e+02 2.074487700344709307e-01 2.205413379799826823e-01 1.454931735992431641e+01
3.600000000000000000e+02 2.179922992505874124e-01 2.090837212990697136e-01 1.452754974365234375e+01
3.610000000000000000e+02 2.070499779905297100e-01 2.206793953289895582e-01 1.454690170288085938e+01
3.620000000000000000e+02 2.178484140045916784e-01 2.104081034623541679e-01 1.452807235717773438e+01
3.630000000000000000e+02 2.070521238614995152e-01 2.208428859186109261e-01 1.454959774017333984e+01
3.640000000000000000e+02 2.179187000025452625e-01 2.097898331798376537e-01 1.453043842315673828e+01
3.650000000000000000e+02 2.076800189551351594e-01 2.204311723866835826e-01 1.454788017272949219e+01
3.660000000000000000e+02 2.185992153157467477e-01 2.095892444624581630e-01 1.453123760223388672e+01
3.670000000000000000e+02 2.078615189669583141e-01 2.199975084044936691e-01 1.454482841491699219e+01
3.680000000000000000e+02 2.190106151054395101e-01 2.083763102660682320e-01 1.453377819061279297e+01
3.690000000000000000e+02 2.075583473889571762e-01 2.201164113326186944e-01 1.454243564605712891e+01
3.700000000000000000e+02 2.182573389027225585e-01 2.096270966737570352e-01 1.453312778472900391e+01
3.710000000000000000e+02 2.079774006660527197e-01 2.197123274207939680e-01 1.454470729827880859e+01
3.720000000000000000e+02 2.187655620905534226e-01 2.093257061119820073e-01 1.453058433532714844e+01
3.730000000000000000e+02 2.080921162289039728e-01 2.200830023471036789e-01 1.454625797271728516e+01
3.740000000000000000e+02 2.191858704240614297e-01 2.087872372153740386e-01 1.453151607513427734e+01
3.750000000000000000e+02 2.077568756359833291e-01 2.200457390457876694e-01 1.454483222961425781e+01
3.760000000000000000e+02 2.190367627476320356e-01 2.095439323875064874e-01 1.453221225738525391e+01
3.770000000000000000e+02 2.080716000014474487e-01 2.197943378298512773e-01 1.454561424255371094e+01
3.780000000000000000e+02 2.194901785994336774e-01 2.084115574656726921e-01 1.453432178497314453e+01
3.790000000000000000e+02 2.083852901003195590e-01 2.203504645565098896e-01 1.454224205017089844e+01
3.800000000000000000e+02 2.194904119937892695e-01 2.086743270861945443e-01 1.453298950195312500e+01
3.810000000000000000e+02 2.082033479238841467e-01 2.199530998311081953e-01 1.454244804382324219e+01
3.820000000000000000e+02 2.190884915365537144e-01 2.087637605846769384e-01 1.453575038909912109e+01
3.830000000000000000e+02 2.083319222481692934e-01 2.191147636361695794e-01 1.454376983642578125e+01
3.840000000000000000e+02 2.200288059010126474e-01 2.087464728106009082e-01 1.453674030303955078e+01
3.850000000000000000e+02 2.081360220769739311e-01 2.197516795295371972e-01 1.454254436492919922e+01
3.860000000000000000e+02 2.205124247585461272e-01 2.085482907760316251e-01 1.453728961944580078e+01
3.870000000000000000e+02 2.088007804896545028e-01 2.190916322883590672e-01 1.454203605651855469e+01
3.880000000000000000e+02 2.199918869248581321e-01 2.081812468603015942e-01 1.453853225708007812e+01
3.890000000000000000e+02 2.090773296861899444e-01 2.189998453114054833e-01 1.454002475738525391e+01
3.900000000000000000e+02 2.195251767749670235e-01 2.076461435924226440e-01 1.453874588012695312e+01
3.910000000000000000e+02 2.085302054883217959e-01 2.192796276473549799e-01 1.454231834411621094e+01
3.920000000000000000e+02 2.196720120257452946e-01 2.081838341272730097e-01 1.453744029998779297e+01
3.930000000000000000e+02 2.076632045847340569e-01 2.192671680030830184e-01 1.454249572753906250e+01
3.940000000000000000e+02 2.198144866072999082e-01 2.080830533900382695e-01 1.453752231597900391e+01
3.950000000000000000e+02 2.084155580620486725e-01 2.188650913122944797e-01 1.454200553894042969e+01
3.960000000000000000e+02 2.193115254280981752e-01 2.079396191981639774e-01 1.453757572174072266e+01
3.970000000000000000e+02 2.084727796073294337e-01 2.184254354431792167e-01 1.453894042968750000e+01
3.980000000000000000e+02 2.203573515533188143e-01 2.068996723889597045e-01 1.453953361511230469e+01
