0.000000000000000000e+00 2.079316620846976410e-02 1.930940212855159627e-02 9.871270179748535156e+00
1.000000000000000000e+00 2.054821859227650566e-02 2.069512963804731251e-02 9.843456268310546875e+00
2.000000000000000000e+00 2.397184187837504352e-02 2.106740783494505734e-02 1.003384590148925781e+01
3.000000000000000000e+00 2.370895332725108870e-02 2.409142952202229099e-02 1.000587368011474609e+01
4.000000000000000000e+00 2.876361780383313027e-02 2.340284593530284757e-02 1.018385219573974609e+01
5.000000000000000000e+00 2.747755790760529268e-02 2.872198352296159718e-02 1.016131877899169922e+01
6.000000000000000000e+00 3.432047003516856126e-02 2.804282677492683090e-02 1.032606601715087891e+01
7.000000000000000000e+00 3.304709218139219307e-02 3.375998849151997522e-02 1.030385208129882812e+01
8.000000000000000000e+00 4.059829371127065406e-02 3.241803669352288919e-02 1.046047782897949219e+01
9.000000000000000000e+00 3.803800468235415261e-02 3.978383101499591984e-02 1.043599033355712891e+01
1.000000000000000000e+01 4.741469015701272466e-02 3.864170772681056742e-02 1.058512973785400391e+01
1.100000000000000000e+01 4.534901982318875757e-02 4.650097766724369669e-02 1.055940818786621094e+01
1.200000000000000000e+01 5.361762405174473611e-02 4.428993716597374314e-02 1.069832611083984375e+01
1.300000000000000000e+01 5.112966460401524582e-02 5.373936708056194916e-02 1.067666053771972656e+01
1.400000000000000000e+01 6.100246271957873723e-02 5.100941984666121365e-02 1.080385398864746094e+01
1.500000000000000000e+01 5.792843160527107876e-02 6.081790496371829169e-02 1.078325176239013672e+01
1.600000000000000000e+01 6.885448651926708019e-02 5.812241109445537984e-02 1.090283393859863281e+01
1.700000000000000000e+01 6.497093798314462765e-02 6.765926991805269741e-02 1.088359355926513672e+01
1.800000000000000000e+01 7.522264179393675643e-02 6.462420872475324596e-02 1.099383354187011719e+01
1.900000000000000000e+01 7.178792199519647144e-02 7.446961250035635804e-02 1.097537612915039062e+01
2.000000000000000000e+01 8.342315137360671595e-02 7.220126035723514746e-02 1.107991695404052734e+01
2.100000000000000000e+01 7.947253199006240609e-02 8.294901691427084001e-02 1.106217479705810547e+01
2.200000000000000000e+01 9.005763796007797140e-02 7.834718935956937191e-02 1.116199398040771484e+01
2.300000000000000000e+01 8.584210819903256851e-02 8.964516434451316740e-02 1.114035797119140625e+01
2.400000000000000000e+01 9.737448492632143349e-02 8.467880574338877697e-02 1.123399829864501953e+01
2.500000000000000000e+01 9.360164873888923709e-02 9.705574519476735385e-02 1.121744441986083984e+01
2.600000000000000000e+01 1.045742416577698924e-01 9.130999337197198695e-02 1.130547142028808594e+01
2.700000000000000000e+01 9.917392699729214722e-02 1.030213493921286749e-01 1.128467369079589844e+01
2.800000000000000000e+01 1.114049950581058324e-01 9.815385568257423143e-02 1.136767196655273438e+01
2.900000000000000000e+01 1.056733678385008285e-01 1.103892552609087307e-01 1.135145568847656250e+01
3.000000000000000000e+01 1.174020922372784742e-01 1.046098448539770631e-01 1.142905426025390625e+01
3.100000000000000000e+01 1.116782813508363226e-01 1.162896591790826550e-01 1.141090965270996094e+01
3.200000000000000000e+01 1.235841172405166138e-01 1.107917312301895663e-01 1.148621749877929688e+01
3.300000000000000000e+01 1.182803215278850906e-01 1.225265179088375345e-01 1.146862602233886719e+01
3.400000000000000000e+01 1.310309699768357761e-01 1.174820446712157018e-01 1.154195785522460938e+01
3.500000000000000000e+01 1.235066566688110268e-01 1.301226840562992038e-01 1.152404403686523438e+01
3.600000000000000000e+01 1.368184360562015034e-01 1.237148868303703381e-01 1.159155273437500000e+01
3.700000000000000000e+01 1.296736227830203037e-01 1.355468468777925317e-01 1.157438373565673828e+01
3.800000000000000000e+01 1.423386741683164702e-01 1.293768687518561389e-01 1.163839149475097656e+01
3.900000000000000000e+01 1.351993583370098839e-01 1.412192828537393863e-01 1.162438774108886719e+01
4.000000000000000000e+01 1.487442776273473211e-01 1.347934741735423714e-01 1.168668174743652344e+01
4.100000000000000000e+01 1.403954588157502181e-01 1.474932421504657476e-01 1.166927909851074219e+01
4.200000000000000000e+01 1.537280459117294773e-01 1.395398813581645581e-01 1.172912216186523438e+01
4.300000000000000000e+01 1.460601985710651696e-01 1.529481947871718095e-01 1.171098613739013672e+01
4.400000000000000000e+01 1.588989147638729671e-01 1.447102323722309902e-01 1.177034568786621094e+01
4.500000000000000000e+01 1.507174982184170398e-01 1.578336393166419604e-01 1.175122928619384766e+01
4.600000000000000000e+01 1.640477361783363452e-01 1.494783561122217386e-01 1.180776977539062500e+01
4.700000000000000000e+01 1.553213273390172677e-01 1.628139693484507988e-01 1.178877925872802734e+01
4.800000000000000000e+01 1.684918018735387935e-01 1.551380771543826864e-01 1.184212779998779297e+01
4.900000000000000000e+01 1.605213960066765311e-01 1.676708188014702505e-01 1.182714366912841797e+01
5.000000000000000000e+01 1.737751053082675912e-01 1.599550889471983151e-01 1.187785816192626953e+01
5.100000000000000000e+01 1.648301559911132530e-01 1.728518472211739709e-01 1.186363792419433594e+01
5.200000000000000000e+01 1.780165305656087049e-01 1.640973068851745709e-01 1.191076469421386719e+01
5.300000000000000000e+01 1.689291225740591207e-01 1.768768876217376163e-01 1.189567852020263672e+01
5.400000000000000000e+01 1.830211777903949788e-01 1.680411945965144260e-01 1.194095897674560547e+01
5.500000000000000000e+01 1.735617815903471584e-01 1.817239413024349659e-01 1.192576313018798828e+01
5.600000000000000000e+01 1.865633972912691119e-01 1.733581669972836248e-01 1.197259807586669922e+01
5.700000000000000000e+01 1.770291574443533245e-01 1.858638308303094677e-01 1.195854759216308594e+01
5.800000000000000000e+01 1.906182849712364236e-01 1.775476608662353017e-01 1.199786853790283203e+01
5.900000000000000000e+01 1.811558607396265841e-01 1.899049750823742222e-01 1.198416042327880859e+01
6.000000000000000000e+01 1.941764966168667284e-01 1.802828191382608580e-01 1.202615356445312500e+01
6.100000000000000000e+01 1.841596290995944907e-01 1.938657284737395348e-01 1.200862121582031250e+01
6.200000000000000000e+01 1.981611277380687097e-01 1.839704649505442546e-01 1.204967689514160156e+01
6.300000000000000000e+01 1.877136088230461908e-01 1.970923428778661723e-01 1.203221702575683594e+01
6.400000000000000000e+01 2.013553041809654220e-01 1.878547186250139611e-01 1.207448101043701172e+01
6.500000000000000000e+01 1.912586298793699513e-01 2.005317562031810330e-01 1.205602836608886719e+01
6.600000000000000000e+01 2.053819137400328954e-01 1.901543091685666542e-01 1.209624195098876953e+01
6.700000000000000000e+01 1.939331525945270085e-01 2.045811646237713499e-01 1.208026409149169922e+01
6.800000000000000000e+01 2.071236186222907560e-01 1.932586561736124031e-01 1.211740207672119141e+01
6.900000000000000000e+01 1.974238706627741702e-01 2.073234115139948874e-01 1.210236263275146484e+01
7.000000000000000000e+01 2.108564654947956973e-01 1.972462787216643643e-01 1.213830757141113281e+01
7.100000000000000000e+01 2.003491082861303396e-01 2.094426973207456355e-01 1.212082195281982422e+01
7.200000000000000000e+01 2.143295512521318780e-01 1.989021693167858096e-01 1.215826988220214844e+01
7.300000000000000000e+01 2.028460007548821831e-01 2.124993021141155514e-01 1.213746166229248047e+01
7.400000000000000000e+01 2.168001672062802587e-01 2.018125897684659165e-01 1.217492294311523438e+01
7.500000000000000000e+01 2.057393279682065979e-01 2.150759468628761217e-01 1.215543365478515625e+01
7.600000000000000000e+01 2.193116032480849631e-01 2.039386744272302376e-01 1.219450187683105469e+01
7.700000000000000000e+01 2.085355036890635672e-01 2.173778171437948659e-01 1.217206382751464844e+01
7.800000000000000000e+01 2.215519447405503162e-01 2.083055468912414221e-01 1.221074008941650391e+01
7.900000000000000000e+01 2.108588356387570972e-01 2.212488544224033571e-01 1.218941211700439453e+01
8.000000000000000000e+01 2.245364681101673920e-01 2.096959720296635854e-01 1.222481155395507812e+01
8.100000000000000000e+01 2.132528413588249960e-01 2.236316852290822499e-01 1.220530891418457031e+01
8.200000000000000000e+01 2.269337062478839206e-01 2.117170551192354144e-01 1.224136257171630859e+01
8.300000000000000000e+01 2.155174040584489081e-01 2.251812834858915036e-01 1.221992015838623047e+01
8.400000000000000000e+01 2.288993138783091130e-01 2.135872423361640238e-01 1.225779819488525391e+01
8.500000000000000000e+01 2.178969223092751262e-01 2.268398595191062073e-01 1.223386383056640625e+01
8.600000000000000000e+01 2.307667375266003185e-01 2.155360627148227293e-01 1.226841449737548828e+01
8.700000000000000000e+01 2.188370835767347589e-01 2.297989278331335483e-01 1.224732780456542969e+01
8.800000000000000000e+01 2.323498331707203879e-01 2.188205904246678657e-01 1.228020191192626953e+01
8.900000000000000000e+01 2.202457948226370921e-01 2.320329046373360016e-01 1.226412582397460938e+01
9.000000000000000000e+01 2.342248714896996709e-01 2.205562098434961094e-01 1.229440307617187500e+01
9.100000000000000000e+01 2.222265250699503591e-01 2.330088124286152362e-01 1.228021526336669922e+01
9.200000000000000000e+01 2.356067403030286389e-01 2.220163333747503798e-01 1.230420303344726562e+01
9.300000000000000000e+01 2.226764735296000164e-01 2.356656619522860263e-01 1.228643512725830078e+01
9.400000000000000000e+01 2.367683178178012771e-01 2.234151554813382234e-01 1.231655025482177734e+01
9.500000000000000000e+01 2.249639236077539961e-01 2.370418919291039095e-01 1.230323982238769531e+01
9.600000000000000000e+01 2.380674973221151292e-01 2.252344979098490074e-01 1.232830524444580078e+01
9.700000000000000000e+01 2.259239084985705803e-01 2.383661608370651053e-01 1.231457042694091797e+01
9.800000000000000000e+01 2.402038577932269492e-01 2.276537592517216824e-01 1.233708953857421875e+01
9.900000000000000000e+01 2.282164992091480493e-01 2.407754068554850413e-01 1.232487392425537109e+01
1.000000000000000000e+02 2.416767870941969321e-01 2.294691664862994473e-01 1.234621429443359375e+01
1.010000000000000000e+02 2.291702453824904784e-01 2.422526884319213536e-01 1.233554649353027344e+01
1.020000000000000000e+02 2.425958651445053182e-01 2.302833097310842680e-01 1.235385799407958984e+01
1.030000000000000000e+02 2.307467121419844447e-01 2.448914142696929919e-01 1.234342002868652344e+01
1.040000000000000000e+02 2.440853234659624005e-01 2.329316505056741593e-01 1.235926818847656250e+01
1.050000000000000000e+02 2.322259222319312810e-01 2.461433249137886525e-01 1.235328960418701172e+01
1.060000000000000000e+02 2.454129979504267312e-01 2.336854454725540153e-01 1.236403179168701172e+01
1.070000000000000000e+02 2.333752323816145335e-01 2.474955124364790482e-01 1.235770320892333984e+01
1.080000000000000000e+02 2.469769938613838867e-01 2.349449373932878671e-01 1.237184238433837891e+01
1.090000000000000000e+02 2.349706371997463406e-01 2.480941408896489286e-01 1.236295604705810547e+01
1.100000000000000000e+02 2.476883352259133253e-01 2.359232230274130315e-01 1.237880802154541016e+01
1.110000000000000000e+02 2.360490087731801356e-01 2.490329326187386838e-01 1.237090969085693359e+01
1.120000000000000000e+02 2.492717287353234668e-01 2.377132592520128651e-01 1.238514137268066406e+01
1.130000000000000000e+02 2.372597128679142242e-01 2.503320457701360691e-01 1.237950611114501953e+01
1.140000000000000000e+02 2.502350896328665586e-01 2.385528256229356714e-01 1.239223957061767578e+01
1.150000000000000000e+02 2.379325785007690430e-01 2.520665557707856830e-01 1.238762187957763672e+01
1.160000000000000000e+02 2.510751660880912728e-01 2.393194722077245651e-01 1.239827156066894531e+01
1.170000000000000000e+02 2.395530157229514567e-01 2.528206695808234983e-01 1.239316082000732422e+01
1.180000000000000000e+02 2.525781893568997405e-01 2.399183715606631184e-01 1.240301609039306641e+01
1.190000000000000000e+02 2.398173333102714133e-01 2.533015802912312320e-01 1.239648818969726562e+01
1.200000000000000000e+02 2.531977359410381156e-01 2.409103100673974929e-01 1.240744781494140625e+01
1.210000000000000000e+02 2.407994420218898812e-01 2.548639290339943519e-01 1.240486812591552734e+01
1.220000000000000000e+02 2.540335780862846282e-01 2.420374477620322318e-01 1.241391563415527344e+01
1.230000000000000000e+02 2.415742609527113394e-01 2.550013293863456765e-01 1.241114997863769531e+01
1.240000000000000000e+02 2.555399039225091928e-01 2.425742849240715149e-01 1.242308235168457031e+01
1.250000000000000000e+02 2.431201043723459909e-01 2.552253762545069748e-01 1.241535377502441406e+01
1.260000000000000000e+02 2.555125129601883982e-01 2.426002371372279476e-01 1.243094062805175781e+01
1.270000000000000000e+02 2.437719075574082683e-01 2.563070955178226584e-01 1.241941738128662109e+01
1.280000000000000000e+02 2.559938053280970682e-01 2.431858874983089114e-01 1.243461608886718750e+01
1.290000000000000000e+02 2.437662782195128552e-01 2.570064453966793283e-01 1.242123985290527344e+01
1.300000000000000000e+02 2.568887041893216372e-01 2.445077379498220849e-01 1.243665695190429688e+01
1.310000000000000000e+02 2.436725327230877536e-01 2.576437513974934035e-01 1.242405223846435547e+01
1.320000000000000000e+02 2.572162443741191629e-01 2.441982264604806718e-01 1.243687629699707031e+01
1.330000000000000000e+02 2.444364561406190683e-01 2.576076448024102739e-01 1.242531013488769531e+01
1.340000000000000000e+02 2.569658269100962844e-01 2.442752994689492418e-01 1.243896389007568359e+01
1.350000000000000000e+02 2.446217642925868629e-01 2.575272626481799887e-01 1.242635631561279297e+01
1.360000000000000000e+02 2.572687475124904033e-01 2.449517894711295551e-01 1.244091224670410156e+01
1.370000000000000000e+02 2.454405743296736997e-01 2.586110016843423676e-01 1.243093776702880859e+01
1.380000000000000000e+02 2.578020352979623619e-01 2.456301911419662420e-01 1.244645118713378906e+01
1.390000000000000000e+02 2.457882504437536031e-01 2.587782954139001834e-01 1.243337821960449219e+01
1.400000000000000000e+02 2.587768823830729481e-01 2.465188362762623653e-01 1.244881439208984375e+01
1.410000000000000000e+02 2.459303451585729272e-01 2.597377218452646686e-01 1.243794536590576172e+01
1.420000000000000000e+02 2.589862239863635618e-01 2.469610666439527313e-01 1.245310020446777344e+01
1.430000000000000000e+02 2.456423364098009321e-01 2.600547890154062403e-01 1.244214153289794922e+01
1.440000000000000000e+02 2.591466872745331051e-01 2.477953935152371612e-01 1.245570087432861328e+01
1.450000000000000000e+02 2.462318201790821004e-01 2.597099618667017551e-01 1.244774150848388672e+01
1.460000000000000000e+02 2.595405256885013334e-01 2.484102424059936032e-01 1.245801830291748047e+01
1.470000000000000000e+02 2.464362610710446877e-01 2.614153540259241959e-01 1.244903564453125000e+01
1.480000000000000000e+02 2.599758919565695048e-01 2.489343122812255338e-01 1.245768642425537109e+01
1.490000000000000000e+02 2.472165686297598253e-01 2.626330390938397819e-01 1.245290374755859375e+01
1.500000000000000000e+02 2.611690786576625900e-01 2.497601643476751732e-01 1.246011734008789062e+01
1.510000000000000000e+02 2.480925161713496974e-01 2.636960380965816531e-01 1.245561790466308594e+01
1.520000000000000000e+02 2.607635089100527326e-01 2.502135057709647392e-01 1.245948982238769531e+01
1.530000000000000000e+02 2.482377481805027042e-01 2.638079275521704736e-01 1.245718097686767578e+01
1.540000000000000000e+02 2.613225434765386601e-01 2.509083359285495529e-01 1.246062183380126953e+01
1.550000000000000000e+02 2.482930772644068029e-01 2.639828158016248594e-01 1.245936393737792969e+01
1.560000000000000000e+02 2.618343804550036791e-01 2.515989463461801856e-01 1.245992088317871094e+01
1.570000000000000000e+02 2.486570679483649515e-01 2.645074361031504728e-01 1.245999813079833984e+01
1.580000000000000000e+02 2.621837635062791994e-01 2.511619362471356753e-01 1.246272563934326172e+01
1.590000000000000000e+02 2.494268362705774900e-01 2.641266132702032587e-01 1.246224212646484375e+01
1.600000000000000000e+02 2.624324454354148295e-01 2.503076954763724382e-01 1.246546554565429688e+01
1.610000000000000000e+02 2.494603709923981227e-01 2.654004719712310667e-01 1.246301364898681641e+01
1.620000000000000000e+02 2.620232768576160609e-01 2.526405017673855058e-01 1.246807861328125000e+01
1.630000000000000000e+02 2.487941543116300447e-01 2.653145043791210744e-01 1.246770763397216797e+01
1.640000000000000000e+02 2.623542385948433031e-01 2.533324908660803398e-01 1.246729564666748047e+01
1.650000000000000000e+02 2.495117951107746757e-01 2.667479910602932325e-01 1.247224617004394531e+01
1.660000000000000000e+02 2.632038781604462696e-01 2.533769871195606926e-01 1.246941757202148438e+01
1.670000000000000000e+02 2.501362873995855995e-01 2.671976422889534852e-01 1.247397232055664062e+01
1.680000000000000000e+02 2.629885703929947804e-01 2.545153848650087425e-01 1.246942615509033203e+01
1.690000000000000000e+02 2.505991440130460601e-01 2.678421567401327308e-01 1.247850227355957031e+01
1.700000000000000000e+02 2.636292591584076805e-01 2.549986292754666817e-01 1.247144317626953125e+01
1.710000000000000000e+02 2.507178907039314120e-01 2.677872652941296616e-01 1.247826194763183594e+01
1.720000000000000000e+02 2.639685266704809852e-01 2.551469494151151207e-01 1.247298431396484375e+01
1.730000000000000000e+02 2.507847553001013585e-01 2.679987431132520581e-01 1.247825908660888672e+01
1.740000000000000000e+02 2.643007433626642366e-01 2.556863198822279526e-01 1.247320270538330078e+01
1.750000000000000000e+02 2.506078915402935592e-01 2.677545568835453804e-01 1.247992897033691406e+01
1.760000000000000000e+02 2.641980429193893087e-01 2.562096575194277026e-01 1.247237873077392578e+01
1.770000000000000000e+02 2.510967340999360475e-01 2.684413217481652070e-01 1.247944164276123047e+01
1.780000000000000000e+02 2.642454690767723213e-01 2.549892103022117218e-01 1.247544574737548828e+01
1.790000000000000000e+02 2.519650774305398633e-01 2.693516842559020574e-01 1.248142623901367188e+01
1.800000000000000000e+02 2.645618001813900277e-01 2.549992104949886929e-01 1.247544956207275391e+01
1.810000000000000000e+02 2.512161837351222227e-01 2.688401110196967370e-01 1.248468303680419922e+01
1.820000000000000000e+02 2.649108962972300252e-01 2.549763086821978941e-01 1.247787189483642578e+01
1.830000000000000000e+02 2.515043256476285904e-01 2.689507202417749099e-01 1.248404216766357422e+01
1.840000000000000000e+02 2.652730789032278769e-01 2.559228494390164976e-01 1.247991561889648438e+01
1.850000000000000000e+02 2.518936105402189152e-01 2.691087242457113060e-01 1.248701000213623047e+01
1.860000000000000000e+02 2.651541822759165279e-01 2.562183026893272708e-01 1.247991180419921875e+01
1.870000000000000000e+02 2.511416494001004196e-01 2.696047555512498528e-01 1.248899555206298828e+01
1.880000000000000000e+02 2.654911679924639167e-01 2.560710023768066890e-01 1.248013591766357422e+01
1.890000000000000000e+02 2.517316972484148763e-01 2.689281581760631368e-01 1.248699951171875000e+01
1.900000000000000000e+02 2.655230508468033879e-01 2.558497149030175555e-01 1.248262405395507812e+01
1.910000000000000000e+02 2.528265961185073296e-01 2.694589948969245419e-01 1.248864841461181641e+01
1.920000000000000000e+02 2.662261486694939006e-01 2.557006273154249776e-01 1.248546600341796875e+01
1.930000000000000000e+02 2.532597288741867403e-01 2.700778343843978635e-01 1.248815441131591797e+01
1.940000000000000000e+02 2.665616674636597794e-01 2.558957069535299778e-01 1.248509693145751953e+01
1.950000000000000000e+02 2.531256495096564363e-01 2.685068407327790285e-01 1.248791408538818359e+01
1.960000000000000000e+02 2.668651502451379054e-01 2.554820854759109472e-01 1.248713302612304688e+01
1.970000000000000000e+02 2.533619301101118215e-01 2.683078441424682214e-01 1.248666381835937500e+01
1.980000000000000000e+02 2.666841333957142846e-01 2.546808641397066419e-01 1.249187755584716797e+01
1.990000000000000000e+02 2.544486173721199340e-01 2.682179407985609276e-01 1.248681735992431641e+01
2.000000000000000000e+02 2.671023989057416670e-01 2.545305657578587621e-01 1.249756240844726562e+01
2.010000000000000000e+02 2.542472433969621970e-01 2.669174874783800666e-01 1.248463153839111328e+01
2.020000000000000000e+02 2.672572303656350901e-01 2.550436964982398802e-01 1.249733352661132812e+01
2.030000000000000000e+02 2.546789176025091028e-01 2.670002982077689380e-01 1.248365020751953125e+01
2.040000000000000000e+02 2.678731417234257450e-01 2.541808464728272376e-01 1.249802398681640625e+01
2.050000000000000000e+02 2.545829507434175798e-01 2.674476063570840889e-01 1.248381042480468750e+01
2.060000000000000000e+02 2.676670305790929683e-01 2.549528880529143837e-01 1.249853038787841797e+01
2.070000000000000000e+02 2.545727568091457060e-01 2.672621871756347689e-01 1.248383903503417969e+01
2.080000000000000000e+02 2.679469144013325588e-01 2.555411244532153625e-01 1.249954414367675781e+01
2.090000000000000000e+02 2.546470619280939429e-01 2.676668763489805092e-01 1.248580169677734375e+01
2.100000000000000000e+02 2.678104587852628837e-01 2.548233134090913121e-01 1.249752807617187500e+01
2.110000000000000000e+02 2.543964514021340162e-01 2.692997243823887499e-01 1.248536872863769531e+01
2.120000000000000000e+02 2.670810846187043341e-01 2.554957353538521714e-01 1.249682235717773438e+01
2.130000000000000000e+02 2.545349359986318616e-01 2.679209615349510409e-01 1.248965930938720703e+01
2.140000000000000000e+02 2.674162196271350211e-01 2.552367104326834779e-01 1.249408626556396484e+01
2.150000000000000000e+02 2.536502521651234354e-01 2.682940832588929236e-01 1.248981380462646484e+01
2.160000000000000000e+02 2.669535304129967979e-01 2.548998020579386070e-01 1.249324226379394531e+01
2.170000000000000000e+02 2.546102970862763604e-01 2.678695082949764106e-01 1.249072456359863281e+01
2.180000000000000000e+02 2.674513174962042106e-01 2.550269325857642544e-01 1.249617195129394531e+01
2.190000000000000000e+02 2.547220828420618255e-01 2.684111794443141963e-01 1.248895549774169922e+01
2.200000000000000000e+02 2.675663502959271800e-01 2.550721397132190149e-01 1.249830436706542969e+01
2.210000000000000000e+02 2.542297311256456194e-01 2.688067250423527010e-01 1.248739433288574219e+01
2.220000000000000000e+02 2.671519015209847803e-01 2.549047805007828571e-01 1.249740409851074219e+01
2.230000000000000000e+02 2.542769838412143324e-01 2.689165123081235231e-01 1.249149608612060547e+01
2.240000000000000000e+02 2.679562094193920219e-01 2.566243764225396573e-01 1.249599361419677734e+01
2.250000000000000000e+02 2.546291987829397141e-01 2.684248511009249549e-01 1.249280357360839844e+01
2.260000000000000000e+02 2.674373895761642528e-01 2.554239586834938236e-01 1.249248123168945312e+01
2.270000000000000000e+02 2.543404642509338731e-01 2.687219236461503291e-01 1.249183368682861328e+01
2.280000000000000000e+02 2.677091758087736251e-01 2.569248425474889297e-01 1.249286174774169922e+01
2.290000000000000000e+02 2.543421606816314018e-01 2.688932377581108035e-01 1.249349689483642578e+01
2.300000000000000000e+02 2.679565303493942063e-01 2.562879309018237795e-01 1.249295330047607422e+01
2.310000000000000000e+02 2.549999340930300673e-01 2.694446470660033510e-01 1.249155998229980469e+01
2.320000000000000000e+02 2.684381065723223658e-01 2.557243735342200064e-01 1.249583053588867188e+01
2.330000000000000000e+02 2.550410258976127942e-01 2.693373220703295101e-01 1.249126625061035156e+01
2.340000000000000000e+02 2.684214364021719756e-01 2.561530995466237415e-01 1.249605560302734375e+01
2.350000000000000000e+02 2.552799119476905076e-01 2.688849539575566827e-01 1.248992252349853516e+01
2.360000000000000000e+02 2.693536738529060948e-01 2.557534701330299032e-01 1.249788570404052734e+01
2.370000000000000000e+02 2.560680227427266642e-01 2.693275991134416736e-01 1.248837089538574219e+01
2.380000000000000000e+02 2.688589921314238906e-01 2.553158858344946602e-01 1.249751949310302734e+01
2.390000000000000000e+02 2.556472014309004726e-01 2.697219006671437436e-01 1.249077606201171875e+01
2.400000000000000000e+02 2.679632496056738034e-01 2.545809340432488854e-01 1.249826622009277344e+01
2.410000000000000000e+02 2.545385491766842256e-01 2.691971550396352053e-01 1.249131202697753906e+01
2.420000000000000000e+02 2.676158333798945299e-01 2.555200464382444969e-01 1.249816131591796875e+01
2.430000000000000000e+02 2.546754080618032767e-01 2.678930223198965344e-01 1.249162197113037109e+01
2.440000000000000000e+02 2.675594315921768773e-01 2.553846672151942054e-01 1.249608421325683594e+01
2.450000000000000000e+02 2.546892909827350726e-01 2.685004733354106610e-01 1.248900699615478516e+01
2.460000000000000000e+02 2.679068607770223043e-01 2.550284607288236804e-01 1.249453449249267578e+01
2.470000000000000000e+02 2.537610829497687348e-01 2.679093417069726701e-01 1.248978614807128906e+01
2.480000000000000000e+02 2.668999651725494360e-01 2.558441817717934108e-01 1.249302577972412109e+01
2.490000000000000000e+02 2.535108681039099365e-01 2.693848448465211431e-01 1.248946475982666016e+01
2.500000000000000000e+02 2.664034219022020644e-01 2.566576004955462009e-01 1.249233818054199219e+01
2.510000000000000000e+02 2.535158754206361942e-01 2.691812395256449331e-01 1.249479198455810547e+01
2.520000000000000000e+02 2.678137916362736126e-01 2.563763659147275664e-01 1.249200820922851562e+01
2.530000000000000000e+02 2.539961336746340836e-01 2.695293629321123818e-01 1.249364566802978516e+01
2.540000000000000000e+02 2.665638662958136895e-01 2.566793727044568429e-01 1.249127960205078125e+01
2.550000000000000000e+02 2.527361107307317667e-01 2.696695496902014044e-01 1.249268150329589844e+01
2.560000000000000000e+02 2.666830154530555053e-01 2.562900070933124552e-01 1.248894500732421875e+01
2.570000000000000000e+02 2.533179762850154004e-01 2.692784837898076211e-01 1.249542617797851562e+01
2.580000000000000000e+02 2.665999768135430825e-01 2.563118354628145523e-01 1.248950481414794922e+01
2.590000000000000000e+02 2.532829523605380495e-01 2.692049139052839490e-01 1.249570178985595703e+01
2.600000000000000000e+02 2.656287147301029106e-01 2.562599550318025443e-01 1.249083995819091797e+01
2.610000000000000000e+02 2.533676535485512304e-01 2.695166456815972222e-01 1.249578380584716797e+01
2.620000000000000000e+02 2.654054778946293713e-01 2.560467204754976467e-01 1.249239635467529297e+01
2.630000000000000000e+02 2.518503684312385360e-01 2.703889776737717354e-01 1.249654483795166016e+01
2.640000000000000000e+02 2.656983921021897621e-01 2.563809344852284178e-01 1.248936939239501953e+01
2.650000000000000000e+02 2.525869027050560156e-01 2.689435206676257240e-01 1.249312019348144531e+01
2.660000000000000000e+02 2.665573017775261233e-01 2.555982738658960085e-01 1.249063968658447266e+01
2.670000000000000000e+02 2.531687536663413951e-01 2.687597147601301639e-01 1.249201774597167969e+01
2.680000000000000000e+02 2.668899273694052554e-01 2.553403180033190778e-01 1.249075222015380859e+01
2.690000000000000000e+02 2.537443412795808984e-01 2.687002489249405435e-01 1.249228763580322266e+01
2.700000000000000000e+02 2.663141457715619276e-01 2.552711183727439659e-01 1.249247074127197266e+01
2.710000000000000000e+02 2.530446118794237309e-01 2.693908610736284182e-01 1.249394989013671875e+01
2.720000000000000000e+02 2.661626450276168843e-01 2.560487323247991331e-01 1.249087715148925781e+01
2.730000000000000000e+02 2.532487477606242265e-01 2.699758629202047566e-01 1.249643421173095703e+01
2.740000000000000000e+02 2.661305706903331902e-01 2.566949998793561227e-01 1.249082374572753906e+01
2.750000000000000000e+02 2.528809941809061490e-01 2.701875606338073332e-01 1.249691200256347656e+01
2.760000000000000000e+02 2.663774238068049582e-01 2.563706476465570372e-01 1.248791027069091797e+01
2.770000000000000000e+02 2.529051840192403922e-01 2.701110754081949006e-01 1.249606609344482422e+01
2.780000000000000000e+02 2.675185550724379357e-01 2.577313229751794221e-01 1.249151992797851562e+01
2.790000000000000000e+02 2.533833047038300257e-01 2.705130933503572255e-01 1.250044536590576172e+01
2.800000000000000000e+02 2.672302091611775676e-01 2.576297870974937343e-01 1.249356842041015625e+01
2.810000000000000000e+02 2.532127401712466752e-01 2.713691817287409713e-01 1.250357627868652344e+01
2.820000000000000000e+02 2.666821755511770142e-01 2.576770009640893533e-01 1.249298477172851562e+01
2.830000000000000000e+02 2.536258076232338898e-01 2.707137394243396278e-01 1.250265598297119141e+01
2.840000000000000000e+02 2.674027968593947757e-01 2.566951496625038964e-01 1.249363613128662109e+01
2.850000000000000000e+02 2.541137857917425413e-01 2.709635586393226436e-01 1.249928188323974609e+01
2.860000000000000000e+02 2.672168075214255145e-01 2.575554277864213759e-01 1.249190044403076172e+01
2.870000000000000000e+02 2.547411663951720251e-01 2.711352618233673351e-01 1.250254631042480469e+01
2.880000000000000000e+02 2.676065782112826419e-01 2.571960692596682585e-01 1.249587154388427734e+01
2.890000000000000000e+02 2.546016293214791726e-01 2.712202154176320823e-01 1.250179386138916016e+01
2.900000000000000000e+02 2.676876493012260716e-01 2.571595055999121859e-01 1.249686622619628906e+01
2.910000000000000000e+02 2.547376732514795572e-01 2.705453608491095729e-01 1.250109386444091797e+01
2.920000000000000000e+02 2.674489036117889129e-01 2.578670771829581487e-01 1.249856376647949219e+01
2.930000000000000000e+02 2.537558737748046855e-01 2.713529676185780226e-01 1.250471210479736328e+01
2.940000000000000000e+02 2.669391229132982990e-01 2.577621532061526444e-01 1.249787139892578125e+01
2.950000000000000000e+02 2.533864153450061107e-01 2.720701864985441421e-01 1.250707149505615234e+01
2.960000000000000000e+02 2.670560755793862096e-01 2.590361198600619197e-01 1.249611854553222656e+01
2.970000000000000000e+02 2.540293847785769499e-01 2.723461572585731960e-01 1.250828552246093750e+01
2.980000000000000000e+02 2.670090155072115112e-01 2.596221363588255837e-01 1.249654006958007812e+01
2.990000000000000000e+02 2.535210435082118074e-01 2.722412631303309793e-01 1.251099967956542969e+01
3.000000000000000000e+02 2.663489536229260435e-01 2.586082451137720617e-01 1.249575805664062500e+01
3.010000000000000000e+02 2.536183241449316839e-01 2.713752312546026113e-01 1.250924873352050781e+01
3.020000000000000000e+02 2.665157500504554688e-01 2.591571693749997185e-01 1.249599456787109375e+01
3.030000000000000000e+02 2.534259329553332774e-01 2.721911749503858613e-01 1.250786590576171875e+01
3.040000000000000000e+02 2.667527742202320251e-01 2.585134577605118222e-01 1.249687480926513672e+01
3.050000000000000000e+02 2.540515940145200990e-01 2.722069861630265764e-01 1.250975418090820312e+01
3.060000000000000000e+02 2.676211445665203081e-01 2.588601797853056774e-01 1.250016498565673828e+01
3.070000000000000000e+02 2.547147935030743549e-01 2.717342146703036754e-01 1.251090621948242188e+01
3.080000000000000000e+02 2.676966102809930637e-01 2.582004859020123333e-01 1.249993228912353516e+01
3.090000000000000000e+02 2.535835809447201661e-01 2.721382831515075651e-01 1.250859737396240234e+01
3.100000000000000000e+02 2.678269837355631289e-01 2.588508746604721300e-01 1.249901008605957031e+01
3.110000000000000000e+02 2.539990035270531243e-01 2.728227064387529488e-01 1.251020812988281250e+01
3.120000000000000000e+02 2.671812056492328113e-01 2.595613979789768710e-01 1.249893379211425781e+01
3.130000000000000000e+02 2.537496841349715648e-01 2.725383556760955228e-01 1.251254749298095703e+01
3.140000000000000000e+02 2.681133021840317876e-01 2.589714861648833577e-01 1.249892520904541016e+01
3.150000000000000000e+02 2.544656774609006522e-01 2.729399818729609795e-01 1.251122951507568359e+01
3.160000000000000000e+02 2.678689695230421219e-01 2.588454082098314291e-01 1.250080013275146484e+01
3.170000000000000000e+02 2.554478124300742503e-01 2.732074367867315945e-01 1.251041030883789062e+01
3.180000000000000000e+02 2.691522814639905614e-01 2.598448101286517931e-01 1.250354480743408203e+01
3.190000000000000000e+02 2.555880699318772153e-01 2.728872199043757552e-01 1.251241111755371094e+01
3.200000000000000000e+02 2.682205172829130180e-01 2.595496035918319344e-01 1.250413799285888672e+01
3.210000000000000000e+02 2.557138699840692531e-01 2.734188403831941949e-01 1.251177406311035156e+01
3.220000000000000000e+02 2.690221303718269841e-01 2.591747309730398907e-01 1.250328063964843750e+01
3.230000000000000000e+02 2.553147831063681261e-01 2.729083385402634732e-01 1.251179599761962891e+01
3.240000000000000000e+02 2.681865469448359574e-01 2.589146610488391453e-01 1.250539588928222656e+01
3.250000000000000000e+02 2.552265727306363696e-01 2.724850337198796435e-01 1.251443767547607422e+01
3.260000000000000000e+02 2.679004216358446544e-01 2.583899753478555716e-01 1.250609779357910156e+01
3.270000000000000000e+02 2.541961272116654014e-01 2.718015657048469258e-01 1.251335811614990234e+01
3.280000000000000000e+02 2.672512078215050768e-01 2.575275665950794712e-01 1.250575733184814453e+01
3.290000000000000000e+02 2.540589966658824972e-01 2.713912670445300934e-01 1.251300716400146484e+01
3.300000000000000000e+02 2.677294376305921486e-01 2.589103734262868661e-01 1.250488185882568359e+01
3.310000000000000000e+02 2.552275489398909136e-01 2.720703140798489961e-01 1.251245212554931641e+01
3.320000000000000000e+02 2.677594246544298118e-01 2.582340605758473018e-01 1.250577640533447266e+01
3.330000000000000000e+02 2.547626397870494386e-01 2.721883430154171113e-01 1.251168632507324219e+01
3.340000000000000000e+02 2.682168303463258185e-01 2.592926726530089265e-01 1.250584030151367188e+01
3.350000000000000000e+02 2.557405273716614191e-01 2.717742983212566577e-01 1.251257419586181641e+01
3.360000000000000000e+02 2.678836024353299372e-01 2.578736002204267130e-01 1.250374031066894531e+01
3.370000000000000000e+02 2.552283164841462892e-01 2.715670222295515912e-01 1.250856971740722656e+01
3.380000000000000000e+02 2.682120859502397647e-01 2.579713121736859627e-01 1.250271224975585938e+01
3.390000000000000000e+02 2.546268605235799676e-01 2.706535739587813683e-01 1.250570583343505859e+01
3.400000000000000000e+02 2.688345251720558049e-01 2.575935302909581615e-01 1.250311756134033203e+01
3.410000000000000000e+02 2.549383750124290526e-01 2.708344552084655521e-01 1.250386810302734375e+01
3.420000000000000000e+02 2.684499798926658909e-01 2.581532383488625015e-01 1.250236034393310547e+01
3.430000000000000000e+02 2.555116003873246777e-01 2.715115773567314816e-01 1.250303173065185547e+01
3.440000000000000000e+02 2.685541858932661285e-01 2.584849197991334058e-01 1.250144386291503906e+01
3.450000000000000000e+02 2.554071516631874483e-01 2.723297651826728782e-01 1.250402641296386719e+01
3.460000000000000000e+02 2.679415739939739471e-01 2.586143259197432043e-01 1.250149250030517578e+01
3.470000000000000000e+02 2.549897527235294170e-01 2.712513496441817384e-01 1.250519752502441406e+01
3.480000000000000000e+02 2.686656598883195857e-01 2.580227811652121006e-01 1.250150871276855469e+01
3.490000000000000000e+02 2.552363708179624657e-01 2.716049578196365610e-01 1.250293159484863281e+01
3.500000000000000000e+02 2.688685766256770915e-01 2.587056862476103669e-01 1.249989414215087891e+01
3.510000000000000000e+02 2.548698793738690682e-01 2.722428346174767255e-01 1.250164985656738281e+01
3.520000000000000000e+02 2.684976018760388827e-01 2.576824361307511468e-01 1.250016403198242188e+01
3.530000000000000000e+02 2.552345518878386121e-01 2.717500778483090684e-01 1.250234985351562500e+01
3.540000000000000000e+02 2.687515127048443753e-01 2.584739003843781191e-01 1.250064754486083984e+01
3.550000000000000000e+02 2.555264194773843589e-01 2.727204000405819007e-01 1.250386810302734375e+01
3.560000000000000000e+02 2.682391373915212207e-01 2.594500666473540940e-01 1.249841213226318359e+01
3.570000000000000000e+02 2.550789053805021522e-01 2.721182857357321017e-01 1.250654602050781250e+01
3.580000000000000000e+02 2.678948509492032337e-01 2.585086804777195213e-01 1.250047683715820312e+01
3.590000000000000000e+02 2.544217235636742069e-01 2.718045851095474141e-01 1.250824832916259766e+01
3.600000000000000000e+02 2.681048671443025389e-01 2.591261647199067930e-01 1.249835968017578125e+01
3.610000000000000000e+02 2.544749190276907602e-01 2.717864059872461824e-01 1.250787830352783203e+01
3.620000000000000000e+02 2.677291902690763226e-01 2.590072276385037564e-01 1.249936771392822266e+01
3.630000000000000000e+02 2.545803942901859740e-01 2.723973751356150164e-01 1.250648403167724609e+01
3.640000000000000000e+02 2.683619318555552913e-01 2.583521095580776361e-01 1.249821281433105469e+01
3.650000000000000000e+02 2.544203668863083689e-01 2.713534109232145219e-01 1.250345230102539062e+01
3.660000000000000000e+02 2.675796778962252764e-01 2.571234118085497511e-01 1.249726200103759766e+01
3.670000000000000000e+02 2.552641881372319510e-01 2.702090239433390662e-01 1.249995040893554688e+01
3.680000000000000000e+02 2.675211364216740217e-01 2.564907069134348405e-01 1.249894618988037109e+01
3.690000000000000000e+02 2.543993728583126002e-01 2.701575804226174493e-01 1.249639034271240234e+01
3.700000000000000000e+02 2.682704169697376906e-01 2.564717653198557157e-01 1.249967098236083984e+01
3.710000000000000000e+02 2.550070197565544872e-01 2.694488587987544093e-01 1.249588108062744141e+01
3.720000000000000000e+02 2.694482715831427733e-01 2.564005119934116284e-01 1.250134754180908203e+01
3.730000000000000000e+02 2.546590465318676610e-01 2.700124785489712020e-01 1.249727821350097656e+01
3.740000000000000000e+02 2.678803477513733156e-01 2.568715422700323381e-01 1.250025272369384766e+01
3.750000000000000000e+02 2.555289213329220432e-01 2.699194936760060948e-01 1.249867630004882812e+01
3.760000000000000000e+02 2.685557782500525570e-01 2.572753027007806392e-01 1.250119018554687500e+01
3.770000000000000000e+02 2.554714137395149853e-01 2.711614058665570703e-01 1.249885559082031250e+01
3.780000000000000000e+02 2.689015047817944759e-01 2.579398099981023429e-01 1.250006103515625000e+01
3.790000000000000000e+02 2.569267150662659094e-01 2.700835899988962563e-01 1.250006961822509766e+01
3.800000000000000000e+02 2.694152466201217844e-01 2.569863670120604571e-01 1.250026988983154297e+01
3.810000000000000000e+02 2.559278885952729343e-01 2.691582993509637478e-01 1.249769210815429688e+01
3.820000000000000000e+02 2.697259482821433574e-01 2.561329742484492189e-01 1.250422954559326172e+01
3.830000000000000000e+02 2.561121259529581806e-01 2.687257382356924573e-01 1.249650955200195312e+01
3.840000000000000000e+02 2.693097731881728962e-01 2.564530553739156060e-01 1.250480842590332031e+01
3.850000000000000000e+02 2.557093246496721095e-01 2.693708194802924560e-01 1.249805355072021484e+01
3.860000000000000000e+02 2.694623677657308480e-01 2.564548396294343280e-01 1.250225830078125000e+01
3.870000000000000000e+02 2.556033218380072136e-01 2.691007262791198507e-01 1.249566364288330078e+01
3.880000000000000000e+02 2.690011871436145396e-01 2.553590147586227155e-01 1.250477600097656250e+01
3.890000000000000000e+02 2.558838306653958838e-01 2.688243250439603660e-01 1.249674224853515625e+01
3.900000000000000000e+02 2.692708854068898705e-01 2.557876174006971093e-01 1.250607109069824219e+01
3.910000000000000000e+02 2.562356652915476207e-01 2.691691481100541017e-01 1.249503326416015625e+01
3.920000000000000000e+02 2.701020783904688471e-01 2.555107537292056752e-01 1.250622367858886719e+01
3.930000000000000000e+02 2.561393304009211835e-01 2.701846349143800508e-01 1.249508190155029297e+01
3.940000000000000000e+02 2.696952915012236218e-01 2.556576433711439944e-01 1.250687217712402344e+01
3.950000000000000000e+02 2.560447471228100569e-01 2.692346424795619142e-01 1.249531364440917969e+01
3.960000000000000000e+02 2.685331320931196863e-01 2.564263813455662788e-01 1.250435161590576172e+01
3.970000000000000000e+02 2.558405180135406853e-01 2.697876147817055426e-01 1.250001621246337891e+01
3.980000000000000000e+02 2.690007811489719125e-01 2.565274293466143218e-01 1.250389385223388672e+01
