0.000000000000000000e+00 4.101834368362666239e-01 2.807342159787790115e-01 1.121398448944091797e+00
1.000000000000000000e+00 4.071173745443634195e-01 4.070011188597653096e-01 1.122833490371704102e+00
2.000000000000000000e+00 5.819346312256287179e-01 3.963567109094112140e-01 1.222810029983520508e+00
3.000000000000000000e+00 5.523842439108073155e-01 5.538595312970835405e-01 1.222500443458557129e+00
4.000000000000000000e+00 6.807081399366486929e-01 5.323819723310636576e-01 1.301319956779479980e+00
5.000000000000000000e+00 6.524529619661696422e-01 6.609435132006080682e-01 1.299098491668701172e+00
6.000000000000000000e+00 7.458431452100510173e-01 6.425412886572478000e-01 1.359382987022399902e+00
7.000000000000000000e+00 7.286664844770971428e-01 7.339964494280049045e-01 1.358484029769897461e+00
8.000000000000000000e+00 8.021152678269488634e-01 7.128456802608538201e-01 1.404738545417785645e+00
9.000000000000000000e+00 7.838527677305325847e-01 7.887078376644464095e-01 1.403192043304443359e+00
1.000000000000000000e+01 8.382704752941348980e-01 7.720882800753481323e-01 1.440330982208251953e+00
1.100000000000000000e+01 8.279237110357252627e-01 8.342815455864938112e-01 1.438977479934692383e+00
1.200000000000000000e+01 8.699454221473369442e-01 8.156423362041140823e-01 1.468960523605346680e+00
1.300000000000000000e+01 8.506286124242745661e-01 8.636168171962487206e-01 1.467466950416564941e+00
1.400000000000000000e+01 8.965119824339139454e-01 8.466597734233363148e-01 1.492484450340270996e+00
1.500000000000000000e+01 8.790188776264376003e-01 8.860542688518400212e-01 1.490785002708435059e+00
1.600000000000000000e+01 9.171829591092076628e-01 8.728495372877873582e-01 1.512076020240783691e+00
1.700000000000000000e+01 8.980721552377060046e-01 9.059683820488011463e-01 1.510204553604125977e+00
1.800000000000000000e+01 9.271989271038332259e-01 8.936159785831558899e-01 1.528253555297851562e+00
1.900000000000000000e+01 9.148231394313562914e-01 9.218559418261134120e-01 1.526720046997070312e+00
2.000000000000000000e+01 9.341244924673177685e-01 9.096383227913831249e-01 1.542168974876403809e+00
2.100000000000000000e+01 9.277741640530784428e-01 9.311706261841462551e-01 1.540709018707275391e+00
2.200000000000000000e+01 9.494263707871946067e-01 9.213265513027355524e-01 1.554250478744506836e+00
2.300000000000000000e+01 9.339375147601876037e-01 9.396920868407578897e-01 1.552279472351074219e+00
2.400000000000000000e+01 9.541645197056388694e-01 9.301910253144634044e-01 1.564088463783264160e+00
2.500000000000000000e+01 9.439068764453706351e-01 9.462683341581151764e-01 1.562414526939392090e+00
2.600000000000000000e+01 9.571208771017707395e-01 9.359923020909346469e-01 1.572937011718750000e+00
2.700000000000000000e+01 9.514652615311457451e-01 9.499695671443783018e-01 1.570776462554931641e+00
2.800000000000000000e+01 9.623249990783495633e-01 9.436634952686431266e-01 1.580162525177001953e+00
2.900000000000000000e+01 9.565639091313615783e-01 9.554567902690674908e-01 1.578874945640563965e+00
3.000000000000000000e+01 9.692608267532843991e-01 9.461896444366533210e-01 1.587296009063720703e+00
3.100000000000000000e+01 9.587533184417360577e-01 9.540033802717141631e-01 1.585137486457824707e+00
3.200000000000000000e+01 9.688923422275534936e-01 9.461870866569713767e-01 1.593447446823120117e+00
3.300000000000000000e+01 9.582206327896637399e-01 9.589157325078019323e-01 1.591005444526672363e+00
3.400000000000000000e+01 9.696814479231272710e-01 9.534340532161376114e-01 1.598703503608703613e+00
3.500000000000000000e+01 9.607354792482926120e-01 9.636088781166022299e-01 1.596137046813964844e+00
3.600000000000000000e+01 9.705273369275876361e-01 9.540686810683882690e-01 1.603047490119934082e+00
3.700000000000000000e+01 9.607617475854559608e-01 9.632819742702886101e-01 1.600921511650085449e+00
3.800000000000000000e+01 9.696837045946726796e-01 9.563014849969284636e-01 1.607132554054260254e+00
3.900000000000000000e+01 9.641194829805315170e-01 9.624941231721382273e-01 1.604461550712585449e+00
4.000000000000000000e+01 9.725516364910128386e-01 9.557451363332553074e-01 1.609689950942993164e+00
4.100000000000000000e+01 9.628159575505313983e-01 9.658314989889033031e-01 1.607479453086853027e+00
4.200000000000000000e+01 9.718204136008649074e-01 9.561442325131545017e-01 1.612784504890441895e+00
4.300000000000000000e+01 9.654383425713382039e-01 9.655090126730987432e-01 1.610918998718261719e+00
4.400000000000000000e+01 9.726301926231368800e-01 9.575807364782484843e-01 1.615031957626342773e+00
4.500000000000000000e+01 9.654014346984076678e-01 9.657133428900130934e-01 1.613913536071777344e+00
4.600000000000000000e+01 9.722899093565403605e-01 9.587963052625865235e-01 1.617206454277038574e+00
4.700000000000000000e+01 9.643168938350640262e-01 9.650338398997455602e-01 1.615683436393737793e+00
4.800000000000000000e+01 9.746446424673019804e-01 9.594973562423370073e-01 1.619615554809570312e+00
4.900000000000000000e+01 9.654421297554408588e-01 9.665562087209342845e-01 1.617603540420532227e+00
5.000000000000000000e+01 9.716826532646358761e-01 9.591306270637023346e-01 1.620491981506347656e+00
5.100000000000000000e+01 9.668337787017968754e-01 9.660270776431287842e-01 1.618863940238952637e+00
5.200000000000000000e+01 9.734138812776130800e-01 9.591356417515956023e-01 1.622022509574890137e+00
5.300000000000000000e+01 9.659705657215709174e-01 9.674604809517006743e-01 1.619252443313598633e+00
5.400000000000000000e+01 9.727729072431406943e-01 9.587892439444030135e-01 1.623304486274719238e+00
5.500000000000000000e+01 9.633891062438114661e-01 9.662850627022653294e-01 1.620636463165283203e+00
5.600000000000000000e+01 9.723562800012676144e-01 9.590570928346078272e-01 1.624367952346801758e+00
5.700000000000000000e+01 9.673628117021844108e-01 9.693827190474524347e-01 1.621757507324218750e+00
5.800000000000000000e+01 9.707898806303837391e-01 9.601999043919059451e-01 1.625083446502685547e+00
5.900000000000000000e+01 9.684089857993618544e-01 9.683635972520621138e-01 1.622977972030639648e+00
6.000000000000000000e+01 9.725125043640849842e-01 9.603627113582988706e-01 1.625846505165100098e+00
6.100000000000000000e+01 9.683559363521146990e-01 9.688712498587814803e-01 1.624487042427062988e+00
6.200000000000000000e+01 9.729053623096040049e-01 9.617439106292503537e-01 1.626526951789855957e+00
6.300000000000000000e+01 9.667645410096157299e-01 9.684624279372137101e-01 1.624866008758544922e+00
6.400000000000000000e+01 9.732790496292668125e-01 9.616968310228448669e-01 1.626472949981689453e+00
6.500000000000000000e+01 9.668692738131301478e-01 9.694606707613989682e-01 1.625158548355102539e+00
6.600000000000000000e+01 9.712441129680265961e-01 9.594639164033691436e-01 1.627192020416259766e+00
6.700000000000000000e+01 9.663266762211304428e-01 9.669164985720597461e-01 1.625815987586975098e+00
6.800000000000000000e+01 9.735382768844296208e-01 9.612798101068250611e-01 1.627685546875000000e+00
6.900000000000000000e+01 9.663705159672580924e-01 9.674689009313498511e-01 1.625753045082092285e+00
7.000000000000000000e+01 9.704179100453644846e-01 9.617270638532955385e-01 1.627660989761352539e+00
7.100000000000000000e+01 9.636587723934502137e-01 9.688500414580556441e-01 1.626359939575195312e+00
7.200000000000000000e+01 9.712036787242297464e-01 9.615226042810538498e-01 1.627596974372863770e+00
7.300000000000000000e+01 9.656432169991249204e-01 9.685711695817367239e-01 1.626492977142333984e+00
7.400000000000000000e+01 9.704474130548009780e-01 9.608567065831726817e-01 1.628051519393920898e+00
7.500000000000000000e+01 9.633977071845283291e-01 9.690750156902476764e-01 1.627760529518127441e+00
7.600000000000000000e+01 9.733763743430250415e-01 9.630124493348024561e-01 1.628193974494934082e+00
7.700000000000000000e+01 9.671477877555048064e-01 9.695190678395271267e-01 1.628721952438354492e+00
7.800000000000000000e+01 9.707335369938090430e-01 9.615112730037945754e-01 1.628358483314514160e+00
7.900000000000000000e+01 9.656286102294544538e-01 9.701163851541130256e-01 1.628883004188537598e+00
8.000000000000000000e+01 9.710577458804652284e-01 9.645675544883656194e-01 1.628687977790832520e+00
8.100000000000000000e+01 9.645710743268764986e-01 9.722136096357226753e-01 1.629212498664855957e+00
8.200000000000000000e+01 9.688829071691110739e-01 9.628818394916076606e-01 1.628425955772399902e+00
8.300000000000000000e+01 9.641688862416356587e-01 9.717002076626042317e-01 1.629597544670104980e+00
8.400000000000000000e+01 9.711247682496823019e-01 9.638175496223172489e-01 1.628570437431335449e+00
8.500000000000000000e+01 9.638604697960010403e-01 9.689515262494470260e-01 1.629615545272827148e+00
8.600000000000000000e+01 9.721300979930429520e-01 9.626395169116905848e-01 1.629083514213562012e+00
8.700000000000000000e+01 9.626398270791277634e-01 9.694337942535514729e-01 1.630110502243041992e+00
8.800000000000000000e+01 9.702802078941690223e-01 9.622747828303526152e-01 1.629266023635864258e+00
8.900000000000000000e+01 9.639292660358497189e-01 9.682702156973685970e-01 1.630130529403686523e+00
9.000000000000000000e+01 9.711877735447835835e-01 9.628002136832394253e-01 1.629688024520874023e+00
9.100000000000000000e+01 9.661738399528102539e-01 9.700559910524461094e-01 1.630038022994995117e+00
9.200000000000000000e+01 9.718134674945967388e-01 9.614844692397014336e-01 1.629343032836914062e+00
9.300000000000000000e+01 9.648568436418671901e-01 9.690077358356077308e-01 1.630460023880004883e+00
9.400000000000000000e+01 9.717972920432155215e-01 9.626551914359458006e-01 1.629659533500671387e+00
9.500000000000000000e+01 9.642670407905834518e-01 9.685974893293858301e-01 1.630334496498107910e+00
9.600000000000000000e+01 9.707788068752419841e-01 9.604845351122852648e-01 1.630298018455505371e+00
9.700000000000000000e+01 9.669050799762650694e-01 9.708676289504657442e-01 1.630107045173645020e+00
9.800000000000000000e+01 9.688314626466709711e-01 9.608567772689328157e-01 1.630002975463867188e+00
9.900000000000000000e+01 9.638610353131298325e-01 9.668692411791470764e-01 1.630041956901550293e+00
1.000000000000000000e+02 9.693203682569682123e-01 9.589484525795415326e-01 1.630338549613952637e+00
1.010000000000000000e+02 9.647521327671839675e-01 9.685658709598277127e-01 1.630434036254882812e+00
1.020000000000000000e+02 9.684134013048074641e-01 9.583254416300490686e-01 1.630832552909851074e+00
1.030000000000000000e+02 9.651799520822833545e-01 9.666662552694508248e-01 1.630744457244873047e+00
1.040000000000000000e+02 9.695558595950488634e-01 9.608231364200245928e-01 1.631200551986694336e+00
1.050000000000000000e+02 9.655845775473028691e-01 9.690199128131906647e-01 1.630376458168029785e+00
1.060000000000000000e+02 9.700352015737724320e-01 9.583690058777322163e-01 1.631013035774230957e+00
1.070000000000000000e+02 9.639790170516485679e-01 9.657301953190053911e-01 1.630323052406311035e+00
1.080000000000000000e+02 9.706118957250533530e-01 9.591347527241023130e-01 1.631193041801452637e+00
1.090000000000000000e+02 9.640808352783261093e-01 9.641083144896597235e-01 1.630421996116638184e+00
1.100000000000000000e+02 9.715841019454647398e-01 9.594283568982684418e-01 1.631009936332702637e+00
1.110000000000000000e+02 9.656629360270245765e-01 9.678409453167133858e-01 1.630490541458129883e+00
1.120000000000000000e+02 9.722250520861301926e-01 9.592298709985468408e-01 1.631026506423950195e+00
1.130000000000000000e+02 9.652150154455301223e-01 9.669036366575181063e-01 1.630305528640747070e+00
1.140000000000000000e+02 9.716209448852244357e-01 9.615758371336733390e-01 1.631119012832641602e+00
1.150000000000000000e+02 9.661798571299147209e-01 9.672676490328929733e-01 1.629809021949768066e+00
1.160000000000000000e+02 9.708206198854576474e-01 9.574589328794531617e-01 1.630993962287902832e+00
1.170000000000000000e+02 9.652743788534160485e-01 9.656435284443960487e-01 1.630474448204040527e+00
1.180000000000000000e+02 9.709564119844941166e-01 9.598832778813058964e-01 1.630975484848022461e+00
1.190000000000000000e+02 9.658624662815502582e-01 9.672951838255225976e-01 1.630275011062622070e+00
1.200000000000000000e+02 9.719338693933834428e-01 9.615235547759166668e-01 1.630301475524902344e+00
1.210000000000000000e+02 9.631174546891823063e-01 9.678881084390331679e-01 1.629955530166625977e+00
1.220000000000000000e+02 9.711853638624096119e-01 9.614579475332983849e-01 1.630341529846191406e+00
1.230000000000000000e+02 9.657247812761726724e-01 9.666531652846621636e-01 1.629952549934387207e+00
1.240000000000000000e+02 9.707329998666730519e-01 9.577316897582969224e-01 1.630095958709716797e+00
1.250000000000000000e+02 9.641368266878143078e-01 9.674239239239960098e-01 1.630040526390075684e+00
1.260000000000000000e+02 9.699596165065610398e-01 9.603487447663142662e-01 1.630116462707519531e+00
1.270000000000000000e+02 9.661200628898278797e-01 9.666953478983073555e-01 1.629640936851501465e+00
1.280000000000000000e+02 9.699968817911732710e-01 9.594255687854998937e-01 1.630655050277709961e+00
1.290000000000000000e+02 9.645954604893079987e-01 9.661974239070947323e-01 1.629883050918579102e+00
1.300000000000000000e+02 9.711787829552461782e-01 9.570551089292764768e-01 1.631149053573608398e+00
1.310000000000000000e+02 9.647925414612891215e-01 9.675305776156183368e-01 1.629760980606079102e+00
1.320000000000000000e+02 9.714249875805304191e-01 9.586411232272836758e-01 1.631008982658386230e+00
1.330000000000000000e+02 9.644838376471028818e-01 9.665624838792903351e-01 1.629326462745666504e+00
1.340000000000000000e+02 9.709988559895803562e-01 9.579395067152970400e-01 1.631075024604797363e+00
1.350000000000000000e+02 9.647732104809140230e-01 9.657474810552515443e-01 1.629364013671875000e+00
1.360000000000000000e+02 9.726652247293476883e-01 9.602235705559909462e-01 1.631414532661437988e+00
1.370000000000000000e+02 9.659132029904068384e-01 9.659922433278790299e-01 1.629215478897094727e+00
1.380000000000000000e+02 9.708697788157624187e-01 9.563655401354268504e-01 1.630855441093444824e+00
1.390000000000000000e+02 9.649362941557128037e-01 9.655623297488072909e-01 1.629130005836486816e+00
1.400000000000000000e+02 9.730578137164398456e-01 9.565520492033374733e-01 1.630912542343139648e+00
1.410000000000000000e+02 9.649031219041345198e-01 9.655824241853282475e-01 1.629253029823303223e+00
1.420000000000000000e+02 9.735773442634689800e-01 9.588466470163632405e-01 1.630496501922607422e+00
1.430000000000000000e+02 9.675370799054171522e-01 9.662169811184441182e-01 1.628669023513793945e+00
1.440000000000000000e+02 9.722287009313936856e-01 9.585848741996548794e-01 1.631031513214111328e+00
1.450000000000000000e+02 9.655755200729390086e-01 9.646494930388979094e-01 1.629052042961120605e+00
1.460000000000000000e+02 9.728594150414163755e-01 9.591876704431376854e-01 1.630406022071838379e+00
1.470000000000000000e+02 9.643465891841339621e-01 9.653642688678576445e-01 1.629565954208374023e+00
1.480000000000000000e+02 9.708069674198714916e-01 9.605919184578199932e-01 1.630347490310668945e+00
1.490000000000000000e+02 9.670430999189518761e-01 9.692034009316649046e-01 1.628975033760070801e+00
1.500000000000000000e+02 9.719290933112337827e-01 9.610818967110033029e-01 1.630367040634155273e+00
1.510000000000000000e+02 9.665489598980275820e-01 9.692272071897137797e-01 1.628741025924682617e+00
1.520000000000000000e+02 9.728823605663021734e-01 9.592155924783341003e-01 1.630655050277709961e+00
1.530000000000000000e+02 9.662800243757716512e-01 9.680350279096313626e-01 1.628823041915893555e+00
1.540000000000000000e+02 9.719177863373604787e-01 9.583746627991911460e-01 1.630355477333068848e+00
1.550000000000000000e+02 9.646036251124842087e-01 9.678313076499461820e-01 1.629225015640258789e+00
1.560000000000000000e+02 9.715726694676638520e-01 9.599444538117094528e-01 1.630373001098632812e+00
1.570000000000000000e+02 9.649295878830609352e-01 9.677870406975400686e-01 1.629634499549865723e+00
1.580000000000000000e+02 9.712362823703516446e-01 9.617169525620334891e-01 1.630522489547729492e+00
1.590000000000000000e+02 9.667751200729873817e-01 9.684626652612434716e-01 1.629367470741271973e+00
1.600000000000000000e+02 9.720489624751702529e-01 9.590940915752531604e-01 1.630610942840576172e+00
1.610000000000000000e+02 9.675239205132256659e-01 9.658946579137526189e-01 1.629279017448425293e+00
1.620000000000000000e+02 9.735137863885027221e-01 9.586881240642192159e-01 1.630372047424316406e+00
1.630000000000000000e+02 9.645522681147787880e-01 9.662672801841968306e-01 1.629513978958129883e+00
1.640000000000000000e+02 9.733112083932138336e-01 9.583170530764194561e-01 1.630583524703979492e+00
1.650000000000000000e+02 9.667612609087991027e-01 9.652095691326085802e-01 1.629096984863281250e+00
1.660000000000000000e+02 9.723798323988859238e-01 9.577684878734388230e-01 1.630441546440124512e+00
1.670000000000000000e+02 9.654798955583637765e-01 9.667700837857888807e-01 1.629038453102111816e+00
1.680000000000000000e+02 9.721781048056630237e-01 9.585604224987364086e-01 1.630847454071044922e+00
1.690000000000000000e+02 9.655256357973988068e-01 9.663055872286535619e-01 1.629044532775878906e+00
1.700000000000000000e+02 9.716345140241826606e-01 9.585471189699128480e-01 1.630599021911621094e+00
1.710000000000000000e+02 9.657463931575828164e-01 9.677775334250139361e-01 1.629156947135925293e+00
1.720000000000000000e+02 9.704335262051312361e-01 9.598827411246888541e-01 1.631188035011291504e+00
1.730000000000000000e+02 9.671805891001783451e-01 9.653001856418944593e-01 1.629642963409423828e+00
1.740000000000000000e+02 9.717970383953898894e-01 9.595573159663207674e-01 1.631518483161926270e+00
1.750000000000000000e+02 9.643176392135709429e-01 9.655480758273826680e-01 1.629902482032775879e+00
1.760000000000000000e+02 9.699128853591814092e-01 9.585793661878222460e-01 1.631142497062683105e+00
1.770000000000000000e+02 9.646091439914086241e-01 9.674945374441042967e-01 1.629764437675476074e+00
1.780000000000000000e+02 9.715543896279180691e-01 9.587356552030614765e-01 1.630950450897216797e+00
1.790000000000000000e+02 9.647661950387925733e-01 9.648397547216458481e-01 1.629459500312805176e+00
1.800000000000000000e+02 9.734565814853072263e-01 9.556003366751119055e-01 1.630879044532775879e+00
1.810000000000000000e+02 9.655848158140732940e-01 9.656557716450762108e-01 1.629416465759277344e+00
1.820000000000000000e+02 9.744936053931586573e-01 9.574145309795003556e-01 1.631165981292724609e+00
1.830000000000000000e+02 9.670292072629980140e-01 9.647442147043219229e-01 1.629241943359375000e+00
1.840000000000000000e+02 9.732757682401145249e-01 9.589740331529313933e-01 1.630857944488525391e+00
1.850000000000000000e+02 9.665978141626847542e-01 9.649485480525183956e-01 1.629639029502868652e+00
1.860000000000000000e+02 9.736332259993388805e-01 9.579928413576651591e-01 1.630728483200073242e+00
1.870000000000000000e+02 9.660698066611147494e-01 9.660423930165944473e-01 1.629206538200378418e+00
1.880000000000000000e+02 9.723328999645580728e-01 9.586010100084894070e-01 1.631052970886230469e+00
1.890000000000000000e+02 9.656092471620550954e-01 9.656378250299311183e-01 1.629906535148620605e+00
1.900000000000000000e+02 9.733304021345654533e-01 9.577583847324658839e-01 1.631641507148742676e+00
1.910000000000000000e+02 9.659025655001899358e-01 9.652670260919156142e-01 1.630163550376892090e+00
1.920000000000000000e+02 9.724554719055275021e-01 9.579312028229064468e-01 1.631503462791442871e+00
1.930000000000000000e+02 9.664603774737184905e-01 9.659269677851289870e-01 1.630313992500305176e+00
1.940000000000000000e+02 9.710546117820278988e-01 9.592260725476675631e-01 1.631482958793640137e+00
1.950000000000000000e+02 9.669705280097892208e-01 9.642747559263378232e-01 1.630501031875610352e+00
1.960000000000000000e+02 9.719882455115226305e-01 9.585455550869518282e-01 1.631569027900695801e+00
1.970000000000000000e+02 9.660485857533728238e-01 9.669160028355452408e-01 1.630549550056457520e+00
1.980000000000000000e+02 9.701955198987365359e-01 9.593369767436905615e-01 1.631253957748413086e+00
1.990000000000000000e+02 9.644065436237062583e-01 9.652618765840987880e-01 1.630859971046447754e+00
2.000000000000000000e+02 9.707936238163504816e-01 9.590010011222344088e-01 1.630622982978820801e+00
2.010000000000000000e+02 9.667231973630378006e-01 9.681601659166602092e-01 1.630487442016601562e+00
2.020000000000000000e+02 9.697310334433814072e-01 9.602445731056195033e-01 1.630458950996398926e+00
2.030000000000000000e+02 9.661516824449380980e-01 9.679237979113625157e-01 1.630568027496337891e+00
2.040000000000000000e+02 9.719844573695052281e-01 9.603079793032438527e-01 1.630746960639953613e+00
2.050000000000000000e+02 9.645689005006043981e-01 9.675565671796962919e-01 1.630664944648742676e+00
2.060000000000000000e+02 9.715382847197792104e-01 9.590476794065733168e-01 1.630822539329528809e+00
2.070000000000000000e+02 9.647416453977706308e-01 9.656132589362124152e-01 1.629885554313659668e+00
2.080000000000000000e+02 9.693897427102814435e-01 9.574683844016929068e-01 1.631458520889282227e+00
2.090000000000000000e+02 9.651793755772161143e-01 9.642215443560835375e-01 1.629614949226379395e+00
2.100000000000000000e+02 9.714007542965067410e-01 9.576221155439674781e-01 1.631852030754089355e+00
2.110000000000000000e+02 9.647832530813457153e-01 9.652124051322997778e-01 1.630165457725524902e+00
2.120000000000000000e+02 9.699741210353434173e-01 9.580754467621219739e-01 1.631710529327392578e+00
2.130000000000000000e+02 9.654856619628066072e-01 9.665771997237065927e-01 1.630344510078430176e+00
2.140000000000000000e+02 9.708055766309509060e-01 9.562443963247736489e-01 1.631911516189575195e+00
2.150000000000000000e+02 9.631224168992936763e-01 9.657439705401776875e-01 1.630202531814575195e+00
2.160000000000000000e+02 9.709078400625869021e-01 9.572385909779373980e-01 1.631636023521423340e+00
2.170000000000000000e+02 9.628200554133842237e-01 9.662129406840463952e-01 1.630061030387878418e+00
2.180000000000000000e+02 9.689972261215564764e-01 9.592756353516100898e-01 1.631376504898071289e+00
2.190000000000000000e+02 9.627409960265992384e-01 9.664565131559589295e-01 1.629896044731140137e+00
2.200000000000000000e+02 9.681442300312919080e-01 9.586018433601414257e-01 1.631361484527587891e+00
2.210000000000000000e+02 9.635155026844036685e-01 9.688483700262373599e-01 1.629616975784301758e+00
2.220000000000000000e+02 9.686526482274551153e-01 9.574301803523121990e-01 1.631294488906860352e+00
2.230000000000000000e+02 9.617953590214507464e-01 9.663428596000184223e-01 1.629755496978759766e+00
2.240000000000000000e+02 9.687714671855046644e-01 9.608635825925808671e-01 1.631326436996459961e+00
2.250000000000000000e+02 9.631261506941106720e-01 9.683453613898296286e-01 1.629982948303222656e+00
2.260000000000000000e+02 9.693345247019662381e-01 9.617006467568423034e-01 1.631608009338378906e+00
2.270000000000000000e+02 9.629104406636591618e-01 9.696518033775589629e-01 1.629950046539306641e+00
2.280000000000000000e+02 9.687489929423468427e-01 9.585815417292746776e-01 1.631300449371337891e+00
2.290000000000000000e+02 9.620889709817883606e-01 9.683054462054950795e-01 1.629499554634094238e+00
2.300000000000000000e+02 9.693549461117932919e-01 9.593067877303753654e-01 1.631253004074096680e+00
2.310000000000000000e+02 9.629167870782300298e-01 9.657879611171436007e-01 1.629701495170593262e+00
2.320000000000000000e+02 9.694406980753361713e-01 9.597675661261725333e-01 1.630836963653564453e+00
2.330000000000000000e+02 9.633445287154732695e-01 9.680156098678724952e-01 1.629444479942321777e+00
2.340000000000000000e+02 9.715711134291223905e-01 9.588113342189549249e-01 1.630818486213684082e+00
2.350000000000000000e+02 9.644321667902684414e-01 9.657192509086253152e-01 1.628962039947509766e+00
2.360000000000000000e+02 9.726376569763487412e-01 9.581674286668803164e-01 1.630671977996826172e+00
2.370000000000000000e+02 9.673084239188041167e-01 9.653406839476904588e-01 1.629305481910705566e+00
2.380000000000000000e+02 9.718346110217569445e-01 9.586753788112136743e-01 1.630815982818603516e+00
2.390000000000000000e+02 9.650160936077927243e-01 9.649101221429203790e-01 1.629454970359802246e+00
2.400000000000000000e+02 9.709372862776592950e-01 9.589042296250055442e-01 1.630863547325134277e+00
2.410000000000000000e+02 9.649641630356116107e-01 9.663758583246988554e-01 1.629738450050354004e+00
2.420000000000000000e+02 9.714116757535511404e-01 9.583614018742667717e-01 1.631234526634216309e+00
2.430000000000000000e+02 9.645988411214280189e-01 9.649449916175369957e-01 1.629532456398010254e+00
2.440000000000000000e+02 9.700975782420415694e-01 9.564402296557457106e-01 1.630782485008239746e+00
2.450000000000000000e+02 9.638636425294132559e-01 9.666753579083386949e-01 1.629927992820739746e+00
2.460000000000000000e+02 9.710333264760128147e-01 9.554430013773876906e-01 1.630681037902832031e+00
2.470000000000000000e+02 9.641780769031191856e-01 9.674018983936456539e-01 1.630074977874755859e+00
2.480000000000000000e+02 9.728614509040179881e-01 9.580983031626981727e-01 1.630968451499938965e+00
2.490000000000000000e+02 9.646406831118234937e-01 9.678376611845519450e-01 1.629668474197387695e+00
2.500000000000000000e+02 9.709918979746449130e-01 9.574280529498955250e-01 1.630602002143859863e+00
2.510000000000000000e+02 9.640428233696470839e-01 9.661321499921210476e-01 1.629981517791748047e+00
2.520000000000000000e+02 9.712256406757067140e-01 9.570014110568809684e-01 1.630378961563110352e+00
2.530000000000000000e+02 9.637277454310865243e-01 9.657487982876481469e-01 1.630406022071838379e+00
2.540000000000000000e+02 9.715563756166271103e-01 9.583795956901342006e-01 1.630673527717590332e+00
2.550000000000000000e+02 9.650976811999092408e-01 9.681242716271195592e-01 1.630125045776367188e+00
2.560000000000000000e+02 9.713687853179987508e-01 9.598994229274913081e-01 1.630507469177246094e+00
2.570000000000000000e+02 9.620868684106023139e-01 9.689609310221806160e-01 1.630388498306274414e+00
2.580000000000000000e+02 9.698667825615682192e-01 9.605148126764583294e-01 1.629901528358459473e+00
2.590000000000000000e+02 9.641179370195086529e-01 9.662334494762495618e-01 1.630607485771179199e+00
2.600000000000000000e+02 9.722040781685553634e-01 9.604178443165206636e-01 1.630235552787780762e+00
2.610000000000000000e+02 9.643234412471635153e-01 9.678161689555017100e-01 1.630246043205261230e+00
2.620000000000000000e+02 9.707185031696731192e-01 9.588842298174726775e-01 1.630408525466918945e+00
2.630000000000000000e+02 9.645353896497154134e-01 9.672437318009159402e-01 1.629663467407226562e+00
2.640000000000000000e+02 9.717757025402362636e-01 9.600918012687529313e-01 1.630709528923034668e+00
2.650000000000000000e+02 9.652018039594669752e-01 9.686495844420294210e-01 1.629863023757934570e+00
2.660000000000000000e+02 9.722180657784094127e-01 9.611713298058383037e-01 1.630718469619750977e+00
2.670000000000000000e+02 9.663062124999530766e-01 9.692562816036751627e-01 1.629786014556884766e+00
2.680000000000000000e+02 9.717133351508950856e-01 9.612134398920100242e-01 1.630931496620178223e+00
2.690000000000000000e+02 9.650546698544417712e-01 9.683253121158106325e-01 1.629443049430847168e+00
2.700000000000000000e+02 9.705749875412239547e-01 9.624071831861940041e-01 1.631361961364746094e+00
2.710000000000000000e+02 9.660202299836287976e-01 9.702595869946383234e-01 1.629323005676269531e+00
2.720000000000000000e+02 9.696280025650707568e-01 9.627455103630593314e-01 1.631072998046875000e+00
2.730000000000000000e+02 9.659395449940193501e-01 9.668903682937058930e-01 1.629197478294372559e+00
2.740000000000000000e+02 9.707847674465492904e-01 9.610353727778475630e-01 1.631425976753234863e+00
2.750000000000000000e+02 9.641846346350227970e-01 9.677794214002424233e-01 1.629055976867675781e+00
2.760000000000000000e+02 9.715853269202939790e-01 9.587325595451259286e-01 1.631380438804626465e+00
2.770000000000000000e+02 9.649036069878057509e-01 9.650658531746422186e-01 1.629334449768066406e+00
2.780000000000000000e+02 9.720401652913434054e-01 9.572913898218149420e-01 1.631183505058288574e+00
2.790000000000000000e+02 9.659679543048800276e-01 9.676815333582752254e-01 1.629210948944091797e+00
2.800000000000000000e+02 9.701660555558303534e-01 9.608347073545410177e-01 1.630817532539367676e+00
2.810000000000000000e+02 9.662208464972422695e-01 9.653913189509688575e-01 1.629161477088928223e+00
2.820000000000000000e+02 9.724141099204232086e-01 9.576092073697568541e-01 1.630556464195251465e+00
2.830000000000000000e+02 9.668931476834450311e-01 9.648996161757462664e-01 1.628929018974304199e+00
2.840000000000000000e+02 9.727029661989800013e-01 9.576607061556740019e-01 1.631279945373535156e+00
2.850000000000000000e+02 9.657486182850490986e-01 9.674069828535536431e-01 1.629449009895324707e+00
2.860000000000000000e+02 9.731293128360367639e-01 9.610249492388487358e-01 1.631693959236145020e+00
2.870000000000000000e+02 9.679408362034542801e-01 9.690899905784843282e-01 1.629588961601257324e+00
2.880000000000000000e+02 9.727157418384559939e-01 9.618247672768307499e-01 1.631533980369567871e+00
2.890000000000000000e+02 9.661912663078442431e-01 9.701244972725970861e-01 1.630286455154418945e+00
2.900000000000000000e+02 9.736063678655533238e-01 9.602777041417980275e-01 1.631723999977111816e+00
2.910000000000000000e+02 9.680903382810743807e-01 9.689781661298059179e-01 1.630026459693908691e+00
2.920000000000000000e+02 9.731943377100685799e-01 9.605783713342932462e-01 1.631590962409973145e+00
2.930000000000000000e+02 9.689605506646322697e-01 9.690287865131856915e-01 1.630031943321228027e+00
2.940000000000000000e+02 9.749816554761002729e-01 9.611943279923220729e-01 1.631482481956481934e+00
2.950000000000000000e+02 9.679014219864466861e-01 9.678186756623111675e-01 1.630033969879150391e+00
2.960000000000000000e+02 9.746502417175079147e-01 9.587351608113634516e-01 1.631070017814636230e+00
2.970000000000000000e+02 9.680696473368247679e-01 9.695871276750863688e-01 1.630327463150024414e+00
2.980000000000000000e+02 9.751255949343509144e-01 9.612010478182382300e-01 1.630919456481933594e+00
2.990000000000000000e+02 9.691815890554295043e-01 9.684240456992297963e-01 1.629792451858520508e+00
3.000000000000000000e+02 9.748517397610115820e-01 9.577147810260883132e-01 1.630628943443298340e+00
3.010000000000000000e+02 9.662580797806774591e-01 9.690555190523493234e-01 1.629074454307556152e+00
3.020000000000000000e+02 9.743376865918171870e-01 9.596415258846395790e-01 1.631264448165893555e+00
3.030000000000000000e+02 9.665961858786621397e-01 9.684557839079634967e-01 1.628942489624023438e+00
3.040000000000000000e+02 9.734000973591050432e-01 9.603557030077535250e-01 1.631411552429199219e+00
3.050000000000000000e+02 9.678680935885267678e-01 9.690585113170550047e-01 1.629655957221984863e+00
3.060000000000000000e+02 9.737111206735131752e-01 9.620577604912955438e-01 1.631524443626403809e+00
3.070000000000000000e+02 9.651126444490261136e-01 9.693560876594665698e-01 1.629927515983581543e+00
3.080000000000000000e+02 9.727874286657932634e-01 9.612907205997690552e-01 1.631553053855895996e+00
3.090000000000000000e+02 9.640372810636086420e-01 9.689587238979796568e-01 1.630131006240844727e+00
3.100000000000000000e+02 9.696259440120618134e-01 9.615695645318639295e-01 1.631557464599609375e+00
3.110000000000000000e+02 9.650324942551605778e-01 9.684357510910435174e-01 1.629946947097778320e+00
3.120000000000000000e+02 9.699249052043340535e-01 9.610821416990075194e-01 1.631345510482788086e+00
3.130000000000000000e+02 9.648631266154430453e-01 9.694295609256258217e-01 1.630025029182434082e+00
3.140000000000000000e+02 9.718388305473518729e-01 9.603458378437598197e-01 1.630686044692993164e+00
3.150000000000000000e+02 9.650534955334526543e-01 9.673978807367717980e-01 1.630023956298828125e+00
3.160000000000000000e+02 9.717536558214652231e-01 9.593060261659940302e-01 1.630786538124084473e+00
3.170000000000000000e+02 9.656928240623404713e-01 9.680579944561524819e-01 1.629576444625854492e+00
3.180000000000000000e+02 9.712186358674449460e-01 9.594846896206319364e-01 1.630849480628967285e+00
3.190000000000000000e+02 9.643070481270381578e-01 9.680927824367158152e-01 1.629543542861938477e+00
3.200000000000000000e+02 9.689498692643152555e-01 9.578238341003240119e-01 1.630804538726806641e+00
3.210000000000000000e+02 9.636231208987432462e-01 9.659982408200947779e-01 1.629757523536682129e+00
3.220000000000000000e+02 9.687073638691605648e-01 9.583965083947829644e-01 1.630420446395874023e+00
3.230000000000000000e+02 9.623598928601652114e-01 9.672202086671075616e-01 1.630148053169250488e+00
3.240000000000000000e+02 9.699838141079225595e-01 9.567958067700922387e-01 1.630859971046447754e+00
3.250000000000000000e+02 9.638876695253264515e-01 9.663897111682794305e-01 1.630269527435302734e+00
3.260000000000000000e+02 9.686922758576954617e-01 9.582286935337355205e-01 1.630611538887023926e+00
3.270000000000000000e+02 9.645757740949982839e-01 9.654480321251346364e-01 1.630206942558288574e+00
3.280000000000000000e+02 9.706902572530206053e-01 9.561343900831471565e-01 1.630894541740417480e+00
3.290000000000000000e+02 9.649811792631783902e-01 9.648449184274137114e-01 1.629957437515258789e+00
3.300000000000000000e+02 9.708603806266790093e-01 9.573800892938527651e-01 1.630785942077636719e+00
3.310000000000000000e+02 9.653218050785097315e-01 9.664989708341783503e-01 1.629693031311035156e+00
3.320000000000000000e+02 9.704223727919256692e-01 9.590662688649636003e-01 1.630491495132446289e+00
3.330000000000000000e+02 9.663346299081566615e-01 9.678698120148645501e-01 1.630496025085449219e+00
3.340000000000000000e+02 9.713906383806514278e-01 9.580861419748126773e-01 1.630130052566528320e+00
3.350000000000000000e+02 9.648425578382748835e-01 9.657306007876559351e-01 1.629894495010375977e+00
3.360000000000000000e+02 9.714428838014257384e-01 9.582441432742681009e-01 1.630447506904602051e+00
3.370000000000000000e+02 9.649278755586649936e-01 9.649819256076096474e-01 1.630606532096862793e+00
3.380000000000000000e+02 9.709723180425838818e-01 9.585760827990112976e-01 1.630509972572326660e+00
3.390000000000000000e+02 9.651770473639443848e-01 9.671692316277618051e-01 1.629810452461242676e+00
3.400000000000000000e+02 9.719691817519414689e-01 9.592317193452917223e-01 1.630550503730773926e+00
3.410000000000000000e+02 9.661898741538481605e-01 9.665261786514991460e-01 1.629622459411621094e+00
3.420000000000000000e+02 9.699264910849391130e-01 9.609689516526079833e-01 1.630336046218872070e+00
3.430000000000000000e+02 9.644368686440817351e-01 9.674706790365171782e-01 1.629736542701721191e+00
3.440000000000000000e+02 9.719959134970636017e-01 9.589834281985331055e-01 1.630234956741333008e+00
3.450000000000000000e+02 9.658205511454370784e-01 9.663175793303326877e-01 1.629636526107788086e+00
3.460000000000000000e+02 9.717423781598927279e-01 9.592835569407511809e-01 1.630790948867797852e+00
3.470000000000000000e+02 9.661702323593380770e-01 9.663948566322917433e-01 1.629824995994567871e+00
3.480000000000000000e+02 9.727564941082680328e-01 9.563461411368198162e-01 1.629807472229003906e+00
3.490000000000000000e+02 9.651556493984108087e-01 9.634187065307834308e-01 1.629573941230773926e+00
3.500000000000000000e+02 9.703701884009446887e-01 9.587660509669533315e-01 1.629866003990173340e+00
3.510000000000000000e+02 9.665695244940802899e-01 9.662666182098117451e-01 1.629667043685913086e+00
3.520000000000000000e+02 9.739471857368159347e-01 9.579810779574549073e-01 1.630290031433105469e+00
3.530000000000000000e+02 9.648157481894598098e-01 9.642705149283942179e-01 1.628985524177551270e+00
3.540000000000000000e+02 9.725566248531898328e-01 9.581451271792186253e-01 1.630882978439331055e+00
3.550000000000000000e+02 9.670263781518793067e-01 9.643762445193392319e-01 1.629552960395812988e+00
3.560000000000000000e+02 9.734653993613023859e-01 9.579276138880751246e-01 1.630626440048217773e+00
3.570000000000000000e+02 9.655933271637567872e-01 9.650037488000293706e-01 1.630234479904174805e+00
3.580000000000000000e+02 9.733464329443728413e-01 9.589944104185507134e-01 1.630386948585510254e+00
3.590000000000000000e+02 9.657151416167060187e-01 9.669546256954131280e-01 1.630447030067443848e+00
3.600000000000000000e+02 9.725087649187295069e-01 9.590678887829214849e-01 1.630689501762390137e+00
3.610000000000000000e+02 9.645825779476647766e-01 9.650959531634821786e-01 1.630606055259704590e+00
3.620000000000000000e+02 9.727335021556152705e-01 9.586121089799485295e-01 1.630615472793579102e+00
3.630000000000000000e+02 9.675986611870319720e-01 9.683169804573289463e-01 1.630283951759338379e+00
3.640000000000000000e+02 9.727311229840370777e-01 9.585422222912812762e-01 1.630946516990661621e+00
3.650000000000000000e+02 9.649138117804983983e-01 9.647198681386630614e-01 1.629873991012573242e+00
3.660000000000000000e+02 9.725743505159240021e-01 9.579928856596040543e-01 1.630893468856811523e+00
3.670000000000000000e+02 9.649376221159816636e-01 9.652525981527401155e-01 1.629860043525695801e+00
3.680000000000000000e+02 9.704084046210388337e-01 9.600096232969054233e-01 1.630767941474914551e+00
3.690000000000000000e+02 9.668818882050256303e-01 9.674027621321587000e-01 1.630035996437072754e+00
3.700000000000000000e+02 9.706075957979614088e-01 9.596398874882896557e-01 1.630677461624145508e+00
3.710000000000000000e+02 9.652128070299734741e-01 9.669078323732993585e-01 1.630362987518310547e+00
3.720000000000000000e+02 9.722604145585733715e-01 9.600953652133860095e-01 1.630486965179443359e+00
3.730000000000000000e+02 9.654310632308108486e-01 9.678813523071974068e-01 1.630380034446716309e+00
3.740000000000000000e+02 9.723465909444111155e-01 9.604694963495746807e-01 1.630444049835205078e+00
3.750000000000000000e+02 9.640540754228025255e-01 9.684246167352321688e-01 1.630183458328247070e+00
3.760000000000000000e+02 9.694971182534215526e-01 9.614817872505665441e-01 1.630420446395874023e+00
3.770000000000000000e+02 9.652084398704986468e-01 9.685300145481908762e-01 1.630203485488891602e+00
3.780000000000000000e+02 9.702600753608682238e-01 9.607837251145279200e-01 1.630437016487121582e+00
3.790000000000000000e+02 9.635486594667471705e-01 9.670528593755092217e-01 1.629784464836120605e+00
3.800000000000000000e+02 9.711443778779776936e-01 9.610322461745862688e-01 1.630545496940612793e+00
3.810000000000000000e+02 9.624324214375051811e-01 9.683501761038502131e-01 1.629258036613464355e+00
3.820000000000000000e+02 9.719474056315697830e-01 9.580935339990976907e-01 1.630612969398498535e+00
3.830000000000000000e+02 9.648985723072553977e-01 9.663550018296558353e-01 1.629153490066528320e+00
3.840000000000000000e+02 9.704290106285820006e-01 9.599866528379771280e-01 1.630691051483154297e+00
3.850000000000000000e+02 9.641300127230638672e-01 9.686781203485024250e-01 1.629696488380432129e+00
3.860000000000000000e+02 9.711300735050736321e-01 9.585466408098954894e-01 1.630938053131103516e+00
3.870000000000000000e+02 9.660308593559649992e-01 9.675211257499376494e-01 1.629606008529663086e+00
3.880000000000000000e+02 9.727083421362440196e-01 9.591782087478313290e-01 1.630601525306701660e+00
3.890000000000000000e+02 9.657554163843642403e-01 9.675906568923057227e-01 1.629971504211425781e+00
3.900000000000000000e+02 9.723313576514164280e-01 9.589759409891832620e-01 1.630562543869018555e+00
3.910000000000000000e+02 9.640363025841854894e-01 9.652736682396331203e-01 1.629333019256591797e+00
3.920000000000000000e+02 9.719487153235741861e-01 9.591624779451991545e-01 1.631131052970886230e+00
3.930000000000000000e+02 9.647839595921547939e-01 9.662374471803882869e-01 1.629005551338195801e+00
3.940000000000000000e+02 9.732667887547405972e-01 9.613928150584060139e-01 1.630602002143859863e+00
3.950000000000000000e+02 9.660607662784657101e-01 9.675285666627092551e-01 1.629019975662231445e+00
3.960000000000000000e+02 9.723582295242982898e-01 9.598780655197712841e-01 1.630540966987609863e+00
3.970000000000000000e+02 9.644201751690121283e-01 9.679393731941762224e-01 1.629678010940551758e+00
3.980000000000000000e+02 9.698451705047456128e-01 9.598846779080874025e-01 1.630107998847961426e+00
