0.000000000000000000e+00 9.020342505439729597e-02 7.723187592293116743e-02 2.992794036865234375e+00
1.000000000000000000e+00 8.827154204166860751e-02 8.819961782734109246e-02 3.012882471084594727e+00
2.000000000000000000e+00 1.201106845592553041e-01 8.801019829355932744e-02 3.147158384323120117e+00
3.000000000000000000e+00 1.139647274947862693e-01 1.157858479012611325e-01 3.163881540298461914e+00
4.000000000000000000e+00 1.580425568360437072e-01 1.151448970018086743e-01 3.275012016296386719e+00
5.000000000000000000e+00 1.526948845192882820e-01 1.548246469015917837e-01 3.292978048324584961e+00
6.000000000000000000e+00 2.020854801995737859e-01 1.497529327897401397e-01 3.386643886566162109e+00
7.000000000000000000e+00 1.893566438610706226e-01 1.928954860833974883e-01 3.401640415191650391e+00
8.000000000000000000e+00 2.409577281419987838e-01 1.863888628075361098e-01 3.483451604843139648e+00
9.000000000000000000e+00 2.290735322750687974e-01 2.359194327304440508e-01 3.495637893676757812e+00
1.000000000000000000e+01 2.813125546337685301e-01 2.238320256681602671e-01 3.565475940704345703e+00
1.100000000000000000e+01 2.673259008404013093e-01 2.748701306785487630e-01 3.576801538467407227e+00
1.200000000000000000e+01 3.176622215825343210e-01 2.613713278349919511e-01 3.637613534927368164e+00
1.300000000000000000e+01 3.027042555070785235e-01 3.131717002288378904e-01 3.649519443511962891e+00
1.400000000000000000e+01 3.524690613862583866e-01 2.924413985310679864e-01 3.701540946960449219e+00
1.500000000000000000e+01 3.324262562962028711e-01 3.439546437437249193e-01 3.711773872375488281e+00
1.600000000000000000e+01 3.805145415763174221e-01 3.251972931690272905e-01 3.757136583328247070e+00
1.700000000000000000e+01 3.599968207933640363e-01 3.753286912194745972e-01 3.768934965133666992e+00
1.800000000000000000e+01 4.099683216703155497e-01 3.528008558287373253e-01 3.806452512741088867e+00
1.900000000000000000e+01 3.889654251186889788e-01 4.033263322352332869e-01 3.817987442016601562e+00
2.000000000000000000e+01 4.375344091357653009e-01 3.824294092940476175e-01 3.853023052215576172e+00
2.100000000000000000e+01 4.138479807465316740e-01 4.295639670219474349e-01 3.864742517471313477e+00
2.200000000000000000e+01 4.592737704918403718e-01 4.079586497323305361e-01 3.893863439559936523e+00
2.300000000000000000e+01 4.381904589399593930e-01 4.546498309968831086e-01 3.905924558639526367e+00
2.400000000000000000e+01 4.818492077120232198e-01 4.308259215842500933e-01 3.931221485137939453e+00
2.500000000000000000e+01 4.606153651101724256e-01 4.756130197942514126e-01 3.943222999572753906e+00
2.600000000000000000e+01 5.063465175276455899e-01 4.510395563711590006e-01 3.965239048004150391e+00
2.700000000000000000e+01 4.809586921386392877e-01 4.957318955024417328e-01 3.976838588714599609e+00
2.800000000000000000e+01 5.246757747730077526e-01 4.748633638730616058e-01 3.997494935989379883e+00
2.900000000000000000e+01 5.014817968367211165e-01 5.163048400732452858e-01 4.009795188903808594e+00
3.000000000000000000e+01 5.452362936073764654e-01 4.942085993363952157e-01 4.025889873504638672e+00
3.100000000000000000e+01 5.182222198659479639e-01 5.374277101191998751e-01 4.039546489715576172e+00
3.200000000000000000e+01 5.598235212598411392e-01 5.140396526931062526e-01 4.052759170532226562e+00
3.300000000000000000e+01 5.362384318145937412e-01 5.550334313540038478e-01 4.065710067749023438e+00
3.400000000000000000e+01 5.796295505275879112e-01 5.320598183852547347e-01 4.077941894531250000e+00
3.500000000000000000e+01 5.562905185721706003e-01 5.707161394876408833e-01 4.090377807617187500e+00
3.600000000000000000e+01 5.932456046747252021e-01 5.462756333550019550e-01 4.101552963256835938e+00
3.700000000000000000e+01 5.686103006951982453e-01 5.864391811888103323e-01 4.113643646240234375e+00
3.800000000000000000e+01 6.073000148746851012e-01 5.614033396730837566e-01 4.121537208557128906e+00
3.900000000000000000e+01 5.857612355536844229e-01 6.025581886303330581e-01 4.134323120117187500e+00
4.000000000000000000e+01 6.204437163585413417e-01 5.797683338781430828e-01 4.140443801879882812e+00
4.100000000000000000e+01 5.958798140039073266e-01 6.136344901644512628e-01 4.154876708984375000e+00
4.200000000000000000e+01 6.342785036263477449e-01 5.916689497029889999e-01 4.156824111938476562e+00
4.300000000000000000e+01 6.109244149829922144e-01 6.306843578695617847e-01 4.173361778259277344e+00
4.400000000000000000e+01 6.455906385720604490e-01 6.060657949598590166e-01 4.173672676086425781e+00
4.500000000000000000e+01 6.171862261187157639e-01 6.426809766260096479e-01 4.190422534942626953e+00
4.600000000000000000e+01 6.539678855861851270e-01 6.181579734239543988e-01 4.188336372375488281e+00
4.700000000000000000e+01 6.286949980638435465e-01 6.532480730213491293e-01 4.207860946655273438e+00
4.800000000000000000e+01 6.650224519934784251e-01 6.255874909460099609e-01 4.203848361968994141e+00
4.900000000000000000e+01 6.383046653942268112e-01 6.594239935206545056e-01 4.219483375549316406e+00
5.000000000000000000e+01 6.712762479772022006e-01 6.359569356395795570e-01 4.215720176696777344e+00
5.100000000000000000e+01 6.470553521062829549e-01 6.710841346172737865e-01 4.232406139373779297e+00
5.200000000000000000e+01 6.789857182199919849e-01 6.444612391100135174e-01 4.227463722229003906e+00
5.300000000000000000e+01 6.565611176148162809e-01 6.776257783617563035e-01 4.244624614715576172e+00
5.400000000000000000e+01 6.876581752665592573e-01 6.539344637843260699e-01 4.239426612854003906e+00
5.500000000000000000e+01 6.644812540521534139e-01 6.859192900276440685e-01 4.256378173828125000e+00
5.600000000000000000e+01 6.944464598724984228e-01 6.609900736112929165e-01 4.248429298400878906e+00
5.700000000000000000e+01 6.696332112644173273e-01 6.941176338061815221e-01 4.265776634216308594e+00
5.800000000000000000e+01 7.031939551409773781e-01 6.676465403549541877e-01 4.258030891418457031e+00
5.900000000000000000e+01 6.757897792060760800e-01 7.008263209770250191e-01 4.274995803833007812e+00
6.000000000000000000e+01 7.065551576540652912e-01 6.743487764166231635e-01 4.266839504241943359e+00
6.100000000000000000e+01 6.838488408750430514e-01 7.028961974842953264e-01 4.284165859222412109e+00
6.200000000000000000e+01 7.144540606490420442e-01 6.836790054370261993e-01 4.275599956512451172e+00
6.300000000000000000e+01 6.859401118340133774e-01 7.122698799251172552e-01 4.293464183807373047e+00
6.400000000000000000e+01 7.175808605126156037e-01 6.890428612235929284e-01 4.281751632690429688e+00
6.500000000000000000e+01 6.935127093204698223e-01 7.169333419494888782e-01 4.300325393676757812e+00
6.600000000000000000e+01 7.211011288225988025e-01 6.932015455330069464e-01 4.289274215698242188e+00
6.700000000000000000e+01 6.992801195470348397e-01 7.215443605850132558e-01 4.307683467864990234e+00
6.800000000000000000e+01 7.292965532945026030e-01 6.978821087525358680e-01 4.295931816101074219e+00
6.900000000000000000e+01 7.030844106727933696e-01 7.252459150678978173e-01 4.312913417816162109e+00
7.000000000000000000e+01 7.321809089749996557e-01 7.040839207167295388e-01 4.302637577056884766e+00
7.100000000000000000e+01 7.089678477181615701e-01 7.303049445146694296e-01 4.319405555725097656e+00
7.200000000000000000e+01 7.369810239352823089e-01 7.068265544443250725e-01 4.307842254638671875e+00
7.300000000000000000e+01 7.131967976819199029e-01 7.343426731065822999e-01 4.324966907501220703e+00
7.400000000000000000e+01 7.406218043360267567e-01 7.126986268177970540e-01 4.312483310699462891e+00
7.500000000000000000e+01 7.167997269802233173e-01 7.387467594383780867e-01 4.330818176269531250e+00
7.600000000000000000e+01 7.424707974688516954e-01 7.141035134168225440e-01 4.316181659698486328e+00
7.700000000000000000e+01 7.197613785167544798e-01 7.444832573502151440e-01 4.335112094879150391e+00
7.800000000000000000e+01 7.486573929279930484e-01 7.201905934401647835e-01 4.320389270782470703e+00
7.900000000000000000e+01 7.209699861145405508e-01 7.442470694386399410e-01 4.339018344879150391e+00
8.000000000000000000e+01 7.518778254909481706e-01 7.208000121590839582e-01 4.324738025665283203e+00
8.100000000000000000e+01 7.252998963591285042e-01 7.459920983704367847e-01 4.341536521911621094e+00
8.200000000000000000e+01 7.518433545706085797e-01 7.246519403369138246e-01 4.327802181243896484e+00
8.300000000000000000e+01 7.274444295598021526e-01 7.508456184200374972e-01 4.345443725585937500e+00
8.400000000000000000e+01 7.565547477377775332e-01 7.270752159495528222e-01 4.329193592071533203e+00
8.500000000000000000e+01 7.318246915740123093e-01 7.507444602349523377e-01 4.348080158233642578e+00
8.600000000000000000e+01 7.573004724545209232e-01 7.257665424974506507e-01 4.332235813140869141e+00
8.700000000000000000e+01 7.301215212348106665e-01 7.553132107127579209e-01 4.351547718048095703e+00
8.800000000000000000e+01 7.571492727040242121e-01 7.297139431942801790e-01 4.334753513336181641e+00
8.900000000000000000e+01 7.321181639200342595e-01 7.560891185108798984e-01 4.355392456054687500e+00
9.000000000000000000e+01 7.576018456265481982e-01 7.320532954546516979e-01 4.335149288177490234e+00
9.100000000000000000e+01 7.367960761223470989e-01 7.586397571405590901e-01 4.357055187225341797e+00
9.200000000000000000e+01 7.608120328603723559e-01 7.334363360849790459e-01 4.338479995727539062e+00
9.300000000000000000e+01 7.355597806818441331e-01 7.585906582136648924e-01 4.359703063964843750e+00
9.400000000000000000e+01 7.625093944292360426e-01 7.341664948084746234e-01 4.341550350189208984e+00
9.500000000000000000e+01 7.383291651788910226e-01 7.605773822792120109e-01 4.361899375915527344e+00
9.600000000000000000e+01 7.611556009428067648e-01 7.356982658631823213e-01 4.345006942749023438e+00
9.700000000000000000e+01 7.375597605943080559e-01 7.602366979734354047e-01 4.364168643951416016e+00
9.800000000000000000e+01 7.669519862408780142e-01 7.401135099859507127e-01 4.347326278686523438e+00
9.900000000000000000e+01 7.417541227698778439e-01 7.657542762125492120e-01 4.366010189056396484e+00
1.000000000000000000e+02 7.674686380358909377e-01 7.406515741546458864e-01 4.348463058471679688e+00
1.010000000000000000e+02 7.411871576575737031e-01 7.674780131711812503e-01 4.369694709777832031e+00
1.020000000000000000e+02 7.688373511694595042e-01 7.434695406915234894e-01 4.352540969848632812e+00
1.030000000000000000e+02 7.432722338698589670e-01 7.680354271031789581e-01 4.371610641479492188e+00
1.040000000000000000e+02 7.685073744675268159e-01 7.432590718404273877e-01 4.353870391845703125e+00
1.050000000000000000e+02 7.456655889406810234e-01 7.703896509023259176e-01 4.372999668121337891e+00
1.060000000000000000e+02 7.684801890374352018e-01 7.442927758135231553e-01 4.355162620544433594e+00
1.070000000000000000e+02 7.449289388865325545e-01 7.697372027991450372e-01 4.374272823333740234e+00
1.080000000000000000e+02 7.695600044493490222e-01 7.460678232494684092e-01 4.356060504913330078e+00
1.090000000000000000e+02 7.463121032073447569e-01 7.717589388850711885e-01 4.375840663909912109e+00
1.100000000000000000e+02 7.691559021770252302e-01 7.502695943723278749e-01 4.356929779052734375e+00
1.110000000000000000e+02 7.462380639658457993e-01 7.722006249110897613e-01 4.377714157104492188e+00
1.120000000000000000e+02 7.719111698315164194e-01 7.487052246271360678e-01 4.357271194458007812e+00
1.130000000000000000e+02 7.474176464767267047e-01 7.738311471708678724e-01 4.378266811370849609e+00
1.140000000000000000e+02 7.724042511800197630e-01 7.501378661661146641e-01 4.356596469879150391e+00
1.150000000000000000e+02 7.480865039399665628e-01 7.749658482069381460e-01 4.379753112792968750e+00
1.160000000000000000e+02 7.716882047457604976e-01 7.505933496332910515e-01 4.359049797058105469e+00
1.170000000000000000e+02 7.472312890970956856e-01 7.762067052068494233e-01 4.382380485534667969e+00
1.180000000000000000e+02 7.698305054039286111e-01 7.519304600102635350e-01 4.359234333038330078e+00
1.190000000000000000e+02 7.466036506993453115e-01 7.724713667466922562e-01 4.384087085723876953e+00
1.200000000000000000e+02 7.710370760831140036e-01 7.499430445537799139e-01 4.359334945678710938e+00
1.210000000000000000e+02 7.495551656205806657e-01 7.776395064240307908e-01 4.385157585144042969e+00
1.220000000000000000e+02 7.723502923666296649e-01 7.543585485190957840e-01 4.360711574554443359e+00
1.230000000000000000e+02 7.474406657419807587e-01 7.770433214717997750e-01 4.387371063232421875e+00
1.240000000000000000e+02 7.725019891234027325e-01 7.553159705550965830e-01 4.361419200897216797e+00
1.250000000000000000e+02 7.472640370457893644e-01 7.781353781227774435e-01 4.388790130615234375e+00
1.260000000000000000e+02 7.703147744635444605e-01 7.536239196252018102e-01 4.363100528717041016e+00
1.270000000000000000e+02 7.455745765249360835e-01 7.758669647241603906e-01 4.389474868774414062e+00
1.280000000000000000e+02 7.718440163468403004e-01 7.563492487107565942e-01 4.363749027252197266e+00
1.290000000000000000e+02 7.469108253731373548e-01 7.791154476787426342e-01 4.390083312988281250e+00
1.300000000000000000e+02 7.744864832266480370e-01 7.530772861644521310e-01 4.364397525787353516e+00
1.310000000000000000e+02 7.489539166743002241e-01 7.782438689953560251e-01 4.388905048370361328e+00
1.320000000000000000e+02 7.718925629703402569e-01 7.506109774946247981e-01 4.365401268005371094e+00
1.330000000000000000e+02 7.469704192995634262e-01 7.779284645927686537e-01 4.389923572540283203e+00
1.340000000000000000e+02 7.718158539313826338e-01 7.533466724463755426e-01 4.366158485412597656e+00
1.350000000000000000e+02 7.489225611381552516e-01 7.791509922135707589e-01 4.391154289245605469e+00
1.360000000000000000e+02 7.756922363572776868e-01 7.536078500233841515e-01 4.366042613983154297e+00
1.370000000000000000e+02 7.518784905792688100e-01 7.794668554381951608e-01 4.389372348785400391e+00
1.380000000000000000e+02 7.759115595030301460e-01 7.527440980131362425e-01 4.367333412170410156e+00
1.390000000000000000e+02 7.519162424604857176e-01 7.796899716264950042e-01 4.389982700347900391e+00
1.400000000000000000e+02 7.771561484237841100e-01 7.551470068336089136e-01 4.367598533630371094e+00
1.410000000000000000e+02 7.526670106604802513e-01 7.783906034679272112e-01 4.392075538635253906e+00
1.420000000000000000e+02 7.746286730302665013e-01 7.538607281281820560e-01 4.367789268493652344e+00
1.430000000000000000e+02 7.516521553135641076e-01 7.774152585773899116e-01 4.392860889434814453e+00
1.440000000000000000e+02 7.756260855112980801e-01 7.552707244942946652e-01 4.368491649627685547e+00
1.450000000000000000e+02 7.499110954971166532e-01 7.786485072716436973e-01 4.393158912658691406e+00
1.460000000000000000e+02 7.747331378460985407e-01 7.564481197573823534e-01 4.368588447570800781e+00
1.470000000000000000e+02 7.502772644581098271e-01 7.762535565204210508e-01 4.393182277679443359e+00
1.480000000000000000e+02 7.752974724424042119e-01 7.542301454645721215e-01 4.370124340057373047e+00
1.490000000000000000e+02 7.536829257241119961e-01 7.769870297351237909e-01 4.393894195556640625e+00
1.500000000000000000e+02 7.782637405594120539e-01 7.549844767009658009e-01 4.370588302612304688e+00
1.510000000000000000e+02 7.529832343525301175e-01 7.778512372320072199e-01 4.393350124359130859e+00
1.520000000000000000e+02 7.769370815447999012e-01 7.516062085804997572e-01 4.371859073638916016e+00
1.530000000000000000e+02 7.540158134175758420e-01 7.775003967901027435e-01 4.393303871154785156e+00
1.540000000000000000e+02 7.793319036449988246e-01 7.543338234104156603e-01 4.372315883636474609e+00
1.550000000000000000e+02 7.560067891286942343e-01 7.773808936650581369e-01 4.394020557403564453e+00
1.560000000000000000e+02 7.771941875083160367e-01 7.543489093687769653e-01 4.373772621154785156e+00
1.570000000000000000e+02 7.546814200537168560e-01 7.792261395772401844e-01 4.394703388214111328e+00
1.580000000000000000e+02 7.774874049474518323e-01 7.534619129075369459e-01 4.373266220092773438e+00
1.590000000000000000e+02 7.552615238879052395e-01 7.771906317240204753e-01 4.395471096038818359e+00
1.600000000000000000e+02 7.772390212631367090e-01 7.533647609607000417e-01 4.374279975891113281e+00
1.610000000000000000e+02 7.533735582440269640e-01 7.790075931539631737e-01 4.397414684295654297e+00
1.620000000000000000e+02 7.763000213951032347e-01 7.539210654701802294e-01 4.372787952423095703e+00
1.630000000000000000e+02 7.512016715477415341e-01 7.775381397167506758e-01 4.398537635803222656e+00
1.640000000000000000e+02 7.776386268427051274e-01 7.553564291635233019e-01 4.373670578002929688e+00
1.650000000000000000e+02 7.546788552694928542e-01 7.765841418921117789e-01 4.396505355834960938e+00
1.660000000000000000e+02 7.772403723195469016e-01 7.547356778720418768e-01 4.373764038085937500e+00
1.670000000000000000e+02 7.545243978981994726e-01 7.794834949074537223e-01 4.395442962646484375e+00
1.680000000000000000e+02 7.771629559338170123e-01 7.550444664138511452e-01 4.373847961425781250e+00
1.690000000000000000e+02 7.523788984928641010e-01 7.794735009129880599e-01 4.395664691925048828e+00
1.700000000000000000e+02 7.768213408765288763e-01 7.548303194159375895e-01 4.374241828918457031e+00
1.710000000000000000e+02 7.539870436804424481e-01 7.770174699068792545e-01 4.394910812377929688e+00
1.720000000000000000e+02 7.765263580155175038e-01 7.549310034696955496e-01 4.373584270477294922e+00
1.730000000000000000e+02 7.543780371625103953e-01 7.793492207040706443e-01 4.394965171813964844e+00
1.740000000000000000e+02 7.772547023732381266e-01 7.565931588446387357e-01 4.372727394104003906e+00
1.750000000000000000e+02 7.552685043756891536e-01 7.790315407892725030e-01 4.395543575286865234e+00
1.760000000000000000e+02 7.781382657207421838e-01 7.582849001128967315e-01 4.372825145721435547e+00
1.770000000000000000e+02 7.530585585711588870e-01 7.784287338764275255e-01 4.396668434143066406e+00
1.780000000000000000e+02 7.781323246459245224e-01 7.579484462582196658e-01 4.370965003967285156e+00
1.790000000000000000e+02 7.536302909584363663e-01 7.804051531540338038e-01 4.397228717803955078e+00
1.800000000000000000e+02 7.768652434659487627e-01 7.574675609202899951e-01 4.370440959930419922e+00
1.810000000000000000e+02 7.525752129013063563e-01 7.816870620949951665e-01 4.397868633270263672e+00
1.820000000000000000e+02 7.767860014111447331e-01 7.558060883543864517e-01 4.370005607604980469e+00
1.830000000000000000e+02 7.539129781814422060e-01 7.790109032819159118e-01 4.396764755249023438e+00
1.840000000000000000e+02 7.796817362988262001e-01 7.561246102442082950e-01 4.370948791503906250e+00
1.850000000000000000e+02 7.546722299390659083e-01 7.784186044391609993e-01 4.395529270172119141e+00
1.860000000000000000e+02 7.786297592819474422e-01 7.567800792156146317e-01 4.370581626892089844e+00
1.870000000000000000e+02 7.568873870940829862e-01 7.807243009457185412e-01 4.395954608917236328e+00
1.880000000000000000e+02 7.804172654744128135e-01 7.566460634014547937e-01 4.371394634246826172e+00
1.890000000000000000e+02 7.560021237869937183e-01 7.805332219937523019e-01 4.395652294158935547e+00
1.900000000000000000e+02 7.787169767470168980e-01 7.563063986826286111e-01 4.371023178100585938e+00
1.910000000000000000e+02 7.549407426012587630e-01 7.808116393289650237e-01 4.394478321075439453e+00
1.920000000000000000e+02 7.814872490753147494e-01 7.568738232574148128e-01 4.371381282806396484e+00
1.930000000000000000e+02 7.555440547779662674e-01 7.798666140498388133e-01 4.395449638366699219e+00
1.940000000000000000e+02 7.816490960993113246e-01 7.581740301503813173e-01 4.372066020965576172e+00
1.950000000000000000e+02 7.575451221601480212e-01 7.812136736389982961e-01 4.395133018493652344e+00
1.960000000000000000e+02 7.805895325986985656e-01 7.550976044066105564e-01 4.371883869171142578e+00
1.970000000000000000e+02 7.567579298710764846e-01 7.775137736962349777e-01 4.393601894378662109e+00
1.980000000000000000e+02 7.807370895800652688e-01 7.544187682141708651e-01 4.372881412506103516e+00
1.990000000000000000e+02 7.575857051307033352e-01 7.787347040768386464e-01 4.394861221313476562e+00
2.000000000000000000e+02 7.794755972638680586e-01 7.572572027536547123e-01 4.371405124664306641e+00
2.010000000000000000e+02 7.561090639503037503e-01 7.794272983947476696e-01 4.394065380096435547e+00
2.020000000000000000e+02 7.787877843305822667e-01 7.572211817642643394e-01 4.371980667114257812e+00
2.030000000000000000e+02 7.574462001404782541e-01 7.796416916811538256e-01 4.394954204559326172e+00
2.040000000000000000e+02 7.808600493109693064e-01 7.567679292635808297e-01 4.373630046844482422e+00
2.050000000000000000e+02 7.541827311545956647e-01 7.817904012668721592e-01 4.395084381103515625e+00
2.060000000000000000e+02 7.781012540146846623e-01 7.568017915146927344e-01 4.372386932373046875e+00
2.070000000000000000e+02 7.542108629305331879e-01 7.830782736513788311e-01 4.395536422729492188e+00
2.080000000000000000e+02 7.790971365488524869e-01 7.586008325781681272e-01 4.372356414794921875e+00
2.090000000000000000e+02 7.547108289528556835e-01 7.833975998880639002e-01 4.396789073944091797e+00
2.100000000000000000e+02 7.783483859595584642e-01 7.568750507764168134e-01 4.372181415557861328e+00
2.110000000000000000e+02 7.545348888022757050e-01 7.825349775045016276e-01 4.397636413574218750e+00
2.120000000000000000e+02 7.764493777297747368e-01 7.602320582346230315e-01 4.372732162475585938e+00
2.130000000000000000e+02 7.537543386381079236e-01 7.837409121777286769e-01 4.398135185241699219e+00
2.140000000000000000e+02 7.756931574828461740e-01 7.606215397026706571e-01 4.372344017028808594e+00
2.150000000000000000e+02 7.526054684949989859e-01 7.830104989941066851e-01 4.397405624389648438e+00
2.160000000000000000e+02 7.767125682721265356e-01 7.609662847188033430e-01 4.370359420776367188e+00
2.170000000000000000e+02 7.529034838047691247e-01 7.839888799720717838e-01 4.398177623748779297e+00
2.180000000000000000e+02 7.776177090566511740e-01 7.605659786768680375e-01 4.372989654541015625e+00
2.190000000000000000e+02 7.519139311647742296e-01 7.842343405801807110e-01 4.396422386169433594e+00
2.200000000000000000e+02 7.759676653826252934e-01 7.599001218238214950e-01 4.372249126434326172e+00
2.210000000000000000e+02 7.506736571576561046e-01 7.850066796797762203e-01 4.396767139434814453e+00
2.220000000000000000e+02 7.773705847855791884e-01 7.601394544506133721e-01 4.372367858886718750e+00
2.230000000000000000e+02 7.531362343884805410e-01 7.837932504399559575e-01 4.397226333618164062e+00
2.240000000000000000e+02 7.783865234069486938e-01 7.595706700469325723e-01 4.372956752777099609e+00
2.250000000000000000e+02 7.531853352652895239e-01 7.847365697727975986e-01 4.396072387695312500e+00
2.260000000000000000e+02 7.772452065371310281e-01 7.602716649034370056e-01 4.373067855834960938e+00
2.270000000000000000e+02 7.542064797921521624e-01 7.848608626581443648e-01 4.395108222961425781e+00
2.280000000000000000e+02 7.779944565836680592e-01 7.588458099766084430e-01 4.373354911804199219e+00
2.290000000000000000e+02 7.535291881171776174e-01 7.848523446196535858e-01 4.394290447235107422e+00
2.300000000000000000e+02 7.785455152615659014e-01 7.585314913951860527e-01 4.372377872467041016e+00
2.310000000000000000e+02 7.544734249938436221e-01 7.817714939321672718e-01 4.394143581390380859e+00
2.320000000000000000e+02 7.785137436705862335e-01 7.575488591286430040e-01 4.371614456176757812e+00
2.330000000000000000e+02 7.559468392036251538e-01 7.823659653674246428e-01 4.395678997039794922e+00
2.340000000000000000e+02 7.794744719447980197e-01 7.595949046116919900e-01 4.371597766876220703e+00
2.350000000000000000e+02 7.556170338727147273e-01 7.823854135934091847e-01 4.395080566406250000e+00
2.360000000000000000e+02 7.805878358934620342e-01 7.590124992679754268e-01 4.369435310363769531e+00
2.370000000000000000e+02 7.562462477056325350e-01 7.817393149582533285e-01 4.395580291748046875e+00
2.380000000000000000e+02 7.799445221806698969e-01 7.586386336223686078e-01 4.370378494262695312e+00
2.390000000000000000e+02 7.547832789056061475e-01 7.837861852364710336e-01 4.396826267242431641e+00
2.400000000000000000e+02 7.817199163655671468e-01 7.600637042249482889e-01 4.369697570800781250e+00
2.410000000000000000e+02 7.563724476045752265e-01 7.815534043466464409e-01 4.396881103515625000e+00
2.420000000000000000e+02 7.814323328528461898e-01 7.563570431150927753e-01 4.370607852935791016e+00
2.430000000000000000e+02 7.561426748596079550e-01 7.813904344167869054e-01 4.394958972930908203e+00
2.440000000000000000e+02 7.822037902632935635e-01 7.568903218923715981e-01 4.371183872222900391e+00
2.450000000000000000e+02 7.578944098429006848e-01 7.832002005769890252e-01 4.394401073455810547e+00
2.460000000000000000e+02 7.825290387117836977e-01 7.602893900329437127e-01 4.371719360351562500e+00
2.470000000000000000e+02 7.578271616890955853e-01 7.815063269534178181e-01 4.395461082458496094e+00
2.480000000000000000e+02 7.801088206642997624e-01 7.591652085264084526e-01 4.372496604919433594e+00
2.490000000000000000e+02 7.592460629891433221e-01 7.818493022509995782e-01 4.396025657653808594e+00
2.500000000000000000e+02 7.791722185354441610e-01 7.597056867955787052e-01 4.374567985534667969e+00
2.510000000000000000e+02 7.567659934014140388e-01 7.824529647066463811e-01 4.397704124450683594e+00
2.520000000000000000e+02 7.824669468654491533e-01 7.572173086464478731e-01 4.373868465423583984e+00
2.530000000000000000e+02 7.567836799581613150e-01 7.831694940786971815e-01 4.395984649658203125e+00
2.540000000000000000e+02 7.803030489589932728e-01 7.590338805574607939e-01 4.374445438385009766e+00
2.550000000000000000e+02 7.559016235272595363e-01 7.843143388937675597e-01 4.396903514862060547e+00
2.560000000000000000e+02 7.806462987543445475e-01 7.598455623397849523e-01 4.376810550689697266e+00
2.570000000000000000e+02 7.595745389042775075e-01 7.829139264247404473e-01 4.398436069488525391e+00
2.580000000000000000e+02 7.801190147407411901e-01 7.578417072451519854e-01 4.376118183135986328e+00
2.590000000000000000e+02 7.580161438954186037e-01 7.813045223084635893e-01 4.398138523101806641e+00
2.600000000000000000e+02 7.802379504933356635e-01 7.573876130045710253e-01 4.375583648681640625e+00
2.610000000000000000e+02 7.578694022341649905e-01 7.831651197262871067e-01 4.397629261016845703e+00
2.620000000000000000e+02 7.810035161918278401e-01 7.587277963815356463e-01 4.375949859619140625e+00
2.630000000000000000e+02 7.582399255627432222e-01 7.844186295448698498e-01 4.398075580596923828e+00
2.640000000000000000e+02 7.828708521215599347e-01 7.597413895029933029e-01 4.376642227172851562e+00
2.650000000000000000e+02 7.596752153675575547e-01 7.861882026077740004e-01 4.397956848144531250e+00
2.660000000000000000e+02 7.829185791029652508e-01 7.610636884390343804e-01 4.376121997833251953e+00
2.670000000000000000e+02 7.582702065301526462e-01 7.849150809682370333e-01 4.397420883178710938e+00
2.680000000000000000e+02 7.821287412795525640e-01 7.601725130699564792e-01 4.376133918762207031e+00
2.690000000000000000e+02 7.612518935407805998e-01 7.834046986063727402e-01 4.398389816284179688e+00
2.700000000000000000e+02 7.827149916969227128e-01 7.594533308553709228e-01 4.377680778503417969e+00
2.710000000000000000e+02 7.591954868089874076e-01 7.824656941997256698e-01 4.398534774780273438e+00
2.720000000000000000e+02 7.821338217923160530e-01 7.580163516520364020e-01 4.377182960510253906e+00
2.730000000000000000e+02 7.586601977267939390e-01 7.832697333272137241e-01 4.398093223571777344e+00
2.740000000000000000e+02 7.832676092013356461e-01 7.601529155178201602e-01 4.378136634826660156e+00
2.750000000000000000e+02 7.574236041965607402e-01 7.831049057156312942e-01 4.398298263549804688e+00
2.760000000000000000e+02 7.848950115961697005e-01 7.576423329397805606e-01 4.380137443542480469e+00
2.770000000000000000e+02 7.612000572581582025e-01 7.813145974690042239e-01 4.397962093353271484e+00
2.780000000000000000e+02 7.856302643633458205e-01 7.595692310742518938e-01 4.379903793334960938e+00
2.790000000000000000e+02 7.623952565746274779e-01 7.844282775325427393e-01 4.397418975830078125e+00
2.800000000000000000e+02 7.837380982054820144e-01 7.581580682503155089e-01 4.379141330718994141e+00
2.810000000000000000e+02 7.607783549555343638e-01 7.822471350019589709e-01 4.396941661834716797e+00
2.820000000000000000e+02 7.837848187097250507e-01 7.593906139813031420e-01 4.378141880035400391e+00
2.830000000000000000e+02 7.589019612213385724e-01 7.831472389710238957e-01 4.397359848022460938e+00
2.840000000000000000e+02 7.830030198477143655e-01 7.597608937802426965e-01 4.377584934234619141e+00
2.850000000000000000e+02 7.594517941501700564e-01 7.831578177451296030e-01 4.397063255310058594e+00
2.860000000000000000e+02 7.812373913232332212e-01 7.580137663442056972e-01 4.378458023071289062e+00
2.870000000000000000e+02 7.604803260373073082e-01 7.821107800347131267e-01 4.397556304931640625e+00
2.880000000000000000e+02 7.825936200311182089e-01 7.588223863746854647e-01 4.377752780914306641e+00
2.890000000000000000e+02 7.597651280008405061e-01 7.820092467307910855e-01 4.399094104766845703e+00
2.900000000000000000e+02 7.835658531421934025e-01 7.581883641738038637e-01 4.378047943115234375e+00
2.910000000000000000e+02 7.586439957093421560e-01 7.814124005434744946e-01 4.399041175842285156e+00
2.920000000000000000e+02 7.833369305819289918e-01 7.587739354247448054e-01 4.378997325897216797e+00
2.930000000000000000e+02 7.599688713636706394e-01 7.815339846353431819e-01 4.398891448974609375e+00
2.940000000000000000e+02 7.851436889421631315e-01 7.582424824803364327e-01 4.378900051116943359e+00
2.950000000000000000e+02 7.606191569681076681e-01 7.800467413367890845e-01 4.398166179656982422e+00
2.960000000000000000e+02 7.832849839213519294e-01 7.583947024718296070e-01 4.378620147705078125e+00
2.970000000000000000e+02 7.608337047413479270e-01 7.821079023076910053e-01 4.398389816284179688e+00
2.980000000000000000e+02 7.850314423952299281e-01 7.569270594748361836e-01 4.378481864929199219e+00
2.990000000000000000e+02 7.604960029485816619e-01 7.814471567982962386e-01 4.398329257965087891e+00
3.000000000000000000e+02 7.835214456798247351e-01 7.568534101506918521e-01 4.379290580749511719e+00
3.010000000000000000e+02 7.637860361069737092e-01 7.823116980404670739e-01 4.399096012115478516e+00
3.020000000000000000e+02 7.846395679793476408e-01 7.596854950934109896e-01 4.378470897674560547e+00
3.030000000000000000e+02 7.602559002263579169e-01 7.800622605284878164e-01 4.399188041687011719e+00
3.040000000000000000e+02 7.859392967735043811e-01 7.577699000828732601e-01 4.379731655120849609e+00
3.050000000000000000e+02 7.621398838743154158e-01 7.810965970968115624e-01 4.398310661315917969e+00
3.060000000000000000e+02 7.839858086702734541e-01 7.575055094245539689e-01 4.379906177520751953e+00
3.070000000000000000e+02 7.594209028357917779e-01 7.803679772466513009e-01 4.397675991058349609e+00
3.080000000000000000e+02 7.852053990087634050e-01 7.585665031016386450e-01 4.378921985626220703e+00
3.090000000000000000e+02 7.612029478868889143e-01 7.804946440397055873e-01 4.396819591522216797e+00
3.100000000000000000e+02 7.834537800772533034e-01 7.571206018568202856e-01 4.379100322723388672e+00
3.110000000000000000e+02 7.616944939705465600e-01 7.815864944008260595e-01 4.396039962768554688e+00
3.120000000000000000e+02 7.834061323019404499e-01 7.576220732821277171e-01 4.378683567047119141e+00
3.130000000000000000e+02 7.601117217322227448e-01 7.822685300377600903e-01 4.395654678344726562e+00
3.140000000000000000e+02 7.857743289458977154e-01 7.573085956622175319e-01 4.376613140106201172e+00
3.150000000000000000e+02 7.578507529041772495e-01 7.815083655466901202e-01 4.394065380096435547e+00
3.160000000000000000e+02 7.841342142661176240e-01 7.579761516587555370e-01 4.376597404479980469e+00
3.170000000000000000e+02 7.594621340907017348e-01 7.802341895977166208e-01 4.393291950225830078e+00
3.180000000000000000e+02 7.847354312135617072e-01 7.592015692281817163e-01 4.374905109405517578e+00
3.190000000000000000e+02 7.604033439544224393e-01 7.823101283744092749e-01 4.393781661987304688e+00
3.200000000000000000e+02 7.821701235930824669e-01 7.591299145179266628e-01 4.374773502349853516e+00
3.210000000000000000e+02 7.593738349048196890e-01 7.792325178067973646e-01 4.393439769744873047e+00
3.220000000000000000e+02 7.840067755014266115e-01 7.558459905685253055e-01 4.374713420867919922e+00
3.230000000000000000e+02 7.597474013754169642e-01 7.811890800535326029e-01 4.393485069274902344e+00
3.240000000000000000e+02 7.822483618247341175e-01 7.555237543132221623e-01 4.375465393066406250e+00
3.250000000000000000e+02 7.597092878914256664e-01 7.777868897860369390e-01 4.393500328063964844e+00
3.260000000000000000e+02 7.834231948094919629e-01 7.580759771963579974e-01 4.374773502349853516e+00
3.270000000000000000e+02 7.589457652463640347e-01 7.807317149014350033e-01 4.393663883209228516e+00
3.280000000000000000e+02 7.840460207420492100e-01 7.595880237451502204e-01 4.373719215393066406e+00
3.290000000000000000e+02 7.597773597616276353e-01 7.813278253998900968e-01 4.394396781921386719e+00
3.300000000000000000e+02 7.828135963200932856e-01 7.555409041062611797e-01 4.372996330261230469e+00
3.310000000000000000e+02 7.588806506324989876e-01 7.806719317135121239e-01 4.393753051757812500e+00
3.320000000000000000e+02 7.836052600821389325e-01 7.558812381052613105e-01 4.373470306396484375e+00
3.330000000000000000e+02 7.597553210542876689e-01 7.793468962006652179e-01 4.391985893249511719e+00
3.340000000000000000e+02 7.845127863568716053e-01 7.542899720920193118e-01 4.372817516326904297e+00
3.350000000000000000e+02 7.587183396810287528e-01 7.770236797522147576e-01 4.390345573425292969e+00
3.360000000000000000e+02 7.839035067041437710e-01 7.553827892638670383e-01 4.372261524200439453e+00
3.370000000000000000e+02 7.606507588995148339e-01 7.793096534057081248e-01 4.392073154449462891e+00
3.380000000000000000e+02 7.824139590421169688e-01 7.559601360331893449e-01 4.372682571411132812e+00
3.390000000000000000e+02 7.589893606003729198e-01 7.786465979941157300e-01 4.391518592834472656e+00
3.400000000000000000e+02 7.835285628353707565e-01 7.534555229103533369e-01 4.374021053314208984e+00
3.410000000000000000e+02 7.588860076484467143e-01 7.756823263379089006e-01 4.390499591827392578e+00
3.420000000000000000e+02 7.834074491669609230e-01 7.546146706305489893e-01 4.375014305114746094e+00
3.430000000000000000e+02 7.606861654279545304e-01 7.790372800509831608e-01 4.391286849975585938e+00
3.440000000000000000e+02 7.834898962731959848e-01 7.546758787093226228e-01 4.374602794647216797e+00
3.450000000000000000e+02 7.592807682993962803e-01 7.773702492030997169e-01 4.391891479492187500e+00
3.460000000000000000e+02 7.844132842381029702e-01 7.542962246552181726e-01 4.374639987945556641e+00
3.470000000000000000e+02 7.591411590337001636e-01 7.784771928965413812e-01 4.391536712646484375e+00
3.480000000000000000e+02 7.835667386798027545e-01 7.521857542602017332e-01 4.373074531555175781e+00
3.490000000000000000e+02 7.570878075793252560e-01 7.786517111588718842e-01 4.390704154968261719e+00
3.500000000000000000e+02 7.795183177678541853e-01 7.532675675165229068e-01 4.372645854949951172e+00
3.510000000000000000e+02 7.593473761297021563e-01 7.772176553952123701e-01 4.391273021697998047e+00
3.520000000000000000e+02 7.820477990812880753e-01 7.522774763941528775e-01 4.373293399810791016e+00
3.530000000000000000e+02 7.598882856681080655e-01 7.770671732621511341e-01 4.391766071319580078e+00
3.540000000000000000e+02 7.833803348323391536e-01 7.541124818162703303e-01 4.374316215515136719e+00
3.550000000000000000e+02 7.600017321818560712e-01 7.794350663838455207e-01 4.392698287963867188e+00
3.560000000000000000e+02 7.837232547817444273e-01 7.540257558355544232e-01 4.373851299285888672e+00
3.570000000000000000e+02 7.597718999829967679e-01 7.788359373365614235e-01 4.393363475799560547e+00
3.580000000000000000e+02 7.839969885896138635e-01 7.532901324183439717e-01 4.374687671661376953e+00
3.590000000000000000e+02 7.573909018215227995e-01 7.783718688765371985e-01 4.395437717437744141e+00
3.600000000000000000e+02 7.808538062041373573e-01 7.530305495823894635e-01 4.374015808105468750e+00
3.610000000000000000e+02 7.580404668726986595e-01 7.789263376064333722e-01 4.396743774414062500e+00
3.620000000000000000e+02 7.805644709033991990e-01 7.544562134258442354e-01 4.373845100402832031e+00
3.630000000000000000e+02 7.576711356463370350e-01 7.785152364325529373e-01 4.395845413208007812e+00
3.640000000000000000e+02 7.815590969588855907e-01 7.550880880729461397e-01 4.373396873474121094e+00
3.650000000000000000e+02 7.581615337473099903e-01 7.785871558661722203e-01 4.396273136138916016e+00
3.660000000000000000e+02 7.840435144531417988e-01 7.568110596871649998e-01 4.374197483062744141e+00
3.670000000000000000e+02 7.582647031883534838e-01 7.793135982843071297e-01 4.395158290863037109e+00
3.680000000000000000e+02 7.832250431483118724e-01 7.561337983624049075e-01 4.376040458679199219e+00
3.690000000000000000e+02 7.572576247553483020e-01 7.803499800283113519e-01 4.397642135620117188e+00
3.700000000000000000e+02 7.819633408167707689e-01 7.571107380900505834e-01 4.374611377716064453e+00
3.710000000000000000e+02 7.579914135072732817e-01 7.807769561707778028e-01 4.397275924682617188e+00
3.720000000000000000e+02 7.809188638257186232e-01 7.606343659588943318e-01 4.374422550201416016e+00
3.730000000000000000e+02 7.558191045856604839e-01 7.817142046649497855e-01 4.396996974945068359e+00
3.740000000000000000e+02 7.813088571071022947e-01 7.555594546614453622e-01 4.374226093292236328e+00
3.750000000000000000e+02 7.561787754708412246e-01 7.794350132039467027e-01 4.395865917205810547e+00
3.760000000000000000e+02 7.812339994839598845e-01 7.560782862301042018e-01 4.373791217803955078e+00
3.770000000000000000e+02 7.585970804654919020e-01 7.798782166532557403e-01 4.395382404327392578e+00
3.780000000000000000e+02 7.793368642823630399e-01 7.572809545695019517e-01 4.375185012817382812e+00
3.790000000000000000e+02 7.586571250760043572e-01 7.791766251314914404e-01 4.395522594451904297e+00
3.800000000000000000e+02 7.791312040764901692e-01 7.545732064234534908e-01 4.374808788299560547e+00
3.810000000000000000e+02 7.567619150205631140e-01 7.796960219984472307e-01 4.394167900085449219e+00
3.820000000000000000e+02 7.809301698759546495e-01 7.547936584693777373e-01 4.374469280242919922e+00
3.830000000000000000e+02 7.577539027086156453e-01 7.796229546622374107e-01 4.395478725433349609e+00
3.840000000000000000e+02 7.819774937196720677e-01 7.550627220797881956e-01 4.375171184539794922e+00
3.850000000000000000e+02 7.564224665288696858e-01 7.798768087308588504e-01 4.396587848663330078e+00
3.860000000000000000e+02 7.791760873905482221e-01 7.567950153816822567e-01 4.374303340911865234e+00
3.870000000000000000e+02 7.558891346972901326e-01 7.808527622376153499e-01 4.397267818450927734e+00
3.880000000000000000e+02 7.785310112093399848e-01 7.563903194763798021e-01 4.374484062194824219e+00
3.890000000000000000e+02 7.569239572498041024e-01 7.802474134650911886e-01 4.397409439086914062e+00
3.900000000000000000e+02 7.816259042269527724e-01 7.576385739084764426e-01 4.374996662139892578e+00
3.910000000000000000e+02 7.574141408104939632e-01 7.806488908631075141e-01 4.397700786590576172e+00
3.920000000000000000e+02 7.801063504956352590e-01 7.566158409605864277e-01 4.375224590301513672e+00
3.930000000000000000e+02 7.579596935726533591e-01 7.809899117284724301e-01 4.396732807159423828e+00
3.940000000000000000e+02 7.804050631400190063e-01 7.566555897169997547e-01 4.377347469329833984e+00
3.950000000000000000e+02 7.588879756660072973e-01 7.801194874996437711e-01 4.394979953765869141e+00
3.960000000000000000e+02 7.803922871071133915e-01 7.559653067667773119e-01 4.377676963806152344e+00
3.970000000000000000e+02 7.562722784544363419e-01 7.800293710960813920e-01 4.395797252655029297e+00
3.980000000000000000e+02 7.810834442863310301e-01 7.554980594260968241e-01 4.377144336700439453e+00
