0.000000000000000000e+00 9.396158970803038246e-02 7.171825764642819623e-02 2.997538089752197266e+00
1.000000000000000000e+00 9.192552185283017763e-02 9.067944866706846574e-02 3.009166002273559570e+00
2.000000000000000000e+00 1.279641334632659888e-01 9.024629427103286750e-02 3.153363466262817383e+00
3.000000000000000000e+00 1.238463124353453015e-01 1.233403429603311258e-01 3.165596961975097656e+00
4.000000000000000000e+00 1.709741054798613880e-01 1.217859185677122036e-01 3.284155607223510742e+00
5.000000000000000000e+00 1.643622222615207795e-01 1.716157757856611177e-01 3.296810388565063477e+00
6.000000000000000000e+00 2.197583538721623597e-01 1.611127099040641220e-01 3.394203424453735352e+00
7.000000000000000000e+00 2.078456704307025948e-01 2.158911863674823350e-01 3.409348011016845703e+00
8.000000000000000000e+00 2.662123553473206838e-01 2.062124365407085602e-01 3.488869428634643555e+00
9.000000000000000000e+00 2.522010387430664302e-01 2.612825450072122635e-01 3.501448392868041992e+00
1.000000000000000000e+01 3.135390956221085768e-01 2.481387304372965619e-01 3.570591449737548828e+00
1.100000000000000000e+01 2.912861373184439939e-01 3.043358258631211344e-01 3.582155942916870117e+00
1.200000000000000000e+01 3.492569605125405152e-01 2.867358081793681124e-01 3.640402078628540039e+00
1.300000000000000000e+01 3.305699701802362056e-01 3.428805747760921285e-01 3.650373935699462891e+00
1.400000000000000000e+01 3.823326360547854019e-01 3.233331518503985702e-01 3.702329874038696289e+00
1.500000000000000000e+01 3.629734207998980833e-01 3.779148358002791253e-01 3.711666107177734375e+00
1.600000000000000000e+01 4.150550018743057179e-01 3.554468780829880270e-01 3.757990598678588867e+00
1.700000000000000000e+01 3.930702165767113176e-01 4.106139869866265446e-01 3.766882419586181641e+00
1.800000000000000000e+01 4.430439260583876604e-01 3.877582090527932901e-01 3.805860996246337891e+00
1.900000000000000000e+01 4.201314937221426460e-01 4.390573072510017827e-01 3.816189050674438477e+00
2.000000000000000000e+01 4.702276649435487843e-01 4.185324944644073231e-01 3.847256422042846680e+00
2.100000000000000000e+01 4.488035234745604840e-01 4.680047321055249565e-01 3.860230445861816406e+00
2.200000000000000000e+01 4.959877545669101884e-01 4.422863853338767637e-01 3.886256933212280273e+00
2.300000000000000000e+01 4.713863411176987817e-01 4.925899220716006832e-01 3.897624015808105469e+00
2.400000000000000000e+01 5.210427241606722104e-01 4.662200639130498203e-01 3.919801950454711914e+00
2.500000000000000000e+01 4.943041376723329994e-01 5.162277447305945177e-01 3.932296037673950195e+00
2.600000000000000000e+01 5.417607022025319186e-01 4.919577146949660751e-01 3.950792551040649414e+00
2.700000000000000000e+01 5.157009848372053895e-01 5.393047426110282316e-01 3.963645458221435547e+00
2.800000000000000000e+01 5.617229437503117317e-01 5.103261418281080930e-01 3.978377103805541992e+00
2.900000000000000000e+01 5.329862092473112156e-01 5.588657648500123809e-01 3.992092370986938477e+00
3.000000000000000000e+01 5.784014484467497885e-01 5.329289897824075473e-01 4.004385471343994141e+00
3.100000000000000000e+01 5.527944100368334945e-01 5.787081379142542392e-01 4.018270015716552734e+00
3.200000000000000000e+01 5.963814967344522877e-01 5.545274298860073392e-01 4.028914451599121094e+00
3.300000000000000000e+01 5.686758509473308631e-01 5.968758700966404485e-01 4.043615818023681641e+00
3.400000000000000000e+01 6.097558610504589804e-01 5.680515747457672848e-01 4.050975322723388672e+00
3.500000000000000000e+01 5.850568938695813737e-01 6.110703478155927737e-01 4.065124034881591797e+00
3.600000000000000000e+01 6.241850422302424040e-01 5.829876847954810204e-01 4.070584774017333984e+00
3.700000000000000000e+01 5.988009402470547693e-01 6.220605677495459895e-01 4.085513114929199219e+00
3.800000000000000000e+01 6.376899707268008921e-01 5.962287984736320823e-01 4.089423656463623047e+00
3.900000000000000000e+01 6.108361550360521530e-01 6.370170866209313720e-01 4.103627681732177734e+00
4.000000000000000000e+01 6.483595554499317348e-01 6.091738516605188503e-01 4.104661941528320312e+00
4.100000000000000000e+01 6.217476395088795682e-01 6.484212391988657398e-01 4.119999885559082031e+00
4.200000000000000000e+01 6.619747403464163460e-01 6.230438746801535421e-01 4.119853496551513672e+00
4.300000000000000000e+01 6.322587534419735755e-01 6.603014882720301681e-01 4.133922100067138672e+00
4.400000000000000000e+01 6.718627410145300294e-01 6.316478585827302039e-01 4.130689144134521484e+00
4.500000000000000000e+01 6.417673545640979471e-01 6.682516958552063846e-01 4.148184299468994141e+00
4.600000000000000000e+01 6.799840065999465111e-01 6.450896527563325655e-01 4.143973827362060547e+00
4.700000000000000000e+01 6.517092405809672417e-01 6.804811598098532421e-01 4.160511493682861328e+00
4.800000000000000000e+01 6.857806229092014982e-01 6.538343111067518310e-01 4.154625892639160156e+00
4.900000000000000000e+01 6.583030343328344358e-01 6.888746928679239101e-01 4.173086643218994141e+00
5.000000000000000000e+01 6.938997114588544290e-01 6.621605843294787741e-01 4.164549350738525391e+00
5.100000000000000000e+01 6.645233900383924475e-01 6.940534315926927267e-01 4.183529376983642578e+00
5.200000000000000000e+01 6.994523158315641975e-01 6.668796107819574548e-01 4.173935890197753906e+00
5.300000000000000000e+01 6.720184493614623777e-01 7.023420975414581546e-01 4.193650722503662109e+00
5.400000000000000000e+01 7.077050458230715879e-01 6.740310607701981427e-01 4.183450698852539062e+00
5.500000000000000000e+01 6.803505685770870892e-01 7.069357062214152165e-01 4.202949047088623047e+00
5.600000000000000000e+01 7.129965611652457902e-01 6.817991115915394973e-01 4.190835952758789062e+00
5.700000000000000000e+01 6.852566913929653003e-01 7.161091618926542779e-01 4.210534095764160156e+00
5.800000000000000000e+01 7.188761502647461610e-01 6.870861576259356118e-01 4.197196483612060547e+00
5.900000000000000000e+01 6.926364611132262983e-01 7.184310885897021715e-01 4.216524600982666016e+00
6.000000000000000000e+01 7.254885779267957746e-01 6.912373860943795689e-01 4.205399990081787109e+00
6.100000000000000000e+01 6.946904022626354536e-01 7.253880364744152986e-01 4.222866058349609375e+00
6.200000000000000000e+01 7.260178517750307536e-01 6.950363208108100155e-01 4.210267543792724609e+00
6.300000000000000000e+01 7.009575489034450824e-01 7.280765895853265057e-01 4.230424404144287109e+00
6.400000000000000000e+01 7.334264133584570411e-01 6.980575252233438555e-01 4.216462135314941406e+00
6.500000000000000000e+01 7.032648472065725631e-01 7.298454544176373737e-01 4.235059261322021484e+00
6.600000000000000000e+01 7.341859776978614249e-01 7.023167356985510201e-01 4.220129489898681641e+00
6.700000000000000000e+01 7.052074718047066648e-01 7.336918430750917208e-01 4.241277217864990234e+00
6.800000000000000000e+01 7.359172192240081012e-01 7.055396843598913392e-01 4.224832057952880859e+00
6.900000000000000000e+01 7.096163441934636440e-01 7.371693604078807249e-01 4.245061397552490234e+00
7.000000000000000000e+01 7.398119228676849346e-01 7.112332228342391760e-01 4.229418754577636719e+00
7.100000000000000000e+01 7.128118452278046080e-01 7.409396327756425649e-01 4.250862121582031250e+00
7.200000000000000000e+01 7.437847766775345093e-01 7.126711939432008869e-01 4.235427379608154297e+00
7.300000000000000000e+01 7.146578267446771493e-01 7.430660328289667715e-01 4.255695819854736328e+00
7.400000000000000000e+01 7.471815687209951706e-01 7.165449939971095805e-01 4.238463401794433594e+00
7.500000000000000000e+01 7.178063093733006994e-01 7.464358946841029852e-01 4.258254051208496094e+00
7.600000000000000000e+01 7.489724234701329308e-01 7.206111867564224394e-01 4.242475509643554688e+00
7.700000000000000000e+01 7.207816310270523941e-01 7.490879934404459650e-01 4.261158466339111328e+00
7.800000000000000000e+01 7.492469024505056252e-01 7.206729717547023517e-01 4.245800495147705078e+00
7.900000000000000000e+01 7.211077685468845200e-01 7.493832732896982263e-01 4.264667510986328125e+00
8.000000000000000000e+01 7.521847727761765690e-01 7.216523950866574610e-01 4.247272968292236328e+00
8.100000000000000000e+01 7.221087963605339333e-01 7.531919724761976243e-01 4.268106937408447266e+00
8.200000000000000000e+01 7.526465422909662806e-01 7.239623199612261750e-01 4.250638008117675781e+00
8.300000000000000000e+01 7.272100352551348346e-01 7.520609690787898316e-01 4.270143985748291016e+00
8.400000000000000000e+01 7.529299687718497003e-01 7.254180494748647678e-01 4.253936767578125000e+00
8.500000000000000000e+01 7.272389878408306307e-01 7.548670443465792523e-01 4.273252487182617188e+00
8.600000000000000000e+01 7.545401044382651357e-01 7.250278952053730297e-01 4.257113456726074219e+00
8.700000000000000000e+01 7.286250667287216265e-01 7.566733739571848139e-01 4.275513172149658203e+00
8.800000000000000000e+01 7.571462578666022791e-01 7.308278624636391774e-01 4.259287834167480469e+00
8.900000000000000000e+01 7.301334362852228699e-01 7.561764437143295714e-01 4.278635025024414062e+00
9.000000000000000000e+01 7.553966820224590206e-01 7.300595833329593942e-01 4.260926723480224609e+00
9.100000000000000000e+01 7.301179560867632201e-01 7.569018660013746569e-01 4.282081127166748047e+00
9.200000000000000000e+01 7.583908472309421889e-01 7.309037937895686010e-01 4.261810779571533203e+00
9.300000000000000000e+01 7.294620689557109738e-01 7.600134635038924280e-01 4.281957149505615234e+00
9.400000000000000000e+01 7.591347835328936533e-01 7.311706962683154343e-01 4.263168334960937500e+00
9.500000000000000000e+01 7.337496878345642903e-01 7.608904996695077250e-01 4.282708644866943359e+00
9.600000000000000000e+01 7.631469270579590569e-01 7.324973259996102604e-01 4.265768051147460938e+00
9.700000000000000000e+01 7.357202013629300374e-01 7.606184614060328419e-01 4.285483837127685547e+00
9.800000000000000000e+01 7.635621820975181384e-01 7.340325027854517348e-01 4.266866683959960938e+00
9.900000000000000000e+01 7.372479586710086741e-01 7.630034758534481876e-01 4.287233352661132812e+00
1.000000000000000000e+02 7.671384486855330476e-01 7.349238267648647849e-01 4.269195079803466797e+00
1.010000000000000000e+02 7.408237027204510605e-01 7.638162280518004943e-01 4.289118766784667969e+00
1.020000000000000000e+02 7.681300333243844536e-01 7.355026629457406262e-01 4.272221088409423828e+00
1.030000000000000000e+02 7.409096332100834070e-01 7.637172408265470169e-01 4.290932655334472656e+00
1.040000000000000000e+02 7.689679709640150351e-01 7.369762649430444679e-01 4.273553371429443359e+00
1.050000000000000000e+02 7.439873996238666187e-01 7.647040063696015633e-01 4.291577816009521484e+00
1.060000000000000000e+02 7.735085695688156404e-01 7.370825914180777483e-01 4.275922775268554688e+00
1.070000000000000000e+02 7.456571861486225306e-01 7.653548874332113394e-01 4.290495872497558594e+00
1.080000000000000000e+02 7.714468291259823918e-01 7.396282806938698773e-01 4.276506900787353516e+00
1.090000000000000000e+02 7.451233102417035292e-01 7.671511213538504403e-01 4.290532112121582031e+00
1.100000000000000000e+02 7.732027204973164203e-01 7.394212168468197177e-01 4.277345180511474609e+00
1.110000000000000000e+02 7.434433594298355263e-01 7.677716258682988348e-01 4.291590213775634766e+00
1.120000000000000000e+02 7.720328644604227408e-01 7.400351115709632444e-01 4.276508331298828125e+00
1.130000000000000000e+02 7.462672563640002643e-01 7.693893655668423426e-01 4.292471408843994141e+00
1.140000000000000000e+02 7.740640733111998628e-01 7.394762615921770532e-01 4.278178691864013672e+00
1.150000000000000000e+02 7.469787993495713430e-01 7.676153396218897695e-01 4.293903350830078125e+00
1.160000000000000000e+02 7.749320256723564171e-01 7.421704431321372031e-01 4.279568672180175781e+00
1.170000000000000000e+02 7.486562009483871405e-01 7.681616267351432104e-01 4.294925212860107422e+00
1.180000000000000000e+02 7.750157186336239512e-01 7.383162818114018533e-01 4.280229568481445312e+00
1.190000000000000000e+02 7.473923266213721162e-01 7.677342550543775346e-01 4.295265674591064453e+00
1.200000000000000000e+02 7.751172900925903386e-01 7.403236017975087790e-01 4.280593395233154297e+00
1.210000000000000000e+02 7.468570626605762763e-01 7.658525882790052641e-01 4.296668529510498047e+00
1.220000000000000000e+02 7.747214057728053493e-01 7.410019754151160321e-01 4.281388759613037109e+00
1.230000000000000000e+02 7.504627172438026461e-01 7.671115494388018874e-01 4.297521114349365234e+00
1.240000000000000000e+02 7.746195452820947569e-01 7.409236055072057070e-01 4.281840324401855469e+00
1.250000000000000000e+02 7.492378311019790571e-01 7.680578628618278669e-01 4.298481464385986328e+00
1.260000000000000000e+02 7.745783257263104682e-01 7.417951854011408663e-01 4.281854629516601562e+00
1.270000000000000000e+02 7.465198894191812373e-01 7.685881357175350370e-01 4.300185680389404297e+00
1.280000000000000000e+02 7.764878830457915271e-01 7.422262540637061257e-01 4.281737327575683594e+00
1.290000000000000000e+02 7.486863511231393042e-01 7.678657261371745202e-01 4.300817012786865234e+00
1.300000000000000000e+02 7.769076749303814866e-01 7.430878343433575672e-01 4.281390190124511719e+00
1.310000000000000000e+02 7.482813495118787461e-01 7.702976972520558796e-01 4.299837589263916016e+00
1.320000000000000000e+02 7.771020780398871786e-01 7.427363823288877231e-01 4.281352519989013672e+00
1.330000000000000000e+02 7.488246536209258730e-01 7.677670837022907424e-01 4.300126552581787109e+00
1.340000000000000000e+02 7.754976515281741811e-01 7.421718489682191944e-01 4.283617973327636719e+00
1.350000000000000000e+02 7.489383787985913754e-01 7.704970107565317639e-01 4.299971103668212891e+00
1.360000000000000000e+02 7.756852355273322619e-01 7.404075607379908552e-01 4.281474113464355469e+00
1.370000000000000000e+02 7.499115209967230911e-01 7.696709511227883826e-01 4.300827980041503906e+00
1.380000000000000000e+02 7.754394949225889011e-01 7.408423101876383532e-01 4.282826900482177734e+00
1.390000000000000000e+02 7.479194762907168670e-01 7.696984873000898286e-01 4.300095081329345703e+00
1.400000000000000000e+02 7.732660075680172218e-01 7.409955787295926521e-01 4.281902313232421875e+00
1.410000000000000000e+02 7.478593950925592759e-01 7.719608708283494103e-01 4.300904750823974609e+00
1.420000000000000000e+02 7.754294731622716208e-01 7.436592457837842840e-01 4.282504558563232422e+00
1.430000000000000000e+02 7.491050564449320825e-01 7.687388792971482365e-01 4.301547050476074219e+00
1.440000000000000000e+02 7.743483479417661020e-01 7.406778202180409609e-01 4.282083034515380859e+00
1.450000000000000000e+02 7.469053769848221780e-01 7.697401736795645988e-01 4.301026344299316406e+00
1.460000000000000000e+02 7.724407339262790995e-01 7.432674540237759198e-01 4.282260417938232422e+00
1.470000000000000000e+02 7.491075677492391449e-01 7.715552224789316016e-01 4.300251483917236328e+00
1.480000000000000000e+02 7.771265725293891036e-01 7.457942862105424453e-01 4.282911777496337891e+00
1.490000000000000000e+02 7.505422698384388580e-01 7.713699062301500042e-01 4.298920631408691406e+00
1.500000000000000000e+02 7.757507253334505748e-01 7.448888837677630770e-01 4.283227920532226562e+00
1.510000000000000000e+02 7.497022316184789315e-01 7.694186573368938520e-01 4.298189640045166016e+00
1.520000000000000000e+02 7.758789902571885388e-01 7.433860459618751859e-01 4.284180641174316406e+00
1.530000000000000000e+02 7.477793491921393976e-01 7.717588637984575950e-01 4.299032688140869141e+00
1.540000000000000000e+02 7.762925183895424963e-01 7.432262981807921109e-01 4.283686161041259766e+00
1.550000000000000000e+02 7.498100898955002425e-01 7.711367527111656628e-01 4.298104286193847656e+00
1.560000000000000000e+02 7.768725744305133851e-01 7.428337020076144492e-01 4.284143447875976562e+00
1.570000000000000000e+02 7.488226370667193654e-01 7.724409388152500000e-01 4.296910285949707031e+00
1.580000000000000000e+02 7.774403419906276147e-01 7.454650741221275911e-01 4.282682895660400391e+00
1.590000000000000000e+02 7.490994112378877023e-01 7.702019587384038024e-01 4.297415256500244141e+00
1.600000000000000000e+02 7.751528080682694721e-01 7.455465808127098581e-01 4.283667087554931641e+00
1.610000000000000000e+02 7.464085432564302458e-01 7.722270931365777802e-01 4.297964572906494141e+00
1.620000000000000000e+02 7.748018139171755081e-01 7.416286491573209627e-01 4.281774520874023438e+00
1.630000000000000000e+02 7.467589693813277973e-01 7.730112752110823715e-01 4.297570705413818359e+00
1.640000000000000000e+02 7.736861457052723878e-01 7.471631261107831712e-01 4.281599998474121094e+00
1.650000000000000000e+02 7.458401978950834899e-01 7.728502250097568638e-01 4.299737930297851562e+00
1.660000000000000000e+02 7.720783830359518873e-01 7.468277431240276654e-01 4.281147956848144531e+00
1.670000000000000000e+02 7.453199828366962043e-01 7.726564858648692358e-01 4.300804138183593750e+00
1.680000000000000000e+02 7.731661784706107543e-01 7.459465477293625302e-01 4.281109809875488281e+00
1.690000000000000000e+02 7.449328102333651058e-01 7.732211970428186643e-01 4.299433708190917969e+00
1.700000000000000000e+02 7.719968847020458602e-01 7.458561409743061921e-01 4.280659675598144531e+00
1.710000000000000000e+02 7.443400558269804845e-01 7.724265853867927634e-01 4.299640178680419922e+00
1.720000000000000000e+02 7.697796011910067460e-01 7.458607872321441068e-01 4.281338214874267578e+00
1.730000000000000000e+02 7.445691651308286030e-01 7.746526638236101991e-01 4.300979137420654297e+00
1.740000000000000000e+02 7.729495575422280496e-01 7.477033891212114813e-01 4.281492710113525391e+00
1.750000000000000000e+02 7.452913197605808282e-01 7.750430213054916306e-01 4.300676345825195312e+00
1.760000000000000000e+02 7.720275351614874770e-01 7.471396141326154261e-01 4.281674861907958984e+00
1.770000000000000000e+02 7.443724668294378066e-01 7.740833626718308658e-01 4.300252437591552734e+00
1.780000000000000000e+02 7.712342807888589169e-01 7.490511986699858182e-01 4.280996322631835938e+00
1.790000000000000000e+02 7.436895959576339532e-01 7.743906197366633437e-01 4.300720214843750000e+00
1.800000000000000000e+02 7.724484915185544365e-01 7.493139297347918282e-01 4.280198574066162109e+00
1.810000000000000000e+02 7.459844464162967981e-01 7.771199646139083095e-01 4.300089359283447266e+00
1.820000000000000000e+02 7.738373826116713428e-01 7.470446481541064276e-01 4.280268192291259766e+00
1.830000000000000000e+02 7.459680339983733033e-01 7.758644996484693745e-01 4.299837589263916016e+00
1.840000000000000000e+02 7.731296928514771460e-01 7.473870127364119487e-01 4.281577587127685547e+00
1.850000000000000000e+02 7.478846181097291712e-01 7.726055247641259172e-01 4.300279617309570312e+00
1.860000000000000000e+02 7.774955640091584241e-01 7.449975399485605498e-01 4.280279636383056641e+00
1.870000000000000000e+02 7.481939793333944877e-01 7.732307840649310648e-01 4.299674034118652344e+00
1.880000000000000000e+02 7.755045654187543436e-01 7.436932707268846254e-01 4.280601024627685547e+00
1.890000000000000000e+02 7.474540226394811304e-01 7.707984517845298811e-01 4.298403263092041016e+00
1.900000000000000000e+02 7.747054858692933310e-01 7.446927506032234856e-01 4.281666755676269531e+00
1.910000000000000000e+02 7.472023546151710383e-01 7.715206728459527152e-01 4.299406528472900391e+00
1.920000000000000000e+02 7.733151921736288736e-01 7.430557415994073489e-01 4.282490253448486328e+00
1.930000000000000000e+02 7.484852513537065821e-01 7.707922048531256065e-01 4.299814224243164062e+00
1.940000000000000000e+02 7.748545434296754131e-01 7.436586110384993953e-01 4.283710956573486328e+00
1.950000000000000000e+02 7.495889032996937429e-01 7.702282123460948426e-01 4.298061370849609375e+00
1.960000000000000000e+02 7.755825696407060432e-01 7.436511274867918520e-01 4.283592700958251953e+00
1.970000000000000000e+02 7.495195822165292565e-01 7.698421717753710647e-01 4.297748088836669922e+00
1.980000000000000000e+02 7.784407734068313767e-01 7.425844406102092288e-01 4.284724712371826172e+00
1.990000000000000000e+02 7.494958172271618535e-01 7.711941568838698302e-01 4.297901153564453125e+00
2.000000000000000000e+02 7.754843047461307259e-01 7.435169401194062777e-01 4.284595489501953125e+00
2.010000000000000000e+02 7.466091657763168632e-01 7.751505930278179690e-01 4.298686504364013672e+00
2.020000000000000000e+02 7.757623189278058939e-01 7.447063483732898614e-01 4.283054828643798828e+00
2.030000000000000000e+02 7.472527851778970609e-01 7.747940809012323626e-01 4.298894882202148438e+00
2.040000000000000000e+02 7.766736819865711627e-01 7.482225722316799832e-01 4.282761573791503906e+00
2.050000000000000000e+02 7.478464599545343594e-01 7.703497679612321125e-01 4.299814701080322266e+00
2.060000000000000000e+02 7.738149714248203637e-01 7.469251550027152797e-01 4.282083511352539062e+00
2.070000000000000000e+02 7.476773281923796421e-01 7.749106623019613727e-01 4.300239086151123047e+00
2.080000000000000000e+02 7.765818538949641470e-01 7.462446735574913559e-01 4.282360076904296875e+00
2.090000000000000000e+02 7.497130558600122452e-01 7.745076139265071324e-01 4.300451755523681641e+00
2.100000000000000000e+02 7.743951123608470155e-01 7.482046473495932437e-01 4.281668186187744141e+00
2.110000000000000000e+02 7.465966580639948891e-01 7.754722974952281689e-01 4.300943851470947266e+00
2.120000000000000000e+02 7.769043913343245400e-01 7.488333618310467621e-01 4.282348155975341797e+00
2.130000000000000000e+02 7.484860876445614819e-01 7.745485625615730063e-01 4.302431583404541016e+00
2.140000000000000000e+02 7.766031357481764097e-01 7.494861635544446399e-01 4.282496929168701172e+00
2.150000000000000000e+02 7.488667465662274259e-01 7.760264778250299811e-01 4.302957057952880859e+00
2.160000000000000000e+02 7.789942128023795709e-01 7.495673675491572041e-01 4.281775474548339844e+00
2.170000000000000000e+02 7.475497133284062512e-01 7.760378522257644907e-01 4.303096771240234375e+00
2.180000000000000000e+02 7.748676291194345200e-01 7.480189798173887405e-01 4.281878471374511719e+00
2.190000000000000000e+02 7.486568891001066373e-01 7.751173987383825903e-01 4.304657936096191406e+00
2.200000000000000000e+02 7.775331646066665492e-01 7.482200070474928078e-01 4.282473564147949219e+00
2.210000000000000000e+02 7.529553107106505827e-01 7.735609671405933030e-01 4.303979396820068359e+00
2.220000000000000000e+02 7.783570808807357411e-01 7.477077296528940042e-01 4.282871723175048828e+00
2.230000000000000000e+02 7.520745130031776249e-01 7.750946115800814162e-01 4.302937030792236328e+00
2.240000000000000000e+02 7.776786476442639762e-01 7.475093183697624211e-01 4.281108379364013672e+00
2.250000000000000000e+02 7.517852118238254056e-01 7.718517324659962542e-01 4.302461147308349609e+00
2.260000000000000000e+02 7.779948666778385702e-01 7.487317289952952759e-01 4.281688213348388672e+00
2.270000000000000000e+02 7.519746599051250202e-01 7.752841715376858067e-01 4.302080631256103516e+00
2.280000000000000000e+02 7.796660153395029713e-01 7.467649214456596463e-01 4.281920909881591797e+00
2.290000000000000000e+02 7.491245659839784743e-01 7.742792061286379868e-01 4.300158977508544922e+00
2.300000000000000000e+02 7.763594769645242311e-01 7.492475762208118395e-01 4.281882762908935547e+00
2.310000000000000000e+02 7.482705710713150049e-01 7.756581318574424788e-01 4.301773548126220703e+00
2.320000000000000000e+02 7.745685087119623669e-01 7.497736580805199891e-01 4.281190395355224609e+00
2.330000000000000000e+02 7.483551203498590709e-01 7.782136528341755399e-01 4.301451683044433594e+00
2.340000000000000000e+02 7.765267802530880781e-01 7.484085199136001343e-01 4.280738830566406250e+00
2.350000000000000000e+02 7.505051656162932128e-01 7.750045047295023304e-01 4.300969123840332031e+00
2.360000000000000000e+02 7.781240282396961749e-01 7.476939802957122128e-01 4.282455921173095703e+00
2.370000000000000000e+02 7.519375204669566104e-01 7.757539167607467867e-01 4.300364494323730469e+00
2.380000000000000000e+02 7.781818061112866225e-01 7.470799244354747737e-01 4.283187866210937500e+00
2.390000000000000000e+02 7.524947945709797859e-01 7.731160188488951368e-01 4.300781726837158203e+00
2.400000000000000000e+02 7.803088272151607052e-01 7.481871299402590436e-01 4.282635688781738281e+00
2.410000000000000000e+02 7.524275339565058562e-01 7.744730445987018097e-01 4.301171779632568359e+00
2.420000000000000000e+02 7.776851831356735856e-01 7.459907178198059707e-01 4.283967494964599609e+00
2.430000000000000000e+02 7.500292038209336321e-01 7.753880308718331671e-01 4.301410198211669922e+00
2.440000000000000000e+02 7.790249857307038894e-01 7.480715249886711327e-01 4.284524440765380859e+00
2.450000000000000000e+02 7.514720835672993315e-01 7.741601136168210218e-01 4.302238941192626953e+00
2.460000000000000000e+02 7.791565031320220047e-01 7.481388882933074358e-01 4.285539150238037109e+00
2.470000000000000000e+02 7.491270017012624516e-01 7.728579100807239088e-01 4.302826881408691406e+00
2.480000000000000000e+02 7.761495819338054547e-01 7.471190432252809988e-01 4.284925460815429688e+00
2.490000000000000000e+02 7.505161172707002226e-01 7.747186081017217729e-01 4.303673267364501953e+00
2.500000000000000000e+02 7.781195417104080914e-01 7.489442888484968419e-01 4.286318302154541016e+00
2.510000000000000000e+02 7.524551870785727292e-01 7.731731479465886459e-01 4.303922176361083984e+00
2.520000000000000000e+02 7.774867827214797522e-01 7.488328246463086257e-01 4.288619041442871094e+00
2.530000000000000000e+02 7.505058393347426859e-01 7.741632970106967493e-01 4.304785251617431641e+00
2.540000000000000000e+02 7.765200739540343289e-01 7.475158347918194890e-01 4.287777423858642578e+00
2.550000000000000000e+02 7.514622094865680557e-01 7.729982644538064829e-01 4.303946971893310547e+00
2.560000000000000000e+02 7.749420503465099808e-01 7.479119358195790435e-01 4.287384033203125000e+00
2.570000000000000000e+02 7.521377857063988870e-01 7.741097519030160079e-01 4.304098129272460938e+00
2.580000000000000000e+02 7.786520447979797810e-01 7.458906340349833464e-01 4.286915779113769531e+00
2.590000000000000000e+02 7.536277491311309529e-01 7.731952259350006740e-01 4.303490161895751953e+00
2.600000000000000000e+02 7.792958607454478770e-01 7.441957860654713208e-01 4.287053585052490234e+00
2.610000000000000000e+02 7.524931675387569463e-01 7.713399019045409366e-01 4.303788185119628906e+00
2.620000000000000000e+02 7.781681975194145728e-01 7.434705724401887705e-01 4.287442684173583984e+00
2.630000000000000000e+02 7.509719012606096422e-01 7.736782135857827036e-01 4.303607940673828125e+00
2.640000000000000000e+02 7.801437284028880370e-01 7.437693049458995453e-01 4.287592887878417969e+00
2.650000000000000000e+02 7.533607443013712324e-01 7.710559808226528089e-01 4.302669048309326172e+00
2.660000000000000000e+02 7.773835783017297718e-01 7.452860243310286403e-01 4.289267539978027344e+00
2.670000000000000000e+02 7.512885069825666617e-01 7.703274124796163358e-01 4.303749561309814453e+00
2.680000000000000000e+02 7.785927229185914955e-01 7.430225114244259910e-01 4.287476062774658203e+00
2.690000000000000000e+02 7.529743157570646384e-01 7.705956607724209206e-01 4.302102565765380859e+00
2.700000000000000000e+02 7.775535526576619061e-01 7.446105871325223724e-01 4.287288665771484375e+00
2.710000000000000000e+02 7.525220700785555383e-01 7.712960448974818251e-01 4.302240371704101562e+00
2.720000000000000000e+02 7.782006525534027608e-01 7.469346306212566455e-01 4.287135124206542969e+00
2.730000000000000000e+02 7.488186413406547892e-01 7.745231146045920001e-01 4.302875995635986328e+00
2.740000000000000000e+02 7.762584935544537545e-01 7.473009123961250610e-01 4.286500930786132812e+00
2.750000000000000000e+02 7.531214922269856560e-01 7.730975610939513354e-01 4.304114818572998047e+00
2.760000000000000000e+02 7.771832054120284550e-01 7.490324060741181400e-01 4.287146568298339844e+00
2.770000000000000000e+02 7.492661771360495937e-01 7.728762764716577971e-01 4.302451610565185547e+00
2.780000000000000000e+02 7.747080335270590812e-01 7.467040117283160194e-01 4.286717414855957031e+00
2.790000000000000000e+02 7.497287693520149343e-01 7.767004167245505908e-01 4.302811622619628906e+00
2.800000000000000000e+02 7.776596351239939420e-01 7.511985829022725936e-01 4.287240028381347656e+00
2.810000000000000000e+02 7.489549619978354000e-01 7.766991413768140617e-01 4.303802013397216797e+00
2.820000000000000000e+02 7.739620728849440079e-01 7.480863760330477286e-01 4.285741806030273438e+00
2.830000000000000000e+02 7.536728980353569751e-01 7.740844730528070317e-01 4.303587913513183594e+00
2.840000000000000000e+02 7.761878827715891216e-01 7.486712567447915134e-01 4.285498619079589844e+00
2.850000000000000000e+02 7.504318026456654467e-01 7.745551699405304191e-01 4.304177284240722656e+00
2.860000000000000000e+02 7.762187312319378529e-01 7.494709265890888705e-01 4.285059928894042969e+00
2.870000000000000000e+02 7.499944032424044060e-01 7.780207889832150281e-01 4.304732799530029297e+00
2.880000000000000000e+02 7.747456698091729210e-01 7.487125902844443681e-01 4.284471035003662109e+00
2.890000000000000000e+02 7.476465007272000696e-01 7.761180159234436493e-01 4.304484367370605469e+00
2.900000000000000000e+02 7.755184260551267750e-01 7.510226884219566301e-01 4.284118652343750000e+00
2.910000000000000000e+02 7.496597275419744077e-01 7.751289205613945965e-01 4.305408477783203125e+00
2.920000000000000000e+02 7.744439255424744317e-01 7.493695374890451122e-01 4.283031940460205078e+00
2.930000000000000000e+02 7.481014800979668422e-01 7.763065920439976564e-01 4.306816577911376953e+00
2.940000000000000000e+02 7.772196288795469865e-01 7.499565895445552410e-01 4.281966209411621094e+00
2.950000000000000000e+02 7.496792258171609546e-01 7.769234066354867574e-01 4.305255413055419922e+00
2.960000000000000000e+02 7.749154460652840637e-01 7.494982428427122700e-01 4.282756328582763672e+00
2.970000000000000000e+02 7.484085552485043591e-01 7.758687494475833279e-01 4.304860115051269531e+00
2.980000000000000000e+02 7.748804904751478428e-01 7.504718273000616779e-01 4.282092094421386719e+00
2.990000000000000000e+02 7.488035161585480104e-01 7.773519901033264512e-01 4.305606842041015625e+00
3.000000000000000000e+02 7.740958038644383254e-01 7.535456120217580711e-01 4.281215667724609375e+00
3.010000000000000000e+02 7.467012258171324968e-01 7.794005637603974579e-01 4.306138992309570312e+00
3.020000000000000000e+02 7.755826404460878232e-01 7.506634013332965649e-01 4.281586647033691406e+00
3.030000000000000000e+02 7.487203641298106893e-01 7.771458915944740031e-01 4.305666923522949219e+00
3.040000000000000000e+02 7.732959863333487283e-01 7.480388434553633115e-01 4.282668113708496094e+00
3.050000000000000000e+02 7.459247056237393592e-01 7.756476300796187884e-01 4.305704116821289062e+00
3.060000000000000000e+02 7.745004347944123291e-01 7.517743212091740901e-01 4.281126022338867188e+00
3.070000000000000000e+02 7.486764318279600650e-01 7.785524455847419034e-01 4.306639194488525391e+00
3.080000000000000000e+02 7.735519922104319157e-01 7.517800648976757927e-01 4.280045032501220703e+00
3.090000000000000000e+02 7.460266328570324124e-01 7.776083210834077164e-01 4.307378292083740234e+00
3.100000000000000000e+02 7.748432050436060425e-01 7.506071040000098504e-01 4.279961585998535156e+00
3.110000000000000000e+02 7.462282270840883136e-01 7.769032865154852363e-01 4.306279182434082031e+00
3.120000000000000000e+02 7.729268377194131734e-01 7.497251903642496718e-01 4.281788349151611328e+00
3.130000000000000000e+02 7.466993676944161384e-01 7.763018032743124186e-01 4.305832386016845703e+00
3.140000000000000000e+02 7.727897609110736532e-01 7.492572483010498940e-01 4.281367778778076172e+00
3.150000000000000000e+02 7.470498106899962076e-01 7.768891279818117557e-01 4.305398464202880859e+00
3.160000000000000000e+02 7.722942317363601372e-01 7.503785411453685050e-01 4.279802799224853516e+00
3.170000000000000000e+02 7.462243548811822169e-01 7.752124146878228705e-01 4.305628299713134766e+00
3.180000000000000000e+02 7.716971553174764020e-01 7.509609299313383390e-01 4.279044151306152344e+00
3.190000000000000000e+02 7.472072729354650722e-01 7.768423517667437661e-01 4.304309844970703125e+00
3.200000000000000000e+02 7.705273458418034904e-01 7.497164477755633438e-01 4.278325557708740234e+00
3.210000000000000000e+02 7.439811699197764749e-01 7.761985193381863990e-01 4.303690910339355469e+00
3.220000000000000000e+02 7.734838959271961301e-01 7.480972283422570035e-01 4.277527332305908203e+00
3.230000000000000000e+02 7.449971724585414679e-01 7.771326257324799869e-01 4.302060604095458984e+00
3.240000000000000000e+02 7.726372956080409526e-01 7.488956274668405744e-01 4.277519702911376953e+00
3.250000000000000000e+02 7.458725263197846234e-01 7.767022655116333496e-01 4.301674842834472656e+00
3.260000000000000000e+02 7.717111531628166876e-01 7.463929815162478887e-01 4.279558181762695312e+00
3.270000000000000000e+02 7.461722152783475392e-01 7.722410112833222318e-01 4.301243305206298828e+00
3.280000000000000000e+02 7.752368784748553399e-01 7.463545287643781334e-01 4.280344486236572266e+00
3.290000000000000000e+02 7.473746944860365504e-01 7.721117039015489292e-01 4.300286769866943359e+00
3.300000000000000000e+02 7.727918120704511118e-01 7.467974088266610133e-01 4.281765460968017578e+00
3.310000000000000000e+02 7.483589954516826070e-01 7.724701474730583106e-01 4.299005508422851562e+00
3.320000000000000000e+02 7.754701438514245426e-01 7.457332626302253242e-01 4.283203601837158203e+00
3.330000000000000000e+02 7.480416883689384733e-01 7.737554236681216668e-01 4.299889564514160156e+00
3.340000000000000000e+02 7.756626431549262790e-01 7.479201789440199644e-01 4.281854152679443359e+00
3.350000000000000000e+02 7.483316377961624077e-01 7.735851794413936000e-01 4.300096035003662109e+00
3.360000000000000000e+02 7.751972711499223179e-01 7.434460608551667349e-01 4.281363487243652344e+00
3.370000000000000000e+02 7.484751008646892689e-01 7.702714690389301788e-01 4.299390792846679688e+00
3.380000000000000000e+02 7.736648867178502753e-01 7.454370366739621057e-01 4.280332565307617188e+00
3.390000000000000000e+02 7.481788894925492928e-01 7.713412812122298901e-01 4.299627304077148438e+00
3.400000000000000000e+02 7.739366275045890253e-01 7.447238999779820512e-01 4.282164096832275391e+00
3.410000000000000000e+02 7.484459532760040501e-01 7.729129767346215596e-01 4.298996925354003906e+00
3.420000000000000000e+02 7.745097985819537900e-01 7.425140973927684129e-01 4.282664775848388672e+00
3.430000000000000000e+02 7.483884273810706977e-01 7.707665481300441934e-01 4.299897670745849609e+00
3.440000000000000000e+02 7.762989990033094534e-01 7.431165199611875494e-01 4.283317565917968750e+00
3.450000000000000000e+02 7.480440936372831917e-01 7.712812057260698406e-01 4.299554824829101562e+00
3.460000000000000000e+02 7.769138410168595632e-01 7.434318851049953603e-01 4.281505107879638672e+00
3.470000000000000000e+02 7.477492909107326113e-01 7.705367853780927812e-01 4.300754070281982422e+00
3.480000000000000000e+02 7.775686317965836425e-01 7.458751384422401820e-01 4.283817291259765625e+00
3.490000000000000000e+02 7.498992020553869597e-01 7.709993258848696351e-01 4.301707267761230469e+00
3.500000000000000000e+02 7.762805407259050217e-01 7.471888356915328266e-01 4.284303188323974609e+00
3.510000000000000000e+02 7.483214314838436687e-01 7.708474650029771835e-01 4.301755428314208984e+00
3.520000000000000000e+02 7.748449407392323796e-01 7.449012779926306171e-01 4.284276962280273438e+00
3.530000000000000000e+02 7.506786540755494563e-01 7.709817514365615576e-01 4.301482200622558594e+00
3.540000000000000000e+02 7.794581682375582021e-01 7.412468210133177360e-01 4.285959720611572266e+00
3.550000000000000000e+02 7.516117555459730371e-01 7.708898967800877911e-01 4.301047325134277344e+00
3.560000000000000000e+02 7.775952653216589017e-01 7.448201407839465382e-01 4.285378932952880859e+00
3.570000000000000000e+02 7.509157796547967223e-01 7.721590848019176390e-01 4.299848556518554688e+00
3.580000000000000000e+02 7.786334740464510018e-01 7.443864037221585850e-01 4.283928871154785156e+00
3.590000000000000000e+02 7.522582467392001648e-01 7.702949769258746748e-01 4.298574447631835938e+00
3.600000000000000000e+02 7.797084211221677608e-01 7.460451479561067689e-01 4.283332824707031250e+00
3.610000000000000000e+02 7.541371331156478952e-01 7.723960823508809748e-01 4.297649383544921875e+00
3.620000000000000000e+02 7.789889420761678673e-01 7.445868696560190569e-01 4.283479213714599609e+00
3.630000000000000000e+02 7.553323598961189100e-01 7.697181859032693474e-01 4.297635078430175781e+00
3.640000000000000000e+02 7.789479753385825100e-01 7.467533286565631867e-01 4.283491134643554688e+00
3.650000000000000000e+02 7.538593949536379624e-01 7.727869170857939451e-01 4.298314571380615234e+00
3.660000000000000000e+02 7.788936517473086241e-01 7.455722678439324902e-01 4.283029079437255859e+00
3.670000000000000000e+02 7.516970041293905558e-01 7.736477670577281973e-01 4.299071311950683594e+00
3.680000000000000000e+02 7.783159342326918528e-01 7.454469021345783153e-01 4.282486915588378906e+00
3.690000000000000000e+02 7.503354477149253299e-01 7.739369224040466566e-01 4.300334453582763672e+00
3.700000000000000000e+02 7.776005587138971054e-01 7.484429910180933065e-01 4.283041954040527344e+00
3.710000000000000000e+02 7.519123542938566107e-01 7.741267561348276205e-01 4.301908016204833984e+00
3.720000000000000000e+02 7.785043472503323514e-01 7.467381005646254177e-01 4.284242630004882812e+00
3.730000000000000000e+02 7.505892934633339175e-01 7.731481712876806522e-01 4.301388263702392578e+00
3.740000000000000000e+02 7.783376232830623298e-01 7.477102297087618865e-01 4.283749580383300781e+00
3.750000000000000000e+02 7.515145368688336269e-01 7.699954801684653072e-01 4.302073001861572266e+00
3.760000000000000000e+02 7.801023312671698795e-01 7.452693268924122094e-01 4.285056114196777344e+00
3.770000000000000000e+02 7.522297736281781111e-01 7.707295148273488605e-01 4.301029682159423828e+00
3.780000000000000000e+02 7.782857380411282167e-01 7.470189960353690317e-01 4.286058902740478516e+00
3.790000000000000000e+02 7.528208323459247842e-01 7.728055079028568475e-01 4.300860404968261719e+00
3.800000000000000000e+02 7.802046911736345569e-01 7.441202067061650771e-01 4.285229206085205078e+00
3.810000000000000000e+02 7.498303800986652057e-01 7.726661005933878057e-01 4.301684856414794922e+00
3.820000000000000000e+02 7.759615796704583124e-01 7.458684876046876022e-01 4.282985210418701172e+00
3.830000000000000000e+02 7.508054400915468163e-01 7.735471446504912363e-01 4.301280498504638672e+00
3.840000000000000000e+02 7.784469323857025058e-01 7.468712192285276164e-01 4.282839775085449219e+00
3.850000000000000000e+02 7.502203522992381135e-01 7.747219657773131152e-01 4.302743434906005859e+00
3.860000000000000000e+02 7.757071016454853973e-01 7.472528197631435054e-01 4.282770633697509766e+00
3.870000000000000000e+02 7.496107861032460518e-01 7.759838532764574692e-01 4.302278518676757812e+00
3.880000000000000000e+02 7.783841161766670291e-01 7.481505202405861477e-01 4.281315326690673828e+00
3.890000000000000000e+02 7.497895181033727985e-01 7.716854492698055346e-01 4.302363395690917969e+00
3.900000000000000000e+02 7.786902501320079883e-01 7.501640901322230714e-01 4.281252384185791016e+00
3.910000000000000000e+02 7.516396144818405789e-01 7.735024439843316557e-01 4.303520202636718750e+00
3.920000000000000000e+02 7.773731140633081127e-01 7.465126111058210112e-01 4.281681060791015625e+00
3.930000000000000000e+02 7.520767668587217125e-01 7.759446453571452462e-01 4.302318096160888672e+00
3.940000000000000000e+02 7.795628369066726071e-01 7.477126798886176706e-01 4.283112049102783203e+00
3.950000000000000000e+02 7.529049327483144927e-01 7.750200676913695519e-01 4.302144527435302734e+00
3.960000000000000000e+02 7.765758177075947621e-01 7.497433188335559384e-01 4.283035278320312500e+00
3.970000000000000000e+02 7.522055138350441927e-01 7.760621483285006228e-01 4.300701141357421875e+00
3.980000000000000000e+02 7.800903288241339828e-01 7.481025830082606021e-01 4.282000064849853516e+00
