0.000000000000000000e+00 9.122057151404885933e-02 7.326557978725843634e-02 3.003274440765380859e+00
1.000000000000000000e+00 8.797950093880470279e-02 9.550890084589738760e-02 2.989979028701782227e+00
2.000000000000000000e+00 1.309115732306107560e-01 9.074355228012553898e-02 3.160254955291748047e+00
3.000000000000000000e+00 1.252344768847570844e-01 1.376687056145571297e-01 3.150064945220947266e+00
4.000000000000000000e+00 1.788539586767829703e-01 1.295158029882989004e-01 3.292644977569580078e+00
5.000000000000000000e+00 1.712424814223758585e-01 1.828734975337917568e-01 3.282530546188354492e+00
6.000000000000000000e+00 2.324643523568850623e-01 1.759700361497582854e-01 3.402614593505859375e+00
7.000000000000000000e+00 2.164555741056358729e-01 2.398449112553996121e-01 3.392381429672241211e+00
8.000000000000000000e+00 2.805643258612341429e-01 2.240591707988383030e-01 3.494336605072021484e+00
9.000000000000000000e+00 2.680400427393098695e-01 2.895180279794148936e-01 3.485672473907470703e+00
1.000000000000000000e+01 3.282129190247961015e-01 2.700659872233486247e-01 3.576159477233886719e+00
1.100000000000000000e+01 3.063084672421044763e-01 3.321125954551323867e-01 3.564863443374633789e+00
1.200000000000000000e+01 3.699713244601972040e-01 3.129615334330662080e-01 3.645051002502441406e+00
1.300000000000000000e+01 3.454991554285306021e-01 3.750083137226272179e-01 3.631176948547363281e+00
1.400000000000000000e+01 4.080001682538491048e-01 3.511448023038991062e-01 3.704855918884277344e+00
1.500000000000000000e+01 3.835341156152340392e-01 4.134022893973671731e-01 3.690325021743774414e+00
1.600000000000000000e+01 4.403100510351504737e-01 3.859691949138691069e-01 3.757610559463500977e+00
1.700000000000000000e+01 4.150936887427640332e-01 4.425769677444361672e-01 3.741789579391479492e+00
1.800000000000000000e+01 4.713586822726816283e-01 4.200831750644838380e-01 3.805307388305664062e+00
1.900000000000000000e+01 4.474373773356966066e-01 4.754766141336388974e-01 3.787942409515380859e+00
2.000000000000000000e+01 4.992083279948398289e-01 4.489143149882883765e-01 3.846124887466430664e+00
2.100000000000000000e+01 4.701317851195431774e-01 5.024606900998704884e-01 3.828526496887207031e+00
2.200000000000000000e+01 5.230788932745447095e-01 4.743331772312863737e-01 3.882852077484130859e+00
2.300000000000000000e+01 4.922643337710886358e-01 5.268215572002928893e-01 3.864892482757568359e+00
2.400000000000000000e+01 5.466972117720165780e-01 4.983686641207316637e-01 3.914616584777832031e+00
2.500000000000000000e+01 5.170323354911628977e-01 5.499867760487632262e-01 3.897949457168579102e+00
2.600000000000000000e+01 5.653527476002614405e-01 5.231073507233606756e-01 3.942771434783935547e+00
2.700000000000000000e+01 5.371384086292945170e-01 5.703735131404801262e-01 3.927170038223266602e+00
2.800000000000000000e+01 5.854069608607206376e-01 5.414068464949414183e-01 3.968065500259399414e+00
2.900000000000000000e+01 5.555195881867683871e-01 5.893467933093383682e-01 3.952935934066772461e+00
3.000000000000000000e+01 6.031863188515844687e-01 5.612552652922636609e-01 3.992461919784545898e+00
3.100000000000000000e+01 5.722305959929844255e-01 6.071757891827302966e-01 3.976309061050415039e+00
3.200000000000000000e+01 6.219923234690183378e-01 5.789728974796688465e-01 4.013320922851562500e+00
3.300000000000000000e+01 5.881856576476964804e-01 6.236004678988537053e-01 3.997834444046020508e+00
3.400000000000000000e+01 6.357873824178812416e-01 5.944194753191639480e-01 4.032476902008056641e+00
3.500000000000000000e+01 6.013214251743435046e-01 6.378886784955132283e-01 4.016971111297607422e+00
3.600000000000000000e+01 6.467456029756935010e-01 6.092198937553467974e-01 4.051328182220458984e+00
3.700000000000000000e+01 6.159915552985419929e-01 6.504387217782335862e-01 4.034309387207031250e+00
3.800000000000000000e+01 6.606932539173980823e-01 6.205374040112547895e-01 4.066573143005371094e+00
3.900000000000000000e+01 6.289177810350239373e-01 6.623190496292299390e-01 4.047739028930664062e+00
4.000000000000000000e+01 6.726724353277366841e-01 6.326215012915834546e-01 4.084025382995605469e+00
4.100000000000000000e+01 6.421854668558283352e-01 6.726780276799285696e-01 4.063364505767822266e+00
4.200000000000000000e+01 6.805946831165814448e-01 6.415644104893040156e-01 4.098974704742431641e+00
4.300000000000000000e+01 6.512937249408965457e-01 6.833847751916058977e-01 4.077549934387207031e+00
4.400000000000000000e+01 6.933081210419886897e-01 6.530576434534705044e-01 4.110522270202636719e+00
4.500000000000000000e+01 6.619402425919267419e-01 6.933954245147613271e-01 4.090034008026123047e+00
4.600000000000000000e+01 6.985820667978021037e-01 6.613674426238768111e-01 4.121448516845703125e+00
4.700000000000000000e+01 6.658812955094817188e-01 6.996532496797298606e-01 4.100903511047363281e+00
4.800000000000000000e+01 7.030954477159396809e-01 6.697654849513412501e-01 4.129657268524169922e+00
4.900000000000000000e+01 6.729670115146320075e-01 7.075153290201473544e-01 4.109705924987792969e+00
5.000000000000000000e+01 7.106085485453386141e-01 6.760007676927219933e-01 4.138185024261474609e+00
5.100000000000000000e+01 6.805541287268178641e-01 7.126861067957516171e-01 4.118424892425537109e+00
5.200000000000000000e+01 7.168451873687594622e-01 6.834721716635783206e-01 4.146758556365966797e+00
5.300000000000000000e+01 6.880910336264128846e-01 7.187512007530945102e-01 4.126154422760009766e+00
5.400000000000000000e+01 7.218978535338292923e-01 6.880489715706413767e-01 4.155177116394042969e+00
5.500000000000000000e+01 6.902446372502121230e-01 7.235927460609572481e-01 4.132297515869140625e+00
5.600000000000000000e+01 7.255657635372906311e-01 6.932934405256164778e-01 4.161712169647216797e+00
5.700000000000000000e+01 6.930536511985826431e-01 7.288696208708609348e-01 4.137782096862792969e+00
5.800000000000000000e+01 7.287619983106697896e-01 6.992127157025528339e-01 4.167401790618896484e+00
5.900000000000000000e+01 6.983892243333992278e-01 7.312423261853304712e-01 4.143847465515136719e+00
6.000000000000000000e+01 7.318356828855965279e-01 7.010002435259387044e-01 4.172328472137451172e+00
6.100000000000000000e+01 7.017991192978700887e-01 7.349249849613583851e-01 4.150543212890625000e+00
6.200000000000000000e+01 7.359018859044702543e-01 7.056299636004553788e-01 4.177052021026611328e+00
6.300000000000000000e+01 7.058983817151741613e-01 7.393452002368071652e-01 4.154981136322021484e+00
6.400000000000000000e+01 7.395771603961881491e-01 7.098797168359977094e-01 4.180513858795166016e+00
6.500000000000000000e+01 7.122724855944477795e-01 7.430833886782023390e-01 4.159564018249511719e+00
6.600000000000000000e+01 7.427704174272099502e-01 7.111463670571189777e-01 4.186258316040039062e+00
6.700000000000000000e+01 7.139582424611307099e-01 7.473584637923859075e-01 4.161842346191406250e+00
6.800000000000000000e+01 7.462437783889681597e-01 7.157714382628745931e-01 4.189969539642333984e+00
6.900000000000000000e+01 7.161062424147188743e-01 7.470632451983635347e-01 4.165836811065673828e+00
7.000000000000000000e+01 7.488904204081475724e-01 7.194294658306841228e-01 4.192840099334716797e+00
7.100000000000000000e+01 7.199691825324325833e-01 7.490115182848358089e-01 4.169597148895263672e+00
7.200000000000000000e+01 7.540624935915755112e-01 7.190017518208834391e-01 4.194675922393798828e+00
7.300000000000000000e+01 7.191012415121638135e-01 7.504822406454295658e-01 4.172990798950195312e+00
7.400000000000000000e+01 7.532484047128004123e-01 7.219086579991703667e-01 4.197441101074218750e+00
7.500000000000000000e+01 7.231998888685137183e-01 7.557484623445055449e-01 4.175494670867919922e+00
7.600000000000000000e+01 7.570385378423010181e-01 7.250489372203955396e-01 4.200644016265869141e+00
7.700000000000000000e+01 7.255367506564860403e-01 7.584936340982691982e-01 4.178365707397460938e+00
7.800000000000000000e+01 7.567789421084026857e-01 7.262395593671023830e-01 4.204235076904296875e+00
7.900000000000000000e+01 7.262529275522894290e-01 7.600354028682754226e-01 4.182500362396240234e+00
8.000000000000000000e+01 7.559477423470456481e-01 7.300050111328104663e-01 4.208554267883300781e+00
8.100000000000000000e+01 7.301210056730728093e-01 7.635088436469690265e-01 4.185038566589355469e+00
8.200000000000000000e+01 7.617078002302964945e-01 7.339986275997277820e-01 4.209277629852294922e+00
8.300000000000000000e+01 7.314323290938804512e-01 7.648434208333205753e-01 4.186549663543701172e+00
8.400000000000000000e+01 7.605030716804922486e-01 7.334967247845227689e-01 4.212462425231933594e+00
8.500000000000000000e+01 7.290248283729049428e-01 7.628292139803720673e-01 4.188616275787353516e+00
8.600000000000000000e+01 7.630704086639413797e-01 7.339345479289427487e-01 4.212533950805664062e+00
8.700000000000000000e+01 7.304201827375016443e-01 7.651221776207297598e-01 4.189112186431884766e+00
8.800000000000000000e+01 7.632546441985681440e-01 7.331439541430232465e-01 4.213570117950439453e+00
8.900000000000000000e+01 7.318086683247068125e-01 7.636658058978249564e-01 4.189528942108154297e+00
9.000000000000000000e+01 7.635929261556273495e-01 7.342266360598935782e-01 4.214871406555175781e+00
9.100000000000000000e+01 7.338864348886712241e-01 7.653546820477624690e-01 4.190251827239990234e+00
9.200000000000000000e+01 7.625683600749504354e-01 7.345573491050709780e-01 4.214069843292236328e+00
9.300000000000000000e+01 7.327896133930138500e-01 7.666625454394491168e-01 4.191547393798828125e+00
9.400000000000000000e+01 7.635134738243426478e-01 7.395968020809451371e-01 4.215793609619140625e+00
9.500000000000000000e+01 7.355773541798412696e-01 7.685286911504793927e-01 4.192492008209228516e+00
9.600000000000000000e+01 7.650310487505413981e-01 7.390914734452145307e-01 4.217484474182128906e+00
9.700000000000000000e+01 7.327702489115544005e-01 7.685294677018825737e-01 4.194070339202880859e+00
9.800000000000000000e+01 7.662389762951784533e-01 7.402895899397038404e-01 4.218131542205810547e+00
9.900000000000000000e+01 7.365019418302966026e-01 7.703283948987348362e-01 4.195588111877441406e+00
1.000000000000000000e+02 7.679305770476999582e-01 7.394080239238451924e-01 4.219852447509765625e+00
1.010000000000000000e+02 7.368890517606887514e-01 7.700510852444060195e-01 4.194460391998291016e+00
1.020000000000000000e+02 7.675567385989086056e-01 7.389126640858485473e-01 4.220100879669189453e+00
1.030000000000000000e+02 7.367025658224088946e-01 7.696849902806682797e-01 4.193919181823730469e+00
1.040000000000000000e+02 7.683065100160672012e-01 7.373237644513707112e-01 4.220783710479736328e+00
1.050000000000000000e+02 7.395553587632863746e-01 7.674474827591607484e-01 4.195310592651367188e+00
1.060000000000000000e+02 7.694577728997342714e-01 7.401845828606641309e-01 4.224074363708496094e+00
1.070000000000000000e+02 7.375099095416421946e-01 7.691588442740279197e-01 4.195876121520996094e+00
1.080000000000000000e+02 7.679200742794815016e-01 7.373109308346110780e-01 4.225021362304687500e+00
1.090000000000000000e+02 7.409365746621584536e-01 7.702176723012186255e-01 4.196386814117431641e+00
1.100000000000000000e+02 7.699762101168713402e-01 7.386758631251177931e-01 4.226133823394775391e+00
1.110000000000000000e+02 7.384058431658406807e-01 7.700233266247209496e-01 4.197772026062011719e+00
1.120000000000000000e+02 7.674135550018028606e-01 7.408311496775694671e-01 4.226126194000244141e+00
1.130000000000000000e+02 7.409385001634423151e-01 7.688336450251231913e-01 4.198427200317382812e+00
1.140000000000000000e+02 7.693816602439168539e-01 7.406245295549587215e-01 4.225473403930664062e+00
1.150000000000000000e+02 7.389404310095728512e-01 7.708610287232159353e-01 4.198207378387451172e+00
1.160000000000000000e+02 7.669359201221270794e-01 7.414099572897149271e-01 4.223940372467041016e+00
1.170000000000000000e+02 7.364023496155923665e-01 7.703033502797721477e-01 4.199111938476562500e+00
1.180000000000000000e+02 7.676524486964450000e-01 7.418208120347076218e-01 4.224058628082275391e+00
1.190000000000000000e+02 7.366117383519930062e-01 7.709291824087408651e-01 4.200542926788330078e+00
1.200000000000000000e+02 7.657124852417458438e-01 7.422119430820736108e-01 4.223620414733886719e+00
1.210000000000000000e+02 7.392412961855600040e-01 7.726079605153225449e-01 4.200762271881103516e+00
1.220000000000000000e+02 7.687601585971169937e-01 7.416620893471532749e-01 4.224971294403076172e+00
1.230000000000000000e+02 7.390090960039212842e-01 7.707568384299452457e-01 4.199775218963623047e+00
1.240000000000000000e+02 7.682840510951699509e-01 7.406278685600643508e-01 4.224752426147460938e+00
1.250000000000000000e+02 7.375361172891650163e-01 7.720136328470308396e-01 4.200428009033203125e+00
1.260000000000000000e+02 7.712518941850288190e-01 7.385387642549801068e-01 4.225949287414550781e+00
1.270000000000000000e+02 7.375841160527706331e-01 7.692128704658550697e-01 4.200084209442138672e+00
1.280000000000000000e+02 7.697623555192176781e-01 7.406175414235405263e-01 4.226241588592529297e+00
1.290000000000000000e+02 7.395421866892555318e-01 7.733148208996881712e-01 4.201611518859863281e+00
1.300000000000000000e+02 7.705033573052018081e-01 7.410469012491369689e-01 4.226246356964111328e+00
1.310000000000000000e+02 7.385634173590135410e-01 7.708654425728074244e-01 4.200661182403564453e+00
1.320000000000000000e+02 7.690545914895612345e-01 7.408888133526656539e-01 4.224928855895996094e+00
1.330000000000000000e+02 7.375079526390370122e-01 7.721707821766454760e-01 4.201694488525390625e+00
1.340000000000000000e+02 7.693710272176583764e-01 7.430739264092690588e-01 4.223740100860595703e+00
1.350000000000000000e+02 7.364054097309730151e-01 7.724875673869185944e-01 4.200601577758789062e+00
1.360000000000000000e+02 7.702928149964163307e-01 7.423893976215429902e-01 4.224541187286376953e+00
1.370000000000000000e+02 7.372424476545967886e-01 7.734110483099134736e-01 4.201024055480957031e+00
1.380000000000000000e+02 7.698987385593411004e-01 7.435367938889120287e-01 4.223512649536132812e+00
1.390000000000000000e+02 7.405927328640802276e-01 7.729849793314720330e-01 4.201237678527832031e+00
1.400000000000000000e+02 7.693252271649639873e-01 7.431613386939115440e-01 4.224513053894042969e+00
1.410000000000000000e+02 7.404776435721834860e-01 7.735927057488825032e-01 4.200571060180664062e+00
1.420000000000000000e+02 7.693829279221733319e-01 7.431953201650792762e-01 4.224473476409912109e+00
1.430000000000000000e+02 7.400382388856079352e-01 7.751550549614855123e-01 4.201684951782226562e+00
1.440000000000000000e+02 7.695779791849096663e-01 7.460549774963579628e-01 4.221910953521728516e+00
1.450000000000000000e+02 7.394245521412130540e-01 7.762304502018386732e-01 4.201611518859863281e+00
1.460000000000000000e+02 7.686546381829579833e-01 7.463923033573748311e-01 4.220614910125732422e+00
1.470000000000000000e+02 7.376278586147985150e-01 7.764961759750542702e-01 4.202308177947998047e+00
1.480000000000000000e+02 7.669551095025439746e-01 7.452606336421790933e-01 4.221031188964843750e+00
1.490000000000000000e+02 7.364334132237427832e-01 7.721283843504204158e-01 4.202109336853027344e+00
1.500000000000000000e+02 7.675649381862424958e-01 7.453995312548576946e-01 4.221847534179687500e+00
1.510000000000000000e+02 7.358840685246473834e-01 7.756887287850278145e-01 4.202374935150146484e+00
1.520000000000000000e+02 7.667627169275910148e-01 7.450054493177241666e-01 4.220430374145507812e+00
1.530000000000000000e+02 7.370352545922070897e-01 7.752951640063493466e-01 4.202011585235595703e+00
1.540000000000000000e+02 7.642749743242145399e-01 7.473391162889514439e-01 4.221639156341552734e+00
1.550000000000000000e+02 7.330132265892469468e-01 7.739671836410966232e-01 4.200526714324951172e+00
1.560000000000000000e+02 7.637754571831837369e-01 7.447348666328520439e-01 4.221224308013916016e+00
1.570000000000000000e+02 7.344744068587417685e-01 7.736219301230061740e-01 4.201025485992431641e+00
1.580000000000000000e+02 7.650024090204584626e-01 7.435565386189604276e-01 4.220681190490722656e+00
1.590000000000000000e+02 7.356770404534597185e-01 7.723257429027198251e-01 4.200147151947021484e+00
1.600000000000000000e+02 7.658640890132758505e-01 7.414531763758291927e-01 4.223167419433593750e+00
1.610000000000000000e+02 7.364124123112598674e-01 7.717141596617453914e-01 4.200294494628906250e+00
1.620000000000000000e+02 7.677779030888889356e-01 7.417275679926549348e-01 4.222695350646972656e+00
1.630000000000000000e+02 7.367147602645744975e-01 7.733674076277778919e-01 4.199412345886230469e+00
1.640000000000000000e+02 7.689737994339360672e-01 7.398005461133767557e-01 4.223133563995361328e+00
1.650000000000000000e+02 7.366019438425350785e-01 7.701262251758856925e-01 4.198905467987060547e+00
1.660000000000000000e+02 7.691084148308016122e-01 7.438072574530262271e-01 4.223590373992919922e+00
1.670000000000000000e+02 7.391772936732057264e-01 7.690788089228269842e-01 4.198745727539062500e+00
1.680000000000000000e+02 7.687731046370740451e-01 7.383647750772895924e-01 4.223818778991699219e+00
1.690000000000000000e+02 7.400184116746224561e-01 7.693365367748119521e-01 4.198948860168457031e+00
1.700000000000000000e+02 7.702064058658759649e-01 7.403904368352471899e-01 4.223879337310791016e+00
1.710000000000000000e+02 7.384405346054637720e-01 7.710030111708570111e-01 4.198663711547851562e+00
1.720000000000000000e+02 7.700473875121861544e-01 7.411809606182737653e-01 4.223478317260742188e+00
1.730000000000000000e+02 7.403279087591199126e-01 7.717257327328533867e-01 4.198760032653808594e+00
1.740000000000000000e+02 7.714814550653503744e-01 7.416162387168478975e-01 4.223785400390625000e+00
1.750000000000000000e+02 7.391165179521899109e-01 7.745145341000361228e-01 4.199269294738769531e+00
1.760000000000000000e+02 7.699607297899671021e-01 7.428061479230393394e-01 4.224365711212158203e+00
1.770000000000000000e+02 7.391769801010220631e-01 7.734199764741894745e-01 4.199161052703857422e+00
1.780000000000000000e+02 7.716186717212344393e-01 7.438036029717365327e-01 4.223378181457519531e+00
1.790000000000000000e+02 7.388698585729794877e-01 7.744613262668732512e-01 4.199554443359375000e+00
1.800000000000000000e+02 7.693447970819988768e-01 7.455052743857597530e-01 4.223396301269531250e+00
1.810000000000000000e+02 7.417603279839106722e-01 7.742928367226713515e-01 4.198505878448486328e+00
1.820000000000000000e+02 7.728438765489039630e-01 7.435831290208158029e-01 4.224230766296386719e+00
1.830000000000000000e+02 7.409117790138162185e-01 7.750153414212817005e-01 4.199083328247070312e+00
1.840000000000000000e+02 7.701759275484223455e-01 7.459561167367442236e-01 4.223477840423583984e+00
1.850000000000000000e+02 7.405400192908931922e-01 7.741366673830222256e-01 4.200040817260742188e+00
1.860000000000000000e+02 7.722902012304436736e-01 7.449240930792693227e-01 4.223455429077148438e+00
1.870000000000000000e+02 7.438850000825448783e-01 7.733283426590171761e-01 4.198428153991699219e+00
1.880000000000000000e+02 7.713967859009955852e-01 7.449467909310099056e-01 4.225294589996337891e+00
1.890000000000000000e+02 7.438050004895669920e-01 7.720341288452441386e-01 4.198959350585937500e+00
1.900000000000000000e+02 7.736515218939531424e-01 7.425575463920384145e-01 4.226790428161621094e+00
1.910000000000000000e+02 7.441320627085075134e-01 7.703975394281041833e-01 4.197891712188720703e+00
1.920000000000000000e+02 7.739104562851258917e-01 7.426806746937916204e-01 4.227190494537353516e+00
1.930000000000000000e+02 7.435668049426225057e-01 7.738333295598686101e-01 4.197970867156982422e+00
1.940000000000000000e+02 7.744447631487872963e-01 7.426283221506847498e-01 4.225680351257324219e+00
1.950000000000000000e+02 7.415381139507870589e-01 7.737151550860114080e-01 4.199156284332275391e+00
1.960000000000000000e+02 7.716268005024875531e-01 7.444960653306361698e-01 4.225657939910888672e+00
1.970000000000000000e+02 7.436195931152279615e-01 7.740571890361978014e-01 4.198760032653808594e+00
1.980000000000000000e+02 7.740381936111957462e-01 7.465594384937604966e-01 4.225121498107910156e+00
1.990000000000000000e+02 7.432223892107459040e-01 7.735158788286197185e-01 4.198750019073486328e+00
2.000000000000000000e+02 7.744133153614912723e-01 7.426322417069345372e-01 4.225635051727294922e+00
2.010000000000000000e+02 7.416318815585103419e-01 7.723048958657137142e-01 4.197327136993408203e+00
2.020000000000000000e+02 7.736998634865900337e-01 7.413251831285754267e-01 4.225659847259521484e+00
2.030000000000000000e+02 7.424968946287603400e-01 7.702691183134252606e-01 4.197618961334228516e+00
2.040000000000000000e+02 7.736427804343228853e-01 7.400573871572477813e-01 4.224484443664550781e+00
2.050000000000000000e+02 7.441055207226631163e-01 7.699161939752262596e-01 4.196368694305419922e+00
2.060000000000000000e+02 7.727028089974301572e-01 7.416939558866099125e-01 4.224431514739990234e+00
2.070000000000000000e+02 7.410871615050473871e-01 7.715099319379045140e-01 4.197120189666748047e+00
2.080000000000000000e+02 7.717731049700465862e-01 7.409218826348868969e-01 4.223740577697753906e+00
2.090000000000000000e+02 7.421085313983639686e-01 7.725841859478878026e-01 4.197999954223632812e+00
2.100000000000000000e+02 7.693915083347918626e-01 7.384415027968244116e-01 4.222877025604248047e+00
2.110000000000000000e+02 7.403275081414306680e-01 7.703543678757208690e-01 4.198297500610351562e+00
2.120000000000000000e+02 7.707401028025530065e-01 7.399566561882827687e-01 4.221662521362304688e+00
2.130000000000000000e+02 7.391784481612371227e-01 7.720230401882385296e-01 4.198042392730712891e+00
2.140000000000000000e+02 7.689678172366295472e-01 7.420882758080186159e-01 4.222457885742187500e+00
2.150000000000000000e+02 7.398853220045373824e-01 7.732962763056870914e-01 4.198614120483398438e+00
2.160000000000000000e+02 7.730708236156093038e-01 7.428239849601385725e-01 4.221907615661621094e+00
2.170000000000000000e+02 7.408387620825980235e-01 7.725628443679752877e-01 4.195671558380126953e+00
2.180000000000000000e+02 7.713053512264517186e-01 7.410555264046535529e-01 4.221680164337158203e+00
2.190000000000000000e+02 7.419319493225414730e-01 7.719078981964789810e-01 4.196304321289062500e+00
2.200000000000000000e+02 7.715452886162084134e-01 7.401243832214785545e-01 4.222873687744140625e+00
2.210000000000000000e+02 7.419514980572556873e-01 7.702155457272573669e-01 4.197298049926757812e+00
2.220000000000000000e+02 7.709980322752761905e-01 7.426869619439133707e-01 4.224920272827148438e+00
2.230000000000000000e+02 7.426415826915405693e-01 7.706475355977111530e-01 4.199657917022705078e+00
2.240000000000000000e+02 7.695814832951110018e-01 7.426287922394909646e-01 4.224512100219726562e+00
2.250000000000000000e+02 7.411820790136929293e-01 7.702787433924204175e-01 4.199072837829589844e+00
2.260000000000000000e+02 7.709226222238650950e-01 7.403438716190848812e-01 4.224116325378417969e+00
2.270000000000000000e+02 7.419746154378548120e-01 7.714433143919245950e-01 4.197261810302734375e+00
2.280000000000000000e+02 7.716349226938076233e-01 7.401138653786268895e-01 4.225830078125000000e+00
2.290000000000000000e+02 7.415761761643113736e-01 7.714010342991179936e-01 4.197237491607666016e+00
2.300000000000000000e+02 7.691888330941815122e-01 7.396929100530804657e-01 4.226025581359863281e+00
2.310000000000000000e+02 7.383458509047676754e-01 7.688055284552131052e-01 4.196662425994873047e+00
2.320000000000000000e+02 7.697005429338255045e-01 7.401652095195628833e-01 4.225925445556640625e+00
2.330000000000000000e+02 7.424195357739902246e-01 7.713779748268887460e-01 4.196713447570800781e+00
2.340000000000000000e+02 7.700404198681316537e-01 7.403902269299293959e-01 4.226973533630371094e+00
2.350000000000000000e+02 7.423611424331421071e-01 7.680610333585314864e-01 4.195681095123291016e+00
2.360000000000000000e+02 7.741626069942079136e-01 7.379251296041664521e-01 4.227720260620117188e+00
2.370000000000000000e+02 7.429529198508202370e-01 7.675157309297019337e-01 4.195341587066650391e+00
2.380000000000000000e+02 7.723674590709428411e-01 7.360211066505364386e-01 4.226778984069824219e+00
2.390000000000000000e+02 7.440932374225975865e-01 7.670102733734297518e-01 4.194806575775146484e+00
2.400000000000000000e+02 7.745023736837785000e-01 7.355430029410221504e-01 4.226330757141113281e+00
2.410000000000000000e+02 7.431460902564528404e-01 7.657963698150468401e-01 4.195045948028564453e+00
2.420000000000000000e+02 7.755010684116843134e-01 7.344708413329650298e-01 4.226799488067626953e+00
2.430000000000000000e+02 7.431902973214110641e-01 7.671368203452951784e-01 4.195706844329833984e+00
2.440000000000000000e+02 7.753456366203197447e-01 7.366902844111918869e-01 4.227393150329589844e+00
2.450000000000000000e+02 7.468869374600355382e-01 7.699592191958642973e-01 4.197546958923339844e+00
2.460000000000000000e+02 7.739209432058642424e-01 7.387618442461648671e-01 4.227550506591796875e+00
2.470000000000000000e+02 7.447450946738416455e-01 7.701205517784428523e-01 4.199806213378906250e+00
2.480000000000000000e+02 7.736982078794532036e-01 7.422302391877265704e-01 4.227993488311767578e+00
2.490000000000000000e+02 7.445717210216707960e-01 7.713783677742602762e-01 4.199945449829101562e+00
2.500000000000000000e+02 7.740205108824762537e-01 7.395009470095870174e-01 4.228344440460205078e+00
2.510000000000000000e+02 7.454457821910152049e-01 7.704870692069697435e-01 4.200243949890136719e+00
2.520000000000000000e+02 7.705979054256203442e-01 7.403728607369078896e-01 4.228659152984619141e+00
2.530000000000000000e+02 7.422504157466822683e-01 7.714921660822668947e-01 4.200603008270263672e+00
2.540000000000000000e+02 7.713847698847250411e-01 7.409349882913642826e-01 4.227105617523193359e+00
2.550000000000000000e+02 7.411089699960570210e-01 7.724302432124298123e-01 4.201445579528808594e+00
2.560000000000000000e+02 7.700033625488845734e-01 7.412501185774946766e-01 4.227592468261718750e+00
2.570000000000000000e+02 7.418387837686241104e-01 7.715990108483535836e-01 4.201553821563720703e+00
2.580000000000000000e+02 7.709068187079836099e-01 7.410455874937165177e-01 4.228075981140136719e+00
2.590000000000000000e+02 7.393288643136505245e-01 7.710190454964422901e-01 4.200462341308593750e+00
2.600000000000000000e+02 7.712695504446699379e-01 7.412001978471558505e-01 4.228206157684326172e+00
2.610000000000000000e+02 7.426318964191603866e-01 7.719764927970524937e-01 4.201337814331054688e+00
2.620000000000000000e+02 7.693756076074546035e-01 7.405975874808964354e-01 4.227712154388427734e+00
2.630000000000000000e+02 7.390673814398798225e-01 7.711963845135438866e-01 4.201611518859863281e+00
2.640000000000000000e+02 7.680448995791762101e-01 7.408114487371896262e-01 4.227436542510986328e+00
2.650000000000000000e+02 7.379064252913547506e-01 7.706013728052831802e-01 4.201509952545166016e+00
2.660000000000000000e+02 7.675619287880622865e-01 7.420000926364085370e-01 4.226039886474609375e+00
2.670000000000000000e+02 7.399990131448490605e-01 7.695977866374383858e-01 4.201931953430175781e+00
2.680000000000000000e+02 7.684068310042869721e-01 7.400686069754799368e-01 4.225914955139160156e+00
2.690000000000000000e+02 7.385692392352681823e-01 7.729988765202921996e-01 4.200230121612548828e+00
2.700000000000000000e+02 7.712669141568270215e-01 7.401183440503557032e-01 4.224712848663330078e+00
2.710000000000000000e+02 7.389525738883195860e-01 7.712398450624148305e-01 4.198986053466796875e+00
2.720000000000000000e+02 7.685821409990344355e-01 7.405507574253801240e-01 4.224857807159423828e+00
2.730000000000000000e+02 7.383894076663267692e-01 7.706175916479571786e-01 4.200025081634521484e+00
2.740000000000000000e+02 7.688294374243629381e-01 7.412378178914501570e-01 4.224022865295410156e+00
2.750000000000000000e+02 7.384571148069698499e-01 7.710903312062703518e-01 4.201629638671875000e+00
2.760000000000000000e+02 7.673355713839552505e-01 7.419691062694948602e-01 4.222268581390380859e+00
2.770000000000000000e+02 7.385997320078790951e-01 7.704729069787910056e-01 4.201529979705810547e+00
2.780000000000000000e+02 7.681780378554718958e-01 7.418975665348879200e-01 4.221644878387451172e+00
2.790000000000000000e+02 7.369302147872732744e-01 7.718981484865289344e-01 4.201556682586669922e+00
2.800000000000000000e+02 7.679455043808948167e-01 7.419421045066330045e-01 4.223618507385253906e+00
2.810000000000000000e+02 7.381872065075500977e-01 7.730068977593945734e-01 4.200315475463867188e+00
2.820000000000000000e+02 7.694090446133943217e-01 7.411730584067226513e-01 4.223895072937011719e+00
2.830000000000000000e+02 7.382737945929439549e-01 7.730319202573342485e-01 4.199465751647949219e+00
2.840000000000000000e+02 7.686361456855967944e-01 7.429735335893545844e-01 4.223684310913085938e+00
2.850000000000000000e+02 7.371018218074377737e-01 7.719512489712297976e-01 4.199742317199707031e+00
2.860000000000000000e+02 7.654242880750511402e-01 7.421759883057381657e-01 4.220843791961669922e+00
2.870000000000000000e+02 7.363886931105561029e-01 7.688465861588241745e-01 4.199448108673095703e+00
2.880000000000000000e+02 7.666215997588587960e-01 7.400796854354182441e-01 4.223370552062988281e+00
2.890000000000000000e+02 7.389607742607169349e-01 7.710052074136870548e-01 4.199705123901367188e+00
2.900000000000000000e+02 7.655016464368065154e-01 7.434324878134268566e-01 4.222577095031738281e+00
2.910000000000000000e+02 7.368896256423586033e-01 7.725581223463345859e-01 4.199803352355957031e+00
2.920000000000000000e+02 7.657374428188317150e-01 7.443831728264183045e-01 4.221538543701171875e+00
2.930000000000000000e+02 7.372875800237518318e-01 7.744906886457221251e-01 4.200531959533691406e+00
2.940000000000000000e+02 7.660456469362330045e-01 7.457799007238881117e-01 4.221125602722167969e+00
2.950000000000000000e+02 7.353563807288028276e-01 7.716716769746932991e-01 4.199629306793212891e+00
2.960000000000000000e+02 7.659141355804225393e-01 7.446980391073754202e-01 4.221239566802978516e+00
2.970000000000000000e+02 7.363456500354050860e-01 7.747081727213249724e-01 4.200659275054931641e+00
2.980000000000000000e+02 7.659725551479357186e-01 7.460642861851606300e-01 4.221487998962402344e+00
2.990000000000000000e+02 7.362364453934914232e-01 7.734178989899848089e-01 4.200085639953613281e+00
3.000000000000000000e+02 7.674874745308593038e-01 7.442929514891611920e-01 4.220746040344238281e+00
3.010000000000000000e+02 7.371713382380676860e-01 7.725426993069731685e-01 4.200887203216552734e+00
3.020000000000000000e+02 7.674141468662881715e-01 7.420102018338444738e-01 4.219611167907714844e+00
3.030000000000000000e+02 7.376215966362853482e-01 7.725568883624800431e-01 4.199628353118896484e+00
3.040000000000000000e+02 7.670566643615533975e-01 7.423186831144993336e-01 4.220504283905029297e+00
3.050000000000000000e+02 7.372140620299793001e-01 7.710426179321752116e-01 4.200998306274414062e+00
3.060000000000000000e+02 7.653580996614528509e-01 7.408463688697456417e-01 4.220908164978027344e+00
3.070000000000000000e+02 7.359928937849837816e-01 7.722634109194572716e-01 4.201285839080810547e+00
3.080000000000000000e+02 7.678030224338747711e-01 7.413756018034468598e-01 4.222229957580566406e+00
3.090000000000000000e+02 7.360108968052989642e-01 7.715481021286160201e-01 4.201627254486083984e+00
3.100000000000000000e+02 7.655142550178016814e-01 7.411250750939664123e-01 4.222176551818847656e+00
3.110000000000000000e+02 7.357802843513997493e-01 7.705154609485007633e-01 4.201499462127685547e+00
3.120000000000000000e+02 7.660846568304556792e-01 7.400501243566723897e-01 4.220932960510253906e+00
3.130000000000000000e+02 7.372160151790667637e-01 7.730024224589703286e-01 4.201088428497314453e+00
3.140000000000000000e+02 7.677790317472688031e-01 7.421396222226690487e-01 4.220268726348876953e+00
3.150000000000000000e+02 7.356622858425204692e-01 7.722273904301514280e-01 4.201394081115722656e+00
3.160000000000000000e+02 7.649008012927364097e-01 7.430965832737748133e-01 4.221469402313232422e+00
3.170000000000000000e+02 7.351737064776288078e-01 7.709074008807504930e-01 4.202203273773193359e+00
3.180000000000000000e+02 7.651150601020039188e-01 7.404881702144141542e-01 4.220953464508056641e+00
3.190000000000000000e+02 7.354597077953017870e-01 7.725456941516039011e-01 4.200529098510742188e+00
3.200000000000000000e+02 7.656359321341237312e-01 7.422747723222096194e-01 4.221229553222656250e+00
3.210000000000000000e+02 7.380199433258272101e-01 7.710734879800545949e-01 4.200338840484619141e+00
3.220000000000000000e+02 7.655095193662034836e-01 7.409207238041615184e-01 4.222122192382812500e+00
3.230000000000000000e+02 7.347362184457805201e-01 7.726136025806894514e-01 4.200901508331298828e+00
3.240000000000000000e+02 7.675521090843562266e-01 7.425075313917708364e-01 4.221917629241943359e+00
3.250000000000000000e+02 7.377207423001197473e-01 7.721404682816814802e-01 4.200066089630126953e+00
3.260000000000000000e+02 7.665285659107211602e-01 7.426979149262775692e-01 4.222961902618408203e+00
3.270000000000000000e+02 7.365445440824663903e-01 7.725352861043267572e-01 4.199907302856445312e+00
3.280000000000000000e+02 7.638287008884173668e-01 7.433811573820611196e-01 4.221264839172363281e+00
3.290000000000000000e+02 7.355280145998666086e-01 7.728326641788388907e-01 4.201428413391113281e+00
3.300000000000000000e+02 7.665265391733279143e-01 7.448970182206077206e-01 4.222019195556640625e+00
3.310000000000000000e+02 7.369941590935527032e-01 7.747755035649809274e-01 4.200728893280029297e+00
3.320000000000000000e+02 7.676087914805195256e-01 7.450399400143853379e-01 4.221428394317626953e+00
3.330000000000000000e+02 7.384081153144328447e-01 7.757235774901842795e-01 4.202120780944824219e+00
3.340000000000000000e+02 7.688247489705686277e-01 7.474289240028405557e-01 4.221952915191650391e+00
3.350000000000000000e+02 7.382998921862323760e-01 7.746598081075274367e-01 4.202136039733886719e+00
3.360000000000000000e+02 7.676709240883812235e-01 7.438993024851694447e-01 4.222116947174072266e+00
3.370000000000000000e+02 7.405308583889511631e-01 7.743983065341129013e-01 4.202287673950195312e+00
3.380000000000000000e+02 7.704274259065494457e-01 7.426954079657430707e-01 4.221880435943603516e+00
3.390000000000000000e+02 7.405272566851470728e-01 7.695126297045142838e-01 4.201738357543945312e+00
3.400000000000000000e+02 7.703585894502739118e-01 7.434313900571350997e-01 4.222200870513916016e+00
3.410000000000000000e+02 7.389749098884282885e-01 7.699081474460692798e-01 4.200613975524902344e+00
3.420000000000000000e+02 7.684964942718636172e-01 7.427428118118623024e-01 4.222029209136962891e+00
3.430000000000000000e+02 7.379888718275574577e-01 7.717443347528922803e-01 4.199905872344970703e+00
3.440000000000000000e+02 7.687381952274878749e-01 7.409461922551231483e-01 4.222539424896240234e+00
3.450000000000000000e+02 7.377441676476481636e-01 7.695719932964781851e-01 4.199584007263183594e+00
3.460000000000000000e+02 7.683206155866825204e-01 7.421511256864148365e-01 4.222799777984619141e+00
3.470000000000000000e+02 7.378920376763672406e-01 7.697946781493893997e-01 4.198953628540039062e+00
3.480000000000000000e+02 7.684256353214509172e-01 7.394517672097461469e-01 4.221814632415771484e+00
3.490000000000000000e+02 7.379388451883371891e-01 7.703188509620109148e-01 4.199508666992187500e+00
3.500000000000000000e+02 7.668000213453810554e-01 7.414837205160391687e-01 4.221696853637695312e+00
3.510000000000000000e+02 7.371329399947675887e-01 7.713061284653308647e-01 4.200393199920654297e+00
3.520000000000000000e+02 7.651768653474532167e-01 7.404212625799053704e-01 4.222267150878906250e+00
3.530000000000000000e+02 7.340408344540317875e-01 7.723612862686730640e-01 4.199612140655517578e+00
3.540000000000000000e+02 7.648444295036882501e-01 7.409915212209613466e-01 4.222048282623291016e+00
3.550000000000000000e+02 7.346180819193379730e-01 7.703698883363987449e-01 4.199336051940917969e+00
3.560000000000000000e+02 7.657007123859608244e-01 7.411704759307763402e-01 4.222691535949707031e+00
3.570000000000000000e+02 7.336180139101798892e-01 7.686721553367922288e-01 4.200473785400390625e+00
3.580000000000000000e+02 7.660040839411589308e-01 7.410103599552916309e-01 4.222984790802001953e+00
3.590000000000000000e+02 7.363348880642271999e-01 7.702250097915456228e-01 4.201798439025878906e+00
3.600000000000000000e+02 7.658732492703124173e-01 7.421854478153403489e-01 4.222579956054687500e+00
3.610000000000000000e+02 7.363557419913143720e-01 7.707376734740024604e-01 4.201032161712646484e+00
3.620000000000000000e+02 7.653562949510281932e-01 7.415426711717544306e-01 4.223074913024902344e+00
3.630000000000000000e+02 7.377706584388776800e-01 7.708099592454825677e-01 4.200200557708740234e+00
3.640000000000000000e+02 7.665988283935283309e-01 7.396991551143852206e-01 4.224709987640380859e+00
3.650000000000000000e+02 7.374913282956780947e-01 7.730403766389973841e-01 4.199657917022705078e+00
3.660000000000000000e+02 7.673035951172025859e-01 7.413497398155692863e-01 4.223839282989501953e+00
3.670000000000000000e+02 7.385637977574751600e-01 7.710170287722519777e-01 4.199321269989013672e+00
3.680000000000000000e+02 7.669022967625579446e-01 7.444547912788660460e-01 4.224114894866943359e+00
3.690000000000000000e+02 7.359112757377518355e-01 7.717775605726669985e-01 4.200178623199462891e+00
3.700000000000000000e+02 7.679283768004677713e-01 7.429160618325078014e-01 4.224322795867919922e+00
3.710000000000000000e+02 7.391491879106648621e-01 7.717450714394809008e-01 4.200453758239746094e+00
3.720000000000000000e+02 7.684384414556485465e-01 7.413539282791840046e-01 4.224683284759521484e+00
3.730000000000000000e+02 7.388516179644960546e-01 7.696919211473944866e-01 4.197665214538574219e+00
3.740000000000000000e+02 7.691210833301803662e-01 7.428952584015535709e-01 4.223681449890136719e+00
3.750000000000000000e+02 7.388721684076952068e-01 7.727626642012991320e-01 4.198918819427490234e+00
3.760000000000000000e+02 7.701034373935985444e-01 7.432654852713771465e-01 4.222970962524414062e+00
3.770000000000000000e+02 7.396454783675270317e-01 7.728268063318350922e-01 4.199320316314697266e+00
3.780000000000000000e+02 7.694700321398869614e-01 7.426836504855170995e-01 4.222153186798095703e+00
3.790000000000000000e+02 7.399920977232696817e-01 7.730492101654478088e-01 4.199042320251464844e+00
3.800000000000000000e+02 7.704139054954276533e-01 7.430374060815426729e-01 4.223492622375488281e+00
3.810000000000000000e+02 7.407270514988476551e-01 7.740418910800738184e-01 4.199971199035644531e+00
3.820000000000000000e+02 7.730072855565428558e-01 7.425365065419924360e-01 4.225243568420410156e+00
3.830000000000000000e+02 7.396831280810118869e-01 7.718024507427597714e-01 4.200559139251708984e+00
3.840000000000000000e+02 7.736770137768048672e-01 7.408492867736480303e-01 4.225295543670654297e+00
3.850000000000000000e+02 7.428755804459626910e-01 7.720870412954016215e-01 4.200064182281494141e+00
3.860000000000000000e+02 7.713365955700962617e-01 7.404009489671536937e-01 4.226115703582763672e+00
3.870000000000000000e+02 7.418438467999975972e-01 7.730922646444380320e-01 4.201754570007324219e+00
3.880000000000000000e+02 7.722756026840473798e-01 7.416819276782187220e-01 4.226714611053466797e+00
3.890000000000000000e+02 7.438578479170629976e-01 7.743637452465750304e-01 4.202414512634277344e+00
3.900000000000000000e+02 7.745991468965426341e-01 7.402329010954039612e-01 4.226826667785644531e+00
3.910000000000000000e+02 7.447773187116921711e-01 7.732329566648158403e-01 4.203445911407470703e+00
3.920000000000000000e+02 7.768719688361985787e-01 7.444007402061147971e-01 4.227527141571044922e+00
3.930000000000000000e+02 7.448971566739365224e-01 7.726260776903745020e-01 4.202327251434326172e+00
3.940000000000000000e+02 7.742768213014760148e-01 7.424154676011225362e-01 4.228107452392578125e+00
3.950000000000000000e+02 7.449842459359058422e-01 7.730523981702521752e-01 4.202815055847167969e+00
3.960000000000000000e+02 7.755778890528306491e-01 7.420496107254836993e-01 4.229047775268554688e+00
3.970000000000000000e+02 7.425625072504581370e-01 7.731397013009779773e-01 4.205146789550781250e+00
3.980000000000000000e+02 7.713224734726294995e-01 7.450713045886050434e-01 4.228147029876708984e+00
