0.000000000000000000e+00 6.975092675880088799e-02 5.460752332931703701e-02 3.628221988677978516e+00
1.000000000000000000e+00 6.730745814000392568e-02 6.825170221518943314e-02 3.620333433151245117e+00
2.000000000000000000e+00 1.027162716446342744e-01 6.592310993322439416e-02 3.794454574584960938e+00
3.000000000000000000e+00 9.922767994538372882e-02 1.040797889993953784e-01 3.785564899444580078e+00
4.000000000000000000e+00 1.495515529350975870e-01 1.004867022512765384e-01 3.933757066726684570e+00
5.000000000000000000e+00 1.388662754737962357e-01 1.494774767116414105e-01 3.926611423492431641e+00
6.000000000000000000e+00 1.982115193279725962e-01 1.424275493456472474e-01 4.052607059478759766e+00
7.000000000000000000e+00 1.849140638720733476e-01 2.005136267703277742e-01 4.043053627014160156e+00
8.000000000000000000e+00 2.476192606074493485e-01 1.848870998608619365e-01 4.152748107910156250e+00
9.000000000000000000e+00 2.319180523816704309e-01 2.456676571295078881e-01 4.141739368438720703e+00
1.000000000000000000e+01 2.940194739064545537e-01 2.264262602205932562e-01 4.237934112548828125e+00
1.100000000000000000e+01 2.714260435768406365e-01 2.908161927359992904e-01 4.224699974060058594e+00
1.200000000000000000e+01 3.324208681189491643e-01 2.683076553278563314e-01 4.309824943542480469e+00
1.300000000000000000e+01 3.082136686199107856e-01 3.302913657357614552e-01 4.296731472015380859e+00
1.400000000000000000e+01 3.679119013456152998e-01 3.067745463859285482e-01 4.371169090270996094e+00
1.500000000000000000e+01 3.414728903846575014e-01 3.666834043408024324e-01 4.359760761260986328e+00
1.600000000000000000e+01 4.005520143191628191e-01 3.397595097730207181e-01 4.425232410430908203e+00
1.700000000000000000e+01 3.703001657484422671e-01 3.973338382141284875e-01 4.413710117340087891e+00
1.800000000000000000e+01 4.273084328386899666e-01 3.682616837832567991e-01 4.471758842468261719e+00
1.900000000000000000e+01 3.966594796014382696e-01 4.253502606552651000e-01 4.460835933685302734e+00
2.000000000000000000e+01 4.504922382151915206e-01 3.933918231126790066e-01 4.514461040496826172e+00
2.100000000000000000e+01 4.215036719968459633e-01 4.499768385410388150e-01 4.500462055206298828e+00
2.200000000000000000e+01 4.756399936379124282e-01 4.186708790604777852e-01 4.550904750823974609e+00
2.300000000000000000e+01 4.411431093783705903e-01 4.750609268361949966e-01 4.537271499633789062e+00
2.400000000000000000e+01 4.938831311484099262e-01 4.389985346491123153e-01 4.581916809082031250e+00
2.500000000000000000e+01 4.597216781213604997e-01 4.937954493479975171e-01 4.570176124572753906e+00
2.600000000000000000e+01 5.149302882280450966e-01 4.605434548919075666e-01 4.609910488128662109e+00
2.700000000000000000e+01 4.795342048906724441e-01 5.120771451148394826e-01 4.597019672393798828e+00
2.800000000000000000e+01 5.307507806617833834e-01 4.774849217710654403e-01 4.635085105895996094e+00
2.900000000000000000e+01 4.954988619130828997e-01 5.296775318920533548e-01 4.623497486114501953e+00
3.000000000000000000e+01 5.444649006397551672e-01 4.929957149115141712e-01 4.657269001007080078e+00
3.100000000000000000e+01 5.058236398030754311e-01 5.464625331152529464e-01 4.646908283233642578e+00
3.200000000000000000e+01 5.568118372731972743e-01 5.110638718646022260e-01 4.676702499389648438e+00
3.300000000000000000e+01 5.184869616288846350e-01 5.602735626004516911e-01 4.669179916381835938e+00
3.400000000000000000e+01 5.687358571335539015e-01 5.245524046034542032e-01 4.693406105041503906e+00
3.500000000000000000e+01 5.317952574805336896e-01 5.716084049416098045e-01 4.686829090118408203e+00
3.600000000000000000e+01 5.788260325509951842e-01 5.365729816587210266e-01 4.709509849548339844e+00
3.700000000000000000e+01 5.414951625718541495e-01 5.862296434171391235e-01 4.703787326812744141e+00
3.800000000000000000e+01 5.897874472378701327e-01 5.498345834474781535e-01 4.722581863403320312e+00
3.900000000000000000e+01 5.516181676124349842e-01 5.955346320793074577e-01 4.719308853149414062e+00
4.000000000000000000e+01 5.990363530381644930e-01 5.579665413303049881e-01 4.737774372100830078e+00
4.100000000000000000e+01 5.604918561808038824e-01 6.048872701709598898e-01 4.732409954071044922e+00
4.200000000000000000e+01 6.056151298243256376e-01 5.671699259667721815e-01 4.748825550079345703e+00
4.300000000000000000e+01 5.652353500662443686e-01 6.102475298971895556e-01 4.745914459228515625e+00
4.400000000000000000e+01 6.115985951765942064e-01 5.738017293906024774e-01 4.758563518524169922e+00
4.500000000000000000e+01 5.747338403198217760e-01 6.185797991186715583e-01 4.756135940551757812e+00
4.600000000000000000e+01 6.174642631076960875e-01 5.805200113470588841e-01 4.767939567565917969e+00
4.700000000000000000e+01 5.778411832446647134e-01 6.243038791893489314e-01 4.766325473785400391e+00
4.800000000000000000e+01 6.231141287873263046e-01 5.856420999725951981e-01 4.775471210479736328e+00
4.900000000000000000e+01 5.820551384993307709e-01 6.311434625015340805e-01 4.774398326873779297e+00
5.000000000000000000e+01 6.276135865750448461e-01 5.912103287357629577e-01 4.782715320587158203e+00
5.100000000000000000e+01 5.892049745074764422e-01 6.362460184564660004e-01 4.780189990997314453e+00
5.200000000000000000e+01 6.333448424717403880e-01 5.977490630390275284e-01 4.790605068206787109e+00
5.300000000000000000e+01 5.940254943055435222e-01 6.393289612599747374e-01 4.787576675415039062e+00
5.400000000000000000e+01 6.369494604176064723e-01 6.007470604268376757e-01 4.795992851257324219e+00
5.500000000000000000e+01 5.960997207343108339e-01 6.418794632289231972e-01 4.792661666870117188e+00
5.600000000000000000e+01 6.397402344014163633e-01 6.039898420827637393e-01 4.800543308258056641e+00
5.700000000000000000e+01 6.031787951102921541e-01 6.438521694234254911e-01 4.796513557434082031e+00
5.800000000000000000e+01 6.441352427386624058e-01 6.078279634072709658e-01 4.806406021118164062e+00
5.900000000000000000e+01 6.030938247794018769e-01 6.502109436430603129e-01 4.799841403961181641e+00
6.000000000000000000e+01 6.427556731978081306e-01 6.116544643971303374e-01 4.807396411895751953e+00
6.100000000000000000e+01 6.040992809386730444e-01 6.507441558141900950e-01 4.803907394409179688e+00
6.200000000000000000e+01 6.486175262229534333e-01 6.143759133332935551e-01 4.810454368591308594e+00
6.300000000000000000e+01 6.103862780196681603e-01 6.528139325376703939e-01 4.808115959167480469e+00
6.400000000000000000e+01 6.519290342475396738e-01 6.172341624740088628e-01 4.816379070281982422e+00
6.500000000000000000e+01 6.113844741072693711e-01 6.578994309876898816e-01 4.811875343322753906e+00
6.600000000000000000e+01 6.517825390066588342e-01 6.173807167504491433e-01 4.820803642272949219e+00
6.700000000000000000e+01 6.152884689686971553e-01 6.556085201233781135e-01 4.813934326171875000e+00
6.800000000000000000e+01 6.555308615301216335e-01 6.176311034950426881e-01 4.822546005249023438e+00
6.900000000000000000e+01 6.153215079770090190e-01 6.584981788819662674e-01 4.816148757934570312e+00
7.000000000000000000e+01 6.577122544260554093e-01 6.171045078573027531e-01 4.826868534088134766e+00
7.100000000000000000e+01 6.171147621614850864e-01 6.591679719639890189e-01 4.819069385528564453e+00
7.200000000000000000e+01 6.564103136357910540e-01 6.215547376123730094e-01 4.828249454498291016e+00
7.300000000000000000e+01 6.172759061014903015e-01 6.604399752652349020e-01 4.821737289428710938e+00
7.400000000000000000e+01 6.583724921128532026e-01 6.216494187067410637e-01 4.829679965972900391e+00
7.500000000000000000e+01 6.184306802322087071e-01 6.614396804540660924e-01 4.821836948394775391e+00
7.600000000000000000e+01 6.613355523120644230e-01 6.221688988455205127e-01 4.832443714141845703e+00
7.700000000000000000e+01 6.231546640055064534e-01 6.609159365307334388e-01 4.821290969848632812e+00
7.800000000000000000e+01 6.633701866287315951e-01 6.213482223982151886e-01 4.833523273468017578e+00
7.900000000000000000e+01 6.261519454289595776e-01 6.613125590729632686e-01 4.821313381195068359e+00
8.000000000000000000e+01 6.652837001288367524e-01 6.236214339184680266e-01 4.834124088287353516e+00
8.100000000000000000e+01 6.254625019867104951e-01 6.649935956553449934e-01 4.823705196380615234e+00
8.200000000000000000e+01 6.649720671839410846e-01 6.255734110559774130e-01 4.835938930511474609e+00
8.300000000000000000e+01 6.221762566137526429e-01 6.651963209025374413e-01 4.826391220092773438e+00
8.400000000000000000e+01 6.643187227100325609e-01 6.255237499531363099e-01 4.837358474731445312e+00
8.500000000000000000e+01 6.259597278346434868e-01 6.671716645633471998e-01 4.828691959381103516e+00
8.600000000000000000e+01 6.656990970156645426e-01 6.263048424158075278e-01 4.837737560272216797e+00
8.700000000000000000e+01 6.257436406588754441e-01 6.684158575050636042e-01 4.829302787780761719e+00
8.800000000000000000e+01 6.635462055941632187e-01 6.255237985749115825e-01 4.837504863739013672e+00
8.900000000000000000e+01 6.255576274092312650e-01 6.659519833112995668e-01 4.830454349517822266e+00
9.000000000000000000e+01 6.658830527622862094e-01 6.285049019127763037e-01 4.838317871093750000e+00
9.100000000000000000e+01 6.253652236176640011e-01 6.647671287392293848e-01 4.833362102508544922e+00
9.200000000000000000e+01 6.663966979494868603e-01 6.271874914270786361e-01 4.838153362274169922e+00
9.300000000000000000e+01 6.258557106353389576e-01 6.670494190193141382e-01 4.832183361053466797e+00
9.400000000000000000e+01 6.664564874823331042e-01 6.271300258833842900e-01 4.838048458099365234e+00
9.500000000000000000e+01 6.249343542407994612e-01 6.648529383393653180e-01 4.833696365356445312e+00
9.600000000000000000e+01 6.665498316680292801e-01 6.270168949324098628e-01 4.839947223663330078e+00
9.700000000000000000e+01 6.252200666075772295e-01 6.654609847463791583e-01 4.833087444305419922e+00
9.800000000000000000e+01 6.681015693811928058e-01 6.249188021229686862e-01 4.839580059051513672e+00
9.900000000000000000e+01 6.282702813750850046e-01 6.670381186288700803e-01 4.833435535430908203e+00
1.000000000000000000e+02 6.693681319208464320e-01 6.276833278415989703e-01 4.840641021728515625e+00
1.010000000000000000e+02 6.266222361489842685e-01 6.685732214706161525e-01 4.834245681762695312e+00
1.020000000000000000e+02 6.682826574081597304e-01 6.274654868270976849e-01 4.840290069580078125e+00
1.030000000000000000e+02 6.286551910350270944e-01 6.684871231553869420e-01 4.834396362304687500e+00
1.040000000000000000e+02 6.685039670681580670e-01 6.304257006843316802e-01 4.840345859527587891e+00
1.050000000000000000e+02 6.288081649543483254e-01 6.678271174547864009e-01 4.833307266235351562e+00
1.060000000000000000e+02 6.683023990079760557e-01 6.291231219118748053e-01 4.841128349304199219e+00
1.070000000000000000e+02 6.290268240324948801e-01 6.686694403845616641e-01 4.832615375518798828e+00
1.080000000000000000e+02 6.689227696610878793e-01 6.296733792661786122e-01 4.842034339904785156e+00
1.090000000000000000e+02 6.290472718504579452e-01 6.683601037676020207e-01 4.833321571350097656e+00
1.100000000000000000e+02 6.676637441737554024e-01 6.294758150306222211e-01 4.840722084045410156e+00
1.110000000000000000e+02 6.290404803965928826e-01 6.689029670613179102e-01 4.833129405975341797e+00
1.120000000000000000e+02 6.678492081429521221e-01 6.305725127230651372e-01 4.842354774475097656e+00
1.130000000000000000e+02 6.294934904999425207e-01 6.675617430056909329e-01 4.833324909210205078e+00
1.140000000000000000e+02 6.698547226187450132e-01 6.295966731679244477e-01 4.842391014099121094e+00
1.150000000000000000e+02 6.314864507685861161e-01 6.680352225002552657e-01 4.831291675567626953e+00
1.160000000000000000e+02 6.701257176570373231e-01 6.305812007378565065e-01 4.843622684478759766e+00
1.170000000000000000e+02 6.312030245848680998e-01 6.711720588205908333e-01 4.832857131958007812e+00
1.180000000000000000e+02 6.700722710891643397e-01 6.314909469576315271e-01 4.843865394592285156e+00
1.190000000000000000e+02 6.332052442668365533e-01 6.697950612924823410e-01 4.834247112274169922e+00
1.200000000000000000e+02 6.686921213914309714e-01 6.312164147296140948e-01 4.844057559967041016e+00
1.210000000000000000e+02 6.311133141504449151e-01 6.688124059551617817e-01 4.835451126098632812e+00
1.220000000000000000e+02 6.690918881416338948e-01 6.310359788888426635e-01 4.844327926635742188e+00
1.230000000000000000e+02 6.305599310572034266e-01 6.680586094806965081e-01 4.837203502655029297e+00
1.240000000000000000e+02 6.698539281701586523e-01 6.300524744231500440e-01 4.845816612243652344e+00
1.250000000000000000e+02 6.294695477326921473e-01 6.692453422250040918e-01 4.836254596710205078e+00
1.260000000000000000e+02 6.696934562680578740e-01 6.290848916147522285e-01 4.845884323120117188e+00
1.270000000000000000e+02 6.312127532666373941e-01 6.674108008230048572e-01 4.836660385131835938e+00
1.280000000000000000e+02 6.713274003142574164e-01 6.269881592014360239e-01 4.847297668457031250e+00
1.290000000000000000e+02 6.316433460865902294e-01 6.668947044716421191e-01 4.835069179534912109e+00
1.300000000000000000e+02 6.717458533159772482e-01 6.264398151385461855e-01 4.847158432006835938e+00
1.310000000000000000e+02 6.332756245439576936e-01 6.634054749967633891e-01 4.834527492523193359e+00
1.320000000000000000e+02 6.724266974443802170e-01 6.258042410101343211e-01 4.849205017089843750e+00
1.330000000000000000e+02 6.322373942185902651e-01 6.652764218195220680e-01 4.834547042846679688e+00
1.340000000000000000e+02 6.689333047726471193e-01 6.263346894093069217e-01 4.848185062408447266e+00
1.350000000000000000e+02 6.303408912742647363e-01 6.641614750576724235e-01 4.833353042602539062e+00
1.360000000000000000e+02 6.697193138280854718e-01 6.255144100630688486e-01 4.846352100372314453e+00
1.370000000000000000e+02 6.295120062070669320e-01 6.649277207515549293e-01 4.833697795867919922e+00
1.380000000000000000e+02 6.668425498948326036e-01 6.262883551656549530e-01 4.844723701477050781e+00
1.390000000000000000e+02 6.289293188052784700e-01 6.674614306289354815e-01 4.833605289459228516e+00
1.400000000000000000e+02 6.670303846936005421e-01 6.284057159084268651e-01 4.845498561859130859e+00
1.410000000000000000e+02 6.275399382914675916e-01 6.691255066893038173e-01 4.834915637969970703e+00
1.420000000000000000e+02 6.663227916947593865e-01 6.302955231619227217e-01 4.843895435333251953e+00
1.430000000000000000e+02 6.286834951495624546e-01 6.699161681430391146e-01 4.835754394531250000e+00
1.440000000000000000e+02 6.651630955958057756e-01 6.300164331456341582e-01 4.843282699584960938e+00
1.450000000000000000e+02 6.271278342158458363e-01 6.708576333394167257e-01 4.836477756500244141e+00
1.460000000000000000e+02 6.668322701132533004e-01 6.320201405890045754e-01 4.842020511627197266e+00
1.470000000000000000e+02 6.257922169438856486e-01 6.704547215159291085e-01 4.835648536682128906e+00
1.480000000000000000e+02 6.649758894944771681e-01 6.317666015280317682e-01 4.842465400695800781e+00
1.490000000000000000e+02 6.258494709303855652e-01 6.698537319462939399e-01 4.836524486541748047e+00
1.500000000000000000e+02 6.662886269962219332e-01 6.282573404490220392e-01 4.841804981231689453e+00
1.510000000000000000e+02 6.272411176171897029e-01 6.699900958055939881e-01 4.836807250976562500e+00
1.520000000000000000e+02 6.648641293847115108e-01 6.314741435893139743e-01 4.843790054321289062e+00
1.530000000000000000e+02 6.264667725566657186e-01 6.688568319326771983e-01 4.836389064788818359e+00
1.540000000000000000e+02 6.657241117421708321e-01 6.297234654118810671e-01 4.842492103576660156e+00
1.550000000000000000e+02 6.252676630025798543e-01 6.694209063833446161e-01 4.836733341217041016e+00
1.560000000000000000e+02 6.660941055456341964e-01 6.309170687584266801e-01 4.843137264251708984e+00
1.570000000000000000e+02 6.263031800921523562e-01 6.678892486688977614e-01 4.836489677429199219e+00
1.580000000000000000e+02 6.684904238028867018e-01 6.316792064582866795e-01 4.844886302947998047e+00
1.590000000000000000e+02 6.284076226245134400e-01 6.698712870595814328e-01 4.835635185241699219e+00
1.600000000000000000e+02 6.693625098325854950e-01 6.291516418232415697e-01 4.844870090484619141e+00
1.610000000000000000e+02 6.293369511334202526e-01 6.706450076389564030e-01 4.837457180023193359e+00
1.620000000000000000e+02 6.682766600214277153e-01 6.310427498636079768e-01 4.846063137054443359e+00
1.630000000000000000e+02 6.285651444895175022e-01 6.711324370089477576e-01 4.836434364318847656e+00
1.640000000000000000e+02 6.691359903639775286e-01 6.325285376117850689e-01 4.845848083496093750e+00
1.650000000000000000e+02 6.296819736385963484e-01 6.700312562291825813e-01 4.836133003234863281e+00
1.660000000000000000e+02 6.690603877353792361e-01 6.324361775562886701e-01 4.845355510711669922e+00
1.670000000000000000e+02 6.297955721812807939e-01 6.722427788517191249e-01 4.835594177246093750e+00
1.680000000000000000e+02 6.701819596045629490e-01 6.323547427653988251e-01 4.844840049743652344e+00
1.690000000000000000e+02 6.294124828456738596e-01 6.713937268778411571e-01 4.836224555969238281e+00
1.700000000000000000e+02 6.700010513795483513e-01 6.314335372706337823e-01 4.843850135803222656e+00
1.710000000000000000e+02 6.295377311899389428e-01 6.696640632183329389e-01 4.836119651794433594e+00
1.720000000000000000e+02 6.709346916666151239e-01 6.330684194888609451e-01 4.845071792602539062e+00
1.730000000000000000e+02 6.296001056084149505e-01 6.695700911417719059e-01 4.836017608642578125e+00
1.740000000000000000e+02 6.714767176179990971e-01 6.305863706367753618e-01 4.847315788269042969e+00
1.750000000000000000e+02 6.309603764738115350e-01 6.711347364524988812e-01 4.835780143737792969e+00
1.760000000000000000e+02 6.739449458122246384e-01 6.308815639085381122e-01 4.848227977752685547e+00
1.770000000000000000e+02 6.319806151132461025e-01 6.692957289807323074e-01 4.835010528564453125e+00
1.780000000000000000e+02 6.708388264580253946e-01 6.301036398985916387e-01 4.848353385925292969e+00
1.790000000000000000e+02 6.329995641590602240e-01 6.698847412566047987e-01 4.835651397705078125e+00
1.800000000000000000e+02 6.738147882090863572e-01 6.305007990370311566e-01 4.848748683929443359e+00
1.810000000000000000e+02 6.341684768882994705e-01 6.695652883631739716e-01 4.836529254913330078e+00
1.820000000000000000e+02 6.733296304574800661e-01 6.314479257537988222e-01 4.850964069366455078e+00
1.830000000000000000e+02 6.352057661005690026e-01 6.711816776441730248e-01 4.836349964141845703e+00
1.840000000000000000e+02 6.747132476481807473e-01 6.293006917699676128e-01 4.852448940277099609e+00
1.850000000000000000e+02 6.349601000412447016e-01 6.672925890554728401e-01 4.835227489471435547e+00
1.860000000000000000e+02 6.714181469421993675e-01 6.272072326480385707e-01 4.851456165313720703e+00
1.870000000000000000e+02 6.316161434731153435e-01 6.693518561101358122e-01 4.835252285003662109e+00
1.880000000000000000e+02 6.707945660002611055e-01 6.283864762912098056e-01 4.851367950439453125e+00
1.890000000000000000e+02 6.329099947385622427e-01 6.697094595245115523e-01 4.835094451904296875e+00
1.900000000000000000e+02 6.722820626106054132e-01 6.274504038828856434e-01 4.851033210754394531e+00
1.910000000000000000e+02 6.297554116326103957e-01 6.699165818003904871e-01 4.838417530059814453e+00
1.920000000000000000e+02 6.715403201788823218e-01 6.304580086976210307e-01 4.850003719329833984e+00
1.930000000000000000e+02 6.318219466092548364e-01 6.680347641109749546e-01 4.837945461273193359e+00
1.940000000000000000e+02 6.728400934721979754e-01 6.296662496635185846e-01 4.850614070892333984e+00
1.950000000000000000e+02 6.320422615250903542e-01 6.679935310415004990e-01 4.836751461029052734e+00
1.960000000000000000e+02 6.710867164040402733e-01 6.299802948861370488e-01 4.851006984710693359e+00
1.970000000000000000e+02 6.324126216709626824e-01 6.665533544057617998e-01 4.835512638092041016e+00
1.980000000000000000e+02 6.711654133416439239e-01 6.300648430937093591e-01 4.850879669189453125e+00
1.990000000000000000e+02 6.340047504219316066e-01 6.675905038517726542e-01 4.836599826812744141e+00
2.000000000000000000e+02 6.749395510555025179e-01 6.275620182114647339e-01 4.851188659667968750e+00
2.010000000000000000e+02 6.348078078390591017e-01 6.677437929059246713e-01 4.837268352508544922e+00
2.020000000000000000e+02 6.734099696179073336e-01 6.283418362909968247e-01 4.851744174957275391e+00
2.030000000000000000e+02 6.362457989876348918e-01 6.680230062205197994e-01 4.835196495056152344e+00
2.040000000000000000e+02 6.745400506608303370e-01 6.275367124753506998e-01 4.850551605224609375e+00
2.050000000000000000e+02 6.384965845683302499e-01 6.707788793032170016e-01 4.834833621978759766e+00
2.060000000000000000e+02 6.750043479515999145e-01 6.310237959507219996e-01 4.851387023925781250e+00
2.070000000000000000e+02 6.374553188478796484e-01 6.721551119274165043e-01 4.835204124450683594e+00
2.080000000000000000e+02 6.762714419369220131e-01 6.317958027585933722e-01 4.850573062896728516e+00
2.090000000000000000e+02 6.363495428479444271e-01 6.732063453353862581e-01 4.834517955780029297e+00
2.100000000000000000e+02 6.763754461264374074e-01 6.315796502686750191e-01 4.851984500885009766e+00
2.110000000000000000e+02 6.350346417045923397e-01 6.728903168465807383e-01 4.835660934448242188e+00
2.120000000000000000e+02 6.768695530764773372e-01 6.327195326811941856e-01 4.851206302642822266e+00
2.130000000000000000e+02 6.358337651093398657e-01 6.715794865071911257e-01 4.835739135742187500e+00
2.140000000000000000e+02 6.746756940072448083e-01 6.302279387025647717e-01 4.850543022155761719e+00
2.150000000000000000e+02 6.354625483926689133e-01 6.715031131187366720e-01 4.836625099182128906e+00
2.160000000000000000e+02 6.746954997065858217e-01 6.298243908072874708e-01 4.850389003753662109e+00
2.170000000000000000e+02 6.352180780481689881e-01 6.696241350996892105e-01 4.836675167083740234e+00
2.180000000000000000e+02 6.747198424889941926e-01 6.303872305703706047e-01 4.850704193115234375e+00
2.190000000000000000e+02 6.338705276165448321e-01 6.706558221259543151e-01 4.836468696594238281e+00
2.200000000000000000e+02 6.724488236913042094e-01 6.298148841337953829e-01 4.850327491760253906e+00
2.210000000000000000e+02 6.358592023678981686e-01 6.695120241475701617e-01 4.835594654083251953e+00
2.220000000000000000e+02 6.727233362731361854e-01 6.300012784712776259e-01 4.850140571594238281e+00
2.230000000000000000e+02 6.370810471503342010e-01 6.702270104928598204e-01 4.834534168243408203e+00
2.240000000000000000e+02 6.765229973443492861e-01 6.292358179039103661e-01 4.850184917449951172e+00
2.250000000000000000e+02 6.351128734260262920e-01 6.691406751400089670e-01 4.834116935729980469e+00
2.260000000000000000e+02 6.744622467224822282e-01 6.285887240535964482e-01 4.851809978485107422e+00
2.270000000000000000e+02 6.354389200226572276e-01 6.672094088746588492e-01 4.833181381225585938e+00
2.280000000000000000e+02 6.745387383748303600e-01 6.289094665011530916e-01 4.853363037109375000e+00
2.290000000000000000e+02 6.339347454470161125e-01 6.685874781048474214e-01 4.833552360534667969e+00
2.300000000000000000e+02 6.733150470277972088e-01 6.290359792326718491e-01 4.851318836212158203e+00
2.310000000000000000e+02 6.358212376343114203e-01 6.682810974309063567e-01 4.834887027740478516e+00
2.320000000000000000e+02 6.728897604995344173e-01 6.303148282745661968e-01 4.852044105529785156e+00
2.330000000000000000e+02 6.361687255218019255e-01 6.716656596096680643e-01 4.837677001953125000e+00
2.340000000000000000e+02 6.736708203769851133e-01 6.310889552403806668e-01 4.851345539093017578e+00
2.350000000000000000e+02 6.337611123131657864e-01 6.718498914587224258e-01 4.837943553924560547e+00
2.360000000000000000e+02 6.726393676772204344e-01 6.326610570775793585e-01 4.849600315093994141e+00
2.370000000000000000e+02 6.320106483368954642e-01 6.726710689974402246e-01 4.839748382568359375e+00
2.380000000000000000e+02 6.719695299372806518e-01 6.316183796139609452e-01 4.849387645721435547e+00
2.390000000000000000e+02 6.302925606606407660e-01 6.709316959033214678e-01 4.838851928710937500e+00
2.400000000000000000e+02 6.672638117397186042e-01 6.305071197247621440e-01 4.848288059234619141e+00
2.410000000000000000e+02 6.303987945228807233e-01 6.697606933345290336e-01 4.839485645294189453e+00
2.420000000000000000e+02 6.676711234087204794e-01 6.322959762185009769e-01 4.847608089447021484e+00
2.430000000000000000e+02 6.308718277252042261e-01 6.673440197542628294e-01 4.840515136718750000e+00
2.440000000000000000e+02 6.684625247244323498e-01 6.299519640125830211e-01 4.847630500793457031e+00
2.450000000000000000e+02 6.291849661169836017e-01 6.692677949154347550e-01 4.838388442993164062e+00
2.460000000000000000e+02 6.686230849516002772e-01 6.296933035707882320e-01 4.847109794616699219e+00
2.470000000000000000e+02 6.313243235462130398e-01 6.700535068023519836e-01 4.840160369873046875e+00
2.480000000000000000e+02 6.712506535967204258e-01 6.337203298449659572e-01 4.848878860473632812e+00
2.490000000000000000e+02 6.341676984404135409e-01 6.726271649815507292e-01 4.841061115264892578e+00
2.500000000000000000e+02 6.697120919720638277e-01 6.349638767352673296e-01 4.848379135131835938e+00
2.510000000000000000e+02 6.291809073384725393e-01 6.735472336368808488e-01 4.841489791870117188e+00
2.520000000000000000e+02 6.697128652222956724e-01 6.329116546920383612e-01 4.847298145294189453e+00
2.530000000000000000e+02 6.321409585126567254e-01 6.723664196289020900e-01 4.840903282165527344e+00
2.540000000000000000e+02 6.703293075528122813e-01 6.333546087364767541e-01 4.847832202911376953e+00
2.550000000000000000e+02 6.289081173593733531e-01 6.727944842861903751e-01 4.840925216674804688e+00
2.560000000000000000e+02 6.663592627282314274e-01 6.323870250348242461e-01 4.846417427062988281e+00
2.570000000000000000e+02 6.296031638087782323e-01 6.732452547329785819e-01 4.840862751007080078e+00
2.580000000000000000e+02 6.687958338831464511e-01 6.325436275644061856e-01 4.847332477569580078e+00
2.590000000000000000e+02 6.300052118580372618e-01 6.720314471922989030e-01 4.841296672821044922e+00
2.600000000000000000e+02 6.686606041807632295e-01 6.329873944205121061e-01 4.846831321716308594e+00
2.610000000000000000e+02 6.292306806165194333e-01 6.735394691337445172e-01 4.841004848480224609e+00
2.620000000000000000e+02 6.678894473478586002e-01 6.332423982577928268e-01 4.846218109130859375e+00
2.630000000000000000e+02 6.270716787561942951e-01 6.734815015983954822e-01 4.840539932250976562e+00
2.640000000000000000e+02 6.667085307078665091e-01 6.335091486016997120e-01 4.844638347625732422e+00
2.650000000000000000e+02 6.264796796530192058e-01 6.715455808157229090e-01 4.839968204498291016e+00
2.660000000000000000e+02 6.676748571215912476e-01 6.318658050808839688e-01 4.844252586364746094e+00
2.670000000000000000e+02 6.264896241917948805e-01 6.718434377690474246e-01 4.839085102081298828e+00
2.680000000000000000e+02 6.666396481538225949e-01 6.318756034414810818e-01 4.843411922454833984e+00
2.690000000000000000e+02 6.267876632016173843e-01 6.706023403329336441e-01 4.839515686035156250e+00
2.700000000000000000e+02 6.695938750524332850e-01 6.293667402042456560e-01 4.843521595001220703e+00
2.710000000000000000e+02 6.331500941118939352e-01 6.700958719676000097e-01 4.837285518646240234e+00
2.720000000000000000e+02 6.718160852089486434e-01 6.308353466923160013e-01 4.844457626342773438e+00
2.730000000000000000e+02 6.314450500445716319e-01 6.732859277028923062e-01 4.839810848236083984e+00
2.740000000000000000e+02 6.716338754572663827e-01 6.300683265385554899e-01 4.845624446868896484e+00
2.750000000000000000e+02 6.310020401181438698e-01 6.719715727024649921e-01 4.838694095611572266e+00
2.760000000000000000e+02 6.700489311473547538e-01 6.327613679756949328e-01 4.846205711364746094e+00
2.770000000000000000e+02 6.305415942423571174e-01 6.704105416052448252e-01 4.839024543762207031e+00
2.780000000000000000e+02 6.700494674727333066e-01 6.305054226326995970e-01 4.846972942352294922e+00
2.790000000000000000e+02 6.318552986652498094e-01 6.719691821846330848e-01 4.840738773345947266e+00
2.800000000000000000e+02 6.721403964991073954e-01 6.327895328659812746e-01 4.847199440002441406e+00
2.810000000000000000e+02 6.320739225887066493e-01 6.723448126730745544e-01 4.839622974395751953e+00
2.820000000000000000e+02 6.708545121127609256e-01 6.346833481710545399e-01 4.848290920257568359e+00
2.830000000000000000e+02 6.309497166081279307e-01 6.736894053721649289e-01 4.840891838073730469e+00
2.840000000000000000e+02 6.733191595393572815e-01 6.358957963744323871e-01 4.848591804504394531e+00
2.850000000000000000e+02 6.323208210281120456e-01 6.726511153695589051e-01 4.840608596801757812e+00
2.860000000000000000e+02 6.726532204198006903e-01 6.338977974740741539e-01 4.847031116485595703e+00
2.870000000000000000e+02 6.343334301568920308e-01 6.723050875690982364e-01 4.839987277984619141e+00
2.880000000000000000e+02 6.715821676119734240e-01 6.328563323155221854e-01 4.848106384277343750e+00
2.890000000000000000e+02 6.328653439221588739e-01 6.699970642795369802e-01 4.838617801666259766e+00
2.900000000000000000e+02 6.707468341516709120e-01 6.328474619824154823e-01 4.848565578460693359e+00
2.910000000000000000e+02 6.309923959458971776e-01 6.712394348688869306e-01 4.838232994079589844e+00
2.920000000000000000e+02 6.695945085919982054e-01 6.321783579160058508e-01 4.847731113433837891e+00
2.930000000000000000e+02 6.311883942585156948e-01 6.718535688577859100e-01 4.838331699371337891e+00
2.940000000000000000e+02 6.679086195409420501e-01 6.338388516785400384e-01 4.848351478576660156e+00
2.950000000000000000e+02 6.327928426759044100e-01 6.730289167837237851e-01 4.840248107910156250e+00
2.960000000000000000e+02 6.714497118607750670e-01 6.319347403342533420e-01 4.846945762634277344e+00
2.970000000000000000e+02 6.320866362631926139e-01 6.724401711403519277e-01 4.839096069335937500e+00
2.980000000000000000e+02 6.720587086655712694e-01 6.333171610908296945e-01 4.848814964294433594e+00
2.990000000000000000e+02 6.311261265252895436e-01 6.710541588778857758e-01 4.839090347290039062e+00
3.000000000000000000e+02 6.718452390155539300e-01 6.321529791721898217e-01 4.846009254455566406e+00
3.010000000000000000e+02 6.304544290851179511e-01 6.718421945409382978e-01 4.837717056274414062e+00
3.020000000000000000e+02 6.700036454420628118e-01 6.340255543401497329e-01 4.846239089965820312e+00
3.030000000000000000e+02 6.281327768150478663e-01 6.737237883794381377e-01 4.837474346160888672e+00
3.040000000000000000e+02 6.697111388365276641e-01 6.355527592462774100e-01 4.845917701721191406e+00
3.050000000000000000e+02 6.309104024908169794e-01 6.742350409408447431e-01 4.837719440460205078e+00
3.060000000000000000e+02 6.709679051051617993e-01 6.359617159242666462e-01 4.845589637756347656e+00
3.070000000000000000e+02 6.323067995836877397e-01 6.755713151579169073e-01 4.836763858795166016e+00
3.080000000000000000e+02 6.726924372295974841e-01 6.357344441523107292e-01 4.844898700714111328e+00
3.090000000000000000e+02 6.328774156356112846e-01 6.750429458338325084e-01 4.837172031402587891e+00
3.100000000000000000e+02 6.731238590124845045e-01 6.337745363191593650e-01 4.845052719116210938e+00
3.110000000000000000e+02 6.313334811110492550e-01 6.742571513866256749e-01 4.837364196777343750e+00
3.120000000000000000e+02 6.731731726571479335e-01 6.357513469001517814e-01 4.845555305480957031e+00
3.130000000000000000e+02 6.319184376718025575e-01 6.730935290635895463e-01 4.836384773254394531e+00
3.140000000000000000e+02 6.701649061902267279e-01 6.338139173343814159e-01 4.846070289611816406e+00
3.150000000000000000e+02 6.329964906963986282e-01 6.716612569556767998e-01 4.836919307708740234e+00
3.160000000000000000e+02 6.724399165912620102e-01 6.343668057932282389e-01 4.845947265625000000e+00
3.170000000000000000e+02 6.310110222552665071e-01 6.743141863435391237e-01 4.837197303771972656e+00
3.180000000000000000e+02 6.717926308168064020e-01 6.345931579995646166e-01 4.846412658691406250e+00
3.190000000000000000e+02 6.328851694040386056e-01 6.730979141022105372e-01 4.838320255279541016e+00
3.200000000000000000e+02 6.718069981987156991e-01 6.347664851399044128e-01 4.846323966979980469e+00
3.210000000000000000e+02 6.310977300330969930e-01 6.720609389511830178e-01 4.840259552001953125e+00
3.220000000000000000e+02 6.714915449289219351e-01 6.352624493752455637e-01 4.845789432525634766e+00
3.230000000000000000e+02 6.305839070452585737e-01 6.749670436647146055e-01 4.840359210968017578e+00
3.240000000000000000e+02 6.711950822402926731e-01 6.364296784753191716e-01 4.845299720764160156e+00
3.250000000000000000e+02 6.317384452066622247e-01 6.736400922274752290e-01 4.841490268707275391e+00
3.260000000000000000e+02 6.713941265988967455e-01 6.358989520487633440e-01 4.847402095794677734e+00
3.270000000000000000e+02 6.314582051712164246e-01 6.733503868245331869e-01 4.839774608612060547e+00
3.280000000000000000e+02 6.682326871754816766e-01 6.353487663029288024e-01 4.846867084503173828e+00
3.290000000000000000e+02 6.289336602552001443e-01 6.734197580373908476e-01 4.840129852294921875e+00
3.300000000000000000e+02 6.686604091479737555e-01 6.356093945900850306e-01 4.845307350158691406e+00
3.310000000000000000e+02 6.291937791407870018e-01 6.741165952223212576e-01 4.841557025909423828e+00
3.320000000000000000e+02 6.689603365158306447e-01 6.350737390612600786e-01 4.844599723815917969e+00
3.330000000000000000e+02 6.300644698688906420e-01 6.757025921782446876e-01 4.841877937316894531e+00
3.340000000000000000e+02 6.696832556982522666e-01 6.365111845928621559e-01 4.846178054809570312e+00
3.350000000000000000e+02 6.299428931669864840e-01 6.770437954808978809e-01 4.842058658599853516e+00
3.360000000000000000e+02 6.666956749118873038e-01 6.371807403364152522e-01 4.845826148986816406e+00
3.370000000000000000e+02 6.280521659533678802e-01 6.770244578774878841e-01 4.842167377471923828e+00
3.380000000000000000e+02 6.666294031596022851e-01 6.366405750445616185e-01 4.844360828399658203e+00
3.390000000000000000e+02 6.298119459035189660e-01 6.756335794506267423e-01 4.843317508697509766e+00
3.400000000000000000e+02 6.696950259962634044e-01 6.365188191420318997e-01 4.843754291534423828e+00
3.410000000000000000e+02 6.317599228326243876e-01 6.752502873152577134e-01 4.842055797576904297e+00
3.420000000000000000e+02 6.682658506242681318e-01 6.340192161196270826e-01 4.845322132110595703e+00
3.430000000000000000e+02 6.301726579389341776e-01 6.712956686069654344e-01 4.840815067291259766e+00
3.440000000000000000e+02 6.691153471658852769e-01 6.336976762916973760e-01 4.844194412231445312e+00
3.450000000000000000e+02 6.325520838101659216e-01 6.716277976382090120e-01 4.840279579162597656e+00
3.460000000000000000e+02 6.714991097000800879e-01 6.340440247208311009e-01 4.845505714416503906e+00
3.470000000000000000e+02 6.309784489794457718e-01 6.718120215735601253e-01 4.839851856231689453e+00
3.480000000000000000e+02 6.697888734287822388e-01 6.339562144579042879e-01 4.845081329345703125e+00
3.490000000000000000e+02 6.325065843314675584e-01 6.723282824523947321e-01 4.839050769805908203e+00
3.500000000000000000e+02 6.703619633422225332e-01 6.336530601110471617e-01 4.846029281616210938e+00
3.510000000000000000e+02 6.315720181503321484e-01 6.702385207328117600e-01 4.839005470275878906e+00
3.520000000000000000e+02 6.688343963286009775e-01 6.332514902171498816e-01 4.844706058502197266e+00
3.530000000000000000e+02 6.298298330304124004e-01 6.730278582492081885e-01 4.838448524475097656e+00
3.540000000000000000e+02 6.688237576377035198e-01 6.338233725541188024e-01 4.845401287078857422e+00
3.550000000000000000e+02 6.276792022179159547e-01 6.735232720057230393e-01 4.839511871337890625e+00
3.560000000000000000e+02 6.673279218557960357e-01 6.350280056347078483e-01 4.845307826995849609e+00
3.570000000000000000e+02 6.288734446136935441e-01 6.733406059717493841e-01 4.839629650115966797e+00
3.580000000000000000e+02 6.695338698881327932e-01 6.351063854915192097e-01 4.844756603240966797e+00
3.590000000000000000e+02 6.272291880601312819e-01 6.756422070520469170e-01 4.839810371398925781e+00
3.600000000000000000e+02 6.671680002327269321e-01 6.345738049258774494e-01 4.844464302062988281e+00
3.610000000000000000e+02 6.272658203083326667e-01 6.744780568427115597e-01 4.839997291564941406e+00
3.620000000000000000e+02 6.688665684619037322e-01 6.350248498418533671e-01 4.845401763916015625e+00
3.630000000000000000e+02 6.288332344365359372e-01 6.729056734805982654e-01 4.840734481811523438e+00
3.640000000000000000e+02 6.700681337166359830e-01 6.332697036407369806e-01 4.846924781799316406e+00
3.650000000000000000e+02 6.290348712120286123e-01 6.743214181710717181e-01 4.839037418365478516e+00
3.660000000000000000e+02 6.690133014994947835e-01 6.370877754803971893e-01 4.846075534820556641e+00
3.670000000000000000e+02 6.293076272294677587e-01 6.776113891178744408e-01 4.839740753173828125e+00
3.680000000000000000e+02 6.693324131305704583e-01 6.361697368853299617e-01 4.845974445343017578e+00
3.690000000000000000e+02 6.312034092223614001e-01 6.742391797685165500e-01 4.839947223663330078e+00
3.700000000000000000e+02 6.695544069529746345e-01 6.357872445494620051e-01 4.847798824310302734e+00
3.710000000000000000e+02 6.281961018269006658e-01 6.750299945116715605e-01 4.840721607208251953e+00
3.720000000000000000e+02 6.708167643954526804e-01 6.366270253259361800e-01 4.848985671997070312e+00
3.730000000000000000e+02 6.313643627052556440e-01 6.744700622625187103e-01 4.841703414916992188e+00
3.740000000000000000e+02 6.688514091841237796e-01 6.358545679755361890e-01 4.848474502563476562e+00
3.750000000000000000e+02 6.300984348351695852e-01 6.737661630494004017e-01 4.841889858245849609e+00
3.760000000000000000e+02 6.680717477419888528e-01 6.349134322428898747e-01 4.848032951354980469e+00
3.770000000000000000e+02 6.269521438918167489e-01 6.748323940652148911e-01 4.843061447143554688e+00
3.780000000000000000e+02 6.681502468460933652e-01 6.365979887069144194e-01 4.847625255584716797e+00
3.790000000000000000e+02 6.277561698500270237e-01 6.747732203040105459e-01 4.843620777130126953e+00
3.800000000000000000e+02 6.660216308804435270e-01 6.364604479069247978e-01 4.847917079925537109e+00
3.810000000000000000e+02 6.270773200566327477e-01 6.763999773357624035e-01 4.844336032867431641e+00
3.820000000000000000e+02 6.678771031948437242e-01 6.349227773024088695e-01 4.846538066864013672e+00
3.830000000000000000e+02 6.299841750677961372e-01 6.758444430598258279e-01 4.842645168304443359e+00
3.840000000000000000e+02 6.676638860627307492e-01 6.353049471419142114e-01 4.846392631530761719e+00
3.850000000000000000e+02 6.265820326392147477e-01 6.769689615301586194e-01 4.842341423034667969e+00
3.860000000000000000e+02 6.673129836402972304e-01 6.354673006437634442e-01 4.846186161041259766e+00
3.870000000000000000e+02 6.295406046761075070e-01 6.742872890718281109e-01 4.842689037322998047e+00
3.880000000000000000e+02 6.691576577836944040e-01 6.344582385253012546e-01 4.848107337951660156e+00
3.890000000000000000e+02 6.298186863420485171e-01 6.735818698596448550e-01 4.842371940612792969e+00
3.900000000000000000e+02 6.701445298951443919e-01 6.353476912148846578e-01 4.847846031188964844e+00
3.910000000000000000e+02 6.319605381280047895e-01 6.742755161102098604e-01 4.841961860656738281e+00
3.920000000000000000e+02 6.709362592539165338e-01 6.334977638192892391e-01 4.847549915313720703e+00
3.930000000000000000e+02 6.323495934051592826e-01 6.744203079419819336e-01 4.841330051422119141e+00
3.940000000000000000e+02 6.724410852872187982e-01 6.329352292995915619e-01 4.847422599792480469e+00
3.950000000000000000e+02 6.328349100305166175e-01 6.739442957138959134e-01 4.839594364166259766e+00
3.960000000000000000e+02 6.718437971841022538e-01 6.347687998351736471e-01 4.847905635833740234e+00
3.970000000000000000e+02 6.328538021777273537e-01 6.729341979857813572e-01 4.838587284088134766e+00
3.980000000000000000e+02 6.729034709308305828e-01 6.328232639039441665e-01 4.848630428314208984e+00
