0.000000000000000000e+00 9.242917850319959383e-02 7.197748082906432754e-02 2.994352102279663086e+00
1.000000000000000000e+00 9.251596953180747651e-02 9.200884827259517285e-02 3.000904083251953125e+00
2.000000000000000000e+00 1.424365702237652687e-01 8.923145756815656360e-02 3.156003952026367188e+00
3.000000000000000000e+00 1.372973997060240869e-01 1.404876901801115907e-01 3.161376953125000000e+00
4.000000000000000000e+00 2.058573582742160568e-01 1.362890892667535658e-01 3.287460565567016602e+00
5.000000000000000000e+00 1.962041898676916418e-01 2.021327569572218263e-01 3.293825387954711914e+00
6.000000000000000000e+00 2.669549452827717495e-01 1.914674537165821089e-01 3.396668910980224609e+00
7.000000000000000000e+00 2.507743717703767583e-01 2.643834128251224547e-01 3.403516530990600586e+00
8.000000000000000000e+00 3.282381381043694701e-01 2.452517162499503744e-01 3.488017082214355469e+00
9.000000000000000000e+00 3.027418709234928618e-01 3.211887929990239754e-01 3.494504928588867188e+00
1.000000000000000000e+01 3.780557522763648981e-01 2.990284011943011300e-01 3.565947532653808594e+00
1.100000000000000000e+01 3.519311112321513169e-01 3.715897142616493842e-01 3.570798873901367188e+00
1.200000000000000000e+01 4.210240352521686935e-01 3.434574782511997659e-01 3.629512071609497070e+00
1.300000000000000000e+01 3.917426971542837255e-01 4.162202871392579051e-01 3.634769916534423828e+00
1.400000000000000000e+01 4.622283513194130888e-01 3.853113205138228303e-01 3.685451507568359375e+00
1.500000000000000000e+01 4.291500749805292059e-01 4.538220384411185138e-01 3.688117027282714844e+00
1.600000000000000000e+01 4.966540097454297253e-01 4.213262128673990747e-01 3.732629060745239258e+00
1.700000000000000000e+01 4.612200594492070205e-01 4.902789113715365632e-01 3.736857891082763672e+00
1.800000000000000000e+01 5.271124801324236220e-01 4.579435085636879288e-01 3.773204565048217773e+00
1.900000000000000000e+01 4.932437772152952205e-01 5.199471910219659598e-01 3.779278516769409180e+00
2.000000000000000000e+01 5.558767588286546157e-01 4.873606056705762080e-01 3.812021970748901367e+00
2.100000000000000000e+01 5.170934599270184950e-01 5.480558652987073120e-01 3.816071510314941406e+00
2.200000000000000000e+01 5.747379016854626821e-01 5.134638954827878132e-01 3.842591524124145508e+00
2.300000000000000000e+01 5.394264053556973026e-01 5.716670213724781568e-01 3.848655939102172852e+00
2.400000000000000000e+01 5.973022381260125746e-01 5.345707402757722271e-01 3.869374036788940430e+00
2.500000000000000000e+01 5.633863789701093472e-01 5.913664483490893575e-01 3.874588966369628906e+00
2.600000000000000000e+01 6.178000759510292594e-01 5.563565837850603657e-01 3.895531415939331055e+00
2.700000000000000000e+01 5.803866703068680799e-01 6.121087621175126392e-01 3.899209976196289062e+00
2.800000000000000000e+01 6.332901988043326824e-01 5.760478744636098325e-01 3.914998531341552734e+00
2.900000000000000000e+01 5.952870649098440659e-01 6.275059710663217771e-01 3.923600912094116211e+00
3.000000000000000000e+01 6.485581696940254659e-01 5.919810927358934993e-01 3.934025526046752930e+00
3.100000000000000000e+01 6.127333095971966292e-01 6.439995197293076901e-01 3.943621873855590820e+00
3.200000000000000000e+01 6.635636489272158656e-01 6.100789551997907179e-01 3.952122926712036133e+00
3.300000000000000000e+01 6.267184939479089056e-01 6.587675354762069224e-01 3.959931373596191406e+00
3.400000000000000000e+01 6.719257597411170124e-01 6.200327505190839084e-01 3.966655969619750977e+00
3.500000000000000000e+01 6.342102201005249684e-01 6.665947091337595110e-01 3.975909471511840820e+00
3.600000000000000000e+01 6.842807463586564332e-01 6.286477449489894509e-01 3.979194402694702148e+00
3.700000000000000000e+01 6.469829236030593123e-01 6.769813898184728895e-01 3.988278388977050781e+00
3.800000000000000000e+01 6.922525146520308592e-01 6.389864192380716457e-01 3.990623950958251953e+00
3.900000000000000000e+01 6.550576992465104720e-01 6.841018049539172585e-01 3.998359918594360352e+00
4.000000000000000000e+01 7.014608319628645727e-01 6.477004647863348064e-01 4.001651287078857422e+00
4.100000000000000000e+01 6.638483616757744343e-01 6.949295328855702447e-01 4.010529041290283203e+00
4.200000000000000000e+01 7.090015864876519913e-01 6.586687383265048545e-01 4.009949207305908203e+00
4.300000000000000000e+01 6.695130016964022657e-01 7.025076993799578284e-01 4.019787311553955078e+00
4.400000000000000000e+01 7.154426764386977444e-01 6.632661437577691554e-01 4.017824172973632812e+00
4.500000000000000000e+01 6.781051741094784591e-01 7.083661638216266487e-01 4.027108669281005859e+00
4.600000000000000000e+01 7.228420668738324562e-01 6.691792537795532292e-01 4.027678966522216797e+00
4.700000000000000000e+01 6.855757956579524581e-01 7.134930850444817230e-01 4.035633563995361328e+00
4.800000000000000000e+01 7.288230434584506146e-01 6.760194681788969095e-01 4.036136150360107422e+00
4.900000000000000000e+01 6.882615093676536233e-01 7.171467432210903992e-01 4.042674064636230469e+00
5.000000000000000000e+01 7.328495907662160302e-01 6.794146852429888694e-01 4.040925502777099609e+00
5.100000000000000000e+01 6.955652898625104275e-01 7.205219510071519951e-01 4.047565460205078125e+00
5.200000000000000000e+01 7.365262862934326415e-01 6.821958954244264905e-01 4.047821998596191406e+00
5.300000000000000000e+01 7.001683553601858456e-01 7.235709509721631738e-01 4.052697181701660156e+00
5.400000000000000000e+01 7.393594925210866808e-01 6.881660984824905514e-01 4.052340507507324219e+00
5.500000000000000000e+01 7.048736856172023169e-01 7.292412650342499081e-01 4.057993412017822266e+00
5.600000000000000000e+01 7.433949204473755401e-01 6.915326989872726537e-01 4.055692195892333984e+00
5.700000000000000000e+01 7.087170162099184489e-01 7.320800137833409771e-01 4.062072753906250000e+00
5.800000000000000000e+01 7.438474003549651048e-01 6.954856259164704513e-01 4.059027671813964844e+00
5.900000000000000000e+01 7.075166791989825343e-01 7.341171417118935727e-01 4.066669940948486328e+00
6.000000000000000000e+01 7.463586829447019788e-01 6.954290259920162809e-01 4.062359333038330078e+00
6.100000000000000000e+01 7.094681836198164504e-01 7.352119387528759376e-01 4.069308280944824219e+00
6.200000000000000000e+01 7.484457281903773573e-01 6.982949345173126154e-01 4.063886642456054688e+00
6.300000000000000000e+01 7.134726802099049525e-01 7.383272982174264865e-01 4.072697162628173828e+00
6.400000000000000000e+01 7.516323853209542216e-01 7.020028023542884688e-01 4.067339897155761719e+00
6.500000000000000000e+01 7.158568059956318397e-01 7.383475604114390078e-01 4.074172496795654297e+00
6.600000000000000000e+01 7.534927354680920342e-01 7.010070342843855995e-01 4.068778514862060547e+00
6.700000000000000000e+01 7.157636647743819136e-01 7.396301933341573598e-01 4.076276302337646484e+00
6.800000000000000000e+01 7.565347132195574531e-01 7.042417565271752444e-01 4.071366310119628906e+00
6.900000000000000000e+01 7.196136979226965824e-01 7.435805778044091152e-01 4.077905654907226562e+00
7.000000000000000000e+01 7.579072075989587987e-01 7.083566004271911742e-01 4.074509620666503906e+00
7.100000000000000000e+01 7.216103025448320496e-01 7.468618962347146617e-01 4.080697059631347656e+00
7.200000000000000000e+01 7.584215831019121001e-01 7.092769128297937709e-01 4.075074195861816406e+00
7.300000000000000000e+01 7.220001377707490064e-01 7.457938893344270292e-01 4.081277370452880859e+00
7.400000000000000000e+01 7.601219704349531092e-01 7.086676779990237485e-01 4.076603412628173828e+00
7.500000000000000000e+01 7.221811944695374352e-01 7.477454331750607031e-01 4.081491947174072266e+00
7.600000000000000000e+01 7.597531599887022979e-01 7.111052316335810808e-01 4.077107906341552734e+00
7.700000000000000000e+01 7.233462283289960881e-01 7.496552965338681984e-01 4.083342552185058594e+00
7.800000000000000000e+01 7.629810603476254727e-01 7.106778965750039090e-01 4.078495502471923828e+00
7.900000000000000000e+01 7.249973523220799576e-01 7.529149045689322861e-01 4.083484172821044922e+00
8.000000000000000000e+01 7.617549850367921760e-01 7.137600965186762236e-01 4.079285621643066406e+00
8.100000000000000000e+01 7.235565898600111456e-01 7.536913910647199399e-01 4.086360931396484375e+00
8.200000000000000000e+01 7.643469950950601000e-01 7.155994861397356743e-01 4.080561161041259766e+00
8.300000000000000000e+01 7.248935887250341770e-01 7.555209195158720803e-01 4.086853027343750000e+00
8.400000000000000000e+01 7.620365989426393094e-01 7.158353247005666553e-01 4.081695079803466797e+00
8.500000000000000000e+01 7.237137698906732641e-01 7.532419024340805125e-01 4.087543010711669922e+00
8.600000000000000000e+01 7.619310776175105548e-01 7.177638201274078034e-01 4.081830978393554688e+00
8.700000000000000000e+01 7.239978316512361012e-01 7.557719117587072821e-01 4.088787078857421875e+00
8.800000000000000000e+01 7.600082704083438445e-01 7.200718984170447756e-01 4.080568313598632812e+00
8.900000000000000000e+01 7.237487608677563022e-01 7.574248020680142135e-01 4.089745521545410156e+00
9.000000000000000000e+01 7.610300726972987206e-01 7.204008117346226703e-01 4.081631660461425781e+00
9.100000000000000000e+01 7.247910596476910827e-01 7.586639111253118406e-01 4.089574337005615234e+00
9.200000000000000000e+01 7.615396381228654032e-01 7.229471352303060705e-01 4.080912590026855469e+00
9.300000000000000000e+01 7.247152554336809827e-01 7.599456081595032941e-01 4.091381549835205078e+00
9.400000000000000000e+01 7.608085064899261507e-01 7.233916205634028929e-01 4.080723285675048828e+00
9.500000000000000000e+01 7.241509420521714535e-01 7.635871248199379568e-01 4.091394901275634766e+00
9.600000000000000000e+01 7.613992186246347771e-01 7.253951916905326813e-01 4.081625461578369141e+00
9.700000000000000000e+01 7.255943425100566113e-01 7.623516623550914417e-01 4.093318462371826172e+00
9.800000000000000000e+01 7.624015236479148028e-01 7.241131618084304389e-01 4.082500457763671875e+00
9.900000000000000000e+01 7.267933458956634674e-01 7.605241205715633779e-01 4.092908859252929688e+00
1.000000000000000000e+02 7.633656638342329881e-01 7.236158886153455372e-01 4.084740161895751953e+00
1.010000000000000000e+02 7.266630861344307579e-01 7.588631697533748666e-01 4.093647480010986328e+00
1.020000000000000000e+02 7.643637717517401953e-01 7.226144733221691041e-01 4.085684776306152344e+00
1.030000000000000000e+02 7.265373200891955818e-01 7.597635951532574206e-01 4.094546318054199219e+00
1.040000000000000000e+02 7.627059708288290718e-01 7.208228535834699802e-01 4.087071895599365234e+00
1.050000000000000000e+02 7.253219778966296660e-01 7.598375980311092848e-01 4.094993591308593750e+00
1.060000000000000000e+02 7.611401724832781435e-01 7.218406010760511915e-01 4.086816310882568359e+00
1.070000000000000000e+02 7.259683458878756213e-01 7.594501759704730404e-01 4.095081329345703125e+00
1.080000000000000000e+02 7.633328835734585205e-01 7.231419847234696885e-01 4.088270187377929688e+00
1.090000000000000000e+02 7.268385731883505452e-01 7.614352502294738922e-01 4.095635414123535156e+00
1.100000000000000000e+02 7.653841747785968819e-01 7.220745694171640805e-01 4.089847087860107422e+00
1.110000000000000000e+02 7.282249485128537980e-01 7.578113076447260399e-01 4.095464706420898438e+00
1.120000000000000000e+02 7.649353978355212247e-01 7.212256034477252387e-01 4.088332653045654297e+00
1.130000000000000000e+02 7.284148797770441108e-01 7.572607661058722295e-01 4.095411300659179688e+00
1.140000000000000000e+02 7.647977859334676998e-01 7.174027974180954281e-01 4.089629650115966797e+00
1.150000000000000000e+02 7.279006703323476213e-01 7.545220616256504975e-01 4.095294952392578125e+00
1.160000000000000000e+02 7.650693156994596844e-01 7.177269955416374358e-01 4.089861869812011719e+00
1.170000000000000000e+02 7.270773881769275748e-01 7.550258358011956439e-01 4.095170497894287109e+00
1.180000000000000000e+02 7.638390867320111743e-01 7.201514084445770347e-01 4.089169025421142578e+00
1.190000000000000000e+02 7.294716072854586786e-01 7.550086711195298506e-01 4.094901084899902344e+00
1.200000000000000000e+02 7.653332640838325096e-01 7.185083570290564658e-01 4.089064121246337891e+00
1.210000000000000000e+02 7.249032890736475387e-01 7.568460789203367289e-01 4.094517707824707031e+00
1.220000000000000000e+02 7.624556255496592883e-01 7.195482387758834752e-01 4.089282989501953125e+00
1.230000000000000000e+02 7.285149522970865155e-01 7.563798253807597627e-01 4.094338893890380859e+00
1.240000000000000000e+02 7.640739087453514156e-01 7.201344692878742793e-01 4.090148925781250000e+00
1.250000000000000000e+02 7.287000287686891120e-01 7.546907094293813234e-01 4.094712257385253906e+00
1.260000000000000000e+02 7.646912979159148360e-01 7.179248233275391522e-01 4.089830398559570312e+00
1.270000000000000000e+02 7.276516898745303275e-01 7.570184698004301938e-01 4.092059135437011719e+00
1.280000000000000000e+02 7.618758836938209766e-01 7.178613055782834262e-01 4.089652061462402344e+00
1.290000000000000000e+02 7.250782194941526315e-01 7.534411429864288356e-01 4.092869758605957031e+00
1.300000000000000000e+02 7.624906985994733821e-01 7.183738611962375842e-01 4.088607788085937500e+00
1.310000000000000000e+02 7.271305790852387041e-01 7.549949897059423654e-01 4.093985080718994141e+00
1.320000000000000000e+02 7.619736303740036742e-01 7.189795864949088955e-01 4.088925838470458984e+00
1.330000000000000000e+02 7.278925042536130707e-01 7.548043240159324485e-01 4.092783927917480469e+00
1.340000000000000000e+02 7.625508748217664223e-01 7.191853170312151322e-01 4.088092803955078125e+00
1.350000000000000000e+02 7.269610642320364358e-01 7.565769943176335888e-01 4.093103408813476562e+00
1.360000000000000000e+02 7.622752364860169161e-01 7.212586841865410436e-01 4.088129520416259766e+00
1.370000000000000000e+02 7.245667463119109808e-01 7.598237144415070921e-01 4.093371868133544922e+00
1.380000000000000000e+02 7.599736593961923248e-01 7.212117751715118041e-01 4.086825847625732422e+00
1.390000000000000000e+02 7.230943733542298801e-01 7.598203895109294503e-01 4.093919754028320312e+00
1.400000000000000000e+02 7.596585791137541177e-01 7.228906391507262663e-01 4.085070610046386719e+00
1.410000000000000000e+02 7.250136896878190962e-01 7.571019885829922691e-01 4.093678951263427734e+00
1.420000000000000000e+02 7.625937461112970439e-01 7.233071023130094312e-01 4.084674358367919922e+00
1.430000000000000000e+02 7.245468259710285963e-01 7.586408522543111044e-01 4.094040870666503906e+00
1.440000000000000000e+02 7.613485350274673547e-01 7.213431017806187784e-01 4.085457801818847656e+00
1.450000000000000000e+02 7.258392111823157578e-01 7.598722319784746437e-01 4.094231128692626953e+00
1.460000000000000000e+02 7.627504322053857422e-01 7.225674810677066295e-01 4.085991859436035156e+00
1.470000000000000000e+02 7.264038134391662682e-01 7.582119245506147021e-01 4.096381187438964844e+00
1.480000000000000000e+02 7.633922607674334948e-01 7.239178128160215220e-01 4.085566520690917969e+00
1.490000000000000000e+02 7.275960459092817301e-01 7.579809718880347047e-01 4.095057487487792969e+00
1.500000000000000000e+02 7.651008333868004607e-01 7.202409435584761210e-01 4.086863994598388672e+00
1.510000000000000000e+02 7.288710713467816404e-01 7.565466243803591340e-01 4.095733642578125000e+00
1.520000000000000000e+02 7.629432352247026428e-01 7.209040059396290001e-01 4.087539196014404297e+00
1.530000000000000000e+02 7.269639577098179206e-01 7.586744135055073501e-01 4.096268177032470703e+00
1.540000000000000000e+02 7.622843544342309263e-01 7.228198858381789105e-01 4.086688518524169922e+00
1.550000000000000000e+02 7.265499173083690421e-01 7.570056595021646961e-01 4.095336437225341797e+00
1.560000000000000000e+02 7.617095632993649001e-01 7.198757241423829889e-01 4.087131500244140625e+00
1.570000000000000000e+02 7.257047402167234873e-01 7.580867215631889033e-01 4.095327377319335938e+00
1.580000000000000000e+02 7.611443742322349104e-01 7.233755593721572508e-01 4.086115360260009766e+00
1.590000000000000000e+02 7.227599989149794402e-01 7.596172872053452707e-01 4.096222400665283203e+00
1.600000000000000000e+02 7.613331692666570616e-01 7.231351134004692094e-01 4.086503028869628906e+00
1.610000000000000000e+02 7.234870746793814478e-01 7.596259345693650022e-01 4.095579624176025391e+00
1.620000000000000000e+02 7.598076732044696247e-01 7.224961965955263299e-01 4.085306644439697266e+00
1.630000000000000000e+02 7.255649818017192443e-01 7.570453683966409386e-01 4.096627712249755859e+00
1.640000000000000000e+02 7.627029166545897798e-01 7.235363487850221542e-01 4.085566997528076172e+00
1.650000000000000000e+02 7.221519515591721117e-01 7.597543836601539091e-01 4.096597671508789062e+00
1.660000000000000000e+02 7.578701429500638298e-01 7.227023572795280293e-01 4.084832668304443359e+00
1.670000000000000000e+02 7.229790945641890731e-01 7.588524383268001605e-01 4.096904754638671875e+00
1.680000000000000000e+02 7.596855076643109772e-01 7.212626796269455687e-01 4.083614826202392578e+00
1.690000000000000000e+02 7.239669218925837146e-01 7.562326720788289380e-01 4.097404956817626953e+00
1.700000000000000000e+02 7.603715178265033625e-01 7.194089485841159703e-01 4.085066318511962891e+00
1.710000000000000000e+02 7.248084617434046306e-01 7.587059829748850071e-01 4.095354080200195312e+00
1.720000000000000000e+02 7.630545283680197910e-01 7.204841227373155466e-01 4.084971427917480469e+00
1.730000000000000000e+02 7.250731140704744782e-01 7.541023046316721601e-01 4.093696117401123047e+00
1.740000000000000000e+02 7.626332212372615160e-01 7.199606484831722053e-01 4.084873676300048828e+00
1.750000000000000000e+02 7.250393049990481176e-01 7.565697841405469859e-01 4.094111919403076172e+00
1.760000000000000000e+02 7.615865225008747741e-01 7.188281398837015335e-01 4.086034297943115234e+00
1.770000000000000000e+02 7.266639260662900446e-01 7.563751963848537319e-01 4.094810485839843750e+00
1.780000000000000000e+02 7.624008614045564292e-01 7.194575376291432178e-01 4.086255550384521484e+00
1.790000000000000000e+02 7.256772961696985602e-01 7.577760207260674230e-01 4.094214916229248047e+00
1.800000000000000000e+02 7.645826210351394092e-01 7.197427689138415907e-01 4.085558414459228516e+00
1.810000000000000000e+02 7.259263832260440807e-01 7.576137152348538795e-01 4.094694614410400391e+00
1.820000000000000000e+02 7.630502413850822618e-01 7.206257261144223270e-01 4.085395336151123047e+00
1.830000000000000000e+02 7.277783081163576862e-01 7.562081633521439139e-01 4.094745159149169922e+00
1.840000000000000000e+02 7.642250610087280016e-01 7.220166349480444667e-01 4.085319042205810547e+00
1.850000000000000000e+02 7.273938412579896706e-01 7.580752308380513949e-01 4.096338272094726562e+00
1.860000000000000000e+02 7.617978456686167466e-01 7.217725956309881674e-01 4.086791515350341797e+00
1.870000000000000000e+02 7.267212413734736032e-01 7.592031244638538512e-01 4.096127510070800781e+00
1.880000000000000000e+02 7.630032367794823411e-01 7.204434624127215026e-01 4.085228443145751953e+00
1.890000000000000000e+02 7.297435122482049952e-01 7.563998851820057379e-01 4.094221115112304688e+00
1.900000000000000000e+02 7.628438501530132587e-01 7.195976171283835487e-01 4.086194992065429688e+00
1.910000000000000000e+02 7.277333391884343028e-01 7.565677818613882888e-01 4.094338417053222656e+00
1.920000000000000000e+02 7.651345982381783095e-01 7.234723870248014332e-01 4.086884021759033203e+00
1.930000000000000000e+02 7.269135549826664100e-01 7.594805888638151981e-01 4.095483779907226562e+00
1.940000000000000000e+02 7.643357814143553197e-01 7.222254665260845474e-01 4.086202144622802734e+00
1.950000000000000000e+02 7.276408443975410645e-01 7.603469763128921644e-01 4.095069408416748047e+00
1.960000000000000000e+02 7.647212677360518684e-01 7.224145008488497277e-01 4.086387157440185547e+00
1.970000000000000000e+02 7.261628898158817291e-01 7.609932536010330928e-01 4.093853950500488281e+00
1.980000000000000000e+02 7.623545487464640225e-01 7.220979653656088848e-01 4.086716651916503906e+00
1.990000000000000000e+02 7.260975911848293052e-01 7.613769153172605941e-01 4.096006870269775391e+00
2.000000000000000000e+02 7.608642585218665655e-01 7.243291413236119247e-01 4.084836483001708984e+00
2.010000000000000000e+02 7.245726340047835556e-01 7.612650613001337163e-01 4.097470283508300781e+00
2.020000000000000000e+02 7.620054202876532790e-01 7.239845271605177546e-01 4.084754467010498047e+00
2.030000000000000000e+02 7.250591728568600569e-01 7.608381547440505877e-01 4.096845626831054688e+00
2.040000000000000000e+02 7.622339082667931587e-01 7.226978450132094389e-01 4.084505081176757812e+00
2.050000000000000000e+02 7.239290247964015323e-01 7.595401579232948786e-01 4.096993446350097656e+00
2.060000000000000000e+02 7.601524926040389429e-01 7.229276425468297296e-01 4.083977222442626953e+00
2.070000000000000000e+02 7.218261617850482148e-01 7.584428011738633124e-01 4.096857547760009766e+00
2.080000000000000000e+02 7.582624080732012217e-01 7.250219625794023237e-01 4.084520816802978516e+00
2.090000000000000000e+02 7.224317323608641095e-01 7.592690592388414705e-01 4.096621513366699219e+00
2.100000000000000000e+02 7.589619852451283677e-01 7.234191918039859504e-01 4.085601806640625000e+00
2.110000000000000000e+02 7.233252660084876773e-01 7.579341633979292947e-01 4.097850799560546875e+00
2.120000000000000000e+02 7.615918925991951305e-01 7.243260393283323939e-01 4.086904525756835938e+00
2.130000000000000000e+02 7.216232993572641030e-01 7.612164307350945958e-01 4.097244262695312500e+00
2.140000000000000000e+02 7.620421359934275163e-01 7.253967802861723824e-01 4.087614059448242188e+00
2.150000000000000000e+02 7.235864970453010914e-01 7.585608691598035858e-01 4.098296165466308594e+00
2.160000000000000000e+02 7.616790831021005292e-01 7.233904698178350579e-01 4.086754798889160156e+00
2.170000000000000000e+02 7.247723422955694161e-01 7.602614373548229887e-01 4.098038673400878906e+00
2.180000000000000000e+02 7.576814259090911552e-01 7.209002310975055616e-01 4.085898399353027344e+00
2.190000000000000000e+02 7.213768524801198456e-01 7.607042901862985929e-01 4.097717761993408203e+00
2.200000000000000000e+02 7.588408553122761857e-01 7.223271697689258586e-01 4.083824157714843750e+00
2.210000000000000000e+02 7.212441966300998653e-01 7.585252875879852086e-01 4.097120285034179688e+00
2.220000000000000000e+02 7.586234756046993377e-01 7.211177997079768476e-01 4.082735061645507812e+00
2.230000000000000000e+02 7.232839412396455669e-01 7.579440044309530000e-01 4.094973087310791016e+00
2.240000000000000000e+02 7.583853351490223993e-01 7.232891360732329744e-01 4.083033561706542969e+00
2.250000000000000000e+02 7.243596669133033350e-01 7.598677459825594616e-01 4.094883918762207031e+00
2.260000000000000000e+02 7.601393996326663016e-01 7.224873540175069664e-01 4.083343982696533203e+00
2.270000000000000000e+02 7.253694449320239324e-01 7.608004944790156543e-01 4.096235752105712891e+00
2.280000000000000000e+02 7.602679379427013107e-01 7.219998704875704165e-01 4.082268714904785156e+00
2.290000000000000000e+02 7.240810159678413571e-01 7.607305794804969379e-01 4.095095157623291016e+00
2.300000000000000000e+02 7.618991114147444232e-01 7.231045099803563581e-01 4.083573341369628906e+00
2.310000000000000000e+02 7.241329438864630985e-01 7.593455652351577267e-01 4.094934463500976562e+00
2.320000000000000000e+02 7.624111064250024272e-01 7.218511117222942142e-01 4.083726882934570312e+00
2.330000000000000000e+02 7.243358883663170156e-01 7.578801250611629792e-01 4.093592643737792969e+00
2.340000000000000000e+02 7.603765894808703907e-01 7.231075333636516334e-01 4.083860397338867188e+00
2.350000000000000000e+02 7.251633038924916175e-01 7.613089628507537787e-01 4.094135284423828125e+00
2.360000000000000000e+02 7.640130189360256896e-01 7.231500360836240482e-01 4.083105564117431641e+00
2.370000000000000000e+02 7.252974096234404700e-01 7.593559464293662131e-01 4.095046520233154297e+00
2.380000000000000000e+02 7.603630774763174838e-01 7.216475048545878401e-01 4.082602024078369141e+00
2.390000000000000000e+02 7.246106370117131323e-01 7.609981992862179245e-01 4.094241619110107422e+00
2.400000000000000000e+02 7.610415702992636700e-01 7.242929119773127145e-01 4.081665992736816406e+00
2.410000000000000000e+02 7.240863147416322088e-01 7.594596834933523555e-01 4.094769477844238281e+00
2.420000000000000000e+02 7.599806740782588665e-01 7.231880877351818393e-01 4.082463264465332031e+00
2.430000000000000000e+02 7.226619675941043930e-01 7.593997858705906490e-01 4.095808029174804688e+00
2.440000000000000000e+02 7.584026168038651150e-01 7.231393855873646803e-01 4.083234310150146484e+00
2.450000000000000000e+02 7.238769727848135549e-01 7.598442720578261200e-01 4.095149993896484375e+00
2.460000000000000000e+02 7.587192640718762870e-01 7.232269402511193324e-01 4.082972526550292969e+00
2.470000000000000000e+02 7.204825975754626244e-01 7.595620120195595293e-01 4.095074653625488281e+00
2.480000000000000000e+02 7.570184117271560043e-01 7.221715820595018265e-01 4.083661079406738281e+00
2.490000000000000000e+02 7.211684470690322701e-01 7.573144994351478365e-01 4.094503402709960938e+00
2.500000000000000000e+02 7.586300225313782342e-01 7.222344556649983316e-01 4.084446907043457031e+00
2.510000000000000000e+02 7.237134028640130889e-01 7.596133737120276397e-01 4.095056056976318359e+00
2.520000000000000000e+02 7.597169492924369383e-01 7.206004770560762163e-01 4.084277629852294922e+00
2.530000000000000000e+02 7.233094788428061639e-01 7.578111499426297692e-01 4.093148708343505859e+00
2.540000000000000000e+02 7.612536808239945829e-01 7.213159269790078154e-01 4.085021018981933594e+00
2.550000000000000000e+02 7.236303350188356687e-01 7.577644906104804567e-01 4.094251632690429688e+00
2.560000000000000000e+02 7.619679008837223488e-01 7.228687595975571423e-01 4.084882259368896484e+00
2.570000000000000000e+02 7.242425047090217394e-01 7.587122426479209203e-01 4.093966484069824219e+00
2.580000000000000000e+02 7.602987090157644623e-01 7.204917128602188470e-01 4.084990024566650391e+00
2.590000000000000000e+02 7.231523354045288343e-01 7.572512421943183858e-01 4.094827651977539062e+00
2.600000000000000000e+02 7.617441520827183954e-01 7.239851755363407859e-01 4.084288120269775391e+00
2.610000000000000000e+02 7.249280508896674968e-01 7.582855682724295443e-01 4.096197605133056641e+00
2.620000000000000000e+02 7.627440962942479974e-01 7.210935572165902974e-01 4.084641456604003906e+00
2.630000000000000000e+02 7.256194795452741708e-01 7.605086377683394350e-01 4.096519947052001953e+00
2.640000000000000000e+02 7.637402260305243828e-01 7.243271486067371923e-01 4.084560871124267578e+00
2.650000000000000000e+02 7.266246429697431619e-01 7.592085871438312150e-01 4.096464157104492188e+00
2.660000000000000000e+02 7.605766945615287655e-01 7.236533788067885942e-01 4.084257125854492188e+00
2.670000000000000000e+02 7.231426235385799428e-01 7.577533053815672659e-01 4.096489906311035156e+00
2.680000000000000000e+02 7.619015366013621726e-01 7.212695633094834413e-01 4.081692695617675781e+00
2.690000000000000000e+02 7.223740591948641931e-01 7.604739766912936849e-01 4.095663547515869141e+00
2.700000000000000000e+02 7.593485454783757138e-01 7.235750952700868988e-01 4.079925060272216797e+00
2.710000000000000000e+02 7.222380726687470665e-01 7.613894204266544730e-01 4.096198081970214844e+00
2.720000000000000000e+02 7.590941029460949174e-01 7.240724332580487088e-01 4.080421447753906250e+00
2.730000000000000000e+02 7.227362540651383060e-01 7.601575199587784493e-01 4.096954345703125000e+00
2.740000000000000000e+02 7.603688422229343269e-01 7.228645049656511334e-01 4.082299709320068359e+00
2.750000000000000000e+02 7.208709606343036702e-01 7.627694819015325978e-01 4.096986770629882812e+00
2.760000000000000000e+02 7.602473637436266696e-01 7.245392524662300771e-01 4.080824375152587891e+00
2.770000000000000000e+02 7.201350799411905257e-01 7.645180954735028012e-01 4.097307205200195312e+00
2.780000000000000000e+02 7.582906748109312645e-01 7.272872262785443631e-01 4.079147338867187500e+00
2.790000000000000000e+02 7.232499017734663749e-01 7.634932755568153429e-01 4.097539424896240234e+00
2.800000000000000000e+02 7.589684535182125158e-01 7.246544812475212982e-01 4.079445362091064453e+00
2.810000000000000000e+02 7.198777040067140254e-01 7.612484097548657402e-01 4.097054481506347656e+00
2.820000000000000000e+02 7.588958537536265592e-01 7.263525708223148580e-01 4.078452587127685547e+00
2.830000000000000000e+02 7.219717715298360483e-01 7.626135806849141385e-01 4.097164154052734375e+00
2.840000000000000000e+02 7.590339859449370952e-01 7.232692029480849438e-01 4.079049587249755859e+00
2.850000000000000000e+02 7.216665578031876693e-01 7.617131014228966102e-01 4.096467018127441406e+00
2.860000000000000000e+02 7.594826040991964344e-01 7.219290323009593946e-01 4.079600811004638672e+00
2.870000000000000000e+02 7.237903439170798592e-01 7.617509714687541456e-01 4.096224308013916016e+00
2.880000000000000000e+02 7.601977595627673612e-01 7.249349313568581588e-01 4.081807613372802734e+00
2.890000000000000000e+02 7.247658236298528678e-01 7.595901328396085228e-01 4.096847057342529297e+00
2.900000000000000000e+02 7.616919987723898000e-01 7.262397952209997953e-01 4.083170890808105469e+00
2.910000000000000000e+02 7.218967735074526271e-01 7.608815209188056761e-01 4.098596572875976562e+00
2.920000000000000000e+02 7.582887266133052639e-01 7.259039577733387150e-01 4.083519458770751953e+00
2.930000000000000000e+02 7.222691517691539609e-01 7.612054330346746944e-01 4.099957466125488281e+00
2.940000000000000000e+02 7.597665900177984488e-01 7.266862309842924139e-01 4.083924770355224609e+00
2.950000000000000000e+02 7.214010225907603324e-01 7.620674520087524773e-01 4.100023269653320312e+00
2.960000000000000000e+02 7.589862950179776524e-01 7.241020953553306549e-01 4.084713459014892578e+00
2.970000000000000000e+02 7.213467378056777068e-01 7.614692260495076193e-01 4.099625110626220703e+00
2.980000000000000000e+02 7.592221962118548273e-01 7.283447376006190188e-01 4.084899902343750000e+00
2.990000000000000000e+02 7.223803409560864974e-01 7.623983086127520403e-01 4.099900722503662109e+00
3.000000000000000000e+02 7.589015237998253394e-01 7.285278167220987644e-01 4.085203647613525391e+00
3.010000000000000000e+02 7.247738919205679586e-01 7.618525738108005152e-01 4.100136756896972656e+00
3.020000000000000000e+02 7.615344686376915861e-01 7.265580175762006432e-01 4.086167812347412109e+00
3.030000000000000000e+02 7.244527467720520697e-01 7.628122770237890649e-01 4.098650455474853516e+00
3.040000000000000000e+02 7.631364852382077624e-01 7.242362627049858670e-01 4.085491657257080078e+00
3.050000000000000000e+02 7.232397730514108503e-01 7.627923242336509535e-01 4.098060131072998047e+00
3.060000000000000000e+02 7.588625321899454823e-01 7.271649390300184423e-01 4.084226131439208984e+00
3.070000000000000000e+02 7.232733525853634049e-01 7.625889303472126457e-01 4.098300457000732422e+00
3.080000000000000000e+02 7.589363869283697328e-01 7.260014855169703019e-01 4.084486484527587891e+00
3.090000000000000000e+02 7.195977613532941186e-01 7.638978959808280234e-01 4.099077224731445312e+00
3.100000000000000000e+02 7.577994722329816080e-01 7.277930833182899573e-01 4.083749294281005859e+00
3.110000000000000000e+02 7.216543093769859363e-01 7.619025934650420773e-01 4.099373817443847656e+00
3.120000000000000000e+02 7.567069388543681274e-01 7.261172161186717489e-01 4.083672523498535156e+00
3.130000000000000000e+02 7.193337142385948235e-01 7.637504381809384624e-01 4.099547386169433594e+00
3.140000000000000000e+02 7.589112289837762759e-01 7.277647092624397462e-01 4.084039211273193359e+00
3.150000000000000000e+02 7.248690958501373682e-01 7.624543000866558229e-01 4.097850799560546875e+00
3.160000000000000000e+02 7.587707389774109856e-01 7.233471445527056565e-01 4.085324764251708984e+00
3.170000000000000000e+02 7.224255277927298380e-01 7.613382413124980541e-01 4.098549842834472656e+00
3.180000000000000000e+02 7.591972454390241154e-01 7.214223049018180234e-01 4.086062431335449219e+00
3.190000000000000000e+02 7.212649451604982165e-01 7.589908458990231033e-01 4.098089694976806641e+00
3.200000000000000000e+02 7.609759974819649830e-01 7.248697274851869654e-01 4.085315227508544922e+00
3.210000000000000000e+02 7.264093067819143990e-01 7.611036524186681751e-01 4.097397804260253906e+00
3.220000000000000000e+02 7.590429551253476959e-01 7.248775236876852102e-01 4.085837364196777344e+00
3.230000000000000000e+02 7.233983256502950487e-01 7.604526863791927216e-01 4.098243713378906250e+00
3.240000000000000000e+02 7.604583590231085433e-01 7.264856757018884892e-01 4.084797859191894531e+00
3.250000000000000000e+02 7.212203825464941209e-01 7.629807749711237097e-01 4.098805427551269531e+00
3.260000000000000000e+02 7.581246286104308396e-01 7.239556996372613629e-01 4.083714962005615234e+00
3.270000000000000000e+02 7.209200621807722031e-01 7.607325840852995347e-01 4.099913120269775391e+00
3.280000000000000000e+02 7.582178963049114317e-01 7.253422438126478911e-01 4.085421562194824219e+00
3.290000000000000000e+02 7.244546304522261337e-01 7.606008737082955440e-01 4.099405288696289062e+00
3.300000000000000000e+02 7.616704605969248920e-01 7.248525839710814322e-01 4.085689544677734375e+00
3.310000000000000000e+02 7.246842124374665017e-01 7.582374234842058636e-01 4.099768161773681641e+00
3.320000000000000000e+02 7.613716187715044992e-01 7.226923473491513317e-01 4.084623813629150391e+00
3.330000000000000000e+02 7.247789395424238945e-01 7.595902939640777340e-01 4.098944187164306641e+00
3.340000000000000000e+02 7.598536484497331323e-01 7.228091812023420548e-01 4.083335876464843750e+00
3.350000000000000000e+02 7.234295825823359172e-01 7.615091489119091284e-01 4.098955154418945312e+00
3.360000000000000000e+02 7.603975890217196110e-01 7.268344750394268861e-01 4.084240913391113281e+00
3.370000000000000000e+02 7.267199704732725252e-01 7.602777029924476793e-01 4.099938392639160156e+00
3.380000000000000000e+02 7.629655872126350769e-01 7.249069504029483912e-01 4.087051868438720703e+00
3.390000000000000000e+02 7.288219538386544460e-01 7.620794207854856284e-01 4.098341941833496094e+00
3.400000000000000000e+02 7.625309099222250531e-01 7.248225436095581120e-01 4.086947441101074219e+00
3.410000000000000000e+02 7.296445787699890051e-01 7.627732624389605975e-01 4.097380638122558594e+00
3.420000000000000000e+02 7.625345483774487176e-01 7.240498578842803346e-01 4.087914466857910156e+00
3.430000000000000000e+02 7.271430661619089353e-01 7.601616180461052696e-01 4.098484516143798828e+00
3.440000000000000000e+02 7.642105050511698305e-01 7.232767133444364394e-01 4.089072704315185547e+00
3.450000000000000000e+02 7.271269613400224152e-01 7.621111762700011338e-01 4.099271774291992188e+00
3.460000000000000000e+02 7.636137838671984701e-01 7.247358331735627157e-01 4.089287757873535156e+00
3.470000000000000000e+02 7.268994017351515513e-01 7.608070402574035329e-01 4.098110675811767578e+00
3.480000000000000000e+02 7.625980432200054615e-01 7.246367715209712790e-01 4.088787555694580078e+00
3.490000000000000000e+02 7.272492776846569695e-01 7.592941901048932962e-01 4.099490642547607422e+00
3.500000000000000000e+02 7.618520671194867200e-01 7.224719950935856172e-01 4.087308406829833984e+00
3.510000000000000000e+02 7.234581755182185603e-01 7.619959014556821897e-01 4.097819328308105469e+00
3.520000000000000000e+02 7.612265461575997705e-01 7.238852067298651161e-01 4.083662986755371094e+00
3.530000000000000000e+02 7.238377421858342986e-01 7.584519435257822684e-01 4.095864772796630859e+00
3.540000000000000000e+02 7.585609568299722660e-01 7.241480131126770692e-01 4.084383010864257812e+00
3.550000000000000000e+02 7.224410894548423112e-01 7.608959252995330935e-01 4.096975803375244141e+00
3.560000000000000000e+02 7.584427291512167990e-01 7.261197401730584700e-01 4.084090709686279297e+00
3.570000000000000000e+02 7.226757981379522411e-01 7.606905080133139485e-01 4.096631526947021484e+00
3.580000000000000000e+02 7.614978670053506038e-01 7.241695817406573754e-01 4.084750175476074219e+00
3.590000000000000000e+02 7.252323753191841638e-01 7.607863110564959674e-01 4.095827579498291016e+00
3.600000000000000000e+02 7.623217074050225861e-01 7.242657961269647338e-01 4.085679531097412109e+00
3.610000000000000000e+02 7.257059755612523810e-01 7.597685950677173228e-01 4.095469951629638672e+00
3.620000000000000000e+02 7.627065578620081387e-01 7.239307339758520587e-01 4.084133148193359375e+00
3.630000000000000000e+02 7.256767273133057916e-01 7.582675577398081401e-01 4.094726085662841797e+00
3.640000000000000000e+02 7.633441134707171782e-01 7.207137317680520905e-01 4.085755348205566406e+00
3.650000000000000000e+02 7.245725085841052682e-01 7.593127273252050502e-01 4.093228340148925781e+00
3.660000000000000000e+02 7.633342411390783289e-01 7.221797544210447617e-01 4.085204124450683594e+00
3.670000000000000000e+02 7.238107384874610251e-01 7.582991267801206803e-01 4.092512607574462891e+00
3.680000000000000000e+02 7.598644716787874565e-01 7.209464564590982727e-01 4.084652900695800781e+00
3.690000000000000000e+02 7.229038551714395133e-01 7.587860825781778118e-01 4.094254016876220703e+00
3.700000000000000000e+02 7.622179943113192024e-01 7.221797474079680867e-01 4.083862304687500000e+00
3.710000000000000000e+02 7.222603481361280497e-01 7.570791814731233638e-01 4.094812393188476562e+00
3.720000000000000000e+02 7.592260841008918737e-01 7.217753542740831252e-01 4.082279682159423828e+00
3.730000000000000000e+02 7.196740951181798129e-01 7.582059259409111851e-01 4.095805168151855469e+00
3.740000000000000000e+02 7.559510767686846711e-01 7.234182006222986683e-01 4.080913066864013672e+00
3.750000000000000000e+02 7.214772914527892711e-01 7.607229336494513161e-01 4.094893455505371094e+00
3.760000000000000000e+02 7.574044910507877759e-01 7.249030236992067833e-01 4.081633567810058594e+00
3.770000000000000000e+02 7.213148834264284659e-01 7.602084695306643436e-01 4.096361160278320312e+00
3.780000000000000000e+02 7.546623967770137442e-01 7.238753522401210061e-01 4.081964015960693359e+00
3.790000000000000000e+02 7.199253218545297317e-01 7.616984982910111057e-01 4.096452713012695312e+00
3.800000000000000000e+02 7.556871226022592314e-01 7.237955430804849932e-01 4.081508159637451172e+00
3.810000000000000000e+02 7.198336251627849292e-01 7.614763772805761555e-01 4.095746994018554688e+00
3.820000000000000000e+02 7.572403213961510504e-01 7.226304961231910795e-01 4.081181526184082031e+00
3.830000000000000000e+02 7.210695234264153930e-01 7.596104748610761348e-01 4.095617771148681641e+00
3.840000000000000000e+02 7.588219513698885033e-01 7.244380216709037645e-01 4.082869529724121094e+00
3.850000000000000000e+02 7.207366406150698124e-01 7.610626805987770194e-01 4.096664905548095703e+00
3.860000000000000000e+02 7.589054912154563626e-01 7.250076106196561287e-01 4.083841323852539062e+00
3.870000000000000000e+02 7.208493711072262444e-01 7.626846740444468420e-01 4.097144126892089844e+00
3.880000000000000000e+02 7.587103309723138844e-01 7.278150152259188488e-01 4.082643985748291016e+00
3.890000000000000000e+02 7.216379372798847891e-01 7.621169680046149253e-01 4.096624851226806641e+00
3.900000000000000000e+02 7.579536601380698624e-01 7.273005556029077390e-01 4.082989215850830078e+00
3.910000000000000000e+02 7.225256759742044732e-01 7.644996055702060200e-01 4.096568107604980469e+00
3.920000000000000000e+02 7.612217655945229255e-01 7.276165716194910038e-01 4.084277153015136719e+00
3.930000000000000000e+02 7.220144943606386922e-01 7.633331765898454524e-01 4.097077846527099609e+00
3.940000000000000000e+02 7.596960348911612204e-01 7.242345232021757395e-01 4.083131790161132812e+00
3.950000000000000000e+02 7.237214315178549517e-01 7.615495337437961920e-01 4.097064495086669922e+00
3.960000000000000000e+02 7.620152309535128676e-01 7.242233133798757772e-01 4.082983016967773438e+00
3.970000000000000000e+02 7.242707557906664650e-01 7.602941946120315153e-01 4.097726821899414062e+00
3.980000000000000000e+02 7.583095611819515858e-01 7.246081242555628688e-01 4.083594799041748047e+00
