0.000000000000000000e+00 3.144906071160441519e-02 2.720144546396769530e-02 6.767865180969238281e+00
1.000000000000000000e+00 2.980488222905588666e-02 3.136519663832756932e-02 6.735092639923095703e+00
2.000000000000000000e+00 4.340917200354613148e-02 3.166508473850176281e-02 6.945064067840576172e+00
3.000000000000000000e+00 4.048504582676025476e-02 4.319395662471322422e-02 6.916598796844482422e+00
4.000000000000000000e+00 5.992329331867115444e-02 4.116889546325233629e-02 7.102613925933837891e+00
5.000000000000000000e+00 5.735615692436213386e-02 6.012687252099144924e-02 7.071619033813476562e+00
6.000000000000000000e+00 8.081057996985269165e-02 5.707805910580045217e-02 7.240450859069824219e+00
7.000000000000000000e+00 7.656008411610293329e-02 7.925268407647301228e-02 7.208890914916992188e+00
8.000000000000000000e+00 1.025465520750142440e-01 7.455863579483974768e-02 7.365213394165039062e+00
9.000000000000000000e+00 9.652172065051109473e-02 1.020888400058480999e-01 7.329307079315185547e+00
1.000000000000000000e+01 1.266398019765292704e-01 9.496631024529325615e-02 7.475444316864013672e+00
1.100000000000000000e+01 1.163519232719418678e-01 1.236053325220379945e-01 7.437914848327636719e+00
1.200000000000000000e+01 1.474273972382070530e-01 1.140803745807840025e-01 7.569591045379638672e+00
1.300000000000000000e+01 1.360484956601578921e-01 1.460302095261405420e-01 7.534320354461669922e+00
1.400000000000000000e+01 1.692916876034437357e-01 1.350539433162080416e-01 7.652202129364013672e+00
1.500000000000000000e+01 1.561890434253423721e-01 1.679266734365393865e-01 7.621431350708007812e+00
1.600000000000000000e+01 1.886385138164012321e-01 1.548561607583772981e-01 7.727510929107666016e+00
1.700000000000000000e+01 1.737211476552108502e-01 1.869491630991678144e-01 7.696192264556884766e+00
1.800000000000000000e+01 2.061746285872290974e-01 1.722436591863055477e-01 7.792314529418945312e+00
1.900000000000000000e+01 1.882321013603405757e-01 2.045641686541853355e-01 7.760054111480712891e+00
2.000000000000000000e+01 2.230959098440675747e-01 1.885573170133310050e-01 7.848340988159179688e+00
2.100000000000000000e+01 2.037522696706431935e-01 2.212180141689835400e-01 7.819161415100097656e+00
2.200000000000000000e+01 2.367378255734737258e-01 2.037365337214354644e-01 7.901096820831298828e+00
2.300000000000000000e+01 2.168897343030725955e-01 2.373451983701159729e-01 7.871819496154785156e+00
2.400000000000000000e+01 2.493761130631526046e-01 2.180439935260251039e-01 7.946100711822509766e+00
2.500000000000000000e+01 2.297804527639963623e-01 2.512341053026760362e-01 7.918479442596435547e+00
2.600000000000000000e+01 2.619685832256679614e-01 2.313782250634257576e-01 7.984493255615234375e+00
2.700000000000000000e+01 2.410175862940359681e-01 2.649702576025518286e-01 7.961750507354736328e+00
2.800000000000000000e+01 2.751375813510784085e-01 2.423128934064503748e-01 8.020786285400390625e+00
2.900000000000000000e+01 2.523146252645476761e-01 2.753042831140904978e-01 7.996861934661865234e+00
3.000000000000000000e+01 2.861740997986158552e-01 2.535541856856540210e-01 8.054764747619628906e+00
3.100000000000000000e+01 2.628083507260101093e-01 2.854987918193296337e-01 8.029399871826171875e+00
3.200000000000000000e+01 2.959413550217097066e-01 2.624587793562869198e-01 8.088043212890625000e+00
3.300000000000000000e+01 2.708646516644090396e-01 2.951266708406629635e-01 8.057806015014648438e+00
3.400000000000000000e+01 3.050451930085013585e-01 2.699231736982930507e-01 8.114109039306640625e+00
3.500000000000000000e+01 2.795626362123821984e-01 3.039873750593260482e-01 8.083346366882324219e+00
3.600000000000000000e+01 3.111693083050957598e-01 2.782844367078470271e-01 8.136142730712890625e+00
3.700000000000000000e+01 2.866336732199299964e-01 3.117222545126733246e-01 8.108365058898925781e+00
3.800000000000000000e+01 3.179878037924022127e-01 2.865098831727770357e-01 8.156499862670898438e+00
3.900000000000000000e+01 2.912165667737887098e-01 3.195782290142494264e-01 8.131334304809570312e+00
4.000000000000000000e+01 3.230817527572237280e-01 2.938813198680863548e-01 8.173933029174804688e+00
4.100000000000000000e+01 2.964129915016573413e-01 3.252145753376827764e-01 8.153610229492187500e+00
4.200000000000000000e+01 3.291729196362842003e-01 2.988038505858873206e-01 8.188895225524902344e+00
4.300000000000000000e+01 3.016327590755635835e-01 3.315377867590868499e-01 8.170687675476074219e+00
4.400000000000000000e+01 3.325411421460564565e-01 3.041199128328267443e-01 8.204551696777343750e+00
4.500000000000000000e+01 3.060468437043171175e-01 3.352996030929794591e-01 8.186471939086914062e+00
4.600000000000000000e+01 3.381610143909531407e-01 3.075998552441105427e-01 8.218247413635253906e+00
4.700000000000000000e+01 3.103648659165219592e-01 3.407411677676800976e-01 8.197643280029296875e+00
4.800000000000000000e+01 3.425602317472192238e-01 3.136664131024345381e-01 8.230968475341796875e+00
4.900000000000000000e+01 3.144775480365619713e-01 3.453681202806032635e-01 8.211356163024902344e+00
5.000000000000000000e+01 3.466215540533142958e-01 3.176652848286791175e-01 8.242392539978027344e+00
5.100000000000000000e+01 3.183679194712421556e-01 3.493930931421149189e-01 8.221974372863769531e+00
5.200000000000000000e+01 3.501812885889087901e-01 3.213156172982710723e-01 8.253508567810058594e+00
5.300000000000000000e+01 3.220688833575618970e-01 3.519578007410340548e-01 8.232754707336425781e+00
5.400000000000000000e+01 3.549495770438398368e-01 3.227252710532346192e-01 8.263484001159667969e+00
5.500000000000000000e+01 3.254149687631402998e-01 3.556909346303909203e-01 8.240056037902832031e+00
5.600000000000000000e+01 3.573134735480068547e-01 3.258891427434538746e-01 8.271156311035156250e+00
5.700000000000000000e+01 3.279307612100495484e-01 3.581061903722133066e-01 8.250441551208496094e+00
5.800000000000000000e+01 3.597916794713511557e-01 3.290390704624174267e-01 8.279214859008789062e+00
5.900000000000000000e+01 3.311053121688594114e-01 3.605330178733222035e-01 8.258561134338378906e+00
6.000000000000000000e+01 3.629864789470639286e-01 3.309141351785046536e-01 8.286947250366210938e+00
6.100000000000000000e+01 3.330836477094378245e-01 3.618758732375092491e-01 8.263240814208984375e+00
6.200000000000000000e+01 3.640630371032826385e-01 3.328823540540699066e-01 8.293754577636718750e+00
6.300000000000000000e+01 3.348394069965321407e-01 3.648308437413219085e-01 8.269786834716796875e+00
6.400000000000000000e+01 3.663328294418937703e-01 3.357374909565253862e-01 8.300763130187988281e+00
6.500000000000000000e+01 3.372287058430945561e-01 3.671008761983496349e-01 8.277016639709472656e+00
6.600000000000000000e+01 3.677883277427316799e-01 3.383299506778543186e-01 8.304218292236328125e+00
6.700000000000000000e+01 3.375573431640792599e-01 3.687232139684436527e-01 8.281691551208496094e+00
6.800000000000000000e+01 3.686726252694739192e-01 3.389317326866869151e-01 8.308902740478515625e+00
6.900000000000000000e+01 3.400375813310558271e-01 3.692505135561085505e-01 8.286214828491210938e+00
7.000000000000000000e+01 3.715327791349450348e-01 3.405572043654869763e-01 8.313245773315429688e+00
7.100000000000000000e+01 3.400090633649771599e-01 3.711689004500618450e-01 8.289880752563476562e+00
7.200000000000000000e+01 3.713345765385863695e-01 3.404816454948391691e-01 8.315902709960937500e+00
7.300000000000000000e+01 3.426726543443872619e-01 3.735791969150757952e-01 8.293517112731933594e+00
7.400000000000000000e+01 3.736712118166113372e-01 3.434963088058017866e-01 8.318704605102539062e+00
7.500000000000000000e+01 3.417299555464079486e-01 3.746389821910338647e-01 8.295410156250000000e+00
7.600000000000000000e+01 3.748325307251991201e-01 3.448764037093656754e-01 8.319231033325195312e+00
7.700000000000000000e+01 3.442725507683241370e-01 3.762954591399690907e-01 8.298941612243652344e+00
7.800000000000000000e+01 3.764514060299964382e-01 3.447470983929529220e-01 8.324871063232421875e+00
7.900000000000000000e+01 3.446154299106164998e-01 3.759624543176783851e-01 8.300089836120605469e+00
8.000000000000000000e+01 3.762402079620834616e-01 3.464823857369537241e-01 8.327774047851562500e+00
8.100000000000000000e+01 3.448606114885512941e-01 3.758479130621935616e-01 8.304529190063476562e+00
8.200000000000000000e+01 3.775925721089004594e-01 3.466734086441946583e-01 8.328975677490234375e+00
8.300000000000000000e+01 3.470027432547283519e-01 3.781546016751422545e-01 8.306631088256835938e+00
8.400000000000000000e+01 3.780864174829003388e-01 3.471176514961511472e-01 8.331087112426757812e+00
8.500000000000000000e+01 3.454992766603923737e-01 3.774433175642979976e-01 8.308421134948730469e+00
8.600000000000000000e+01 3.781097262454596875e-01 3.471578856155358439e-01 8.332790374755859375e+00
8.700000000000000000e+01 3.481547605585861849e-01 3.781986936784890729e-01 8.309178352355957031e+00
8.800000000000000000e+01 3.794373777192712738e-01 3.491292028977995288e-01 8.335790634155273438e+00
8.900000000000000000e+01 3.479828678182705359e-01 3.800420255910106904e-01 8.312192916870117188e+00
9.000000000000000000e+01 3.778860962892413577e-01 3.492890165442010253e-01 8.336030960083007812e+00
9.100000000000000000e+01 3.474036476770849813e-01 3.806920398497853908e-01 8.314919471740722656e+00
9.200000000000000000e+01 3.796189691278190059e-01 3.481284441747214964e-01 8.335722923278808594e+00
9.300000000000000000e+01 3.489745937311206081e-01 3.810524916593044931e-01 8.314618110656738281e+00
9.400000000000000000e+01 3.807187179912057684e-01 3.491066838345768808e-01 8.340106964111328125e+00
9.500000000000000000e+01 3.493298584924965922e-01 3.797753568321457496e-01 8.314952850341796875e+00
9.600000000000000000e+01 3.818141655408075485e-01 3.494744032938769673e-01 8.340678215026855469e+00
9.700000000000000000e+01 3.501218450285354389e-01 3.816285594689666771e-01 8.317437171936035156e+00
9.800000000000000000e+01 3.797736404320308234e-01 3.504786966005792315e-01 8.343742370605468750e+00
9.900000000000000000e+01 3.492907901942796101e-01 3.814904606291751876e-01 8.320455551147460938e+00
1.000000000000000000e+02 3.803793622043922795e-01 3.507327142511749707e-01 8.344738006591796875e+00
1.010000000000000000e+02 3.499061680752994508e-01 3.819695314927524232e-01 8.323518753051757812e+00
1.020000000000000000e+02 3.795790134112710379e-01 3.504120559304919613e-01 8.343805313110351562e+00
1.030000000000000000e+02 3.488610399778682702e-01 3.813813590694425937e-01 8.323252677917480469e+00
1.040000000000000000e+02 3.804045541133619923e-01 3.515389536516564939e-01 8.343986511230468750e+00
1.050000000000000000e+02 3.496208805391251562e-01 3.825411000436695907e-01 8.323036193847656250e+00
1.060000000000000000e+02 3.803518276077775817e-01 3.503360138842235849e-01 8.342808723449707031e+00
1.070000000000000000e+02 3.493306779579124499e-01 3.822674175818466802e-01 8.321477890014648438e+00
1.080000000000000000e+02 3.798386800176968281e-01 3.520898400515396487e-01 8.341525077819824219e+00
1.090000000000000000e+02 3.494401307560049963e-01 3.836363126027569348e-01 8.323676109313964844e+00
1.100000000000000000e+02 3.796929128890040306e-01 3.521665212444967663e-01 8.341077804565429688e+00
1.110000000000000000e+02 3.501195883587476243e-01 3.834271681359797679e-01 8.324050903320312500e+00
1.120000000000000000e+02 3.814493329253949572e-01 3.524377370404068732e-01 8.341974258422851562e+00
1.130000000000000000e+02 3.497937356965611921e-01 3.831280563506838099e-01 8.321519851684570312e+00
1.140000000000000000e+02 3.808143408869004709e-01 3.510417936821497720e-01 8.340699195861816406e+00
1.150000000000000000e+02 3.499074976881765831e-01 3.838327240481442804e-01 8.320066452026367188e+00
1.160000000000000000e+02 3.816439827186262623e-01 3.524726127028986467e-01 8.342266082763671875e+00
1.170000000000000000e+02 3.500171762425660638e-01 3.833220247873259656e-01 8.321043968200683594e+00
1.180000000000000000e+02 3.803125105753363266e-01 3.527092856789204589e-01 8.339014053344726562e+00
1.190000000000000000e+02 3.502102340275151104e-01 3.847956559752159222e-01 8.322010993957519531e+00
1.200000000000000000e+02 3.803811031263167886e-01 3.531424396829960233e-01 8.337481498718261719e+00
1.210000000000000000e+02 3.501686525523750038e-01 3.837286205088502600e-01 8.322878837585449219e+00
1.220000000000000000e+02 3.827245742580649424e-01 3.528421008393021197e-01 8.340085983276367188e+00
1.230000000000000000e+02 3.506997001272648129e-01 3.846409335821109332e-01 8.322720527648925781e+00
1.240000000000000000e+02 3.815921151662050037e-01 3.532710709941834781e-01 8.339859008789062500e+00
1.250000000000000000e+02 3.506462335672592134e-01 3.858140267270109280e-01 8.325674057006835938e+00
1.260000000000000000e+02 3.830350877255766506e-01 3.535349416325581084e-01 8.339492797851562500e+00
1.270000000000000000e+02 3.524308546826654398e-01 3.864206091775566621e-01 8.326289176940917969e+00
1.280000000000000000e+02 3.831275993137543967e-01 3.555258724860415054e-01 8.341905593872070312e+00
1.290000000000000000e+02 3.509381362144518568e-01 3.858975798987384631e-01 8.330836296081542969e+00
1.300000000000000000e+02 3.821334659153707292e-01 3.562557444948341034e-01 8.341512680053710938e+00
1.310000000000000000e+02 3.506838197190245698e-01 3.869946641472736260e-01 8.332772254943847656e+00
1.320000000000000000e+02 3.813205125373571036e-01 3.558046988742477601e-01 8.343119621276855469e+00
1.330000000000000000e+02 3.522985795699969391e-01 3.875378571423718777e-01 8.333396911621093750e+00
1.340000000000000000e+02 3.817906585966259758e-01 3.575741114478492300e-01 8.345934867858886719e+00
1.350000000000000000e+02 3.509426215265098459e-01 3.871904969584512024e-01 8.334138870239257812e+00
1.360000000000000000e+02 3.808936903014520370e-01 3.564205509130836114e-01 8.346761703491210938e+00
1.370000000000000000e+02 3.496924974129383967e-01 3.892617202942456611e-01 8.335751533508300781e+00
1.380000000000000000e+02 3.805645001809305206e-01 3.575719342063836126e-01 8.346625328063964844e+00
1.390000000000000000e+02 3.496028984205087897e-01 3.887164583561635300e-01 8.337982177734375000e+00
1.400000000000000000e+02 3.799307820978086725e-01 3.574030367666197749e-01 8.345251083374023438e+00
1.410000000000000000e+02 3.484930199197600609e-01 3.895110422490880575e-01 8.338014602661132812e+00
1.420000000000000000e+02 3.787370192095561028e-01 3.571925841898505039e-01 8.345815658569335938e+00
1.430000000000000000e+02 3.482681669235146438e-01 3.877609138676440526e-01 8.337213516235351562e+00
1.440000000000000000e+02 3.808387149198738664e-01 3.564876875076530838e-01 8.347746849060058594e+00
1.450000000000000000e+02 3.489463476147598997e-01 3.873999181784680279e-01 8.335967063903808594e+00
1.460000000000000000e+02 3.782392818138660684e-01 3.567456340172292517e-01 8.348192214965820312e+00
1.470000000000000000e+02 3.474944819038827126e-01 3.883499374322015307e-01 8.334772109985351562e+00
1.480000000000000000e+02 3.778291925891169023e-01 3.571578004708393372e-01 8.344426155090332031e+00
1.490000000000000000e+02 3.471956276151123011e-01 3.881331551666509228e-01 8.336407661437988281e+00
1.500000000000000000e+02 3.776590505061021008e-01 3.573623724618316122e-01 8.346030235290527344e+00
1.510000000000000000e+02 3.474392827905445347e-01 3.886006881664880730e-01 8.336951255798339844e+00
1.520000000000000000e+02 3.783836427414906112e-01 3.581125357414013388e-01 8.345280647277832031e+00
1.530000000000000000e+02 3.490208179400228206e-01 3.897799746342806571e-01 8.336447715759277344e+00
1.540000000000000000e+02 3.800355460882521297e-01 3.594394348194864808e-01 8.346793174743652344e+00
1.550000000000000000e+02 3.495198135495366509e-01 3.909262748240482366e-01 8.338464736938476562e+00
1.560000000000000000e+02 3.805725158391525254e-01 3.590177660851369135e-01 8.347406387329101562e+00
1.570000000000000000e+02 3.511495828648509843e-01 3.889934411435354011e-01 8.336507797241210938e+00
1.580000000000000000e+02 3.821438039794056718e-01 3.570588688947101130e-01 8.349418640136718750e+00
1.590000000000000000e+02 3.522110333959443951e-01 3.875276848802083896e-01 8.334308624267578125e+00
1.600000000000000000e+02 3.810399552605958085e-01 3.577922129423877218e-01 8.351042747497558594e+00
1.610000000000000000e+02 3.508462091598293919e-01 3.883520348942767764e-01 8.334792137145996094e+00
1.620000000000000000e+02 3.811260969234011586e-01 3.588708858213961461e-01 8.347831726074218750e+00
1.630000000000000000e+02 3.494543106794888443e-01 3.898227872895084767e-01 8.336901664733886719e+00
1.640000000000000000e+02 3.794280034703732540e-01 3.583022213124676392e-01 8.347949028015136719e+00
1.650000000000000000e+02 3.502083461633740402e-01 3.898841634062769623e-01 8.338690757751464844e+00
1.660000000000000000e+02 3.806313210254538282e-01 3.575261398047021588e-01 8.347365379333496094e+00
1.670000000000000000e+02 3.496490183105642191e-01 3.890049180524000616e-01 8.339840888977050781e+00
1.680000000000000000e+02 3.804025963407388078e-01 3.570387975247312773e-01 8.346016883850097656e+00
1.690000000000000000e+02 3.490823835088412430e-01 3.888782129495115814e-01 8.337192535400390625e+00
1.700000000000000000e+02 3.802459570045539916e-01 3.574909273011710464e-01 8.343311309814453125e+00
1.710000000000000000e+02 3.495644722608109989e-01 3.884822183672489992e-01 8.334905624389648438e+00
1.720000000000000000e+02 3.807554750580838809e-01 3.569749944984467183e-01 8.344307899475097656e+00
1.730000000000000000e+02 3.495496853864693554e-01 3.879171726147679355e-01 8.332463264465332031e+00
1.740000000000000000e+02 3.811952547945831604e-01 3.571871677948130763e-01 8.343199729919433594e+00
1.750000000000000000e+02 3.506439484767908121e-01 3.887375678196556827e-01 8.333265304565429688e+00
1.760000000000000000e+02 3.812932502040675131e-01 3.575379935918817642e-01 8.345595359802246094e+00
1.770000000000000000e+02 3.502688389148674863e-01 3.869950176535679187e-01 8.332595825195312500e+00
1.780000000000000000e+02 3.817965377856217812e-01 3.570209924084209452e-01 8.344869613647460938e+00
1.790000000000000000e+02 3.507283111555259403e-01 3.876902228816047624e-01 8.333005905151367188e+00
1.800000000000000000e+02 3.814210693958574594e-01 3.549494412031365398e-01 8.344767570495605469e+00
1.810000000000000000e+02 3.510326800250885837e-01 3.870105724264968350e-01 8.330850601196289062e+00
1.820000000000000000e+02 3.825902149860413437e-01 3.549535326090786924e-01 8.345662117004394531e+00
1.830000000000000000e+02 3.514289681973102875e-01 3.864422598783002205e-01 8.328813552856445312e+00
1.840000000000000000e+02 3.828331330613670702e-01 3.559271750849095639e-01 8.345048904418945312e+00
1.850000000000000000e+02 3.509498002554859997e-01 3.860156005299654192e-01 8.330218315124511719e+00
1.860000000000000000e+02 3.821979875351010913e-01 3.552285432826849387e-01 8.345198631286621094e+00
1.870000000000000000e+02 3.515249257558963891e-01 3.871398164913165130e-01 8.329209327697753906e+00
1.880000000000000000e+02 3.821629960125057512e-01 3.544811519287001667e-01 8.345048904418945312e+00
1.890000000000000000e+02 3.513090373953241530e-01 3.855715914707741887e-01 8.329069137573242188e+00
1.900000000000000000e+02 3.821776134164954764e-01 3.553355416770604958e-01 8.346487045288085938e+00
1.910000000000000000e+02 3.509939491714595960e-01 3.868306386017246190e-01 8.330114364624023438e+00
1.920000000000000000e+02 3.824463917686063419e-01 3.553230760333870863e-01 8.346031188964843750e+00
1.930000000000000000e+02 3.512850579994284406e-01 3.868641489449107795e-01 8.330412864685058594e+00
1.940000000000000000e+02 3.821739878214289732e-01 3.564018536663011161e-01 8.345317840576171875e+00
1.950000000000000000e+02 3.506288828417553072e-01 3.881826605197823965e-01 8.331168174743652344e+00
1.960000000000000000e+02 3.823702996101965845e-01 3.573136919460501715e-01 8.343918800354003906e+00
1.970000000000000000e+02 3.517766920686849486e-01 3.878016839278911609e-01 8.332152366638183594e+00
1.980000000000000000e+02 3.830908175935814897e-01 3.567353023360393949e-01 8.345308303833007812e+00
1.990000000000000000e+02 3.514306068094876223e-01 3.875283858603810749e-01 8.332013130187988281e+00
2.000000000000000000e+02 3.824698879251577366e-01 3.565912347291408935e-01 8.346033096313476562e+00
2.010000000000000000e+02 3.516874763700987838e-01 3.866190206112424810e-01 8.331130981445312500e+00
2.020000000000000000e+02 3.823616203079874820e-01 3.552306531272037549e-01 8.348117828369140625e+00
2.030000000000000000e+02 3.515968355613410257e-01 3.854230613050066978e-01 8.330522537231445312e+00
2.040000000000000000e+02 3.824540423788017618e-01 3.539943063842639348e-01 8.348960876464843750e+00
2.050000000000000000e+02 3.513953004191762153e-01 3.842665466777548389e-01 8.327906608581542969e+00
2.060000000000000000e+02 3.826478074245195926e-01 3.537215589557894391e-01 8.351111412048339844e+00
2.070000000000000000e+02 3.528408686249438486e-01 3.846323236761078346e-01 8.326700210571289062e+00
2.080000000000000000e+02 3.830248279026860492e-01 3.540718074302241503e-01 8.353474617004394531e+00
2.090000000000000000e+02 3.515060155373797013e-01 3.853794598528145210e-01 8.327557563781738281e+00
2.100000000000000000e+02 3.827681988094094323e-01 3.535589734913611171e-01 8.350328445434570312e+00
2.110000000000000000e+02 3.522160159401439006e-01 3.848412893449036365e-01 8.327961921691894531e+00
2.120000000000000000e+02 3.828173199483862477e-01 3.539608878697946825e-01 8.352740287780761719e+00
2.130000000000000000e+02 3.518173017051382523e-01 3.856827211536854594e-01 8.330760002136230469e+00
2.140000000000000000e+02 3.831029486648588889e-01 3.552676917433293391e-01 8.353549003601074219e+00
2.150000000000000000e+02 3.509678535845662251e-01 3.863128342757737865e-01 8.331567764282226562e+00
2.160000000000000000e+02 3.835913795374021884e-01 3.547704391480426267e-01 8.351372718811035156e+00
2.170000000000000000e+02 3.521659554600482522e-01 3.858125646032802281e-01 8.329766273498535156e+00
2.180000000000000000e+02 3.827053543121434753e-01 3.542164255065813894e-01 8.350335121154785156e+00
2.190000000000000000e+02 3.505555100710225358e-01 3.859502153201381791e-01 8.327404022216796875e+00
2.200000000000000000e+02 3.832760572027207879e-01 3.538129647496048302e-01 8.348777770996093750e+00
2.210000000000000000e+02 3.522141742007895981e-01 3.839545991507286038e-01 8.328799247741699219e+00
2.220000000000000000e+02 3.835529780129319222e-01 3.551414535954675600e-01 8.350764274597167969e+00
2.230000000000000000e+02 3.527131936276985402e-01 3.869806223771736775e-01 8.329432487487792969e+00
2.240000000000000000e+02 3.841872127784416446e-01 3.538710859227862660e-01 8.350208282470703125e+00
2.250000000000000000e+02 3.530180343506778007e-01 3.853918690273008263e-01 8.329533576965332031e+00
2.260000000000000000e+02 3.831479553217645995e-01 3.552571628604563325e-01 8.349582672119140625e+00
2.270000000000000000e+02 3.518559460999875488e-01 3.849329110417201716e-01 8.328011512756347656e+00
2.280000000000000000e+02 3.836096897018119734e-01 3.548522623772722429e-01 8.349807739257812500e+00
2.290000000000000000e+02 3.522459286897440811e-01 3.858378032409832126e-01 8.327043533325195312e+00
2.300000000000000000e+02 3.831333063697188734e-01 3.533926209549665964e-01 8.350384712219238281e+00
2.310000000000000000e+02 3.512638074605416438e-01 3.852578930797498913e-01 8.326264381408691406e+00
2.320000000000000000e+02 3.821210043687873203e-01 3.533438978339449865e-01 8.350496292114257812e+00
2.330000000000000000e+02 3.530397708007842472e-01 3.850196792864980511e-01 8.328342437744140625e+00
2.340000000000000000e+02 3.838232278393892694e-01 3.536401877265395455e-01 8.352693557739257812e+00
2.350000000000000000e+02 3.521591625866570263e-01 3.839916297193873840e-01 8.327880859375000000e+00
2.360000000000000000e+02 3.844588902257647378e-01 3.530511338740571214e-01 8.350804328918457031e+00
2.370000000000000000e+02 3.530248151149908420e-01 3.857490752475373763e-01 8.325894355773925781e+00
2.380000000000000000e+02 3.832556154688709360e-01 3.540116252098217675e-01 8.348818778991699219e+00
2.390000000000000000e+02 3.520028258861626624e-01 3.854399525550063488e-01 8.328599929809570312e+00
2.400000000000000000e+02 3.833776239591888957e-01 3.546792955717639750e-01 8.349900245666503906e+00
2.410000000000000000e+02 3.522031669080350480e-01 3.856903699798201468e-01 8.328691482543945312e+00
2.420000000000000000e+02 3.845426284378499759e-01 3.545778692968522550e-01 8.350356101989746094e+00
2.430000000000000000e+02 3.534344487043515337e-01 3.849810107099411738e-01 8.331076622009277344e+00
2.440000000000000000e+02 3.858089152349156170e-01 3.539198206544051928e-01 8.352305412292480469e+00
2.450000000000000000e+02 3.545070908830240120e-01 3.846025769256494198e-01 8.329415321350097656e+00
2.460000000000000000e+02 3.847385612170614588e-01 3.537151104451938255e-01 8.352647781372070312e+00
2.470000000000000000e+02 3.530316810235248903e-01 3.840908514325083178e-01 8.328976631164550781e+00
2.480000000000000000e+02 3.829116876644760858e-01 3.533738889814762030e-01 8.348771095275878906e+00
2.490000000000000000e+02 3.528839319194130297e-01 3.848496949948704282e-01 8.329893112182617188e+00
2.500000000000000000e+02 3.838636902908686976e-01 3.533035147034206402e-01 8.350813865661621094e+00
2.510000000000000000e+02 3.515288047190123222e-01 3.853229027840001653e-01 8.330898284912109375e+00
2.520000000000000000e+02 3.829484348575252217e-01 3.554560805462135820e-01 8.350184440612792969e+00
2.530000000000000000e+02 3.520278321678289024e-01 3.861611049913756255e-01 8.332415580749511719e+00
2.540000000000000000e+02 3.825691952118799311e-01 3.554626693629659440e-01 8.347777366638183594e+00
2.550000000000000000e+02 3.518232812413183974e-01 3.864845081181976783e-01 8.330318450927734375e+00
2.560000000000000000e+02 3.842565622709198658e-01 3.552681857732797321e-01 8.347096443176269531e+00
2.570000000000000000e+02 3.530047186377958668e-01 3.853781812892460579e-01 8.329096794128417969e+00
2.580000000000000000e+02 3.849294376925692651e-01 3.534691323277991404e-01 8.348547935485839844e+00
2.590000000000000000e+02 3.531113826989632498e-01 3.866891304668443885e-01 8.326645851135253906e+00
2.600000000000000000e+02 3.833148150108098839e-01 3.555683416344194159e-01 8.348461151123046875e+00
2.610000000000000000e+02 3.524209095613843878e-01 3.871982124210465170e-01 8.327113151550292969e+00
2.620000000000000000e+02 3.828452119862518210e-01 3.563999522009998477e-01 8.346895217895507812e+00
2.630000000000000000e+02 3.520188698462325960e-01 3.861030780911481886e-01 8.328301429748535156e+00
2.640000000000000000e+02 3.841217374010029162e-01 3.552325252281146040e-01 8.349329948425292969e+00
2.650000000000000000e+02 3.510624793307552949e-01 3.845924397649234106e-01 8.328158378601074219e+00
2.660000000000000000e+02 3.822449106455066414e-01 3.549691148857465062e-01 8.348815917968750000e+00
2.670000000000000000e+02 3.517140308737272125e-01 3.867045127889294776e-01 8.328952789306640625e+00
2.680000000000000000e+02 3.828506614668918395e-01 3.551385060987334308e-01 8.347235679626464844e+00
2.690000000000000000e+02 3.515038083777987654e-01 3.861528969634089870e-01 8.328287124633789062e+00
2.700000000000000000e+02 3.842282467032075433e-01 3.550436686482857929e-01 8.346540451049804688e+00
2.710000000000000000e+02 3.516410139899961984e-01 3.862003195364729913e-01 8.327338218688964844e+00
2.720000000000000000e+02 3.826885493488476619e-01 3.539335850631490366e-01 8.347917556762695312e+00
2.730000000000000000e+02 3.515888354442912034e-01 3.861263969143832187e-01 8.328442573547363281e+00
2.740000000000000000e+02 3.835304098289242236e-01 3.546208465020257439e-01 8.349312782287597656e+00
2.750000000000000000e+02 3.517614786623817213e-01 3.864765897928162941e-01 8.330563545227050781e+00
2.760000000000000000e+02 3.825037517000633436e-01 3.547381487782518272e-01 8.350077629089355469e+00
2.770000000000000000e+02 3.515438041136451086e-01 3.867919953177073045e-01 8.331945419311523438e+00
2.780000000000000000e+02 3.832224241745116333e-01 3.550223165072979858e-01 8.353671073913574219e+00
2.790000000000000000e+02 3.507406927835693411e-01 3.871291117901382028e-01 8.331862449645996094e+00
2.800000000000000000e+02 3.817043304341710130e-01 3.543872914255731810e-01 8.351172447204589844e+00
2.810000000000000000e+02 3.501228990692943910e-01 3.855353358199086200e-01 8.332880020141601562e+00
2.820000000000000000e+02 3.804915279779684800e-01 3.545659894302415349e-01 8.349899291992187500e+00
2.830000000000000000e+02 3.499438631520210286e-01 3.858626032219885649e-01 8.331703186035156250e+00
2.840000000000000000e+02 3.820144015890747369e-01 3.562708332868229633e-01 8.349987030029296875e+00
2.850000000000000000e+02 3.512769217792117149e-01 3.870784928182663953e-01 8.333741188049316406e+00
2.860000000000000000e+02 3.822666936431691753e-01 3.559972905800646292e-01 8.350678443908691406e+00
2.870000000000000000e+02 3.508356111783954567e-01 3.881509362583231981e-01 8.332679748535156250e+00
2.880000000000000000e+02 3.809428800291834172e-01 3.563583166034273719e-01 8.347791671752929688e+00
2.890000000000000000e+02 3.520288759203676343e-01 3.881888826160425632e-01 8.330865859985351562e+00
2.900000000000000000e+02 3.819205517304144482e-01 3.569710336337413303e-01 8.347221374511718750e+00
2.910000000000000000e+02 3.511380940671035567e-01 3.880853061789970027e-01 8.331031799316406250e+00
2.920000000000000000e+02 3.817212813960965678e-01 3.571267309415177005e-01 8.345241546630859375e+00
2.930000000000000000e+02 3.515326227311775242e-01 3.883651151343685548e-01 8.332139015197753906e+00
2.940000000000000000e+02 3.821164558732841332e-01 3.556490557889725457e-01 8.344764709472656250e+00
2.950000000000000000e+02 3.516933955727816197e-01 3.860539378689787360e-01 8.331846237182617188e+00
2.960000000000000000e+02 3.820742699742488702e-01 3.552004670919953200e-01 8.346681594848632812e+00
2.970000000000000000e+02 3.501181725530057576e-01 3.859444971749979025e-01 8.330481529235839844e+00
2.980000000000000000e+02 3.835050629815626166e-01 3.558333942872167754e-01 8.349250793457031250e+00
2.990000000000000000e+02 3.518635782866887940e-01 3.864224587524518473e-01 8.330677032470703125e+00
3.000000000000000000e+02 3.831916447903431222e-01 3.555413386695858158e-01 8.349594116210937500e+00
3.010000000000000000e+02 3.523602942325743115e-01 3.869390196350010469e-01 8.329797744750976562e+00
3.020000000000000000e+02 3.830818119661370535e-01 3.561150186522807903e-01 8.350446701049804688e+00
3.030000000000000000e+02 3.523706166280021201e-01 3.874869538638599509e-01 8.330951690673828125e+00
3.040000000000000000e+02 3.829913500957917716e-01 3.552651872885016493e-01 8.350694656372070312e+00
3.050000000000000000e+02 3.518869696692772386e-01 3.869723532721882076e-01 8.332107543945312500e+00
3.060000000000000000e+02 3.827601751266921926e-01 3.561072672071318723e-01 8.350784301757812500e+00
3.070000000000000000e+02 3.516048494420096482e-01 3.871986334068259761e-01 8.333666801452636719e+00
3.080000000000000000e+02 3.830800396479785985e-01 3.559563516894097002e-01 8.349212646484375000e+00
3.090000000000000000e+02 3.516839686389385267e-01 3.873748300417145796e-01 8.331938743591308594e+00
3.100000000000000000e+02 3.832254443857847082e-01 3.571075011974603197e-01 8.350057601928710938e+00
3.110000000000000000e+02 3.513235450677165139e-01 3.877239278906496889e-01 8.331763267517089844e+00
3.120000000000000000e+02 3.834002877707580748e-01 3.551709120914740003e-01 8.350659370422363281e+00
3.130000000000000000e+02 3.513866476691742124e-01 3.881943939652699460e-01 8.330410003662109375e+00
3.140000000000000000e+02 3.840678729962487825e-01 3.554370390423196024e-01 8.349770545959472656e+00
3.150000000000000000e+02 3.526089569466104856e-01 3.867986894627105654e-01 8.332396507263183594e+00
3.160000000000000000e+02 3.821320451753994485e-01 3.567202460668008612e-01 8.350837707519531250e+00
3.170000000000000000e+02 3.522524591469120558e-01 3.866670682746197185e-01 8.335156440734863281e+00
3.180000000000000000e+02 3.820661435553862617e-01 3.551094890451739761e-01 8.351446151733398438e+00
3.190000000000000000e+02 3.505335305297316850e-01 3.866011284043417984e-01 8.333643913269042969e+00
3.200000000000000000e+02 3.819309075857610924e-01 3.547523139890301214e-01 8.351170539855957031e+00
3.210000000000000000e+02 3.523566812582657470e-01 3.869570039362841274e-01 8.334372520446777344e+00
3.220000000000000000e+02 3.833638035055541571e-01 3.556207815409194173e-01 8.351050376892089844e+00
3.230000000000000000e+02 3.520440776412896988e-01 3.871117468900187597e-01 8.334223747253417969e+00
3.240000000000000000e+02 3.829041816585708746e-01 3.554434878253200925e-01 8.354391098022460938e+00
3.250000000000000000e+02 3.526916918304789372e-01 3.869919147622264410e-01 8.333502769470214844e+00
3.260000000000000000e+02 3.832752021731060110e-01 3.553535210202753980e-01 8.352716445922851562e+00
3.270000000000000000e+02 3.529201967155876085e-01 3.862314232050362284e-01 8.332060813903808594e+00
3.280000000000000000e+02 3.844435534047049297e-01 3.550042198275724092e-01 8.354939460754394531e+00
3.290000000000000000e+02 3.529485878267543675e-01 3.859182757523945129e-01 8.333106040954589844e+00
3.300000000000000000e+02 3.841559602928574235e-01 3.546980993832531959e-01 8.354539871215820312e+00
3.310000000000000000e+02 3.531496937601106834e-01 3.857567039510421125e-01 8.332530975341796875e+00
3.320000000000000000e+02 3.849720592725975332e-01 3.554942215239758063e-01 8.356521606445312500e+00
3.330000000000000000e+02 3.537219015432709890e-01 3.863446100509299042e-01 8.331602096557617188e+00
3.340000000000000000e+02 3.852452518111232904e-01 3.544977213647986791e-01 8.356032371520996094e+00
3.350000000000000000e+02 3.550285153913301239e-01 3.847075554147967313e-01 8.332585334777832031e+00
3.360000000000000000e+02 3.853217086112155076e-01 3.537471709025375444e-01 8.359043121337890625e+00
3.370000000000000000e+02 3.549266086598504844e-01 3.835113479581209739e-01 8.332379341125488281e+00
3.380000000000000000e+02 3.863900546218405618e-01 3.527107251624502782e-01 8.361493110656738281e+00
3.390000000000000000e+02 3.559442932735784049e-01 3.834323923403793466e-01 8.331619262695312500e+00
3.400000000000000000e+02 3.865713850019735776e-01 3.521816076498308079e-01 8.361497879028320312e+00
3.410000000000000000e+02 3.549422249047586297e-01 3.840141032611502636e-01 8.327591896057128906e+00
3.420000000000000000e+02 3.865826153848263003e-01 3.537254997998990347e-01 8.360959053039550781e+00
3.430000000000000000e+02 3.554165805050226723e-01 3.842230716370354515e-01 8.328860282897949219e+00
3.440000000000000000e+02 3.852770351739205346e-01 3.526700157139806002e-01 8.359558105468750000e+00
3.450000000000000000e+02 3.552982121459610787e-01 3.841158848301947648e-01 8.326771736145019531e+00
3.460000000000000000e+02 3.844908538413947530e-01 3.521044076259645661e-01 8.359059333801269531e+00
3.470000000000000000e+02 3.538637681256048828e-01 3.842665332917215015e-01 8.324961662292480469e+00
3.480000000000000000e+02 3.850607375934306242e-01 3.537308228601142024e-01 8.356388092041015625e+00
3.490000000000000000e+02 3.541607321934036046e-01 3.863876729341667038e-01 8.326244354248046875e+00
3.500000000000000000e+02 3.848080794074308919e-01 3.544258399628554268e-01 8.356392860412597656e+00
3.510000000000000000e+02 3.530528963959295718e-01 3.867332577494975721e-01 8.327981948852539062e+00
3.520000000000000000e+02 3.833126712811414372e-01 3.558670062896587827e-01 8.355787277221679688e+00
3.530000000000000000e+02 3.519817566887724625e-01 3.866754595744541501e-01 8.330327987670898438e+00
3.540000000000000000e+02 3.827403883293208908e-01 3.554091784289773459e-01 8.354333877563476562e+00
3.550000000000000000e+02 3.501729568607361287e-01 3.862251538257587269e-01 8.329408645629882812e+00
3.560000000000000000e+02 3.819221406328222601e-01 3.567715429994054444e-01 8.354112625122070312e+00
3.570000000000000000e+02 3.499435882438232115e-01 3.865598410469388568e-01 8.331072807312011719e+00
3.580000000000000000e+02 3.811667904338881807e-01 3.541269513688555248e-01 8.353315353393554688e+00
3.590000000000000000e+02 3.501270120055897106e-01 3.856059009541540350e-01 8.329416275024414062e+00
3.600000000000000000e+02 3.815195350855732914e-01 3.549961533381433831e-01 8.351229667663574219e+00
3.610000000000000000e+02 3.511531958617586935e-01 3.866796638739459779e-01 8.329668998718261719e+00
3.620000000000000000e+02 3.837002880537861982e-01 3.557630776536919170e-01 8.350551605224609375e+00
3.630000000000000000e+02 3.535493596456621979e-01 3.868546416341964167e-01 8.327912330627441406e+00
3.640000000000000000e+02 3.844479263311870176e-01 3.553820935951711446e-01 8.350222587585449219e+00
3.650000000000000000e+02 3.527845216633725967e-01 3.867074922490033040e-01 8.328682899475097656e+00
3.660000000000000000e+02 3.853080795472267339e-01 3.564601736060373782e-01 8.351318359375000000e+00
3.670000000000000000e+02 3.547107795366182814e-01 3.882482592339079330e-01 8.331243515014648438e+00
3.680000000000000000e+02 3.844894053337333806e-01 3.567867845783537217e-01 8.353387832641601562e+00
3.690000000000000000e+02 3.542250931122266633e-01 3.874964698759757464e-01 8.333250045776367188e+00
3.700000000000000000e+02 3.845263766031779551e-01 3.564124242418926225e-01 8.354899406433105469e+00
3.710000000000000000e+02 3.526746430328505655e-01 3.856338229253360450e-01 8.332249641418457031e+00
3.720000000000000000e+02 3.850325299860808403e-01 3.556168892853500130e-01 8.354328155517578125e+00
3.730000000000000000e+02 3.535382765779475633e-01 3.860856039385418548e-01 8.333679199218750000e+00
3.740000000000000000e+02 3.842787156802579540e-01 3.554640821959281771e-01 8.354804039001464844e+00
3.750000000000000000e+02 3.533332506212076840e-01 3.860064237805268528e-01 8.334917068481445312e+00
3.760000000000000000e+02 3.848916416539095997e-01 3.550418134587673413e-01 8.356175422668457031e+00
3.770000000000000000e+02 3.541208938648708893e-01 3.842439298909601231e-01 8.332831382751464844e+00
3.780000000000000000e+02 3.847768053147590517e-01 3.539599822145461094e-01 8.356537818908691406e+00
3.790000000000000000e+02 3.536969096590562023e-01 3.846389550512374633e-01 8.330952644348144531e+00
3.800000000000000000e+02 3.838067102285595555e-01 3.539764693618612235e-01 8.354666709899902344e+00
3.810000000000000000e+02 3.523058931090733981e-01 3.846273657277843316e-01 8.329111099243164062e+00
3.820000000000000000e+02 3.847134271708292363e-01 3.552104364514056534e-01 8.350295066833496094e+00
3.830000000000000000e+02 3.545903592280885142e-01 3.855127764081552888e-01 8.330690383911132812e+00
3.840000000000000000e+02 3.853801243986488267e-01 3.536734719637641966e-01 8.352591514587402344e+00
3.850000000000000000e+02 3.541459357631525084e-01 3.839972101812065275e-01 8.329921722412109375e+00
3.860000000000000000e+02 3.843677833583267756e-01 3.534485658892286275e-01 8.354794502258300781e+00
3.870000000000000000e+02 3.541262244475006371e-01 3.848391082906369443e-01 8.330490112304687500e+00
3.880000000000000000e+02 3.847368074412375050e-01 3.542281033364212406e-01 8.353146553039550781e+00
3.890000000000000000e+02 3.543688008147367063e-01 3.841932863548331301e-01 8.329944610595703125e+00
3.900000000000000000e+02 3.854731495042127976e-01 3.534331889363671597e-01 8.353728294372558594e+00
3.910000000000000000e+02 3.545142302007149859e-01 3.848250028925190858e-01 8.328781127929687500e+00
3.920000000000000000e+02 3.847314572388324527e-01 3.530535285350672181e-01 8.354228019714355469e+00
3.930000000000000000e+02 3.535703282504616962e-01 3.830554011071498066e-01 8.327911376953125000e+00
3.940000000000000000e+02 3.857671824667840976e-01 3.517148694771090045e-01 8.355767250061035156e+00
3.950000000000000000e+02 3.540894094648409096e-01 3.833590579352006422e-01 8.327023506164550781e+00
3.960000000000000000e+02 3.841736893245486506e-01 3.520875126747606831e-01 8.357338905334472656e+00
3.970000000000000000e+02 3.554696301009903081e-01 3.834209495294561565e-01 8.327525138854980469e+00
3.980000000000000000e+02 3.861472168892685075e-01 3.523764860922641295e-01 8.357702255249023438e+00
