0.000000000000000000e+00 1.491167844277642429e-02 1.348562913529411343e-02 1.301148128509521484e+01
1.000000000000000000e+00 1.436382895569514144e-02 1.507841791889818345e-02 1.301008129119873047e+01
2.000000000000000000e+00 1.927685041751578052e-02 1.466814501643070798e-02 1.319948768615722656e+01
3.000000000000000000e+00 1.846511823778283073e-02 1.902965582937370809e-02 1.320367431640625000e+01
4.000000000000000000e+00 2.479379491452601489e-02 1.853417647692938430e-02 1.336918926239013672e+01
5.000000000000000000e+00 2.381781540320640489e-02 2.568044000616782549e-02 1.337582015991210938e+01
6.000000000000000000e+00 3.240242338356909280e-02 2.432015867143054802e-02 1.352219390869140625e+01
7.000000000000000000e+00 3.121982530955225502e-02 3.312130746749687021e-02 1.352785968780517578e+01
8.000000000000000000e+00 4.137555483087961006e-02 3.145942507887150574e-02 1.366352272033691406e+01
9.000000000000000000e+00 3.894091992830845533e-02 4.140881272045590644e-02 1.366863155364990234e+01
1.000000000000000000e+01 5.031447639971865782e-02 3.927460707864839640e-02 1.379066944122314453e+01
1.100000000000000000e+01 4.804138524964386009e-02 5.084108486883221617e-02 1.379226398468017578e+01
1.200000000000000000e+01 5.992180594161441998e-02 4.776914226133992247e-02 1.390174198150634766e+01
1.300000000000000000e+01 5.657140421012470805e-02 6.065779218899902681e-02 1.390578556060791016e+01
1.400000000000000000e+01 6.913345739251687549e-02 5.646702071591867128e-02 1.400534629821777344e+01
1.500000000000000000e+01 6.424862177302544108e-02 6.986463986639963875e-02 1.400703620910644531e+01
1.600000000000000000e+01 7.828150994021440545e-02 6.506051183805014460e-02 1.409210205078125000e+01
1.700000000000000000e+01 7.252085844216234201e-02 7.895652177636694469e-02 1.409750175476074219e+01
1.800000000000000000e+01 8.755406965260593977e-02 7.282396766666339449e-02 1.417323970794677734e+01
1.900000000000000000e+01 8.011483516613135403e-02 8.765828706486906985e-02 1.417927551269531250e+01
2.000000000000000000e+01 9.575158069235133185e-02 8.060244663308234470e-02 1.424763011932373047e+01
2.100000000000000000e+01 8.727765396666904707e-02 9.542898989005582644e-02 1.425320434570312500e+01
2.200000000000000000e+01 1.023401539951703937e-01 8.745278700512439107e-02 1.430948352813720703e+01
2.300000000000000000e+01 9.399388866403655951e-02 1.028767813783831031e-01 1.431431198120117188e+01
2.400000000000000000e+01 1.091267899139701236e-01 9.469210784946281712e-02 1.436529827117919922e+01
2.500000000000000000e+01 1.000247190271835868e-01 1.101331104614472617e-01 1.437480354309082031e+01
2.600000000000000000e+01 1.151496314993384062e-01 1.009304338599852219e-01 1.441720008850097656e+01
2.700000000000000000e+01 1.056747196872557387e-01 1.167567156023863739e-01 1.442659282684326172e+01
2.800000000000000000e+01 1.219090262260533603e-01 1.069574113017168898e-01 1.446581172943115234e+01
2.900000000000000000e+01 1.116642995964529927e-01 1.228074355156442560e-01 1.447632122039794922e+01
3.000000000000000000e+01 1.276547808420038510e-01 1.128219381717340958e-01 1.451065158843994141e+01
3.100000000000000000e+01 1.162168421937633950e-01 1.281315276076948617e-01 1.452165222167968750e+01
3.200000000000000000e+01 1.312424445009927054e-01 1.173260668928317318e-01 1.454858589172363281e+01
3.300000000000000000e+01 1.204529320147485205e-01 1.322708806134994808e-01 1.455735588073730469e+01
3.400000000000000000e+01 1.366478483054891779e-01 1.212854331130768654e-01 1.458232975006103516e+01
3.500000000000000000e+01 1.250661641983431827e-01 1.365363522290614084e-01 1.459033012390136719e+01
3.600000000000000000e+01 1.409713515157806352e-01 1.251678717039011179e-01 1.461912250518798828e+01
3.700000000000000000e+01 1.289396665455059265e-01 1.415598820953220816e-01 1.462001991271972656e+01
3.800000000000000000e+01 1.447034698173353395e-01 1.298026054551020270e-01 1.464470767974853516e+01
3.900000000000000000e+01 1.326622866577438775e-01 1.459817841423011742e-01 1.464949607849121094e+01
4.000000000000000000e+01 1.493189564624533838e-01 1.326708664537084303e-01 1.467464542388916016e+01
4.100000000000000000e+01 1.361375952057594096e-01 1.492436331710317865e-01 1.467419338226318359e+01
4.200000000000000000e+01 1.524064337837026661e-01 1.358353549117468084e-01 1.470134830474853516e+01
4.300000000000000000e+01 1.394428474924832295e-01 1.522629902432420246e-01 1.469913196563720703e+01
4.400000000000000000e+01 1.553796789409122303e-01 1.388578701952098982e-01 1.472110652923583984e+01
4.500000000000000000e+01 1.416991737083730940e-01 1.552027303136942205e-01 1.471832180023193359e+01
4.600000000000000000e+01 1.578606410451061093e-01 1.419595326587966833e-01 1.473868370056152344e+01
4.700000000000000000e+01 1.447682307729167839e-01 1.582323883139710452e-01 1.473943233489990234e+01
4.800000000000000000e+01 1.605330775608086735e-01 1.439503344348641856e-01 1.475810432434082031e+01
4.900000000000000000e+01 1.469792235891254073e-01 1.606272135891496922e-01 1.475819015502929688e+01
5.000000000000000000e+01 1.626659973052392016e-01 1.463728444790198258e-01 1.477596569061279297e+01
5.100000000000000000e+01 1.486542065228749210e-01 1.625499382604707888e-01 1.477348613739013672e+01
5.200000000000000000e+01 1.654357065931051363e-01 1.479407154963574555e-01 1.478890991210937500e+01
5.300000000000000000e+01 1.502124903690087443e-01 1.633421469000856940e-01 1.478444194793701172e+01
5.400000000000000000e+01 1.663720474435897989e-01 1.491319509996609227e-01 1.480119800567626953e+01
5.500000000000000000e+01 1.512867233130816558e-01 1.652231575136226815e-01 1.479512023925781250e+01
5.600000000000000000e+01 1.672806509341149550e-01 1.512073424803440092e-01 1.481101608276367188e+01
5.700000000000000000e+01 1.532676216249763690e-01 1.663663547701195733e-01 1.480774879455566406e+01
5.800000000000000000e+01 1.687904608035963039e-01 1.522329917516667130e-01 1.482222175598144531e+01
5.900000000000000000e+01 1.548105342538818874e-01 1.677226803514219322e-01 1.481621170043945312e+01
6.000000000000000000e+01 1.712033483228734831e-01 1.532045555453784846e-01 1.483587169647216797e+01
6.100000000000000000e+01 1.554660158425533178e-01 1.687860111160789378e-01 1.482564163208007812e+01
6.200000000000000000e+01 1.723049528664708507e-01 1.541289308310267725e-01 1.484339523315429688e+01
6.300000000000000000e+01 1.566877870556348251e-01 1.707142959300847473e-01 1.483533477783203125e+01
6.400000000000000000e+01 1.728882849404654865e-01 1.553355236242229265e-01 1.485190868377685547e+01
6.500000000000000000e+01 1.575242769800508091e-01 1.719425157456335451e-01 1.484533214569091797e+01
6.600000000000000000e+01 1.732977868602939564e-01 1.558212802223456483e-01 1.485818004608154297e+01
6.700000000000000000e+01 1.584992315543050645e-01 1.720113675793367713e-01 1.484787750244140625e+01
6.800000000000000000e+01 1.742049614991528772e-01 1.567354449775762437e-01 1.486341094970703125e+01
6.900000000000000000e+01 1.589224247270925316e-01 1.732870333726904688e-01 1.485301017761230469e+01
7.000000000000000000e+01 1.750975218068143713e-01 1.578724012651092912e-01 1.486668395996093750e+01
7.100000000000000000e+01 1.593953912495163217e-01 1.731407522247792874e-01 1.485888576507568359e+01
7.200000000000000000e+01 1.761266841070547318e-01 1.580677649288453057e-01 1.486961364746093750e+01
7.300000000000000000e+01 1.605403883500747808e-01 1.746229665814713061e-01 1.486143016815185547e+01
7.400000000000000000e+01 1.772481296866884326e-01 1.584271068296677631e-01 1.487733364105224609e+01
7.500000000000000000e+01 1.614125785044018824e-01 1.746432020038384825e-01 1.486511230468750000e+01
7.600000000000000000e+01 1.775986563230282367e-01 1.598970600663282005e-01 1.488167858123779297e+01
7.700000000000000000e+01 1.619044240874550622e-01 1.755027080751744850e-01 1.487561225891113281e+01
7.800000000000000000e+01 1.780394240696754615e-01 1.600415242251374826e-01 1.488964176177978516e+01
7.900000000000000000e+01 1.631367862625859311e-01 1.757325447941252006e-01 1.487773799896240234e+01
8.000000000000000000e+01 1.790034267876292329e-01 1.603609588339967029e-01 1.489652061462402344e+01
8.100000000000000000e+01 1.632362174371275454e-01 1.766988097400143676e-01 1.488117599487304688e+01
8.200000000000000000e+01 1.791334836310540524e-01 1.609888171610142638e-01 1.489922428131103516e+01
8.300000000000000000e+01 1.635549314221798889e-01 1.765479296284905020e-01 1.488726615905761719e+01
8.400000000000000000e+01 1.793931842851934633e-01 1.613526598300731307e-01 1.490264225006103516e+01
8.500000000000000000e+01 1.635358838055764041e-01 1.762541865615822045e-01 1.488751316070556641e+01
8.600000000000000000e+01 1.799412766391896290e-01 1.611861341592251695e-01 1.490636062622070312e+01
8.700000000000000000e+01 1.642882743346659458e-01 1.770919659930494661e-01 1.488568115234375000e+01
8.800000000000000000e+01 1.804522090153157510e-01 1.605116540986234186e-01 1.490670490264892578e+01
8.900000000000000000e+01 1.645765735503207372e-01 1.769881042205360411e-01 1.488538265228271484e+01
9.000000000000000000e+01 1.798644358632624785e-01 1.609983017633123681e-01 1.490662956237792969e+01
9.100000000000000000e+01 1.641567800846629177e-01 1.772100643033919509e-01 1.488779640197753906e+01
9.200000000000000000e+01 1.810391535632089877e-01 1.616834299035829481e-01 1.490908813476562500e+01
9.300000000000000000e+01 1.651240389607895043e-01 1.774322958190164279e-01 1.488944435119628906e+01
9.400000000000000000e+01 1.814685127621807614e-01 1.617513205743907334e-01 1.491230487823486328e+01
9.500000000000000000e+01 1.650046723645998692e-01 1.776404187785299293e-01 1.489257717132568359e+01
9.600000000000000000e+01 1.814037675203814814e-01 1.623826402463249274e-01 1.491082382202148438e+01
9.700000000000000000e+01 1.656028983299079604e-01 1.781260440557777824e-01 1.489408779144287109e+01
9.800000000000000000e+01 1.809788658991574872e-01 1.629172539151866050e-01 1.491294097900390625e+01
9.900000000000000000e+01 1.650921832196837746e-01 1.784728734302146735e-01 1.489982795715332031e+01
1.000000000000000000e+02 1.808035450582696768e-01 1.629300250928986671e-01 1.491074752807617188e+01
1.010000000000000000e+02 1.648885685818449465e-01 1.790253825681022426e-01 1.489910793304443359e+01
1.020000000000000000e+02 1.810199664702552835e-01 1.630408804660678779e-01 1.491035366058349609e+01
1.030000000000000000e+02 1.649414550970486337e-01 1.789801882228167218e-01 1.490068817138671875e+01
1.040000000000000000e+02 1.817453113421378663e-01 1.634763684503692249e-01 1.491158962249755859e+01
1.050000000000000000e+02 1.654266021689977384e-01 1.788672637470556936e-01 1.490324592590332031e+01
1.060000000000000000e+02 1.813632842316545979e-01 1.631841181277158270e-01 1.491601467132568359e+01
1.070000000000000000e+02 1.661863427523351255e-01 1.791495636192182717e-01 1.490362739562988281e+01
1.080000000000000000e+02 1.818893944299237730e-01 1.632346413319322176e-01 1.491812801361083984e+01
1.090000000000000000e+02 1.662597195703011399e-01 1.794071419170763515e-01 1.490506553649902344e+01
1.100000000000000000e+02 1.819243611660616433e-01 1.635854136015355287e-01 1.491714096069335938e+01
1.110000000000000000e+02 1.665823491898994479e-01 1.799657707564469022e-01 1.490439033508300781e+01
1.120000000000000000e+02 1.827090412154947219e-01 1.640109093347968394e-01 1.491949558258056641e+01
1.130000000000000000e+02 1.664799605352050571e-01 1.790890477905416889e-01 1.490370559692382812e+01
1.140000000000000000e+02 1.835801391980126929e-01 1.632346519994914702e-01 1.492147636413574219e+01
1.150000000000000000e+02 1.670997261569906744e-01 1.792263152676290827e-01 1.490345764160156250e+01
1.160000000000000000e+02 1.837660878516844398e-01 1.630750848702541833e-01 1.492587375640869141e+01
1.170000000000000000e+02 1.672598689971258323e-01 1.791651346930282773e-01 1.490107536315917969e+01
1.180000000000000000e+02 1.842360346261250892e-01 1.633249954024656725e-01 1.492696571350097656e+01
1.190000000000000000e+02 1.684901886746157373e-01 1.796504137104044663e-01 1.490192317962646484e+01
1.200000000000000000e+02 1.839856338047383966e-01 1.636641500986313613e-01 1.493000984191894531e+01
1.210000000000000000e+02 1.682927299993370873e-01 1.794682204459628339e-01 1.490229988098144531e+01
1.220000000000000000e+02 1.847237914081085730e-01 1.639613691965171594e-01 1.492788028717041016e+01
1.230000000000000000e+02 1.678450956722952192e-01 1.806538292650506083e-01 1.490606975555419922e+01
1.240000000000000000e+02 1.837209368980218249e-01 1.645351216459084720e-01 1.492709159851074219e+01
1.250000000000000000e+02 1.674834770213049218e-01 1.801321031458090471e-01 1.490896987915039062e+01
1.260000000000000000e+02 1.831090501745204491e-01 1.642117102281928642e-01 1.492624187469482422e+01
1.270000000000000000e+02 1.669385294844201173e-01 1.809732839966937679e-01 1.491010189056396484e+01
1.280000000000000000e+02 1.830536872888225974e-01 1.647419954835258882e-01 1.492210960388183594e+01
1.290000000000000000e+02 1.661264039790303348e-01 1.811187883420724842e-01 1.490881824493408203e+01
1.300000000000000000e+02 1.827088532217557015e-01 1.647955293299638024e-01 1.491933631896972656e+01
1.310000000000000000e+02 1.665416287031628306e-01 1.812666660320655376e-01 1.490981769561767578e+01
1.320000000000000000e+02 1.826363169035005452e-01 1.648739123985080435e-01 1.491886234283447266e+01
1.330000000000000000e+02 1.667434750245105624e-01 1.805497508946861118e-01 1.491125011444091797e+01
1.340000000000000000e+02 1.824691335134555337e-01 1.651192976217122355e-01 1.492057704925537109e+01
1.350000000000000000e+02 1.661975944097557611e-01 1.811418528170915809e-01 1.490993595123291016e+01
1.360000000000000000e+02 1.817100056482892356e-01 1.644926127935769922e-01 1.492038440704345703e+01
1.370000000000000000e+02 1.663254496367320423e-01 1.818148552207938251e-01 1.491298770904541016e+01
1.380000000000000000e+02 1.824361819307411536e-01 1.646947592910431857e-01 1.491952800750732422e+01
1.390000000000000000e+02 1.657236058591957939e-01 1.806747744531655431e-01 1.491211605072021484e+01
1.400000000000000000e+02 1.820342990988668419e-01 1.655010180233229544e-01 1.491713714599609375e+01
1.410000000000000000e+02 1.655522772341757043e-01 1.820298430018649771e-01 1.491376495361328125e+01
1.420000000000000000e+02 1.809072353050383830e-01 1.668118109041222819e-01 1.491571712493896484e+01
1.430000000000000000e+02 1.652129928440840834e-01 1.829987913301201197e-01 1.492009925842285156e+01
1.440000000000000000e+02 1.812107269166440271e-01 1.666143400877707625e-01 1.491407585144042969e+01
1.450000000000000000e+02 1.647374779024024238e-01 1.829355761809167424e-01 1.492265415191650391e+01
1.460000000000000000e+02 1.818408961099404475e-01 1.659463395629984239e-01 1.491395759582519531e+01
1.470000000000000000e+02 1.660014532982317104e-01 1.822417926389816312e-01 1.491918754577636719e+01
1.480000000000000000e+02 1.814848195776968265e-01 1.660305502560459612e-01 1.491653823852539062e+01
1.490000000000000000e+02 1.656346508386957461e-01 1.811951000696783165e-01 1.491659736633300781e+01
1.500000000000000000e+02 1.818175633893055199e-01 1.658574232219145184e-01 1.491576671600341797e+01
1.510000000000000000e+02 1.652710628941101434e-01 1.814461386660975728e-01 1.491528987884521484e+01
1.520000000000000000e+02 1.815695157685534578e-01 1.652863676299989037e-01 1.491678810119628906e+01
1.530000000000000000e+02 1.658234388460258502e-01 1.815402172333345221e-01 1.491430377960205078e+01
1.540000000000000000e+02 1.815214252793482530e-01 1.651408073687968547e-01 1.491928482055664062e+01
1.550000000000000000e+02 1.657088575548919529e-01 1.815144191774585303e-01 1.491584300994873047e+01
1.560000000000000000e+02 1.818112353134922754e-01 1.655190196999353769e-01 1.491917324066162109e+01
1.570000000000000000e+02 1.658658532993531609e-01 1.812161477904962736e-01 1.491620635986328125e+01
1.580000000000000000e+02 1.816954092611347549e-01 1.646831337817982188e-01 1.492026424407958984e+01
1.590000000000000000e+02 1.654401377321940148e-01 1.807220815277765791e-01 1.491759204864501953e+01
1.600000000000000000e+02 1.823491634313732235e-01 1.647748657478263490e-01 1.492208957672119141e+01
1.610000000000000000e+02 1.665101613131036995e-01 1.807984386193318138e-01 1.491399765014648438e+01
1.620000000000000000e+02 1.820598820046821498e-01 1.647694607307425840e-01 1.492263412475585938e+01
1.630000000000000000e+02 1.666514803381072274e-01 1.805148216837424713e-01 1.491461277008056641e+01
1.640000000000000000e+02 1.823224852223683801e-01 1.654543871881031802e-01 1.492366218566894531e+01
1.650000000000000000e+02 1.660178058095065634e-01 1.811771779469535104e-01 1.491593456268310547e+01
1.660000000000000000e+02 1.821569371653926073e-01 1.659863172871191006e-01 1.492329406738281250e+01
1.670000000000000000e+02 1.663802739016250198e-01 1.812311531149429222e-01 1.491723060607910156e+01
1.680000000000000000e+02 1.827419956049443073e-01 1.652092541668779557e-01 1.492117309570312500e+01
1.690000000000000000e+02 1.660264605954160921e-01 1.813229573338099865e-01 1.491734027862548828e+01
1.700000000000000000e+02 1.828585997800226959e-01 1.649997497758527165e-01 1.492104721069335938e+01
1.710000000000000000e+02 1.671285291227491698e-01 1.812695321223563860e-01 1.491520023345947266e+01
1.720000000000000000e+02 1.826624641340607313e-01 1.651789240235523315e-01 1.492519950866699219e+01
1.730000000000000000e+02 1.667012349870582444e-01 1.819796359905026806e-01 1.491630840301513672e+01
1.740000000000000000e+02 1.829838783165349259e-01 1.655244501866718065e-01 1.492372703552246094e+01
1.750000000000000000e+02 1.674131066158698888e-01 1.813857589781568969e-01 1.491525363922119141e+01
1.760000000000000000e+02 1.837574221645981720e-01 1.654042122304597573e-01 1.492478656768798828e+01
1.770000000000000000e+02 1.670970051330555872e-01 1.820722677250336541e-01 1.491306781768798828e+01
1.780000000000000000e+02 1.836489535103910664e-01 1.660300579435494694e-01 1.492171192169189453e+01
1.790000000000000000e+02 1.669664053843108453e-01 1.818773325951923980e-01 1.491440391540527344e+01
1.800000000000000000e+02 1.823744849680205560e-01 1.660874065587483739e-01 1.492245960235595703e+01
1.810000000000000000e+02 1.666312113723771859e-01 1.814254573323040853e-01 1.491796207427978516e+01
1.820000000000000000e+02 1.824337291529535277e-01 1.657608209554634893e-01 1.492106437683105469e+01
1.830000000000000000e+02 1.663660989829361669e-01 1.812824320795440591e-01 1.491680335998535156e+01
1.840000000000000000e+02 1.821484154291477808e-01 1.659603523809628500e-01 1.492112731933593750e+01
1.850000000000000000e+02 1.664281487533166570e-01 1.817790882098592187e-01 1.491582107543945312e+01
1.860000000000000000e+02 1.821275694986624893e-01 1.651822951485720781e-01 1.491887664794921875e+01
1.870000000000000000e+02 1.659836199265055101e-01 1.817828064672856458e-01 1.491340351104736328e+01
1.880000000000000000e+02 1.825006653236763976e-01 1.653604870004734551e-01 1.491687011718750000e+01
1.890000000000000000e+02 1.661947635986412708e-01 1.812594676400406946e-01 1.491649627685546875e+01
1.900000000000000000e+02 1.817971825867211177e-01 1.659984049679927298e-01 1.491793823242187500e+01
1.910000000000000000e+02 1.659200048970084218e-01 1.817129007872509416e-01 1.491940402984619141e+01
1.920000000000000000e+02 1.816311435237151217e-01 1.662617908310833892e-01 1.491876220703125000e+01
1.930000000000000000e+02 1.660553713833689549e-01 1.818405651659028843e-01 1.491926002502441406e+01
1.940000000000000000e+02 1.808596918087463923e-01 1.661002264817179608e-01 1.491705226898193359e+01
1.950000000000000000e+02 1.658125516572723501e-01 1.821982278662970245e-01 1.491816902160644531e+01
1.960000000000000000e+02 1.819733102845285111e-01 1.661757764844633001e-01 1.491692829132080078e+01
1.970000000000000000e+02 1.664414246158366639e-01 1.821378772359713016e-01 1.491987991333007812e+01
1.980000000000000000e+02 1.823251659514944223e-01 1.658660715139911590e-01 1.491699028015136719e+01
1.990000000000000000e+02 1.659077757770861805e-01 1.826113238063857835e-01 1.491755008697509766e+01
2.000000000000000000e+02 1.833692623110493858e-01 1.659777149712869104e-01 1.491648006439208984e+01
2.010000000000000000e+02 1.665687683771638894e-01 1.823860844911577572e-01 1.491561031341552734e+01
2.020000000000000000e+02 1.818805540606854287e-01 1.660577529566955868e-01 1.491886806488037109e+01
2.030000000000000000e+02 1.663272018678850495e-01 1.819175898097604993e-01 1.491772842407226562e+01
2.040000000000000000e+02 1.824229572667235844e-01 1.657765090116377349e-01 1.491826534271240234e+01
2.050000000000000000e+02 1.655299204744240527e-01 1.820912372081543718e-01 1.491591358184814453e+01
2.060000000000000000e+02 1.816557261273803459e-01 1.658843184068148069e-01 1.491697025299072266e+01
2.070000000000000000e+02 1.661401318261595816e-01 1.818535524182458007e-01 1.491745471954345703e+01
2.080000000000000000e+02 1.820716962014857221e-01 1.660077933007982343e-01 1.491594982147216797e+01
2.090000000000000000e+02 1.664262360403317986e-01 1.825960829824360976e-01 1.491758441925048828e+01
2.100000000000000000e+02 1.825373962519676596e-01 1.663343588352464708e-01 1.491596603393554688e+01
2.110000000000000000e+02 1.665835962818436877e-01 1.818980779550545823e-01 1.491714000701904297e+01
2.120000000000000000e+02 1.828023779702826757e-01 1.659562626743307234e-01 1.491908359527587891e+01
2.130000000000000000e+02 1.668391515576756745e-01 1.824277313244420662e-01 1.491594696044921875e+01
2.140000000000000000e+02 1.832297195396797584e-01 1.661064070939744508e-01 1.491821002960205078e+01
2.150000000000000000e+02 1.665460959605374880e-01 1.824169755302913198e-01 1.491371631622314453e+01
2.160000000000000000e+02 1.823655594016841963e-01 1.663145250668301711e-01 1.491638278961181641e+01
2.170000000000000000e+02 1.660275850716438628e-01 1.818188015594452700e-01 1.491516113281250000e+01
2.180000000000000000e+02 1.815550902984175707e-01 1.671677650723860376e-01 1.491541099548339844e+01
2.190000000000000000e+02 1.652590954446359339e-01 1.830889759048786869e-01 1.491999149322509766e+01
2.200000000000000000e+02 1.812402001093007808e-01 1.667789912498750249e-01 1.491070842742919922e+01
2.210000000000000000e+02 1.650394933745451265e-01 1.831051087208273032e-01 1.491814327239990234e+01
2.220000000000000000e+02 1.810219763795557490e-01 1.671469668857747670e-01 1.490825366973876953e+01
2.230000000000000000e+02 1.646252279741749480e-01 1.833640689901624987e-01 1.492230415344238281e+01
2.240000000000000000e+02 1.803602326679948908e-01 1.676938492969991534e-01 1.490865802764892578e+01
2.250000000000000000e+02 1.642796713913769469e-01 1.834005116667644930e-01 1.492503452301025391e+01
2.260000000000000000e+02 1.796747802261694504e-01 1.675498503205805623e-01 1.490823554992675781e+01
2.270000000000000000e+02 1.641425927673157426e-01 1.840475526696272734e-01 1.492935180664062500e+01
2.280000000000000000e+02 1.795426330586582520e-01 1.677651682482253215e-01 1.490674495697021484e+01
2.290000000000000000e+02 1.640646425972192846e-01 1.838315966801289114e-01 1.492646026611328125e+01
2.300000000000000000e+02 1.800811937518467520e-01 1.671770598069997615e-01 1.490607070922851562e+01
2.310000000000000000e+02 1.643519987836291607e-01 1.832993745320301293e-01 1.492307567596435547e+01
2.320000000000000000e+02 1.800874610408742527e-01 1.671953456186952569e-01 1.490746879577636719e+01
2.330000000000000000e+02 1.647803392651229215e-01 1.828023118129290525e-01 1.492525577545166016e+01
2.340000000000000000e+02 1.808377905996192692e-01 1.667335387355354248e-01 1.491280841827392578e+01
2.350000000000000000e+02 1.651830456918375045e-01 1.818334488955598294e-01 1.492213058471679688e+01
2.360000000000000000e+02 1.812621152181335682e-01 1.659247638479234011e-01 1.491555976867675781e+01
2.370000000000000000e+02 1.651407224766458792e-01 1.819082457859951263e-01 1.492097282409667969e+01
2.380000000000000000e+02 1.809755534716109560e-01 1.664902178183824688e-01 1.491769409179687500e+01
2.390000000000000000e+02 1.653330469929563395e-01 1.818749079042782657e-01 1.492278099060058594e+01
2.400000000000000000e+02 1.808294740874292206e-01 1.659352159296488549e-01 1.491750907897949219e+01
2.410000000000000000e+02 1.645430392700087119e-01 1.828128591003220227e-01 1.492308425903320312e+01
2.420000000000000000e+02 1.803899985262935601e-01 1.672867103070157235e-01 1.491483020782470703e+01
2.430000000000000000e+02 1.645102748951230986e-01 1.834253556359357606e-01 1.492754459381103516e+01
2.440000000000000000e+02 1.804220800844419936e-01 1.675075731421089009e-01 1.491312789916992188e+01
2.450000000000000000e+02 1.641937134740230619e-01 1.845153443367584523e-01 1.493042564392089844e+01
2.460000000000000000e+02 1.813620127855345987e-01 1.681241590821868082e-01 1.491377162933349609e+01
2.470000000000000000e+02 1.650967575751345340e-01 1.839088531192933085e-01 1.492957592010498047e+01
2.480000000000000000e+02 1.814071655519973181e-01 1.679499311482371415e-01 1.491636371612548828e+01
2.490000000000000000e+02 1.655216503542938644e-01 1.838086627661869310e-01 1.492965602874755859e+01
2.500000000000000000e+02 1.813816455495130542e-01 1.678220265271700706e-01 1.491759109497070312e+01
2.510000000000000000e+02 1.661194356543402029e-01 1.840167656291123999e-01 1.493152618408203125e+01
2.520000000000000000e+02 1.815948507026278469e-01 1.674916265727548481e-01 1.492142105102539062e+01
2.530000000000000000e+02 1.658253758612087403e-01 1.838340341136961709e-01 1.493136024475097656e+01
2.540000000000000000e+02 1.817865298997954904e-01 1.669329802717079703e-01 1.492248439788818359e+01
2.550000000000000000e+02 1.663313124826425460e-01 1.828713534697781196e-01 1.493206596374511719e+01
2.560000000000000000e+02 1.817649444015515536e-01 1.676496484348072025e-01 1.492324066162109375e+01
2.570000000000000000e+02 1.664079187180808883e-01 1.833467630675035265e-01 1.493021011352539062e+01
2.580000000000000000e+02 1.820090872918715685e-01 1.672346733989699408e-01 1.492094802856445312e+01
2.590000000000000000e+02 1.661323830856836770e-01 1.832074362208790941e-01 1.492727184295654297e+01
2.600000000000000000e+02 1.819574172964985026e-01 1.670569804195643493e-01 1.492150497436523438e+01
2.610000000000000000e+02 1.653224464506658775e-01 1.826222403250540860e-01 1.492530441284179688e+01
2.620000000000000000e+02 1.810155216885813434e-01 1.666673622753219175e-01 1.491715908050537109e+01
2.630000000000000000e+02 1.648942629140529581e-01 1.827939509581991417e-01 1.492267894744873047e+01
2.640000000000000000e+02 1.808719657988234752e-01 1.668801881380246044e-01 1.491401386260986328e+01
2.650000000000000000e+02 1.649055788849250748e-01 1.837591119231946901e-01 1.492353820800781250e+01
2.660000000000000000e+02 1.810997953981880182e-01 1.675406614696080265e-01 1.490967082977294922e+01
2.670000000000000000e+02 1.654296879537683895e-01 1.838143962084998195e-01 1.492884349822998047e+01
2.680000000000000000e+02 1.815434448176621862e-01 1.675522120603010201e-01 1.491427040100097656e+01
2.690000000000000000e+02 1.648918141024838802e-01 1.837487173870920310e-01 1.492725563049316406e+01
2.700000000000000000e+02 1.807522841249102341e-01 1.681165747706077351e-01 1.491313076019287109e+01
2.710000000000000000e+02 1.656007767493908878e-01 1.843319815349869495e-01 1.493353462219238281e+01
2.720000000000000000e+02 1.808671207874711639e-01 1.678117495570002615e-01 1.491326808929443359e+01
2.730000000000000000e+02 1.656513221528931878e-01 1.837744384426704680e-01 1.492746829986572266e+01
2.740000000000000000e+02 1.809556255883715548e-01 1.670719536753206558e-01 1.491132736206054688e+01
2.750000000000000000e+02 1.644668211245142453e-01 1.828640242837181740e-01 1.492566013336181641e+01
2.760000000000000000e+02 1.806708454110035889e-01 1.671040375003682854e-01 1.491226768493652344e+01
2.770000000000000000e+02 1.649194053208901389e-01 1.828452284787405735e-01 1.492453193664550781e+01
2.780000000000000000e+02 1.805770922989623772e-01 1.665488921601681049e-01 1.491473197937011719e+01
2.790000000000000000e+02 1.646550009940644654e-01 1.828116177393320774e-01 1.492455101013183594e+01
2.800000000000000000e+02 1.806257403767232983e-01 1.662741314078614308e-01 1.491311359405517578e+01
2.810000000000000000e+02 1.654124712163526634e-01 1.825404207298279569e-01 1.492095565795898438e+01
2.820000000000000000e+02 1.814891160824406990e-01 1.663092080661471850e-01 1.491483974456787109e+01
2.830000000000000000e+02 1.652910416798428483e-01 1.826893793646463815e-01 1.492250537872314453e+01
2.840000000000000000e+02 1.810430785534838383e-01 1.673921142513724869e-01 1.491785717010498047e+01
2.850000000000000000e+02 1.652675351782339486e-01 1.828315990618631093e-01 1.492768955230712891e+01
2.860000000000000000e+02 1.814629201001966008e-01 1.667878796349158421e-01 1.491892528533935547e+01
2.870000000000000000e+02 1.655177443295139661e-01 1.829748601256302454e-01 1.492510890960693359e+01
2.880000000000000000e+02 1.821183214184642629e-01 1.670987623154882862e-01 1.492039394378662109e+01
2.890000000000000000e+02 1.657828382877319651e-01 1.835012786725755962e-01 1.492684459686279297e+01
2.900000000000000000e+02 1.821263523161257281e-01 1.669200086304664377e-01 1.492048549652099609e+01
2.910000000000000000e+02 1.656946861214172728e-01 1.827740747373251540e-01 1.492775821685791016e+01
2.920000000000000000e+02 1.815402797509419741e-01 1.665635916152998497e-01 1.491958618164062500e+01
2.930000000000000000e+02 1.651776751545306066e-01 1.828389828593884880e-01 1.492681407928466797e+01
2.940000000000000000e+02 1.815226300022418915e-01 1.670435056289252262e-01 1.491669464111328125e+01
2.950000000000000000e+02 1.650349957303109127e-01 1.829613886376436904e-01 1.492568397521972656e+01
2.960000000000000000e+02 1.807513315919981045e-01 1.665840426466903001e-01 1.491583442687988281e+01
2.970000000000000000e+02 1.651732167020353581e-01 1.828571301885396350e-01 1.492389965057373047e+01
2.980000000000000000e+02 1.811659451435705670e-01 1.668374529815093432e-01 1.491544818878173828e+01
2.990000000000000000e+02 1.653110873284766302e-01 1.834181489374408780e-01 1.492498016357421875e+01
3.000000000000000000e+02 1.818622431233722081e-01 1.672893661074355831e-01 1.491821384429931641e+01
3.010000000000000000e+02 1.657244154977893236e-01 1.829085965826303117e-01 1.492476558685302734e+01
3.020000000000000000e+02 1.818341783518551691e-01 1.664027837180213631e-01 1.491881752014160156e+01
3.030000000000000000e+02 1.659199965119230458e-01 1.822065221115632683e-01 1.492183399200439453e+01
3.040000000000000000e+02 1.822494549738262470e-01 1.661462867170496460e-01 1.492189979553222656e+01
3.050000000000000000e+02 1.659922497183465295e-01 1.823372903799196088e-01 1.492488479614257812e+01
3.060000000000000000e+02 1.813839569614189018e-01 1.665353048900617972e-01 1.492199134826660156e+01
3.070000000000000000e+02 1.648641192414743717e-01 1.824811292098801330e-01 1.492527008056640625e+01
3.080000000000000000e+02 1.815667539112101048e-01 1.659259387544366471e-01 1.491835498809814453e+01
3.090000000000000000e+02 1.649651548950509528e-01 1.820981537238684778e-01 1.492267417907714844e+01
3.100000000000000000e+02 1.812703718009527898e-01 1.668179458723015318e-01 1.491740894317626953e+01
3.110000000000000000e+02 1.650085537663024682e-01 1.822489788628036955e-01 1.492561626434326172e+01
3.120000000000000000e+02 1.814725613966605144e-01 1.659665828988643455e-01 1.491797637939453125e+01
3.130000000000000000e+02 1.653483729647190204e-01 1.821610614062105227e-01 1.492194652557373047e+01
3.140000000000000000e+02 1.814513790063255749e-01 1.659567896011770738e-01 1.491862773895263672e+01
3.150000000000000000e+02 1.658515717760624120e-01 1.819533275707518882e-01 1.492301750183105469e+01
3.160000000000000000e+02 1.817210251299331558e-01 1.665998031983682015e-01 1.492275810241699219e+01
3.170000000000000000e+02 1.653087952988175624e-01 1.833432000517747629e-01 1.492818164825439453e+01
3.180000000000000000e+02 1.820834890812558782e-01 1.668188188989410958e-01 1.492300701141357422e+01
3.190000000000000000e+02 1.656481075202572706e-01 1.834970679463200915e-01 1.492969799041748047e+01
3.200000000000000000e+02 1.810694077842104066e-01 1.677145247248189586e-01 1.492471790313720703e+01
3.210000000000000000e+02 1.654167684479133649e-01 1.839413904256768650e-01 1.493464183807373047e+01
3.220000000000000000e+02 1.809236001609429989e-01 1.678744178674539400e-01 1.492172431945800781e+01
3.230000000000000000e+02 1.644068165845080087e-01 1.837231815205142837e-01 1.493390369415283203e+01
3.240000000000000000e+02 1.809826264917452077e-01 1.674499142062999268e-01 1.491736412048339844e+01
3.250000000000000000e+02 1.649803044212599379e-01 1.842837085390516272e-01 1.493399620056152344e+01
3.260000000000000000e+02 1.805875457402801865e-01 1.679546767476557123e-01 1.491619205474853516e+01
3.270000000000000000e+02 1.655718882479479404e-01 1.840476198045994660e-01 1.493372631072998047e+01
3.280000000000000000e+02 1.816411686158733163e-01 1.678746011977124419e-01 1.491727161407470703e+01
3.290000000000000000e+02 1.649365435459013429e-01 1.839773984659053563e-01 1.492884349822998047e+01
3.300000000000000000e+02 1.818947104399080417e-01 1.681701657962129670e-01 1.491672134399414062e+01
3.310000000000000000e+02 1.651540934952866191e-01 1.836509110579067905e-01 1.492833423614501953e+01
3.320000000000000000e+02 1.812576931118810575e-01 1.673405227407909202e-01 1.491630172729492188e+01
3.330000000000000000e+02 1.649914560113104056e-01 1.833773448106803816e-01 1.492735290527343750e+01
3.340000000000000000e+02 1.817220590306476702e-01 1.674276801718563301e-01 1.491361999511718750e+01
3.350000000000000000e+02 1.647970780260961665e-01 1.837175727761713451e-01 1.492591190338134766e+01
3.360000000000000000e+02 1.810986625572558739e-01 1.676694770177505067e-01 1.491569232940673828e+01
3.370000000000000000e+02 1.648668172362899587e-01 1.836281586056203174e-01 1.492856216430664062e+01
3.380000000000000000e+02 1.806338873636177955e-01 1.674189379053268867e-01 1.491497421264648438e+01
3.390000000000000000e+02 1.649397668075568146e-01 1.831416825538808579e-01 1.492786407470703125e+01
3.400000000000000000e+02 1.803529948234169344e-01 1.666215895102202971e-01 1.491470813751220703e+01
3.410000000000000000e+02 1.638344665148755985e-01 1.830837259718026966e-01 1.492553234100341797e+01
3.420000000000000000e+02 1.793485637949921441e-01 1.676323986817817024e-01 1.490886402130126953e+01
3.430000000000000000e+02 1.636445080711175504e-01 1.827534551790904183e-01 1.492611598968505859e+01
3.440000000000000000e+02 1.802503903104280547e-01 1.670258848032878940e-01 1.490883636474609375e+01
3.450000000000000000e+02 1.649730973775472287e-01 1.829081036435410701e-01 1.492623043060302734e+01
3.460000000000000000e+02 1.807759690073778014e-01 1.668771965543972835e-01 1.491404151916503906e+01
3.470000000000000000e+02 1.655738568858490523e-01 1.828842395595264847e-01 1.492713642120361328e+01
3.480000000000000000e+02 1.810845290620213544e-01 1.672801353990215345e-01 1.491813182830810547e+01
3.490000000000000000e+02 1.648836059026960732e-01 1.838189173358283912e-01 1.492739486694335938e+01
3.500000000000000000e+02 1.809124490583040035e-01 1.667532807193010114e-01 1.491500186920166016e+01
3.510000000000000000e+02 1.655138485262737380e-01 1.836389281639813076e-01 1.492771434783935547e+01
3.520000000000000000e+02 1.818437841350350193e-01 1.673370270914058267e-01 1.491812610626220703e+01
3.530000000000000000e+02 1.654727434041223522e-01 1.822694747798152548e-01 1.492884635925292969e+01
3.540000000000000000e+02 1.811865619234913349e-01 1.656960200538613592e-01 1.492021369934082031e+01
3.550000000000000000e+02 1.657281761890280758e-01 1.822026630158505855e-01 1.492468357086181641e+01
3.560000000000000000e+02 1.812157734479936111e-01 1.669570259412819779e-01 1.492030811309814453e+01
3.570000000000000000e+02 1.654792262806509262e-01 1.834018679098038673e-01 1.492790412902832031e+01
3.580000000000000000e+02 1.811837694648853747e-01 1.671962482352079560e-01 1.492056751251220703e+01
3.590000000000000000e+02 1.653407988382108174e-01 1.830884794241998681e-01 1.492980766296386719e+01
3.600000000000000000e+02 1.816945146956403245e-01 1.669532238325048268e-01 1.491922378540039062e+01
3.610000000000000000e+02 1.655289583969503930e-01 1.823597594326065718e-01 1.492764759063720703e+01
3.620000000000000000e+02 1.813921360065685884e-01 1.672292665698905390e-01 1.491875076293945312e+01
3.630000000000000000e+02 1.652733913378930941e-01 1.828261127157356503e-01 1.492499732971191406e+01
3.640000000000000000e+02 1.822674496601534300e-01 1.669412477849659682e-01 1.491998863220214844e+01
3.650000000000000000e+02 1.667060043382591061e-01 1.823871857109045924e-01 1.492466163635253906e+01
3.660000000000000000e+02 1.813802290635300463e-01 1.662710261449754368e-01 1.492088413238525391e+01
3.670000000000000000e+02 1.658859816346675009e-01 1.824240194503656542e-01 1.491907215118408203e+01
3.680000000000000000e+02 1.820002419506676350e-01 1.661384000789524751e-01 1.491842174530029297e+01
3.690000000000000000e+02 1.659717948536332532e-01 1.821157306007355203e-01 1.491784572601318359e+01
3.700000000000000000e+02 1.818915066449874607e-01 1.668278617716240919e-01 1.491754627227783203e+01
3.710000000000000000e+02 1.655046221976349263e-01 1.822890662369762993e-01 1.491908550262451172e+01
3.720000000000000000e+02 1.818359953569173848e-01 1.665901760865392267e-01 1.491642761230468750e+01
3.730000000000000000e+02 1.658243155527135138e-01 1.823108305607890889e-01 1.491682815551757812e+01
3.740000000000000000e+02 1.817140731470904269e-01 1.660056486548868449e-01 1.491438865661621094e+01
3.750000000000000000e+02 1.654623165523749495e-01 1.821420623207671008e-01 1.491706752777099609e+01
3.760000000000000000e+02 1.811816384858542794e-01 1.659307118584902041e-01 1.491320419311523438e+01
3.770000000000000000e+02 1.653657648133838309e-01 1.823080027108366086e-01 1.491512966156005859e+01
3.780000000000000000e+02 1.807730507407456777e-01 1.658281490216592657e-01 1.491271114349365234e+01
3.790000000000000000e+02 1.654196146993706373e-01 1.825958664598304193e-01 1.491552162170410156e+01
3.800000000000000000e+02 1.810204535667108983e-01 1.663279843308347328e-01 1.491154575347900391e+01
3.810000000000000000e+02 1.648959101669311977e-01 1.817797942688654245e-01 1.491664886474609375e+01
3.820000000000000000e+02 1.803321193402183387e-01 1.660883450759867708e-01 1.491430187225341797e+01
3.830000000000000000e+02 1.649995338478744689e-01 1.824290184085614885e-01 1.492085361480712891e+01
3.840000000000000000e+02 1.809309771740883754e-01 1.657953333191439782e-01 1.490993022918701172e+01
3.850000000000000000e+02 1.648817009494271124e-01 1.821675277458662812e-01 1.491639423370361328e+01
3.860000000000000000e+02 1.807245388361173322e-01 1.659364571435258950e-01 1.491215991973876953e+01
3.870000000000000000e+02 1.654667287890334570e-01 1.823976881615555767e-01 1.491784954071044922e+01
3.880000000000000000e+02 1.805165302279663209e-01 1.665041539416521055e-01 1.490874958038330078e+01
3.890000000000000000e+02 1.651330749890500549e-01 1.826277521207982091e-01 1.492006587982177734e+01
3.900000000000000000e+02 1.810187654770385179e-01 1.663001013602022904e-01 1.491166210174560547e+01
3.910000000000000000e+02 1.657032570307345187e-01 1.829325423596856182e-01 1.491808414459228516e+01
3.920000000000000000e+02 1.819237658151288128e-01 1.663356128553286073e-01 1.491189384460449219e+01
3.930000000000000000e+02 1.655653094328423391e-01 1.827093513199643804e-01 1.491763210296630859e+01
3.940000000000000000e+02 1.815403852233432591e-01 1.658086576809378043e-01 1.491349792480468750e+01
3.950000000000000000e+02 1.663213862717277947e-01 1.817699732835459658e-01 1.491960239410400391e+01
3.960000000000000000e+02 1.817879607851872192e-01 1.660358922777693258e-01 1.491782188415527344e+01
3.970000000000000000e+02 1.661298858413211010e-01 1.814978902093646040e-01 1.491691684722900391e+01
3.980000000000000000e+02 1.827245358016983678e-01 1.660684798267023365e-01 1.491991996765136719e+01
