0.000000000000000000e+00 2.505773180752261103e-02 2.198982538669152706e-02 8.002746582031250000e+00
1.000000000000000000e+00 2.544212458335010779e-02 2.531661915467876486e-02 7.979558467864990234e+00
2.000000000000000000e+00 3.430561935035875837e-02 2.475613421351737994e-02 8.183381080627441406e+00
3.000000000000000000e+00 3.318473368545862834e-02 3.391529180990519865e-02 8.159108161926269531e+00
4.000000000000000000e+00 4.771653072221072878e-02 3.342863216872964116e-02 8.345100402832031250e+00
5.000000000000000000e+00 4.582628883350778337e-02 4.780066941320219864e-02 8.321505546569824219e+00
6.000000000000000000e+00 6.449403482678621458e-02 4.594688670631654620e-02 8.488264083862304688e+00
7.000000000000000000e+00 6.041948526358544708e-02 6.304083261573441288e-02 8.462535858154296875e+00
8.000000000000000000e+00 8.093932674498546809e-02 5.956544649195454760e-02 8.611207962036132812e+00
9.000000000000000000e+00 7.626190610182700946e-02 8.063702974510923716e-02 8.588399887084960938e+00
1.000000000000000000e+01 1.003137402336617551e-01 7.591079637942151070e-02 8.725625991821289062e+00
1.100000000000000000e+01 9.365569448783547801e-02 9.900751629911153096e-02 8.701833724975585938e+00
1.200000000000000000e+01 1.189906560459504936e-01 9.170504421815309226e-02 8.825668334960937500e+00
1.300000000000000000e+01 1.092434044440343532e-01 1.168185426263155663e-01 8.800539970397949219e+00
1.400000000000000000e+01 1.351744892794232156e-01 1.085669499358708212e-01 8.908459663391113281e+00
1.500000000000000000e+01 1.246389534019761575e-01 1.336123855169105701e-01 8.889007568359375000e+00
1.600000000000000000e+01 1.514580002214929166e-01 1.233372049814125404e-01 8.986514091491699219e+00
1.700000000000000000e+01 1.389828106520266116e-01 1.496885879064492053e-01 8.966834068298339844e+00
1.800000000000000000e+01 1.654438263449817259e-01 1.376050714531025509e-01 9.054525375366210938e+00
1.900000000000000000e+01 1.519502940363826049e-01 1.646359812285446422e-01 9.037046432495117188e+00
2.000000000000000000e+01 1.796450014791343419e-01 1.510721354916691184e-01 9.113530158996582031e+00
2.100000000000000000e+01 1.649624074501954696e-01 1.773137642521033230e-01 9.097302436828613281e+00
2.200000000000000000e+01 1.927351094672454246e-01 1.641919169018762892e-01 9.168541908264160156e+00
2.300000000000000000e+01 1.765415407389329672e-01 1.899440170943924311e-01 9.151494026184082031e+00
2.400000000000000000e+01 2.028574455524740638e-01 1.746523525926317322e-01 9.217681884765625000e+00
2.500000000000000000e+01 1.860142080646229878e-01 2.034355505767856120e-01 9.203541755676269531e+00
2.600000000000000000e+01 2.146628714318112308e-01 1.865343906735432711e-01 9.257729530334472656e+00
2.700000000000000000e+01 1.960875915622978527e-01 2.147614907566889053e-01 9.248510360717773438e+00
2.800000000000000000e+01 2.229920618744531680e-01 1.967685203608186828e-01 9.298102378845214844e+00
2.900000000000000000e+01 2.039099516662117029e-01 2.255441217035074331e-01 9.290917396545410156e+00
3.000000000000000000e+01 2.315572446509515658e-01 2.058951094579344610e-01 9.331915855407714844e+00
3.100000000000000000e+01 2.121103602756277962e-01 2.351450266157149305e-01 9.327412605285644531e+00
3.200000000000000000e+01 2.389771557542025582e-01 2.157672690999687948e-01 9.363751411437988281e+00
3.300000000000000000e+01 2.188798771154487344e-01 2.436719256061542493e-01 9.363207817077636719e+00
3.400000000000000000e+01 2.465492504587560862e-01 2.235463056653861913e-01 9.389969825744628906e+00
3.500000000000000000e+01 2.249285205833880530e-01 2.519121155971952297e-01 9.393455505371093750e+00
3.600000000000000000e+01 2.531343518661220426e-01 2.313142740213107451e-01 9.416667938232421875e+00
3.700000000000000000e+01 2.317359174316834525e-01 2.583438813463015959e-01 9.420477867126464844e+00
3.800000000000000000e+01 2.592291476715489207e-01 2.373961742867281288e-01 9.441094398498535156e+00
3.900000000000000000e+01 2.372837113568335432e-01 2.657842396633862680e-01 9.443681716918945312e+00
4.000000000000000000e+01 2.654918280881440884e-01 2.428842636636965868e-01 9.463667869567871094e+00
4.100000000000000000e+01 2.424787654913144463e-01 2.698214060572303175e-01 9.465928077697753906e+00
4.200000000000000000e+01 2.707313174533551581e-01 2.473948075235934130e-01 9.483641624450683594e+00
4.300000000000000000e+01 2.468301320100809437e-01 2.739693251658233963e-01 9.481922149658203125e+00
4.400000000000000000e+01 2.754976388815374433e-01 2.514085775772101350e-01 9.500769615173339844e+00
4.500000000000000000e+01 2.514359460063286256e-01 2.792660490859597000e-01 9.499495506286621094e+00
4.600000000000000000e+01 2.790808432822512453e-01 2.553947144429532523e-01 9.515502929687500000e+00
4.700000000000000000e+01 2.563320808966358944e-01 2.832384841313639878e-01 9.515172004699707031e+00
4.800000000000000000e+01 2.824420876696479010e-01 2.595948146347242247e-01 9.529221534729003906e+00
4.900000000000000000e+01 2.597352294793375815e-01 2.862868845224990633e-01 9.528701782226562500e+00
5.000000000000000000e+01 2.870922104498489502e-01 2.619371999747932556e-01 9.543700218200683594e+00
5.100000000000000000e+01 2.631775713381386828e-01 2.891490311489168241e-01 9.537772178649902344e+00
5.200000000000000000e+01 2.893068662151491721e-01 2.648964950484158920e-01 9.555489540100097656e+00
5.300000000000000000e+01 2.643006741445932950e-01 2.922425067976544555e-01 9.550562858581542969e+00
5.400000000000000000e+01 2.919464756059833577e-01 2.681364909729625490e-01 9.565423965454101562e+00
5.500000000000000000e+01 2.673278305978376013e-01 2.957690557573740553e-01 9.561218261718750000e+00
5.600000000000000000e+01 2.950862642631683075e-01 2.700397068202627926e-01 9.573140144348144531e+00
5.700000000000000000e+01 2.707844793850266996e-01 2.973650482272157669e-01 9.565929412841796875e+00
5.800000000000000000e+01 2.975532771458579417e-01 2.715114649448562290e-01 9.583990097045898438e+00
5.900000000000000000e+01 2.728774454649733339e-01 3.000729039258415165e-01 9.573260307312011719e+00
6.000000000000000000e+01 3.011560578694728596e-01 2.760208439809100911e-01 9.592994689941406250e+00
6.100000000000000000e+01 2.743698653085781536e-01 3.035326182808771867e-01 9.583335876464843750e+00
6.200000000000000000e+01 3.018089525055226430e-01 2.775537223881033300e-01 9.597940444946289062e+00
6.300000000000000000e+01 2.774467111252591489e-01 3.042697602762569620e-01 9.590268135070800781e+00
6.400000000000000000e+01 3.040795486434635930e-01 2.799881007048114490e-01 9.604773521423339844e+00
6.500000000000000000e+01 2.787897449068224565e-01 3.071076014905270157e-01 9.595902442932128906e+00
6.600000000000000000e+01 3.058014168903120389e-01 2.813695757154028310e-01 9.610298156738281250e+00
6.700000000000000000e+01 2.800848839337342633e-01 3.084079609724351689e-01 9.600651741027832031e+00
6.800000000000000000e+01 3.081343964193713481e-01 2.818576996851295258e-01 9.616175651550292969e+00
6.900000000000000000e+01 2.809064376510929661e-01 3.097212825738925313e-01 9.604662895202636719e+00
7.000000000000000000e+01 3.094257572695907066e-01 2.827861464872335473e-01 9.619893074035644531e+00
7.100000000000000000e+01 2.828089075749902759e-01 3.104387843674696890e-01 9.607319831848144531e+00
7.200000000000000000e+01 3.103168381836328704e-01 2.847973183980672673e-01 9.624631881713867188e+00
7.300000000000000000e+01 2.836914128900172027e-01 3.116112128620331934e-01 9.609952926635742188e+00
7.400000000000000000e+01 3.120617710292917790e-01 2.843352776462146903e-01 9.627796173095703125e+00
7.500000000000000000e+01 2.849390262665705276e-01 3.127029465704261324e-01 9.616230010986328125e+00
7.600000000000000000e+01 3.129038024574691823e-01 2.866169823673095363e-01 9.632530212402343750e+00
7.700000000000000000e+01 2.860316500899505732e-01 3.141400553942090279e-01 9.620665550231933594e+00
7.800000000000000000e+01 3.126695589120948582e-01 2.865038364804127213e-01 9.635179519653320312e+00
7.900000000000000000e+01 2.862952014576661819e-01 3.140610249179290880e-01 9.621684074401855469e+00
8.000000000000000000e+01 3.139142702137023844e-01 2.886771982357124733e-01 9.637726783752441406e+00
8.100000000000000000e+01 2.861100856574194662e-01 3.148085815069575077e-01 9.627187728881835938e+00
8.200000000000000000e+01 3.144764995541171615e-01 2.876339311617647221e-01 9.640184402465820312e+00
8.300000000000000000e+01 2.887217152612361892e-01 3.146720198740773355e-01 9.629737854003906250e+00
8.400000000000000000e+01 3.144817042755016501e-01 2.877855209516422264e-01 9.643292427062988281e+00
8.500000000000000000e+01 2.884929849753458675e-01 3.147398288689977619e-01 9.631040573120117188e+00
8.600000000000000000e+01 3.156345952878892858e-01 2.877266796330452125e-01 9.647197723388671875e+00
8.700000000000000000e+01 2.891141713583073591e-01 3.159028619451576536e-01 9.632322311401367188e+00
8.800000000000000000e+01 3.157491284998608094e-01 2.887502640037479251e-01 9.649138450622558594e+00
8.900000000000000000e+01 2.900017342095105866e-01 3.162149235420691484e-01 9.634510993957519531e+00
9.000000000000000000e+01 3.182454188328135425e-01 2.888595478123566207e-01 9.653262138366699219e+00
9.100000000000000000e+01 2.916932739438783395e-01 3.161114437680311862e-01 9.636083602905273438e+00
9.200000000000000000e+01 3.187303983247194994e-01 2.893171830787101828e-01 9.658674240112304688e+00
9.300000000000000000e+01 2.922643667211343166e-01 3.157861197371035766e-01 9.637319564819335938e+00
9.400000000000000000e+01 3.186823184659458019e-01 2.899579150633355140e-01 9.659873962402343750e+00
9.500000000000000000e+01 2.911423528537920302e-01 3.172433471143961681e-01 9.639852523803710938e+00
9.600000000000000000e+01 3.177292938883514162e-01 2.900591556242216318e-01 9.659417152404785156e+00
9.700000000000000000e+01 2.906893773377596246e-01 3.171344196867276755e-01 9.639934539794921875e+00
9.800000000000000000e+01 3.180818108469847805e-01 2.910944244755329646e-01 9.658807754516601562e+00
9.900000000000000000e+01 2.906698596485237651e-01 3.188391244199624830e-01 9.643210411071777344e+00
1.000000000000000000e+02 3.178888251151336664e-01 2.914879114615137046e-01 9.658534049987792969e+00
1.010000000000000000e+02 2.917269180069155254e-01 3.183159657693409583e-01 9.646069526672363281e+00
1.020000000000000000e+02 3.185803054540324863e-01 2.919044884497496994e-01 9.661935806274414062e+00
1.030000000000000000e+02 2.915979479798685436e-01 3.187012181345069139e-01 9.645663261413574219e+00
1.040000000000000000e+02 3.181738511540853631e-01 2.920627235653925902e-01 9.662163734436035156e+00
1.050000000000000000e+02 2.910055468331356754e-01 3.205194902225776410e-01 9.648497581481933594e+00
1.060000000000000000e+02 3.180264505979842893e-01 2.933241677788925861e-01 9.662238121032714844e+00
1.070000000000000000e+02 2.903833986741174988e-01 3.190823753528304052e-01 9.650794029235839844e+00
1.080000000000000000e+02 3.177903301197985697e-01 2.927654166863730145e-01 9.660772323608398438e+00
1.090000000000000000e+02 2.920306990948122738e-01 3.195254450717581185e-01 9.650721549987792969e+00
1.100000000000000000e+02 3.194187887357644584e-01 2.927859288326137288e-01 9.662757873535156250e+00
1.110000000000000000e+02 2.925248553859774447e-01 3.191805389290345296e-01 9.650263786315917969e+00
1.120000000000000000e+02 3.198076231670589631e-01 2.921832821891967025e-01 9.666295051574707031e+00
1.130000000000000000e+02 2.931459131708584187e-01 3.197015020598732438e-01 9.649787902832031250e+00
1.140000000000000000e+02 3.206943249276641428e-01 2.936664485204146247e-01 9.667409896850585938e+00
1.150000000000000000e+02 2.929897885169938099e-01 3.209884430868160665e-01 9.651304244995117188e+00
1.160000000000000000e+02 3.192976274882173837e-01 2.931206325427980208e-01 9.667316436767578125e+00
1.170000000000000000e+02 2.925687868286622750e-01 3.206850775000271159e-01 9.651034355163574219e+00
1.180000000000000000e+02 3.185043341358211877e-01 2.945238213941238636e-01 9.664811134338378906e+00
1.190000000000000000e+02 2.927331390608917117e-01 3.215825109106003055e-01 9.653767585754394531e+00
1.200000000000000000e+02 3.202738724130128611e-01 2.939942447460847097e-01 9.666328430175781250e+00
1.210000000000000000e+02 2.935406731690319293e-01 3.217161047482001712e-01 9.652181625366210938e+00
1.220000000000000000e+02 3.201999353818185123e-01 2.943946705867607205e-01 9.667486190795898438e+00
1.230000000000000000e+02 2.944374578300812395e-01 3.221307278072489400e-01 9.654535293579101562e+00
1.240000000000000000e+02 3.208058095439087487e-01 2.949414673472206538e-01 9.668319702148437500e+00
1.250000000000000000e+02 2.939433590281331221e-01 3.221784413826139226e-01 9.654483795166015625e+00
1.260000000000000000e+02 3.220629580708158635e-01 2.958533460887753375e-01 9.668784141540527344e+00
1.270000000000000000e+02 2.956458057011718266e-01 3.223554599355090144e-01 9.655172348022460938e+00
1.280000000000000000e+02 3.212175155760213507e-01 2.954986371492254182e-01 9.669260025024414062e+00
1.290000000000000000e+02 2.943439940844510549e-01 3.221200816718614024e-01 9.655449867248535156e+00
1.300000000000000000e+02 3.215165598538690106e-01 2.956552469202188838e-01 9.667168617248535156e+00
1.310000000000000000e+02 2.954372838233546572e-01 3.218426705705774715e-01 9.653923034667968750e+00
1.320000000000000000e+02 3.218613654332165286e-01 2.953081375801727138e-01 9.667944908142089844e+00
1.330000000000000000e+02 2.950233544213343162e-01 3.226957086683682752e-01 9.655307769775390625e+00
1.340000000000000000e+02 3.228110292478594823e-01 2.955875957462866244e-01 9.669557571411132812e+00
1.350000000000000000e+02 2.955688731411357795e-01 3.225939765303996176e-01 9.657061576843261719e+00
1.360000000000000000e+02 3.230502951640105147e-01 2.957911155021179517e-01 9.670754432678222656e+00
1.370000000000000000e+02 2.952064168934007138e-01 3.242423200362529179e-01 9.654831886291503906e+00
1.380000000000000000e+02 3.217340006027495369e-01 2.960027973852050742e-01 9.668378829956054688e+00
1.390000000000000000e+02 2.956734436111922437e-01 3.223419873956906434e-01 9.657721519470214844e+00
1.400000000000000000e+02 3.225562626749223782e-01 2.962867281405173747e-01 9.669200897216796875e+00
1.410000000000000000e+02 2.946780492279301722e-01 3.223487558611023984e-01 9.658001899719238281e+00
1.420000000000000000e+02 3.215062780997074987e-01 2.956091690300763908e-01 9.667393684387207031e+00
1.430000000000000000e+02 2.949734269069083092e-01 3.228566427918510007e-01 9.656300544738769531e+00
1.440000000000000000e+02 3.224077543759321096e-01 2.959747571690724000e-01 9.667220115661621094e+00
1.450000000000000000e+02 2.950324246376791471e-01 3.226668302809523881e-01 9.655382156372070312e+00
1.460000000000000000e+02 3.216856654822220496e-01 2.955041213820370771e-01 9.666935920715332031e+00
1.470000000000000000e+02 2.951010033901341756e-01 3.223601623259498283e-01 9.655059814453125000e+00
1.480000000000000000e+02 3.219975890041353317e-01 2.949944736481606711e-01 9.668832778930664062e+00
1.490000000000000000e+02 2.950564398610311390e-01 3.223753097364031039e-01 9.657108306884765625e+00
1.500000000000000000e+02 3.225513336487422222e-01 2.948463265870657213e-01 9.670974731445312500e+00
1.510000000000000000e+02 2.956669497800107349e-01 3.224574936110470302e-01 9.657551765441894531e+00
1.520000000000000000e+02 3.225617372236629365e-01 2.960155080898534963e-01 9.671877861022949219e+00
1.530000000000000000e+02 2.963901460899326934e-01 3.216383792956600818e-01 9.657081604003906250e+00
1.540000000000000000e+02 3.220927880328396942e-01 2.955360836268901004e-01 9.673253059387207031e+00
1.550000000000000000e+02 2.950101901444617813e-01 3.222536340210602757e-01 9.656355857849121094e+00
1.560000000000000000e+02 3.216615329552973690e-01 2.952355220547850934e-01 9.672926902770996094e+00
1.570000000000000000e+02 2.943664151769630477e-01 3.212459329752540005e-01 9.656355857849121094e+00
1.580000000000000000e+02 3.223882029571449870e-01 2.948749591690827954e-01 9.672862052917480469e+00
1.590000000000000000e+02 2.959430121606150821e-01 3.208483125492549992e-01 9.654804229736328125e+00
1.600000000000000000e+02 3.233922303272623866e-01 2.941938620594203302e-01 9.674201965332031250e+00
1.610000000000000000e+02 2.958254986646692841e-01 3.216887433538091479e-01 9.653338432312011719e+00
1.620000000000000000e+02 3.228847204605559962e-01 2.927510886972130022e-01 9.672840118408203125e+00
1.630000000000000000e+02 2.956977286850252518e-01 3.199270225770440290e-01 9.651109695434570312e+00
1.640000000000000000e+02 3.228411929842787131e-01 2.927656659171699594e-01 9.672313690185546875e+00
1.650000000000000000e+02 2.958326131705225626e-01 3.207802145590880616e-01 9.649062156677246094e+00
1.660000000000000000e+02 3.234943487896401182e-01 2.947552968967671050e-01 9.671553611755371094e+00
1.670000000000000000e+02 2.960248557475940734e-01 3.218838631705156494e-01 9.652097702026367188e+00
1.680000000000000000e+02 3.222622902065153672e-01 2.950415714545302492e-01 9.671910285949707031e+00
1.690000000000000000e+02 2.950270419547245115e-01 3.228971081784340336e-01 9.653639793395996094e+00
1.700000000000000000e+02 3.226335503609825128e-01 2.952055470163084117e-01 9.670594215393066406e+00
1.710000000000000000e+02 2.948015897207685865e-01 3.226019032379439100e-01 9.655435562133789062e+00
1.720000000000000000e+02 3.203069348962035989e-01 2.958171698189945298e-01 9.672422409057617188e+00
1.730000000000000000e+02 2.945182901456952496e-01 3.228203041199989021e-01 9.659082412719726562e+00
1.740000000000000000e+02 3.213106717531105661e-01 2.959062228750716228e-01 9.670847892761230469e+00
1.750000000000000000e+02 2.936769019170111794e-01 3.227812192765269206e-01 9.657462120056152344e+00
1.760000000000000000e+02 3.209055639572528373e-01 2.953654305288158644e-01 9.670372009277343750e+00
1.770000000000000000e+02 2.944091136627480787e-01 3.221125437307747474e-01 9.659203529357910156e+00
1.780000000000000000e+02 3.206531379520388136e-01 2.950873262105346284e-01 9.670742034912109375e+00
1.790000000000000000e+02 2.942417506249292991e-01 3.218480014928899458e-01 9.658833503723144531e+00
1.800000000000000000e+02 3.223856887776884728e-01 2.944874688487936210e-01 9.671447753906250000e+00
1.810000000000000000e+02 2.958711398206209653e-01 3.219188076147552202e-01 9.656639099121093750e+00
1.820000000000000000e+02 3.235368318977430158e-01 2.948146992231325259e-01 9.672851562500000000e+00
1.830000000000000000e+02 2.966704774492984753e-01 3.205934647547422633e-01 9.654323577880859375e+00
1.840000000000000000e+02 3.224021073322018704e-01 2.941282764690325013e-01 9.674289703369140625e+00
1.850000000000000000e+02 2.964065373012937377e-01 3.218075646759700481e-01 9.656372070312500000e+00
1.860000000000000000e+02 3.229473797676707947e-01 2.949759267584106115e-01 9.675126075744628906e+00
1.870000000000000000e+02 2.960852237453243108e-01 3.212702363271323081e-01 9.657781600952148438e+00
1.880000000000000000e+02 3.218436387244313357e-01 2.948588340487628412e-01 9.675109863281250000e+00
1.890000000000000000e+02 2.963647810421295437e-01 3.217209509608084383e-01 9.657183647155761719e+00
1.900000000000000000e+02 3.233438902805634285e-01 2.955308721929461591e-01 9.677025794982910156e+00
1.910000000000000000e+02 2.964239883853609925e-01 3.224235410060148355e-01 9.659788131713867188e+00
1.920000000000000000e+02 3.227644524228824863e-01 2.956373666414812695e-01 9.675523757934570312e+00
1.930000000000000000e+02 2.959346821098007285e-01 3.225386121892318547e-01 9.658272743225097656e+00
1.940000000000000000e+02 3.219333455801834387e-01 2.969897465597274855e-01 9.673852920532226562e+00
1.950000000000000000e+02 2.955429871642498152e-01 3.229883211790012809e-01 9.659358024597167969e+00
1.960000000000000000e+02 3.222982077404951129e-01 2.948753005485879042e-01 9.672431945800781250e+00
1.970000000000000000e+02 2.959483177590108149e-01 3.224472292598665746e-01 9.656721115112304688e+00
1.980000000000000000e+02 3.227578047161205888e-01 2.952407041866285109e-01 9.672518730163574219e+00
1.990000000000000000e+02 2.946394069867812049e-01 3.233599221216836295e-01 9.656188011169433594e+00
2.000000000000000000e+02 3.217442917824496207e-01 2.962510872074434198e-01 9.667755126953125000e+00
2.010000000000000000e+02 2.948710439842529563e-01 3.230899237778133704e-01 9.658606529235839844e+00
2.020000000000000000e+02 3.218457940016666852e-01 2.961295214646665341e-01 9.666642189025878906e+00
2.030000000000000000e+02 2.953191298023585265e-01 3.229926037783507065e-01 9.655850410461425781e+00
2.040000000000000000e+02 3.217191026886347949e-01 2.965214414898393880e-01 9.666776657104492188e+00
2.050000000000000000e+02 2.946180345687424706e-01 3.247723813286665373e-01 9.658389091491699219e+00
2.060000000000000000e+02 3.213558787137315575e-01 2.957907383425051329e-01 9.666042327880859375e+00
2.070000000000000000e+02 2.935370455287402147e-01 3.224324191773919046e-01 9.658300399780273438e+00
2.080000000000000000e+02 3.204186281172677897e-01 2.957962855756564036e-01 9.666359901428222656e+00
2.090000000000000000e+02 2.941498838621553480e-01 3.232674014954878272e-01 9.658836364746093750e+00
2.100000000000000000e+02 3.210408643371489568e-01 2.962034477447343384e-01 9.667205810546875000e+00
2.110000000000000000e+02 2.938791342547052987e-01 3.221673046660870621e-01 9.658426284790039062e+00
2.120000000000000000e+02 3.214393417431100630e-01 2.957446490138604389e-01 9.667144775390625000e+00
2.130000000000000000e+02 2.934386997197785951e-01 3.234932933480362816e-01 9.658110618591308594e+00
2.140000000000000000e+02 3.209630271102922872e-01 2.959330899782773305e-01 9.666695594787597656e+00
2.150000000000000000e+02 2.941067697802945968e-01 3.239509896912402542e-01 9.659622192382812500e+00
2.160000000000000000e+02 3.205987473368652751e-01 2.966176961937847523e-01 9.665649414062500000e+00
2.170000000000000000e+02 2.939733708957131819e-01 3.240928754097842091e-01 9.659665107727050781e+00
2.180000000000000000e+02 3.211890669366451734e-01 2.960047992023744357e-01 9.664192199707031250e+00
2.190000000000000000e+02 2.942848365898541596e-01 3.228563644152825374e-01 9.658391952514648438e+00
2.200000000000000000e+02 3.205925475827764437e-01 2.959784709297508809e-01 9.665715217590332031e+00
2.210000000000000000e+02 2.940718290579094063e-01 3.220192369771944230e-01 9.656204223632812500e+00
2.220000000000000000e+02 3.220501556533523213e-01 2.944037366352214025e-01 9.668421745300292969e+00
2.230000000000000000e+02 2.948005443602059183e-01 3.209031220350251901e-01 9.653388023376464844e+00
2.240000000000000000e+02 3.214657778520645381e-01 2.925284835372598535e-01 9.668984413146972656e+00
2.250000000000000000e+02 2.944430237431813202e-01 3.214348217482381753e-01 9.653223991394042969e+00
2.260000000000000000e+02 3.213415530924907948e-01 2.927269968891235696e-01 9.668614387512207031e+00
2.270000000000000000e+02 2.953019425126006681e-01 3.203792818838839263e-01 9.653183937072753906e+00
2.280000000000000000e+02 3.224875374985125553e-01 2.917288356642883662e-01 9.671542167663574219e+00
2.290000000000000000e+02 2.964174789551927147e-01 3.191693044051042150e-01 9.651266098022460938e+00
2.300000000000000000e+02 3.239558920440180900e-01 2.923241573075362476e-01 9.672834396362304688e+00
2.310000000000000000e+02 2.960934165940010687e-01 3.198619502527820790e-01 9.650447845458984375e+00
2.320000000000000000e+02 3.231986850825752100e-01 2.929863345896954741e-01 9.672745704650878906e+00
2.330000000000000000e+02 2.968069686656193418e-01 3.202975080095997740e-01 9.649702072143554688e+00
2.340000000000000000e+02 3.233687737691356978e-01 2.924719024209970764e-01 9.671710014343261719e+00
2.350000000000000000e+02 2.959493241252645346e-01 3.191445853252056208e-01 9.649721145629882812e+00
2.360000000000000000e+02 3.217667463919484661e-01 2.922524653056427502e-01 9.671991348266601562e+00
2.370000000000000000e+02 2.947407420397176181e-01 3.212023920064557281e-01 9.651202201843261719e+00
2.380000000000000000e+02 3.222714105479189128e-01 2.942091669168297452e-01 9.668062210083007812e+00
2.390000000000000000e+02 2.950068610886968368e-01 3.205888160999953995e-01 9.652221679687500000e+00
2.400000000000000000e+02 3.225217837174567670e-01 2.931658002924083517e-01 9.668565750122070312e+00
2.410000000000000000e+02 2.958105805322903681e-01 3.213081405265240109e-01 9.653366088867187500e+00
2.420000000000000000e+02 3.235559585313897424e-01 2.935636135982629957e-01 9.672527313232421875e+00
2.430000000000000000e+02 2.950695417371073104e-01 3.201675344933074818e-01 9.653958320617675781e+00
2.440000000000000000e+02 3.235870103567147771e-01 2.933419727779879027e-01 9.674378395080566406e+00
2.450000000000000000e+02 2.966972109480330855e-01 3.200190277591590249e-01 9.650868415832519531e+00
2.460000000000000000e+02 3.219493521328868346e-01 2.929542328939782059e-01 9.674299240112304688e+00
2.470000000000000000e+02 2.940079451288179491e-01 3.200577217209349401e-01 9.651618957519531250e+00
2.480000000000000000e+02 3.217831431648217611e-01 2.944220014349563375e-01 9.670860290527343750e+00
2.490000000000000000e+02 2.936879191337867234e-01 3.217783545228957154e-01 9.656047821044921875e+00
2.500000000000000000e+02 3.196137588384704853e-01 2.940280958526045874e-01 9.668723106384277344e+00
2.510000000000000000e+02 2.917544669770536503e-01 3.227818537468208904e-01 9.655888557434082031e+00
2.520000000000000000e+02 3.195567361458373501e-01 2.956315744199776163e-01 9.665501594543457031e+00
2.530000000000000000e+02 2.927557782922493024e-01 3.215200708335454460e-01 9.658304214477539062e+00
2.540000000000000000e+02 3.197251550456834956e-01 2.949472680983307171e-01 9.667636871337890625e+00
2.550000000000000000e+02 2.935451687209264526e-01 3.221168117401099207e-01 9.658233642578125000e+00
2.560000000000000000e+02 3.197212465061636810e-01 2.945300047424804779e-01 9.669075965881347656e+00
2.570000000000000000e+02 2.927225631886063995e-01 3.210399000087418298e-01 9.657319068908691406e+00
2.580000000000000000e+02 3.199280469050084785e-01 2.949030358583205058e-01 9.667927742004394531e+00
2.590000000000000000e+02 2.919624869042384829e-01 3.224998449293386971e-01 9.657932281494140625e+00
2.600000000000000000e+02 3.195000308908222397e-01 2.959352456781380036e-01 9.666605949401855469e+00
2.610000000000000000e+02 2.920316887724332955e-01 3.238219749861573904e-01 9.663893699645996094e+00
2.620000000000000000e+02 3.191571584272777651e-01 2.964770604709168200e-01 9.665965080261230469e+00
2.630000000000000000e+02 2.926506508800026385e-01 3.236955897815784189e-01 9.664039611816406250e+00
2.640000000000000000e+02 3.196775347794922340e-01 2.975034071121643309e-01 9.669627189636230469e+00
2.650000000000000000e+02 2.921143894498487992e-01 3.226106740483932200e-01 9.664657592773437500e+00
2.660000000000000000e+02 3.205673883136824220e-01 2.962522189143114715e-01 9.666797637939453125e+00
2.670000000000000000e+02 2.933465620555542053e-01 3.219208280405370104e-01 9.661075592041015625e+00
2.680000000000000000e+02 3.208853312209236086e-01 2.950200192956133338e-01 9.668428421020507812e+00
2.690000000000000000e+02 2.941841866371899261e-01 3.222711961757662724e-01 9.658149719238281250e+00
2.700000000000000000e+02 3.206990703216016647e-01 2.949600070165245835e-01 9.669130325317382812e+00
2.710000000000000000e+02 2.939755515340756742e-01 3.220515101679601866e-01 9.657232284545898438e+00
2.720000000000000000e+02 3.197911223595760744e-01 2.956264607915995990e-01 9.668725967407226562e+00
2.730000000000000000e+02 2.930775710211920848e-01 3.212717050544130482e-01 9.657267570495605469e+00
2.740000000000000000e+02 3.188811954313490182e-01 2.934307720493719018e-01 9.668729782104492188e+00
2.750000000000000000e+02 2.939325507436064133e-01 3.207203037151844516e-01 9.655376434326171875e+00
2.760000000000000000e+02 3.196702230051483018e-01 2.943361242211140483e-01 9.668616294860839844e+00
2.770000000000000000e+02 2.933384640907897856e-01 3.215944833177710738e-01 9.655421257019042969e+00
2.780000000000000000e+02 3.205313938494335768e-01 2.952018384860702338e-01 9.668762207031250000e+00
2.790000000000000000e+02 2.935598093040572287e-01 3.220153334510322263e-01 9.659068107604980469e+00
2.800000000000000000e+02 3.212412620249552320e-01 2.948616295110193519e-01 9.671313285827636719e+00
2.810000000000000000e+02 2.946500554552298201e-01 3.213150555867769764e-01 9.658089637756347656e+00
2.820000000000000000e+02 3.218923328903442460e-01 2.944591415666239498e-01 9.673662185668945312e+00
2.830000000000000000e+02 2.953457371626150296e-01 3.213888053341356632e-01 9.657424926757812500e+00
2.840000000000000000e+02 3.216111671260302174e-01 2.939473998698170498e-01 9.676344871520996094e+00
2.850000000000000000e+02 2.952915417200903114e-01 3.223113503766475985e-01 9.660579681396484375e+00
2.860000000000000000e+02 3.210525747138991970e-01 2.962516297646410890e-01 9.676633834838867188e+00
2.870000000000000000e+02 2.958094586285975880e-01 3.229413981197973293e-01 9.662489891052246094e+00
2.880000000000000000e+02 3.230232413190555207e-01 2.954686149781538540e-01 9.677103996276855469e+00
2.890000000000000000e+02 2.955146011046742571e-01 3.232562740246507915e-01 9.662438392639160156e+00
2.900000000000000000e+02 3.228236068252960389e-01 2.957627319947283562e-01 9.676433563232421875e+00
2.910000000000000000e+02 2.960612659922840506e-01 3.231518123590713110e-01 9.664972305297851562e+00
2.920000000000000000e+02 3.231117893903412419e-01 2.958670773924662045e-01 9.676466941833496094e+00
2.930000000000000000e+02 2.951437484036518732e-01 3.230562123571975586e-01 9.662427902221679688e+00
2.940000000000000000e+02 3.218929312314055546e-01 2.959393205753121925e-01 9.675051689147949219e+00
2.950000000000000000e+02 2.941382915506496332e-01 3.233987075630501695e-01 9.663660049438476562e+00
2.960000000000000000e+02 3.207888124511207861e-01 2.969728254931054412e-01 9.670754432678222656e+00
2.970000000000000000e+02 2.936107695772997017e-01 3.233045779504958306e-01 9.662465095520019531e+00
2.980000000000000000e+02 3.204550714669716083e-01 2.970699045722839937e-01 9.669677734375000000e+00
2.990000000000000000e+02 2.937947083682431182e-01 3.222419414775590241e-01 9.662035942077636719e+00
3.000000000000000000e+02 3.212666214344108151e-01 2.954583231677215260e-01 9.669841766357421875e+00
3.010000000000000000e+02 2.944729338375498551e-01 3.221812412637936052e-01 9.658889770507812500e+00
3.020000000000000000e+02 3.200811816629365869e-01 2.946443345917856838e-01 9.669285774230957031e+00
3.030000000000000000e+02 2.932940589279288135e-01 3.227228531691999636e-01 9.656945228576660156e+00
3.040000000000000000e+02 3.199280695261070839e-01 2.959254616178871311e-01 9.666712760925292969e+00
3.050000000000000000e+02 2.937728834766609731e-01 3.222528698336875053e-01 9.658021926879882812e+00
3.060000000000000000e+02 3.209463500505433387e-01 2.959092647433822498e-01 9.667389869689941406e+00
3.070000000000000000e+02 2.937555402671871430e-01 3.229390196529607904e-01 9.658353805541992188e+00
3.080000000000000000e+02 3.212297434585227873e-01 2.956649959096070979e-01 9.669619560241699219e+00
3.090000000000000000e+02 2.939671848110483321e-01 3.235637418007030197e-01 9.658763885498046875e+00
3.100000000000000000e+02 3.224980784859951544e-01 2.954837934303427560e-01 9.670887947082519531e+00
3.110000000000000000e+02 2.946403101729391794e-01 3.221994611186783097e-01 9.658052444458007812e+00
3.120000000000000000e+02 3.218827729946541205e-01 2.949079876560533053e-01 9.671106338500976562e+00
3.130000000000000000e+02 2.937752782274413166e-01 3.231893098534034392e-01 9.661131858825683594e+00
3.140000000000000000e+02 3.204912717113890253e-01 2.963657524063428861e-01 9.669785499572753906e+00
3.150000000000000000e+02 2.931453928537124387e-01 3.236542489639323561e-01 9.662028312683105469e+00
3.160000000000000000e+02 3.204768811039019338e-01 2.946017527523496216e-01 9.667265892028808594e+00
3.170000000000000000e+02 2.932756864979554345e-01 3.222907698658134534e-01 9.659339904785156250e+00
3.180000000000000000e+02 3.203017325573779828e-01 2.943677538015226358e-01 9.667564392089843750e+00
3.190000000000000000e+02 2.930824551179057602e-01 3.220094975178106611e-01 9.656935691833496094e+00
3.200000000000000000e+02 3.199065917731018227e-01 2.954594865913031665e-01 9.667491912841796875e+00
3.210000000000000000e+02 2.936320151361493935e-01 3.220942478103830942e-01 9.657192230224609375e+00
3.220000000000000000e+02 3.201164684236932345e-01 2.957443200013669116e-01 9.666749954223632812e+00
3.230000000000000000e+02 2.920506968027447581e-01 3.227031139514367486e-01 9.656524658203125000e+00
3.240000000000000000e+02 3.198984647512354562e-01 2.949869375959862094e-01 9.664376258850097656e+00
3.250000000000000000e+02 2.929769365853415186e-01 3.216799548561650735e-01 9.655697822570800781e+00
3.260000000000000000e+02 3.195493289920351421e-01 2.950767687139622120e-01 9.666542053222656250e+00
3.270000000000000000e+02 2.930384444345181527e-01 3.218425295213794279e-01 9.655336380004882812e+00
3.280000000000000000e+02 3.196848386923316632e-01 2.944630511131032802e-01 9.665105819702148438e+00
3.290000000000000000e+02 2.930308120953128981e-01 3.213960366502684463e-01 9.651848793029785156e+00
3.300000000000000000e+02 3.187798326840374230e-01 2.933550960836280308e-01 9.663516044616699219e+00
3.310000000000000000e+02 2.924364736968637635e-01 3.200517925047418055e-01 9.649346351623535156e+00
3.320000000000000000e+02 3.193386220511123530e-01 2.939136035704285610e-01 9.661948204040527344e+00
3.330000000000000000e+02 2.925406886983377697e-01 3.202249853518279732e-01 9.648721694946289062e+00
3.340000000000000000e+02 3.193844426797508573e-01 2.936524705068007113e-01 9.661122322082519531e+00
3.350000000000000000e+02 2.926525058967828774e-01 3.198238848383527788e-01 9.647241592407226562e+00
3.360000000000000000e+02 3.192086103259240137e-01 2.939708725423725855e-01 9.661131858825683594e+00
3.370000000000000000e+02 2.911878154025233645e-01 3.201998748029811215e-01 9.649306297302246094e+00
3.380000000000000000e+02 3.168385649109664026e-01 2.926276145814324381e-01 9.661302566528320312e+00
3.390000000000000000e+02 2.917433595680712366e-01 3.202820849638768896e-01 9.650106430053710938e+00
3.400000000000000000e+02 3.174983682197496937e-01 2.938843829817894271e-01 9.662152290344238281e+00
3.410000000000000000e+02 2.902034930129315238e-01 3.202506525316661801e-01 9.653441429138183594e+00
3.420000000000000000e+02 3.177203998261201590e-01 2.941536994196441990e-01 9.659981727600097656e+00
3.430000000000000000e+02 2.909621751440556459e-01 3.214784612693086241e-01 9.653723716735839844e+00
3.440000000000000000e+02 3.175963958504079421e-01 2.950827347243312748e-01 9.660003662109375000e+00
3.450000000000000000e+02 2.916366719400678709e-01 3.216799429485287520e-01 9.655803680419921875e+00
3.460000000000000000e+02 3.191848236673551775e-01 2.944222318459514542e-01 9.664600372314453125e+00
3.470000000000000000e+02 2.918632537455763121e-01 3.222537122345411897e-01 9.655455589294433594e+00
3.480000000000000000e+02 3.174085092659529317e-01 2.948512352140978954e-01 9.664177894592285156e+00
3.490000000000000000e+02 2.912236279187463417e-01 3.213694241007988839e-01 9.657863616943359375e+00
3.500000000000000000e+02 3.178445113232140073e-01 2.948905954774599936e-01 9.661487579345703125e+00
3.510000000000000000e+02 2.912886212963132770e-01 3.219308584771149451e-01 9.657759666442871094e+00
3.520000000000000000e+02 3.183043559965584302e-01 2.948913026938850823e-01 9.660616874694824219e+00
3.530000000000000000e+02 2.923000138244566948e-01 3.213153663594006670e-01 9.655934333801269531e+00
3.540000000000000000e+02 3.203414379527648737e-01 2.950585052927361396e-01 9.663852691650390625e+00
3.550000000000000000e+02 2.938076979564923641e-01 3.222956520595769425e-01 9.653926849365234375e+00
3.560000000000000000e+02 3.207075304718832176e-01 2.944751671770093338e-01 9.662367820739746094e+00
3.570000000000000000e+02 2.933683644233096022e-01 3.222571567335185128e-01 9.652955055236816406e+00
3.580000000000000000e+02 3.194827200523338018e-01 2.946128099624361063e-01 9.661851882934570312e+00
3.590000000000000000e+02 2.921962275620809124e-01 3.216979500645745782e-01 9.654419898986816406e+00
3.600000000000000000e+02 3.194392473267200772e-01 2.939107633297969313e-01 9.661536216735839844e+00
3.610000000000000000e+02 2.922263913604425944e-01 3.209568452339969791e-01 9.651740074157714844e+00
3.620000000000000000e+02 3.191720443465754231e-01 2.933892851307811633e-01 9.660654067993164062e+00
3.630000000000000000e+02 2.919721999570270010e-01 3.215183625578650339e-01 9.651372909545898438e+00
3.640000000000000000e+02 3.193003553503623859e-01 2.947292994335958816e-01 9.660871505737304688e+00
3.650000000000000000e+02 2.919109952754802562e-01 3.214715791864376504e-01 9.652249336242675781e+00
3.660000000000000000e+02 3.193539389094722791e-01 2.941358670393518504e-01 9.659929275512695312e+00
3.670000000000000000e+02 2.913567528789063887e-01 3.231725526359428002e-01 9.651718139648437500e+00
3.680000000000000000e+02 3.173605968325250992e-01 2.946264009282527629e-01 9.659733772277832031e+00
3.690000000000000000e+02 2.908233940386544258e-01 3.222491456389392495e-01 9.654201507568359375e+00
3.700000000000000000e+02 3.188831471155381125e-01 2.952425902212684750e-01 9.659748077392578125e+00
3.710000000000000000e+02 2.928668499150456350e-01 3.222065268212875311e-01 9.651682853698730469e+00
3.720000000000000000e+02 3.197848787939698845e-01 2.946625418734874491e-01 9.662473678588867188e+00
3.730000000000000000e+02 2.930368285511493753e-01 3.219155573883304977e-01 9.651696205139160156e+00
3.740000000000000000e+02 3.203947617494088407e-01 2.942726606404686418e-01 9.665165901184082031e+00
3.750000000000000000e+02 2.930539838782577622e-01 3.212943031573213259e-01 9.648846626281738281e+00
3.760000000000000000e+02 3.192448377961502604e-01 2.946811589507182250e-01 9.664979934692382812e+00
3.770000000000000000e+02 2.936890801975125531e-01 3.218239400627992963e-01 9.651051521301269531e+00
3.780000000000000000e+02 3.195243941903181950e-01 2.937255549084375472e-01 9.663436889648437500e+00
3.790000000000000000e+02 2.923062340975446372e-01 3.211725522805825017e-01 9.652106285095214844e+00
3.800000000000000000e+02 3.183157766741818162e-01 2.946822580357184029e-01 9.663011550903320312e+00
3.810000000000000000e+02 2.905650647058846681e-01 3.213712934929617293e-01 9.650549888610839844e+00
3.820000000000000000e+02 3.184661306540571557e-01 2.944127223265071147e-01 9.659154891967773438e+00
3.830000000000000000e+02 2.915545527180901653e-01 3.213316768459223982e-01 9.651625633239746094e+00
3.840000000000000000e+02 3.179501223290400191e-01 2.941563961838735142e-01 9.659768104553222656e+00
3.850000000000000000e+02 2.916794922907246512e-01 3.207287054283562422e-01 9.651331901550292969e+00
3.860000000000000000e+02 3.184065078492613887e-01 2.939568095342528498e-01 9.660012245178222656e+00
3.870000000000000000e+02 2.907944798537274167e-01 3.221555617710166741e-01 9.650375366210937500e+00
3.880000000000000000e+02 3.181528906914550814e-01 2.941796907238167780e-01 9.658565521240234375e+00
3.890000000000000000e+02 2.914324275408303189e-01 3.215474219114722310e-01 9.651043891906738281e+00
3.900000000000000000e+02 3.185744450231541847e-01 2.943943862965784364e-01 9.659633636474609375e+00
3.910000000000000000e+02 2.915205696060866880e-01 3.212270868634234944e-01 9.650115013122558594e+00
3.920000000000000000e+02 3.180333006778427452e-01 2.945729069719466020e-01 9.661713600158691406e+00
3.930000000000000000e+02 2.912633797734688335e-01 3.222441999964206216e-01 9.650473594665527344e+00
3.940000000000000000e+02 3.186173374822379722e-01 2.952920818851546558e-01 9.658479690551757812e+00
3.950000000000000000e+02 2.915316140726753602e-01 3.219592763223316223e-01 9.653129577636718750e+00
3.960000000000000000e+02 3.202665549917094734e-01 2.943212909956757217e-01 9.660646438598632812e+00
3.970000000000000000e+02 2.936151280138311059e-01 3.213090853612067255e-01 9.652396202087402344e+00
3.980000000000000000e+02 3.205538089458138118e-01 2.931072345245850919e-01 9.666735649108886719e+00
