0.000000000000000000e+00 1.763495573953498263e-02 1.575248898522214544e-02 1.111933231353759766e+01
1.000000000000000000e+00 1.748898379494994923e-02 1.746950064937385569e-02 1.110138225555419922e+01
2.000000000000000000e+00 2.231740568466433414e-02 1.752351283445708480e-02 1.130786418914794922e+01
3.000000000000000000e+00 2.189553192384268224e-02 2.334413778064968123e-02 1.128875637054443359e+01
4.000000000000000000e+00 3.035714156877072564e-02 2.178251090189865444e-02 1.147551631927490234e+01
5.000000000000000000e+00 2.862979798101377218e-02 3.108608277948849211e-02 1.145963191986083984e+01
6.000000000000000000e+00 4.022532495699709248e-02 2.924855357650783458e-02 1.162749195098876953e+01
7.000000000000000000e+00 3.736337946547605565e-02 4.013787187912803284e-02 1.161215591430664062e+01
8.000000000000000000e+00 5.057211293466749163e-02 3.841924945041206435e-02 1.176060009002685547e+01
9.000000000000000000e+00 4.719102571526232609e-02 5.075835451325034359e-02 1.174545955657958984e+01
1.000000000000000000e+01 6.179976041872927567e-02 4.879221695862706598e-02 1.188142395019531250e+01
1.100000000000000000e+01 5.837440170613966001e-02 6.268620554346603091e-02 1.186962223052978516e+01
1.200000000000000000e+01 7.371998913962879429e-02 5.861845399170335230e-02 1.199174976348876953e+01
1.300000000000000000e+01 6.856133651822643449e-02 7.467271720122117817e-02 1.197889232635498047e+01
1.400000000000000000e+01 8.486403483789387026e-02 6.873872822795268345e-02 1.209116554260253906e+01
1.500000000000000000e+01 7.870798935929373963e-02 8.568419629684362326e-02 1.207467365264892578e+01
1.600000000000000000e+01 9.528855417389678339e-02 7.900484691118875302e-02 1.217670917510986328e+01
1.700000000000000000e+01 8.788185576643330055e-02 9.666769643637659892e-02 1.216034603118896484e+01
1.800000000000000000e+01 1.061366313461328537e-01 8.935018184314852396e-02 1.225123405456542969e+01
1.900000000000000000e+01 9.781341109348035134e-02 1.061706325857827288e-01 1.223596382141113281e+01
2.000000000000000000e+01 1.158118906921518088e-01 9.760140086796179060e-02 1.232196426391601562e+01
2.100000000000000000e+01 1.061242546304433515e-01 1.162837284369093727e-01 1.230759429931640625e+01
2.200000000000000000e+01 1.249616638992270684e-01 1.068284793135889227e-01 1.238656616210937500e+01
2.300000000000000000e+01 1.151675516262035265e-01 1.252088097062117045e-01 1.237061595916748047e+01
2.400000000000000000e+01 1.333507389518895636e-01 1.145512658096902170e-01 1.244497585296630859e+01
2.500000000000000000e+01 1.222645676309997848e-01 1.345587597918218026e-01 1.242598438262939453e+01
2.600000000000000000e+01 1.408477010210473501e-01 1.222615932516827875e-01 1.249620056152343750e+01
2.700000000000000000e+01 1.292280794503679608e-01 1.418332441895104601e-01 1.247763061523437500e+01
2.800000000000000000e+01 1.475545978512107226e-01 1.301811205899576218e-01 1.254050350189208984e+01
2.900000000000000000e+01 1.355627793669181846e-01 1.494773689547438389e-01 1.252647113800048828e+01
3.000000000000000000e+01 1.542594517703572976e-01 1.363530639930690402e-01 1.258003616333007812e+01
3.100000000000000000e+01 1.419598529029226230e-01 1.551902157039328489e-01 1.256596374511718750e+01
3.200000000000000000e+01 1.607502787041571179e-01 1.418913875144394710e-01 1.261901187896728516e+01
3.300000000000000000e+01 1.476932956437187194e-01 1.610572581733590580e-01 1.260109233856201172e+01
3.400000000000000000e+01 1.660249454695771343e-01 1.473620058415943124e-01 1.265326690673828125e+01
3.500000000000000000e+01 1.517883333290535042e-01 1.667582795393844353e-01 1.263593387603759766e+01
3.600000000000000000e+01 1.705526085881114429e-01 1.524652542595760218e-01 1.268238353729248047e+01
3.700000000000000000e+01 1.556389123958174803e-01 1.717727918929022046e-01 1.266569423675537109e+01
3.800000000000000000e+01 1.751210985123251018e-01 1.573025632112963201e-01 1.270645618438720703e+01
3.900000000000000000e+01 1.606390676148150565e-01 1.763587640420574143e-01 1.269289016723632812e+01
4.000000000000000000e+01 1.792398083478529136e-01 1.611612130384642294e-01 1.273106575012207031e+01
4.100000000000000000e+01 1.638811936110629308e-01 1.803262499585143452e-01 1.271692562103271484e+01
4.200000000000000000e+01 1.833156623688614872e-01 1.650298013245006523e-01 1.275401210784912109e+01
4.300000000000000000e+01 1.665584185084778013e-01 1.849632656075747839e-01 1.273965740203857422e+01
4.400000000000000000e+01 1.865751096918280283e-01 1.691342521549288047e-01 1.276992702484130859e+01
4.500000000000000000e+01 1.702085894971291924e-01 1.882593049447776612e-01 1.276170825958251953e+01
4.600000000000000000e+01 1.904160667052751665e-01 1.722220853826584575e-01 1.278983688354492188e+01
4.700000000000000000e+01 1.736212518538875205e-01 1.916566908890417753e-01 1.278124713897705078e+01
4.800000000000000000e+01 1.926181841741790857e-01 1.747708453699208520e-01 1.280756473541259766e+01
4.900000000000000000e+01 1.757701843378157991e-01 1.944263872316471520e-01 1.279837703704833984e+01
5.000000000000000000e+01 1.953702896368008368e-01 1.771232646707488478e-01 1.282223796844482422e+01
5.100000000000000000e+01 1.783253577770948506e-01 1.968533039256309403e-01 1.281310844421386719e+01
5.200000000000000000e+01 1.969250594513705932e-01 1.792333553946410807e-01 1.283565044403076172e+01
5.300000000000000000e+01 1.803431804846497011e-01 1.986001690656071239e-01 1.282569599151611328e+01
5.400000000000000000e+01 1.995015829931276741e-01 1.810652815625579115e-01 1.284944820404052734e+01
5.500000000000000000e+01 1.820564408679572199e-01 2.006836743275494939e-01 1.283689880371093750e+01
5.600000000000000000e+01 2.012374987302457119e-01 1.839804498654278586e-01 1.286017799377441406e+01
5.700000000000000000e+01 1.839305798576990614e-01 2.029262744830172827e-01 1.285122776031494141e+01
5.800000000000000000e+01 2.029042238190004177e-01 1.865344263346175591e-01 1.287122440338134766e+01
5.900000000000000000e+01 1.853602195702467592e-01 2.053711427999852235e-01 1.286126422882080078e+01
6.000000000000000000e+01 2.046120454433230651e-01 1.870677148057587336e-01 1.287943553924560547e+01
6.100000000000000000e+01 1.854530991033071230e-01 2.057675365350327412e-01 1.286965560913085938e+01
6.200000000000000000e+01 2.053657951250535407e-01 1.885107152745078840e-01 1.288578033447265625e+01
6.300000000000000000e+01 1.879712133617210124e-01 2.079062363249558898e-01 1.287922859191894531e+01
6.400000000000000000e+01 2.067235989971461241e-01 1.901839032161843357e-01 1.289498233795166016e+01
6.500000000000000000e+01 1.887118621251787365e-01 2.095684963583024640e-01 1.288614368438720703e+01
6.600000000000000000e+01 2.078877443710417938e-01 1.914051330935920836e-01 1.289818286895751953e+01
6.700000000000000000e+01 1.901886529748223198e-01 2.107448647307635092e-01 1.289364814758300781e+01
6.800000000000000000e+01 2.085163817845536727e-01 1.924195699791410863e-01 1.290604782104492188e+01
6.900000000000000000e+01 1.913208579864239811e-01 2.113196903098577550e-01 1.289367580413818359e+01
7.000000000000000000e+01 2.109705079348052348e-01 1.922532405789999510e-01 1.291136837005615234e+01
7.100000000000000000e+01 1.925175137552290194e-01 2.116951449007694053e-01 1.289805221557617188e+01
7.200000000000000000e+01 2.119364637897143966e-01 1.936832600907883450e-01 1.291615486145019531e+01
7.300000000000000000e+01 1.927119632867491938e-01 2.128452659963283589e-01 1.290137290954589844e+01
7.400000000000000000e+01 2.131620148734667264e-01 1.936365495207638121e-01 1.291898155212402344e+01
7.500000000000000000e+01 1.945972156015338961e-01 2.137261851492745779e-01 1.290379619598388672e+01
7.600000000000000000e+01 2.138422518879128098e-01 1.940500809623603995e-01 1.292378044128417969e+01
7.700000000000000000e+01 1.948482992078930109e-01 2.143836186078984518e-01 1.290419578552246094e+01
7.800000000000000000e+01 2.143397621180030688e-01 1.952747429178827432e-01 1.292740631103515625e+01
7.900000000000000000e+01 1.956092740878594416e-01 2.142323698662299825e-01 1.291269969940185547e+01
8.000000000000000000e+01 2.143990189892770182e-01 1.955934271504302935e-01 1.293203258514404297e+01
8.100000000000000000e+01 1.951339982674304419e-01 2.159547831737954615e-01 1.291502380371093750e+01
8.200000000000000000e+01 2.142868252475496060e-01 1.966364407550117432e-01 1.293229961395263672e+01
8.300000000000000000e+01 1.954356839512206567e-01 2.157126129488154131e-01 1.292015838623046875e+01
8.400000000000000000e+01 2.150234105559428732e-01 1.972652984663561260e-01 1.293355178833007812e+01
8.500000000000000000e+01 1.959291615277573284e-01 2.170649339952488155e-01 1.292356014251708984e+01
8.600000000000000000e+01 2.151440294710880441e-01 1.973874867613538142e-01 1.293777751922607422e+01
8.700000000000000000e+01 1.963221228048589728e-01 2.163730924550074375e-01 1.292479038238525391e+01
8.800000000000000000e+01 2.159244524952834698e-01 1.972757049950341623e-01 1.293964004516601562e+01
8.900000000000000000e+01 1.973878653984333931e-01 2.162356082908439558e-01 1.292489814758300781e+01
9.000000000000000000e+01 2.170408106988298558e-01 1.970762429010435302e-01 1.294353866577148438e+01
9.100000000000000000e+01 1.985430846191770793e-01 2.158657832631138418e-01 1.292363166809082031e+01
9.200000000000000000e+01 2.179674962578474207e-01 1.977982555212989824e-01 1.294655990600585938e+01
9.300000000000000000e+01 1.987869202519425282e-01 2.166419751869839982e-01 1.292519760131835938e+01
9.400000000000000000e+01 2.188938925237931266e-01 1.978559027689602290e-01 1.294705772399902344e+01
9.500000000000000000e+01 1.996237228433555555e-01 2.175318101003301252e-01 1.292457771301269531e+01
9.600000000000000000e+01 2.184200787118929787e-01 1.984281256343224387e-01 1.295110988616943359e+01
9.700000000000000000e+01 1.993386776564538276e-01 2.179149286629626370e-01 1.292732524871826172e+01
9.800000000000000000e+01 2.185517021924487102e-01 1.984356977518221821e-01 1.295050239562988281e+01
9.900000000000000000e+01 1.999880800060210295e-01 2.179167068985286004e-01 1.292781257629394531e+01
1.000000000000000000e+02 2.187607691555114031e-01 1.989210244240978143e-01 1.295063209533691406e+01
1.010000000000000000e+02 2.000175560242071771e-01 2.180889057253215801e-01 1.293017196655273438e+01
1.020000000000000000e+02 2.188825201283354505e-01 1.990582995627057650e-01 1.294956207275390625e+01
1.030000000000000000e+02 1.992158671188691554e-01 2.181347953550773489e-01 1.293041419982910156e+01
1.040000000000000000e+02 2.188235346939536308e-01 1.997712483188566757e-01 1.295052909851074219e+01
1.050000000000000000e+02 1.994927683652776840e-01 2.184198685479241953e-01 1.293475151062011719e+01
1.060000000000000000e+02 2.185604337205409586e-01 1.991885008950594615e-01 1.295199775695800781e+01
1.070000000000000000e+02 1.993680074859462692e-01 2.192407964577997304e-01 1.293420219421386719e+01
1.080000000000000000e+02 2.179250444658476504e-01 1.997609910479578865e-01 1.295113277435302734e+01
1.090000000000000000e+02 1.985532002731336954e-01 2.196587922642602442e-01 1.294011116027832031e+01
1.100000000000000000e+02 2.177918761635667666e-01 2.007082124791337296e-01 1.295131015777587891e+01
1.110000000000000000e+02 1.990796389787168885e-01 2.193471894988363868e-01 1.294013977050781250e+01
1.120000000000000000e+02 2.182102450356920575e-01 1.995271480307154455e-01 1.295228862762451172e+01
1.130000000000000000e+02 1.989947305603337324e-01 2.186416813363723788e-01 1.293857479095458984e+01
1.140000000000000000e+02 2.188806996925440618e-01 1.993604206847834903e-01 1.295395374298095703e+01
1.150000000000000000e+02 1.994268991600374186e-01 2.181553833419680177e-01 1.293772983551025391e+01
1.160000000000000000e+02 2.193344185247586842e-01 1.995508557618972945e-01 1.295716381072998047e+01
1.170000000000000000e+02 2.006886784203987251e-01 2.188276440344718021e-01 1.293652725219726562e+01
1.180000000000000000e+02 2.194278508989956078e-01 1.992900308231315420e-01 1.296194362640380859e+01
1.190000000000000000e+02 2.003001314133918409e-01 2.185863750564377983e-01 1.293780803680419922e+01
1.200000000000000000e+02 2.199975495042092444e-01 1.993247897363905063e-01 1.296219635009765625e+01
1.210000000000000000e+02 2.003638506054347956e-01 2.177961566660748527e-01 1.293767166137695312e+01
1.220000000000000000e+02 2.193147283474759790e-01 1.990352377071674395e-01 1.296324157714843750e+01
1.230000000000000000e+02 2.001390712721045628e-01 2.180691619874376985e-01 1.293705177307128906e+01
1.240000000000000000e+02 2.191054641342873033e-01 1.981461680380595947e-01 1.296298694610595703e+01
1.250000000000000000e+02 2.002931985632242229e-01 2.178896056264635062e-01 1.293722629547119141e+01
1.260000000000000000e+02 2.196277651665683728e-01 1.982813565162912794e-01 1.296485233306884766e+01
1.270000000000000000e+02 2.000964866038241474e-01 2.171982918926670114e-01 1.293880367279052734e+01
1.280000000000000000e+02 2.196139973678586932e-01 1.987397878724519451e-01 1.296796798706054688e+01
1.290000000000000000e+02 2.000484840681737986e-01 2.178173381668878916e-01 1.293892955780029297e+01
1.300000000000000000e+02 2.192685632114700078e-01 1.981725823528235342e-01 1.296685981750488281e+01
1.310000000000000000e+02 1.993291425600255962e-01 2.174070280749708650e-01 1.293499755859375000e+01
1.320000000000000000e+02 2.189607276656948542e-01 1.979508561924486210e-01 1.296295642852783203e+01
1.330000000000000000e+02 1.995568786306570752e-01 2.177428404404713747e-01 1.293784999847412109e+01
1.340000000000000000e+02 2.194453442658920173e-01 1.989790642035042523e-01 1.296170043945312500e+01
1.350000000000000000e+02 2.003085364771640398e-01 2.189977610370059391e-01 1.293709373474121094e+01
1.360000000000000000e+02 2.201544592867804573e-01 1.990669725904190834e-01 1.296171760559082031e+01
1.370000000000000000e+02 2.009907022294517565e-01 2.183221478509334013e-01 1.293764209747314453e+01
1.380000000000000000e+02 2.209746154995754219e-01 1.989894724481251764e-01 1.296537208557128906e+01
1.390000000000000000e+02 2.012773130918673326e-01 2.180530458984740183e-01 1.293592166900634766e+01
1.400000000000000000e+02 2.211288530102717420e-01 1.986838086703917594e-01 1.296855163574218750e+01
1.410000000000000000e+02 2.017145865488210732e-01 2.179283374613835700e-01 1.293636226654052734e+01
1.420000000000000000e+02 2.209226988053650809e-01 1.988144344308432343e-01 1.296850013732910156e+01
1.430000000000000000e+02 2.018646040943601339e-01 2.181873599330701741e-01 1.293953227996826172e+01
1.440000000000000000e+02 2.217080759031347104e-01 1.991373924607172108e-01 1.296924018859863281e+01
1.450000000000000000e+02 2.022539443252321656e-01 2.179290844842009800e-01 1.294043827056884766e+01
1.460000000000000000e+02 2.217796777303142897e-01 1.993614634765894233e-01 1.297092914581298828e+01
1.470000000000000000e+02 2.018854940299579237e-01 2.179400122444212218e-01 1.293927192687988281e+01
1.480000000000000000e+02 2.207948688640591905e-01 1.996619164395620205e-01 1.297045612335205078e+01
1.490000000000000000e+02 2.008054702290820726e-01 2.189125408780840110e-01 1.294160842895507812e+01
1.500000000000000000e+02 2.205186264350001424e-01 1.988381158573935548e-01 1.296865463256835938e+01
1.510000000000000000e+02 2.012613862921196761e-01 2.192813644454883470e-01 1.294356250762939453e+01
1.520000000000000000e+02 2.211152995780169828e-01 1.992468703188227108e-01 1.296978378295898438e+01
1.530000000000000000e+02 2.023800913115039457e-01 2.187650369834539532e-01 1.294311714172363281e+01
1.540000000000000000e+02 2.208917730469382168e-01 2.004178153602204637e-01 1.297373104095458984e+01
1.550000000000000000e+02 2.013581474381262726e-01 2.193258284570637207e-01 1.294508361816406250e+01
1.560000000000000000e+02 2.203766409923260949e-01 2.009989712426730191e-01 1.296743392944335938e+01
1.570000000000000000e+02 2.010433436435659360e-01 2.198050169433392320e-01 1.294574356079101562e+01
1.580000000000000000e+02 2.215034667359049858e-01 2.003338888155276332e-01 1.296865463256835938e+01
1.590000000000000000e+02 2.023742985008969431e-01 2.182040300856769033e-01 1.294529438018798828e+01
1.600000000000000000e+02 2.216488510836286674e-01 1.998700263735385119e-01 1.297121238708496094e+01
1.610000000000000000e+02 2.025429912910752805e-01 2.195708382782906032e-01 1.294344234466552734e+01
1.620000000000000000e+02 2.216842386448351632e-01 1.998661823785112257e-01 1.297337627410888672e+01
1.630000000000000000e+02 2.016803297841730513e-01 2.192185127454803206e-01 1.294191551208496094e+01
1.640000000000000000e+02 2.210745954695284565e-01 1.999913964961411716e-01 1.297044563293457031e+01
1.650000000000000000e+02 2.022262617100998860e-01 2.182871164145852305e-01 1.294039249420166016e+01
1.660000000000000000e+02 2.217800286574179436e-01 1.988006477360273472e-01 1.297084617614746094e+01
1.670000000000000000e+02 2.017342639331187182e-01 2.181283196077348496e-01 1.293631362915039062e+01
1.680000000000000000e+02 2.207450133441592466e-01 1.993963247799372673e-01 1.297033977508544922e+01
1.690000000000000000e+02 2.019362641388978141e-01 2.181393209665149213e-01 1.293880367279052734e+01
1.700000000000000000e+02 2.213477426820294192e-01 1.987118053313437216e-01 1.297251415252685547e+01
1.710000000000000000e+02 2.022105987398589155e-01 2.189432331949109078e-01 1.293916034698486328e+01
1.720000000000000000e+02 2.213251918576725485e-01 1.993209586427815427e-01 1.297037506103515625e+01
1.730000000000000000e+02 2.018556889788237774e-01 2.190662261031625924e-01 1.294224166870117188e+01
1.740000000000000000e+02 2.216865471970489443e-01 1.991973770510547248e-01 1.297286224365234375e+01
1.750000000000000000e+02 2.019356810908249367e-01 2.181292545804614236e-01 1.294474411010742188e+01
1.760000000000000000e+02 2.210543813668046087e-01 1.988479276854686340e-01 1.297287559509277344e+01
1.770000000000000000e+02 2.019309420727563309e-01 2.185557237361015759e-01 1.294370365142822266e+01
1.780000000000000000e+02 2.209557218555247282e-01 1.990606423473518516e-01 1.297080230712890625e+01
1.790000000000000000e+02 2.009223406730540062e-01 2.190508912589606560e-01 1.294548225402832031e+01
1.800000000000000000e+02 2.201742270742335916e-01 1.994346229368528789e-01 1.296946620941162109e+01
1.810000000000000000e+02 2.002202960921202757e-01 2.189201964730034256e-01 1.294750690460205078e+01
1.820000000000000000e+02 2.207038179410920897e-01 2.004513900665394477e-01 1.297167873382568359e+01
1.830000000000000000e+02 2.014347837840730071e-01 2.189293909746596600e-01 1.294909763336181641e+01
1.840000000000000000e+02 2.210438856782887262e-01 2.004657945591018231e-01 1.297350215911865234e+01
1.850000000000000000e+02 2.009862127138713483e-01 2.197672194569765813e-01 1.294759082794189453e+01
1.860000000000000000e+02 2.206622425388579667e-01 2.005878868783159130e-01 1.297111415863037109e+01
1.870000000000000000e+02 2.013100106587821236e-01 2.207025982465951330e-01 1.295146179199218750e+01
1.880000000000000000e+02 2.209025328030467250e-01 2.011352429871793024e-01 1.297111225128173828e+01
1.890000000000000000e+02 2.017447222717761723e-01 2.203149234513694099e-01 1.295296478271484375e+01
1.900000000000000000e+02 2.202355019874201458e-01 2.011161441601280742e-01 1.297394752502441406e+01
1.910000000000000000e+02 2.008822599262058139e-01 2.201537847719528540e-01 1.295363235473632812e+01
1.920000000000000000e+02 2.191020409321877416e-01 2.008488053175087606e-01 1.297076797485351562e+01
1.930000000000000000e+02 1.999057732023321321e-01 2.202088580085001246e-01 1.295144176483154297e+01
1.940000000000000000e+02 2.188026107890093108e-01 2.013906278366851821e-01 1.296781921386718750e+01
1.950000000000000000e+02 2.000827666731146148e-01 2.205211096943877347e-01 1.295042800903320312e+01
1.960000000000000000e+02 2.193334989964135506e-01 2.014611325861612179e-01 1.296521472930908203e+01
1.970000000000000000e+02 1.992965580762716682e-01 2.211503771336706115e-01 1.294982433319091797e+01
1.980000000000000000e+02 2.190835837852600776e-01 2.024578459833769051e-01 1.296664810180664062e+01
1.990000000000000000e+02 2.007918014757182346e-01 2.222212678371817129e-01 1.295582580566406250e+01
2.000000000000000000e+02 2.197852049838961430e-01 2.017833451514083332e-01 1.296531009674072266e+01
2.010000000000000000e+02 1.996676484061497836e-01 2.219398961046462337e-01 1.295403671264648438e+01
2.020000000000000000e+02 2.198817789464947436e-01 2.035576376966214129e-01 1.296561241149902344e+01
2.030000000000000000e+02 2.005185860007027421e-01 2.222305730248200495e-01 1.295958995819091797e+01
2.040000000000000000e+02 2.202126663891402492e-01 2.025457032320077400e-01 1.296958637237548828e+01
2.050000000000000000e+02 1.998395707269734756e-01 2.225166698045025759e-01 1.295761966705322266e+01
2.060000000000000000e+02 2.192565380189140656e-01 2.021538009817817616e-01 1.296860599517822266e+01
2.070000000000000000e+02 2.010931644177454680e-01 2.215372389835585099e-01 1.295940780639648438e+01
2.080000000000000000e+02 2.199110224009839243e-01 2.020088510611235677e-01 1.297050952911376953e+01
2.090000000000000000e+02 2.002170996665866842e-01 2.216641503720364892e-01 1.295678710937500000e+01
2.100000000000000000e+02 2.195913475831118566e-01 2.025013015280670570e-01 1.296880149841308594e+01
2.110000000000000000e+02 1.996265200970336329e-01 2.217129946573887789e-01 1.296020221710205078e+01
2.120000000000000000e+02 2.189536577583103549e-01 2.016089456085390086e-01 1.296860504150390625e+01
2.130000000000000000e+02 1.991385379732558691e-01 2.214569221419520340e-01 1.295830249786376953e+01
2.140000000000000000e+02 2.181016056171014295e-01 2.023056396945717983e-01 1.296671676635742188e+01
2.150000000000000000e+02 1.993640413548397605e-01 2.206552310602269140e-01 1.295772457122802734e+01
2.160000000000000000e+02 2.178670206948835342e-01 2.013948710536729581e-01 1.296506690979003906e+01
2.170000000000000000e+02 1.984892655570952014e-01 2.208029813153908893e-01 1.295507431030273438e+01
2.180000000000000000e+02 2.184485984764736599e-01 2.015743157718504763e-01 1.296284389495849609e+01
2.190000000000000000e+02 1.993774376380742230e-01 2.197864153410058197e-01 1.295613765716552734e+01
2.200000000000000000e+02 2.197124727231705710e-01 2.004894306013869920e-01 1.296436786651611328e+01
2.210000000000000000e+02 2.004804099944027806e-01 2.202779556635323099e-01 1.295141792297363281e+01
2.220000000000000000e+02 2.201020484724336701e-01 2.016257821313754139e-01 1.296580696105957031e+01
2.230000000000000000e+02 1.999794100773915340e-01 2.209999893360793943e-01 1.295186996459960938e+01
2.240000000000000000e+02 2.189547466819446730e-01 2.020923262544242760e-01 1.296387195587158203e+01
2.250000000000000000e+02 1.995045778112477519e-01 2.209175822881147555e-01 1.295232868194580078e+01
2.260000000000000000e+02 2.193926970315222547e-01 2.014261801244671135e-01 1.296305179595947266e+01
2.270000000000000000e+02 1.998532885306423534e-01 2.209844506333769054e-01 1.295324230194091797e+01
2.280000000000000000e+02 2.197178745681851730e-01 2.012719018335002441e-01 1.296219062805175781e+01
2.290000000000000000e+02 2.002445945522979553e-01 2.198119802404180367e-01 1.295003604888916016e+01
2.300000000000000000e+02 2.196580520144481019e-01 2.013760059468967800e-01 1.296426486968994141e+01
2.310000000000000000e+02 2.005346251749515751e-01 2.204607257863657188e-01 1.295097827911376953e+01
2.320000000000000000e+02 2.192154679519426053e-01 2.013443762344588051e-01 1.296522426605224609e+01
2.330000000000000000e+02 2.008934595562015535e-01 2.205353475609558578e-01 1.295267295837402344e+01
2.340000000000000000e+02 2.196393578138078062e-01 2.009022184031854230e-01 1.296752929687500000e+01
2.350000000000000000e+02 2.000585195833330110e-01 2.209707655958920991e-01 1.295186614990234375e+01
2.360000000000000000e+02 2.195897323912311405e-01 2.013293372201681586e-01 1.296669006347656250e+01
2.370000000000000000e+02 2.001372141461200127e-01 2.204685342874607157e-01 1.295120811462402344e+01
2.380000000000000000e+02 2.192284332241690725e-01 2.009976251941678338e-01 1.296502017974853516e+01
2.390000000000000000e+02 2.006156822788566219e-01 2.207831714444110638e-01 1.294969654083251953e+01
2.400000000000000000e+02 2.190608628762244492e-01 2.019584949134829721e-01 1.296467208862304688e+01
2.410000000000000000e+02 1.996326043994134936e-01 2.215234766355231311e-01 1.295378971099853516e+01
2.420000000000000000e+02 2.187435470811771310e-01 2.022601359406773214e-01 1.296231555938720703e+01
2.430000000000000000e+02 1.990808616540775677e-01 2.220744440831593225e-01 1.295487499237060547e+01
2.440000000000000000e+02 2.174675865816163567e-01 2.029403832655936601e-01 1.295773601531982422e+01
2.450000000000000000e+02 1.997599210698056404e-01 2.221052635181839652e-01 1.295728111267089844e+01
2.460000000000000000e+02 2.184852338949495321e-01 2.022709144636841982e-01 1.295989227294921875e+01
2.470000000000000000e+02 1.994491264528046315e-01 2.216205643381008172e-01 1.295454597473144531e+01
2.480000000000000000e+02 2.183794593788503380e-01 2.027154154057073110e-01 1.296148967742919922e+01
2.490000000000000000e+02 1.999412204866255760e-01 2.211384098363770867e-01 1.295726776123046875e+01
2.500000000000000000e+02 2.183631570613279449e-01 2.026783127821082109e-01 1.296366691589355469e+01
2.510000000000000000e+02 2.000143630697367170e-01 2.217362423219004786e-01 1.295895957946777344e+01
2.520000000000000000e+02 2.185242933907737550e-01 2.022325676551189055e-01 1.296596813201904297e+01
2.530000000000000000e+02 2.003656624056050217e-01 2.214869947399696060e-01 1.295798206329345703e+01
2.540000000000000000e+02 2.191905650929473759e-01 2.021317909959495784e-01 1.296511363983154297e+01
2.550000000000000000e+02 1.996901943277906433e-01 2.217698015137998802e-01 1.295624637603759766e+01
2.560000000000000000e+02 2.192303083128618602e-01 2.025440456059127703e-01 1.296362590789794922e+01
2.570000000000000000e+02 1.999637582759436760e-01 2.217237332869881894e-01 1.295506095886230469e+01
2.580000000000000000e+02 2.186229769476734086e-01 2.019705969181840310e-01 1.296371555328369141e+01
2.590000000000000000e+02 1.996625025466756964e-01 2.212383359385654003e-01 1.295316028594970703e+01
2.600000000000000000e+02 2.200480975891269120e-01 2.016708079684291222e-01 1.296293258666992188e+01
2.610000000000000000e+02 2.003845005011362923e-01 2.212370071979829766e-01 1.295327568054199219e+01
2.620000000000000000e+02 2.199644012826451611e-01 2.016368646134521214e-01 1.296459388732910156e+01
2.630000000000000000e+02 2.012763004799317246e-01 2.202500223059901396e-01 1.295088195800781250e+01
2.640000000000000000e+02 2.201831411951905293e-01 2.011472971851675229e-01 1.296498489379882812e+01
2.650000000000000000e+02 2.003353831227286941e-01 2.206712987587418351e-01 1.295039176940917969e+01
2.660000000000000000e+02 2.204419244518711352e-01 2.011675457082880980e-01 1.296401023864746094e+01
2.670000000000000000e+02 2.006674004597626404e-01 2.205681015580453208e-01 1.294788169860839844e+01
2.680000000000000000e+02 2.196429995335139052e-01 2.004170247562299112e-01 1.296492385864257812e+01
2.690000000000000000e+02 2.001131004717336959e-01 2.205423327593220850e-01 1.294758605957031250e+01
2.700000000000000000e+02 2.197747491015889787e-01 2.008867081833775881e-01 1.296689987182617188e+01
2.710000000000000000e+02 1.997148317849542776e-01 2.214562681225436536e-01 1.294753456115722656e+01
2.720000000000000000e+02 2.188975776062068446e-01 2.012296223946154483e-01 1.296142864227294922e+01
2.730000000000000000e+02 1.999311165520210321e-01 2.204999202196563091e-01 1.295003414154052734e+01
2.740000000000000000e+02 2.186421319583716494e-01 2.014690059033344693e-01 1.296020889282226562e+01
2.750000000000000000e+02 1.997272161141539215e-01 2.204623029857816219e-01 1.295013713836669922e+01
2.760000000000000000e+02 2.180084307764198204e-01 2.011609794329543566e-01 1.295989513397216797e+01
2.770000000000000000e+02 1.990695768210412053e-01 2.201324362376652910e-01 1.295215606689453125e+01
2.780000000000000000e+02 2.180377681440593129e-01 2.011577272061826072e-01 1.295688629150390625e+01
2.790000000000000000e+02 1.991639919070470610e-01 2.194045159674898882e-01 1.294899368286132812e+01
2.800000000000000000e+02 2.174818515181804468e-01 2.004883595305032018e-01 1.295463180541992188e+01
2.810000000000000000e+02 1.983441953747473174e-01 2.194211424879540517e-01 1.294762611389160156e+01
2.820000000000000000e+02 2.178248333611108589e-01 1.993240835383533194e-01 1.295587444305419922e+01
2.830000000000000000e+02 1.983593406965158679e-01 2.184787760722145811e-01 1.294336891174316406e+01
2.840000000000000000e+02 2.172560666977181032e-01 1.990299277932284228e-01 1.295364952087402344e+01
2.850000000000000000e+02 1.977905121515878828e-01 2.185800100567492354e-01 1.294100284576416016e+01
2.860000000000000000e+02 2.178048315040463090e-01 1.999894032470952154e-01 1.295203876495361328e+01
2.870000000000000000e+02 1.983676221451513288e-01 2.186966699027041716e-01 1.293935680389404297e+01
2.880000000000000000e+02 2.188275940810514575e-01 1.998306039497574627e-01 1.295345783233642578e+01
2.890000000000000000e+02 1.989922542987363763e-01 2.186572291583596672e-01 1.293840694427490234e+01
2.900000000000000000e+02 2.191206358843621471e-01 2.003301552509799410e-01 1.295405864715576172e+01
2.910000000000000000e+02 1.987947180394903646e-01 2.194321787479029673e-01 1.293991184234619141e+01
2.920000000000000000e+02 2.182275543890006830e-01 2.002099533637128059e-01 1.295380592346191406e+01
2.930000000000000000e+02 1.982317281123618657e-01 2.192544210278876138e-01 1.294112396240234375e+01
2.940000000000000000e+02 2.178922815950206648e-01 1.996249942617452366e-01 1.295530891418457031e+01
2.950000000000000000e+02 1.980504592268884090e-01 2.192023751133514720e-01 1.294347953796386719e+01
2.960000000000000000e+02 2.174408946180467761e-01 1.991554579001752756e-01 1.295483970642089844e+01
2.970000000000000000e+02 1.986620564424176061e-01 2.190135110904807003e-01 1.294313240051269531e+01
2.980000000000000000e+02 2.171793392197936823e-01 2.000732575170287020e-01 1.295631885528564453e+01
2.990000000000000000e+02 1.979353790032419014e-01 2.202296602018461169e-01 1.294479179382324219e+01
3.000000000000000000e+02 2.173824182046623366e-01 2.007801609005191723e-01 1.295459365844726562e+01
3.010000000000000000e+02 1.986428825873632342e-01 2.195981085684656220e-01 1.294627189636230469e+01
3.020000000000000000e+02 2.180082275249818624e-01 2.004138898865299168e-01 1.295795154571533203e+01
3.030000000000000000e+02 1.988528449077755500e-01 2.200530763195782114e-01 1.294577407836914062e+01
3.040000000000000000e+02 2.177823729730334334e-01 2.010354605766103142e-01 1.295619773864746094e+01
3.050000000000000000e+02 1.991668194387050950e-01 2.200408321173035198e-01 1.294782161712646484e+01
3.060000000000000000e+02 2.182952421219745975e-01 2.011710399620682543e-01 1.295821189880371094e+01
3.070000000000000000e+02 1.994904212544969246e-01 2.197126449205625276e-01 1.294888305664062500e+01
3.080000000000000000e+02 2.180649642672633504e-01 2.013353702202768103e-01 1.295665264129638672e+01
3.090000000000000000e+02 1.987069404775866910e-01 2.207311279311693353e-01 1.294894409179687500e+01
3.100000000000000000e+02 2.168536158129325264e-01 2.010149420057968372e-01 1.295338439941406250e+01
3.110000000000000000e+02 1.976430501002414408e-01 2.204303631882850167e-01 1.295082378387451172e+01
3.120000000000000000e+02 2.170585377178175235e-01 2.013524049242019220e-01 1.295308780670166016e+01
3.130000000000000000e+02 1.976566243780258358e-01 2.210684490407784919e-01 1.294857406616210938e+01
3.140000000000000000e+02 2.171650094951706467e-01 2.019365945830383369e-01 1.295341968536376953e+01
3.150000000000000000e+02 1.982831674262407473e-01 2.212479528006023044e-01 1.295178794860839844e+01
3.160000000000000000e+02 2.174066906562370782e-01 2.016940623336493654e-01 1.295483303070068359e+01
3.170000000000000000e+02 1.986014172360097696e-01 2.209848490520213149e-01 1.295009517669677734e+01
3.180000000000000000e+02 2.176329436336521261e-01 2.016060336217263826e-01 1.295431804656982422e+01
3.190000000000000000e+02 1.987926601159464568e-01 2.216390787117727135e-01 1.294934749603271484e+01
3.200000000000000000e+02 2.169470804397540808e-01 2.020130013905555577e-01 1.295324897766113281e+01
3.210000000000000000e+02 1.986023872862608119e-01 2.216799667787521244e-01 1.295181369781494141e+01
3.220000000000000000e+02 2.173863885646782623e-01 2.027163022239616141e-01 1.295339012145996094e+01
3.230000000000000000e+02 1.982166494866970108e-01 2.221952521772308509e-01 1.295494174957275391e+01
3.240000000000000000e+02 2.173715987417584872e-01 2.015657302718923682e-01 1.295176792144775391e+01
3.250000000000000000e+02 1.986271246558933556e-01 2.202877906094058424e-01 1.295046234130859375e+01
3.260000000000000000e+02 2.180503151969309938e-01 2.011687410471007520e-01 1.295383930206298828e+01
3.270000000000000000e+02 1.991196270604967400e-01 2.203166186008536087e-01 1.294896793365478516e+01
3.280000000000000000e+02 2.192779959676630086e-01 2.009096758283367978e-01 1.295758152008056641e+01
3.290000000000000000e+02 2.006458900301390236e-01 2.198835533444722379e-01 1.294603157043457031e+01
3.300000000000000000e+02 2.192329751110999592e-01 2.003533446072070512e-01 1.296146488189697266e+01
3.310000000000000000e+02 2.006164692167968222e-01 2.202214758615183010e-01 1.294480419158935547e+01
3.320000000000000000e+02 2.193596682063524983e-01 2.000165771705145479e-01 1.296296977996826172e+01
3.330000000000000000e+02 1.999635680859246367e-01 2.202245777184833053e-01 1.294620513916015625e+01
3.340000000000000000e+02 2.194781026690194869e-01 2.007955399843050770e-01 1.296010112762451172e+01
3.350000000000000000e+02 1.993351091960659793e-01 2.197222308134827440e-01 1.294725036621093750e+01
3.360000000000000000e+02 2.185805718336101267e-01 2.011828703212462932e-01 1.296026420593261719e+01
3.370000000000000000e+02 1.999310177843921510e-01 2.196644803133508683e-01 1.294533443450927734e+01
3.380000000000000000e+02 2.185953076089885150e-01 2.002773399719190439e-01 1.296109390258789062e+01
3.390000000000000000e+02 1.993899275096259749e-01 2.189742426373581519e-01 1.294470787048339844e+01
3.400000000000000000e+02 2.182728398477557508e-01 1.995440453769264655e-01 1.296102905273437500e+01
3.410000000000000000e+02 1.992997710629003105e-01 2.200124969511798312e-01 1.294189834594726562e+01
3.420000000000000000e+02 2.182345845514493121e-01 2.004000035427544735e-01 1.295606803894042969e+01
3.430000000000000000e+02 2.000185293533750797e-01 2.194412172812221229e-01 1.294313430786132812e+01
3.440000000000000000e+02 2.184003584252446617e-01 2.003272139292715526e-01 1.295557498931884766e+01
3.450000000000000000e+02 1.989065799580435612e-01 2.198099364374356823e-01 1.294070053100585938e+01
3.460000000000000000e+02 2.183034447991264726e-01 2.001247112697477071e-01 1.295109176635742188e+01
3.470000000000000000e+02 1.992204549345313880e-01 2.190148612948991103e-01 1.294035911560058594e+01
3.480000000000000000e+02 2.193704119206578151e-01 2.001343539601401766e-01 1.295219230651855469e+01
3.490000000000000000e+02 1.995073817051148668e-01 2.191100568022164297e-01 1.294040393829345703e+01
3.500000000000000000e+02 2.180492093761308703e-01 2.007601516786811924e-01 1.295456600189208984e+01
3.510000000000000000e+02 1.989778159287208803e-01 2.201081080307772386e-01 1.294053554534912109e+01
3.520000000000000000e+02 2.189757733130054396e-01 2.000748820339754985e-01 1.295230484008789062e+01
3.530000000000000000e+02 1.991669386348881021e-01 2.196682879880436923e-01 1.294224357604980469e+01
3.540000000000000000e+02 2.178549713072864824e-01 2.005587920518471512e-01 1.295332431793212891e+01
3.550000000000000000e+02 1.998178899614308224e-01 2.202443888020328699e-01 1.294366550445556641e+01
3.560000000000000000e+02 2.183353710615891230e-01 2.006423778753881892e-01 1.295537567138671875e+01
3.570000000000000000e+02 1.996148259234053479e-01 2.196703242076742113e-01 1.294332027435302734e+01
3.580000000000000000e+02 2.186278121006189623e-01 2.009606124320608422e-01 1.295545959472656250e+01
3.590000000000000000e+02 2.004284290394263424e-01 2.196056083767186362e-01 1.294258022308349609e+01
3.600000000000000000e+02 2.184932568824153598e-01 1.999074810102514643e-01 1.295683097839355469e+01
3.610000000000000000e+02 1.993926394944714464e-01 2.186802510235539010e-01 1.294149017333984375e+01
3.620000000000000000e+02 2.192519122960114308e-01 2.001613565570296016e-01 1.295777034759521484e+01
3.630000000000000000e+02 1.996363176983356746e-01 2.187837166209844197e-01 1.294166374206542969e+01
3.640000000000000000e+02 2.197409753687878387e-01 1.997228277606809266e-01 1.295855808258056641e+01
3.650000000000000000e+02 2.005387798073137440e-01 2.182521235710285223e-01 1.293810367584228516e+01
3.660000000000000000e+02 2.200240061062234964e-01 1.999045548358821256e-01 1.296098423004150391e+01
3.670000000000000000e+02 2.007314832252271863e-01 2.187486299426713021e-01 1.293820858001708984e+01
3.680000000000000000e+02 2.212734873745961228e-01 1.988406085475666052e-01 1.296289825439453125e+01
3.690000000000000000e+02 2.012222674670110234e-01 2.182364649944953938e-01 1.293633842468261719e+01
3.700000000000000000e+02 2.197053849034669160e-01 1.997225512370154610e-01 1.296536540985107422e+01
3.710000000000000000e+02 2.012651059285977539e-01 2.188566179614435392e-01 1.293836307525634766e+01
3.720000000000000000e+02 2.197739069029533698e-01 1.999956312873095166e-01 1.296410179138183594e+01
3.730000000000000000e+02 2.004144088059383877e-01 2.193302003345705409e-01 1.294043254852294922e+01
3.740000000000000000e+02 2.199728373130968861e-01 1.996376844399488648e-01 1.296133613586425781e+01
3.750000000000000000e+02 2.002152601867251691e-01 2.189332166043357064e-01 1.293746376037597656e+01
3.760000000000000000e+02 2.204786843510710415e-01 2.001513314747725980e-01 1.296117401123046875e+01
3.770000000000000000e+02 2.004961125229086927e-01 2.183903879273060844e-01 1.293959426879882812e+01
3.780000000000000000e+02 2.202109648451968105e-01 1.994964704325818960e-01 1.296394729614257812e+01
3.790000000000000000e+02 2.007313701897461278e-01 2.186573168739271711e-01 1.293870353698730469e+01
3.800000000000000000e+02 2.202887288605117067e-01 2.001527793953880585e-01 1.296400356292724609e+01
3.810000000000000000e+02 2.005575991093760946e-01 2.188538934384016144e-01 1.293948173522949219e+01
3.820000000000000000e+02 2.201592538425373169e-01 2.000092064577763673e-01 1.296169281005859375e+01
3.830000000000000000e+02 2.010992446719701010e-01 2.190483847051507282e-01 1.293915557861328125e+01
3.840000000000000000e+02 2.196678913600900729e-01 1.997456427490006403e-01 1.296108627319335938e+01
3.850000000000000000e+02 2.014186620442859343e-01 2.190729869610131553e-01 1.294268512725830078e+01
3.860000000000000000e+02 2.204626997862482729e-01 1.995046949339091547e-01 1.296791744232177734e+01
3.870000000000000000e+02 2.011549462932645249e-01 2.191539158662867692e-01 1.294090557098388672e+01
3.880000000000000000e+02 2.198977382798046054e-01 1.999265345287022100e-01 1.296618652343750000e+01
3.890000000000000000e+02 2.008934917744751025e-01 2.184480395580070677e-01 1.294036579132080078e+01
3.900000000000000000e+02 2.197816765507206171e-01 1.995815912179152440e-01 1.296610641479492188e+01
3.910000000000000000e+02 2.009123673048660852e-01 2.180651746799551205e-01 1.293979740142822266e+01
3.920000000000000000e+02 2.209577000236738198e-01 1.988837884718023530e-01 1.296836757659912109e+01
3.930000000000000000e+02 2.013329785771081626e-01 2.172858109718673048e-01 1.293838024139404297e+01
3.940000000000000000e+02 2.206819781843104566e-01 1.995308295090608142e-01 1.297400379180908203e+01
3.950000000000000000e+02 2.016109212218953339e-01 2.181024298124160932e-01 1.294011878967285156e+01
3.960000000000000000e+02 2.203577878955921554e-01 1.988459181778544083e-01 1.297293949127197266e+01
3.970000000000000000e+02 2.007609689237075112e-01 2.178459590824838588e-01 1.294217205047607422e+01
3.980000000000000000e+02 2.208020235720057900e-01 1.991893542064358813e-01 1.297044849395751953e+01
