0.000000000000000000e+00 2.303445365364703290e-01 1.445272886657379685e-01 1.740392446517944336e+00
1.000000000000000000e+00 2.210197782546986234e-01 2.268995311780884205e-01 1.757518053054809570e+00
2.000000000000000000e+00 3.628913338965343849e-01 2.136517210975762138e-01 1.880101442337036133e+00
3.000000000000000000e+00 3.268757169205543378e-01 3.488893294263075151e-01 1.894948482513427734e+00
4.000000000000000000e+00 4.659513173507234263e-01 3.158085685101416074e-01 1.987720012664794922e+00
5.000000000000000000e+00 4.346126899159269419e-01 4.511853521442921733e-01 1.999668955802917480e+00
6.000000000000000000e+00 5.532797151436856797e-01 4.221770157213420860e-01 2.071980476379394531e+00
7.000000000000000000e+00 5.184469546750474223e-01 5.428160412340632401e-01 2.083255529403686523e+00
8.000000000000000000e+00 6.231575329095008220e-01 5.069159012118357177e-01 2.139061450958251953e+00
9.000000000000000000e+00 5.906609586780184884e-01 6.141837772786435945e-01 2.149213552474975586e+00
1.000000000000000000e+01 6.820447294405094230e-01 5.814997654387581427e-01 2.192599058151245117e+00
1.100000000000000000e+01 6.462072457988105034e-01 6.701243449665823526e-01 2.203052043914794922e+00
1.200000000000000000e+01 7.344421421839743003e-01 6.358878346026670680e-01 2.235729455947875977e+00
1.300000000000000000e+01 6.950087727751348421e-01 7.152995374241921667e-01 2.246860504150390625e+00
1.400000000000000000e+01 7.702236268836011313e-01 6.856264475679995085e-01 2.272391080856323242e+00
1.500000000000000000e+01 7.344908127644614870e-01 7.555881849957106766e-01 2.283030509948730469e+00
1.600000000000000000e+01 7.950501526193438639e-01 7.198260109371102944e-01 2.302989482879638672e+00
1.700000000000000000e+01 7.665104524708741263e-01 7.882626164446591144e-01 2.312953948974609375e+00
1.800000000000000000e+01 8.220707613565598759e-01 7.569036276438768640e-01 2.329027414321899414e+00
1.900000000000000000e+01 7.891336140407578803e-01 8.111927661017489521e-01 2.339689493179321289e+00
2.000000000000000000e+01 8.400275090296379643e-01 7.827680096819542577e-01 2.350528955459594727e+00
2.100000000000000000e+01 8.128959293859495672e-01 8.338875872622534269e-01 2.360965013504028320e+00
2.200000000000000000e+01 8.552644393816913881e-01 8.062916017151663395e-01 2.368556022644042969e+00
2.300000000000000000e+01 8.320719602274893045e-01 8.516484342101156013e-01 2.380259037017822266e+00
2.400000000000000000e+01 8.705037785968857689e-01 8.206027569012049883e-01 2.384897470474243164e+00
2.500000000000000000e+01 8.462646515674067116e-01 8.674372695948591172e-01 2.395982027053833008e+00
2.600000000000000000e+01 8.840307753099888588e-01 8.443020697614685988e-01 2.398593902587890625e+00
2.700000000000000000e+01 8.567133765714257665e-01 8.779543006571109975e-01 2.408941030502319336e+00
2.800000000000000000e+01 8.908011234046404603e-01 8.527307204069648483e-01 2.410191059112548828e+00
2.900000000000000000e+01 8.709587609969677846e-01 8.888985614624461684e-01 2.420912027359008789e+00
3.000000000000000000e+01 8.996105416290529622e-01 8.660023214112695378e-01 2.421087503433227539e+00
3.100000000000000000e+01 8.777894877115570704e-01 8.969438817537280784e-01 2.431474924087524414e+00
3.200000000000000000e+01 9.078468595419330045e-01 8.710844001922243285e-01 2.429734468460083008e+00
3.300000000000000000e+01 8.873054858459115124e-01 9.033844497773819704e-01 2.440322399139404297e+00
3.400000000000000000e+01 9.117406816412493287e-01 8.795038793972551616e-01 2.437737941741943359e+00
3.500000000000000000e+01 8.915368472296036906e-01 9.064171935726120788e-01 2.447421073913574219e+00
3.600000000000000000e+01 9.141869199424992321e-01 8.833763947233156388e-01 2.443372011184692383e+00
3.700000000000000000e+01 8.968131757330424225e-01 9.112991861671226879e-01 2.454730510711669922e+00
3.800000000000000000e+01 9.169671221458048915e-01 8.903773500408445063e-01 2.448278903961181641e+00
3.900000000000000000e+01 9.013863523997480698e-01 9.150538098488302241e-01 2.460145950317382812e+00
4.000000000000000000e+01 9.230635577167265460e-01 8.931645054308547937e-01 2.453464031219482422e+00
4.100000000000000000e+01 9.020267881062123960e-01 9.195923424305018079e-01 2.465523481369018555e+00
4.200000000000000000e+01 9.263028531392449860e-01 8.961419574256530574e-01 2.457388401031494141e+00
4.300000000000000000e+01 9.065446589928247700e-01 9.196715816569754898e-01 2.469042539596557617e+00
4.400000000000000000e+01 9.288658121849248106e-01 8.980346421000777735e-01 2.460894584655761719e+00
4.500000000000000000e+01 9.109474824052681274e-01 9.193112148000102124e-01 2.472737073898315430e+00
4.600000000000000000e+01 9.298818861448934214e-01 9.006659230047471265e-01 2.464307546615600586e+00
4.700000000000000000e+01 9.108873508876322855e-01 9.200863285597277175e-01 2.475455999374389648e+00
4.800000000000000000e+01 9.312276240269332650e-01 9.023160414120707795e-01 2.466506958007812500e+00
4.900000000000000000e+01 9.132803784628835686e-01 9.248968528922530963e-01 2.478673458099365234e+00
5.000000000000000000e+01 9.321064613025276113e-01 9.062880786537728106e-01 2.469435453414916992e+00
5.100000000000000000e+01 9.125875537477956545e-01 9.248566386322717436e-01 2.480763912200927734e+00
5.200000000000000000e+01 9.314118909935633628e-01 9.065685591093490814e-01 2.470691919326782227e+00
5.300000000000000000e+01 9.117817606767641969e-01 9.264913409988763116e-01 2.483325958251953125e+00
5.400000000000000000e+01 9.325329684130502228e-01 9.081417894788904599e-01 2.472294569015502930e+00
5.500000000000000000e+01 9.129599351266198815e-01 9.266770193537994249e-01 2.484492063522338867e+00
5.600000000000000000e+01 9.307919924545018375e-01 9.096974046071226727e-01 2.474140882492065430e+00
5.700000000000000000e+01 9.123680752015020934e-01 9.276224758090158007e-01 2.486176967620849609e+00
5.800000000000000000e+01 9.343518256593602578e-01 9.090523944639079534e-01 2.474910020828247070e+00
5.900000000000000000e+01 9.149910093846530534e-01 9.320760937442391647e-01 2.486346006393432617e+00
6.000000000000000000e+01 9.346091100337531321e-01 9.136100871310213201e-01 2.475857496261596680e+00
6.100000000000000000e+01 9.153916997281996704e-01 9.312466502090152032e-01 2.488270521163940430e+00
6.200000000000000000e+01 9.352122985536237554e-01 9.117703733046428338e-01 2.476994991302490234e+00
6.300000000000000000e+01 9.155727952053233087e-01 9.325127618125346185e-01 2.489434003829956055e+00
6.400000000000000000e+01 9.335469178715131155e-01 9.159457924528751072e-01 2.477164030075073242e+00
6.500000000000000000e+01 9.161787772415871389e-01 9.311504645895765098e-01 2.490916967391967773e+00
6.600000000000000000e+01 9.351102390238790196e-01 9.153339373898311537e-01 2.478425025939941406e+00
6.700000000000000000e+01 9.176197730096401495e-01 9.309919965708405298e-01 2.490139484405517578e+00
6.800000000000000000e+01 9.366547149128532368e-01 9.110968456207452215e-01 2.479628562927246094e+00
6.900000000000000000e+01 9.179389999377814968e-01 9.306047418431115936e-01 2.491188049316406250e+00
7.000000000000000000e+01 9.337789041547229774e-01 9.107416348455626975e-01 2.480300903320312500e+00
7.100000000000000000e+01 9.173842687266364759e-01 9.277078465940175045e-01 2.490296602249145508e+00
7.200000000000000000e+01 9.349757342575369945e-01 9.103713956537679008e-01 2.480544090270996094e+00
7.300000000000000000e+01 9.169623779534925578e-01 9.294250309420717393e-01 2.490688085556030273e+00
7.400000000000000000e+01 9.339134885980460155e-01 9.072910477368856252e-01 2.480902910232543945e+00
7.500000000000000000e+01 9.198102375906689332e-01 9.300994871621088844e-01 2.492103576660156250e+00
7.600000000000000000e+01 9.359177848835755764e-01 9.113717432304495603e-01 2.480686426162719727e+00
7.700000000000000000e+01 9.175692930665727554e-01 9.294218148387403122e-01 2.492599010467529297e+00
7.800000000000000000e+01 9.358686737476250572e-01 9.085224039889941983e-01 2.481225490570068359e+00
7.900000000000000000e+01 9.191798141831915014e-01 9.271633861751121808e-01 2.492837429046630859e+00
8.000000000000000000e+01 9.361206361137260901e-01 9.101419670534339756e-01 2.481532573699951172e+00
8.100000000000000000e+01 9.169957738509528777e-01 9.282236706112267921e-01 2.494549036026000977e+00
8.200000000000000000e+01 9.370218838165812469e-01 9.115399564688394518e-01 2.481709480285644531e+00
8.300000000000000000e+01 9.188457689440017173e-01 9.282979891923036631e-01 2.494611501693725586e+00
8.400000000000000000e+01 9.345699579404567192e-01 9.127753181421031092e-01 2.482328414916992188e+00
8.500000000000000000e+01 9.188883280291306743e-01 9.302908541406578191e-01 2.495554447174072266e+00
8.600000000000000000e+01 9.374361650986103855e-01 9.143814321844209170e-01 2.482371568679809570e+00
8.700000000000000000e+01 9.214234806674750367e-01 9.307461974701536356e-01 2.494592428207397461e+00
8.800000000000000000e+01 9.387048954448498073e-01 9.133381397164243021e-01 2.483234882354736328e+00
8.900000000000000000e+01 9.209884806883426034e-01 9.297742006943882087e-01 2.495302438735961914e+00
9.000000000000000000e+01 9.358200776903213836e-01 9.124115996635004944e-01 2.483080387115478516e+00
9.100000000000000000e+01 9.208370767757063646e-01 9.315529314212792622e-01 2.495629072189331055e+00
9.200000000000000000e+01 9.376248252044127041e-01 9.151165853452678522e-01 2.481847047805786133e+00
9.300000000000000000e+01 9.204444689354658315e-01 9.342982938832136153e-01 2.495584964752197266e+00
9.400000000000000000e+01 9.392507367743155866e-01 9.147536020565129045e-01 2.481928586959838867e+00
9.500000000000000000e+01 9.213838856178603320e-01 9.299652056585863136e-01 2.495443105697631836e+00
9.600000000000000000e+01 9.381414027945493839e-01 9.118177140333435515e-01 2.482751607894897461e+00
9.700000000000000000e+01 9.216767871912182608e-01 9.324217719796769055e-01 2.494635581970214844e+00
9.800000000000000000e+01 9.392509614416665320e-01 9.139040730532529411e-01 2.482867956161499023e+00
9.900000000000000000e+01 9.206043916774414582e-01 9.298218145420242831e-01 2.493849515914916992e+00
1.000000000000000000e+02 9.378885394787342955e-01 9.128054517946128099e-01 2.482521533966064453e+00
1.010000000000000000e+02 9.239521413370860303e-01 9.322708527818195368e-01 2.494494438171386719e+00
1.020000000000000000e+02 9.367842926242062607e-01 9.136175289807529909e-01 2.482288599014282227e+00
1.030000000000000000e+02 9.212817671427773192e-01 9.306685369465588220e-01 2.494714021682739258e+00
1.040000000000000000e+02 9.370678008732904463e-01 9.104788969751264061e-01 2.482632875442504883e+00
1.050000000000000000e+02 9.214937151776704249e-01 9.293687504268366428e-01 2.493670463562011719e+00
1.060000000000000000e+02 9.366468398305727305e-01 9.124642829766990149e-01 2.482917547225952148e+00
1.070000000000000000e+02 9.201522881853513303e-01 9.284117400864227987e-01 2.492727041244506836e+00
1.080000000000000000e+02 9.378654491880880073e-01 9.101463623541290460e-01 2.482217073440551758e+00
1.090000000000000000e+02 9.232486143011831015e-01 9.290929883597087713e-01 2.492924451828002930e+00
1.100000000000000000e+02 9.396986008978959193e-01 9.116339978581416981e-01 2.482615947723388672e+00
1.110000000000000000e+02 9.218297257426146807e-01 9.286331022142964020e-01 2.492441892623901367e+00
1.120000000000000000e+02 9.371910591991350348e-01 9.118899476819336547e-01 2.483071088790893555e+00
1.130000000000000000e+02 9.231963070048853082e-01 9.298104785582722576e-01 2.492156505584716797e+00
1.140000000000000000e+02 9.380882468692747223e-01 9.099001246828953837e-01 2.482836484909057617e+00
1.150000000000000000e+02 9.205284698872533422e-01 9.299093064508520134e-01 2.491801977157592773e+00
1.160000000000000000e+02 9.390782278537167516e-01 9.123686819069953824e-01 2.483522415161132812e+00
1.170000000000000000e+02 9.202637469714264329e-01 9.285680905391225926e-01 2.491983890533447266e+00
1.180000000000000000e+02 9.377754307474142070e-01 9.112917568519695033e-01 2.483309507369995117e+00
1.190000000000000000e+02 9.229740671568055221e-01 9.272726065095667769e-01 2.492398500442504883e+00
1.200000000000000000e+02 9.377738116861593642e-01 9.103556834436971057e-01 2.484018087387084961e+00
1.210000000000000000e+02 9.220117724631272660e-01 9.270239579668918539e-01 2.492387533187866211e+00
1.220000000000000000e+02 9.351758299279288034e-01 9.116952617860227814e-01 2.483587980270385742e+00
1.230000000000000000e+02 9.185269033038339082e-01 9.291238139793667195e-01 2.493533611297607422e+00
1.240000000000000000e+02 9.386181207186444775e-01 9.108780346193653399e-01 2.483180999755859375e+00
1.250000000000000000e+02 9.196505380767800997e-01 9.311061630631930486e-01 2.493169546127319336e+00
1.260000000000000000e+02 9.341530523914007844e-01 9.112274700976938924e-01 2.483026504516601562e+00
1.270000000000000000e+02 9.200562489610892847e-01 9.284916470440623959e-01 2.493381023406982422e+00
1.280000000000000000e+02 9.377302352076422043e-01 9.140672220342767051e-01 2.483052015304565430e+00
1.290000000000000000e+02 9.208768740031347821e-01 9.294646925761131939e-01 2.492675542831420898e+00
1.300000000000000000e+02 9.381824699446897897e-01 9.123077949491871230e-01 2.482510566711425781e+00
1.310000000000000000e+02 9.204553003448179282e-01 9.328556682191015970e-01 2.493664503097534180e+00
1.320000000000000000e+02 9.362389442916877469e-01 9.162926518704276324e-01 2.481436491012573242e+00
1.330000000000000000e+02 9.191906821174181674e-01 9.314947484035268621e-01 2.493553400039672852e+00
1.340000000000000000e+02 9.361771650415869894e-01 9.149530561341032708e-01 2.481220006942749023e+00
1.350000000000000000e+02 9.185316804056911089e-01 9.335162097807766513e-01 2.494307994842529297e+00
1.360000000000000000e+02 9.368603823209438186e-01 9.123024856325308019e-01 2.481695890426635742e+00
1.370000000000000000e+02 9.192211406941077634e-01 9.317336381268975787e-01 2.494651079177856445e+00
1.380000000000000000e+02 9.348720704822253147e-01 9.102348747971049647e-01 2.481789112091064453e+00
1.390000000000000000e+02 9.213454319046733287e-01 9.314309595846187451e-01 2.494636058807373047e+00
1.400000000000000000e+02 9.371331289669073694e-01 9.132751350048780026e-01 2.482069015502929688e+00
1.410000000000000000e+02 9.174802363890323109e-01 9.314828628000493271e-01 2.495629549026489258e+00
1.420000000000000000e+02 9.382362162002650940e-01 9.129278376065995682e-01 2.482475519180297852e+00
1.430000000000000000e+02 9.206057163763052831e-01 9.303826662294584215e-01 2.495666503906250000e+00
1.440000000000000000e+02 9.352380251333879402e-01 9.138373195069524613e-01 2.482508897781372070e+00
1.450000000000000000e+02 9.200237768302210739e-01 9.327528585714228715e-01 2.495393037796020508e+00
1.460000000000000000e+02 9.368291531725609911e-01 9.151915163883619364e-01 2.481836557388305664e+00
1.470000000000000000e+02 9.181371713533375001e-01 9.307433623244033560e-01 2.495461463928222656e+00
1.480000000000000000e+02 9.329282174837508768e-01 9.146487274388891420e-01 2.481934547424316406e+00
1.490000000000000000e+02 9.172492811494404874e-01 9.306400096249594078e-01 2.496277093887329102e+00
1.500000000000000000e+02 9.341788033896705201e-01 9.132249770707728809e-01 2.482302904129028320e+00
1.510000000000000000e+02 9.166325710186539188e-01 9.341351655749541294e-01 2.495513916015625000e+00
1.520000000000000000e+02 9.324855959200665234e-01 9.133371644561111280e-01 2.481146097183227539e+00
1.530000000000000000e+02 9.181020177484484623e-01 9.347853513517708768e-01 2.494614601135253906e+00
1.540000000000000000e+02 9.332496855523971790e-01 9.136643240006917521e-01 2.481867074966430664e+00
1.550000000000000000e+02 9.182126538702068963e-01 9.311467923409993963e-01 2.494670391082763672e+00
1.560000000000000000e+02 9.355899742616623493e-01 9.153705771769305999e-01 2.482665538787841797e+00
1.570000000000000000e+02 9.180604300498088621e-01 9.315367439915342995e-01 2.493995904922485352e+00
1.580000000000000000e+02 9.342451988116343697e-01 9.145064320626828946e-01 2.482980489730834961e+00
1.590000000000000000e+02 9.193998479444734917e-01 9.314022756240964984e-01 2.494099378585815430e+00
1.600000000000000000e+02 9.356449187887214691e-01 9.137964067084551889e-01 2.482686996459960938e+00
1.610000000000000000e+02 9.173550767728749777e-01 9.314375640858800764e-01 2.494713068008422852e+00
1.620000000000000000e+02 9.331388907917476105e-01 9.129010238717115699e-01 2.482096910476684570e+00
1.630000000000000000e+02 9.150215130589648416e-01 9.308118820320729903e-01 2.494674921035766602e+00
1.640000000000000000e+02 9.361912131130424308e-01 9.155325060614633026e-01 2.482409477233886719e+00
1.650000000000000000e+02 9.190775395546916249e-01 9.310762370214212824e-01 2.495177984237670898e+00
1.660000000000000000e+02 9.368815529983208767e-01 9.123858019280746134e-01 2.482409477233886719e+00
1.670000000000000000e+02 9.182522720013496231e-01 9.320867097636790222e-01 2.493964910507202148e+00
1.680000000000000000e+02 9.361855064652992997e-01 9.127987677384933329e-01 2.482906103134155273e+00
1.690000000000000000e+02 9.184845696078182131e-01 9.349633847314681168e-01 2.493065595626831055e+00
1.700000000000000000e+02 9.367225043444581400e-01 9.158876625463641119e-01 2.482204437255859375e+00
1.710000000000000000e+02 9.176516376472400038e-01 9.306623672598803854e-01 2.493134021759033203e+00
1.720000000000000000e+02 9.333528872013691080e-01 9.139212397343268179e-01 2.482336997985839844e+00
1.730000000000000000e+02 9.166069141087102023e-01 9.316667095074204763e-01 2.493058919906616211e+00
1.740000000000000000e+02 9.353118516084319989e-01 9.124789624167393143e-01 2.481439590454101562e+00
1.750000000000000000e+02 9.157262927816072207e-01 9.319819128351435333e-01 2.493103981018066406e+00
1.760000000000000000e+02 9.334703336568671572e-01 9.154971197335872723e-01 2.481581449508666992e+00
1.770000000000000000e+02 9.197256733429329811e-01 9.313775471126219951e-01 2.493376493453979492e+00
1.780000000000000000e+02 9.347300559522720986e-01 9.112607484174363170e-01 2.482642412185668945e+00
1.790000000000000000e+02 9.186765228263232830e-01 9.298783612829677470e-01 2.493425607681274414e+00
1.800000000000000000e+02 9.337148587075386752e-01 9.086367176629438491e-01 2.482578039169311523e+00
1.810000000000000000e+02 9.158680591039103369e-01 9.298443037976894532e-01 2.493064403533935547e+00
1.820000000000000000e+02 9.357479023080205183e-01 9.119322968124542461e-01 2.481765508651733398e+00
1.830000000000000000e+02 9.161664456641820387e-01 9.322101633380810437e-01 2.493339061737060547e+00
1.840000000000000000e+02 9.340877110448354559e-01 9.116947911871191579e-01 2.481524467468261719e+00
1.850000000000000000e+02 9.158353904992297956e-01 9.304582691990396226e-01 2.493380546569824219e+00
1.860000000000000000e+02 9.354631345919499630e-01 9.133753920401361803e-01 2.481495380401611328e+00
1.870000000000000000e+02 9.159866655340939134e-01 9.323469270038672319e-01 2.494338512420654297e+00
1.880000000000000000e+02 9.336871565008929563e-01 9.127269146866465732e-01 2.482523918151855469e+00
1.890000000000000000e+02 9.158916834459958078e-01 9.309368855888214833e-01 2.493889093399047852e+00
1.900000000000000000e+02 9.366368114142837875e-01 9.128729887300123247e-01 2.484632015228271484e+00
1.910000000000000000e+02 9.160966204449647599e-01 9.320947330205610060e-01 2.493213891983032227e+00
1.920000000000000000e+02 9.349860183497373800e-01 9.103117759573662315e-01 2.483831405639648438e+00
1.930000000000000000e+02 9.158590353791844496e-01 9.291646293238645660e-01 2.493404388427734375e+00
1.940000000000000000e+02 9.362072866842787722e-01 9.139482013675339633e-01 2.483232975006103516e+00
1.950000000000000000e+02 9.162971020496940566e-01 9.291833463115347636e-01 2.492979526519775391e+00
1.960000000000000000e+02 9.347335140354033900e-01 9.111921029340408484e-01 2.482384920120239258e+00
1.970000000000000000e+02 9.182522430790180934e-01 9.278638385093671559e-01 2.492942571640014648e+00
1.980000000000000000e+02 9.354312226247387674e-01 9.122053136941138396e-01 2.481567382812500000e+00
1.990000000000000000e+02 9.171727586150838496e-01 9.286024502226942756e-01 2.493099927902221680e+00
2.000000000000000000e+02 9.360555381870350189e-01 9.107862874409080600e-01 2.482740879058837891e+00
2.010000000000000000e+02 9.153907910218828103e-01 9.300190395562770718e-01 2.494035005569458008e+00
2.020000000000000000e+02 9.367031881855477637e-01 9.111110926260268528e-01 2.482714414596557617e+00
2.030000000000000000e+02 9.157552616192303763e-01 9.310319707909827658e-01 2.494457483291625977e+00
2.040000000000000000e+02 9.361019944245151381e-01 9.091624747601565470e-01 2.482937574386596680e+00
2.050000000000000000e+02 9.181154752984995726e-01 9.286024293925563278e-01 2.494415044784545898e+00
2.060000000000000000e+02 9.346473527381060631e-01 9.108030784293944526e-01 2.484174966812133789e+00
2.070000000000000000e+02 9.217378106587980069e-01 9.293272020339177208e-01 2.493889570236206055e+00
2.080000000000000000e+02 9.349605067423361060e-01 9.105039990783081461e-01 2.482538938522338867e+00
2.090000000000000000e+02 9.200190977533818648e-01 9.300771691059510626e-01 2.494504451751708984e+00
2.100000000000000000e+02 9.368121045975664751e-01 9.125599137432600649e-01 2.482722043991088867e+00
2.110000000000000000e+02 9.201795198974365153e-01 9.298083435916878470e-01 2.494438409805297852e+00
2.120000000000000000e+02 9.379994208050254079e-01 9.112959099399492446e-01 2.483609437942504883e+00
2.130000000000000000e+02 9.207887507703401697e-01 9.296795270903217556e-01 2.495094537734985352e+00
2.140000000000000000e+02 9.358743564017598660e-01 9.130700914579440441e-01 2.483648538589477539e+00
2.150000000000000000e+02 9.201886216203546409e-01 9.322921661235764601e-01 2.495805501937866211e+00
2.160000000000000000e+02 9.370639786289430839e-01 9.121570921511769070e-01 2.483884096145629883e+00
2.170000000000000000e+02 9.199438595468902857e-01 9.294107521804692018e-01 2.496346950531005859e+00
2.180000000000000000e+02 9.367018568105401899e-01 9.127259027269485347e-01 2.483835935592651367e+00
2.190000000000000000e+02 9.177673102528542959e-01 9.325677892047540274e-01 2.496199607849121094e+00
2.200000000000000000e+02 9.364273432365025629e-01 9.113466214356420458e-01 2.482731103897094727e+00
2.210000000000000000e+02 9.184918859823159032e-01 9.291377677939267610e-01 2.495830059051513672e+00
2.220000000000000000e+02 9.391320900264777949e-01 9.117327049956656104e-01 2.482589960098266602e+00
2.230000000000000000e+02 9.198413172378383518e-01 9.296175628106341238e-01 2.494072914123535156e+00
2.240000000000000000e+02 9.373675124529525782e-01 9.119774042243129486e-01 2.483859062194824219e+00
2.250000000000000000e+02 9.193272830459010558e-01 9.294096558912759987e-01 2.493937969207763672e+00
2.260000000000000000e+02 9.375781576923204463e-01 9.159453331556436373e-01 2.484142541885375977e+00
2.270000000000000000e+02 9.190720918687869112e-01 9.284066919828275477e-01 2.493779420852661133e+00
2.280000000000000000e+02 9.356748966640250353e-01 9.134053458686817173e-01 2.483824491500854492e+00
2.290000000000000000e+02 9.202620610524723244e-01 9.310002322404524744e-01 2.494016885757446289e+00
2.300000000000000000e+02 9.345889015720297843e-01 9.137621231704852187e-01 2.483706474304199219e+00
2.310000000000000000e+02 9.181017916451460481e-01 9.309639756105221320e-01 2.494948387145996094e+00
2.320000000000000000e+02 9.375742519919937346e-01 9.138217950871374562e-01 2.484241008758544922e+00
2.330000000000000000e+02 9.186612710487355171e-01 9.308771366747330411e-01 2.494942426681518555e+00
2.340000000000000000e+02 9.366619590822861108e-01 9.131940111913199321e-01 2.483736038208007812e+00
2.350000000000000000e+02 9.203891427190797891e-01 9.318635658481554396e-01 2.494289398193359375e+00
2.360000000000000000e+02 9.384890971204238319e-01 9.142685986453482627e-01 2.484575986862182617e+00
2.370000000000000000e+02 9.192987478763522402e-01 9.312810559014421674e-01 2.493249416351318359e+00
2.380000000000000000e+02 9.402006185619428136e-01 9.116414336527725037e-01 2.484615087509155273e+00
2.390000000000000000e+02 9.212361377886080227e-01 9.307967088795467969e-01 2.492802381515502930e+00
2.400000000000000000e+02 9.383788454219212927e-01 9.128472428542797612e-01 2.484600067138671875e+00
2.410000000000000000e+02 9.199958559960895732e-01 9.308294512087300632e-01 2.493782997131347656e+00
2.420000000000000000e+02 9.384246194775365257e-01 9.109719069150885584e-01 2.484380483627319336e+00
2.430000000000000000e+02 9.195340789413417593e-01 9.314566053130357570e-01 2.495034933090209961e+00
2.440000000000000000e+02 9.374716715718259819e-01 9.117357714022292781e-01 2.484444379806518555e+00
2.450000000000000000e+02 9.191496479538585618e-01 9.296577717582156231e-01 2.496064901351928711e+00
2.460000000000000000e+02 9.372289030624600947e-01 9.136758316327071583e-01 2.483472108840942383e+00
2.470000000000000000e+02 9.213110042015980605e-01 9.319512057499239610e-01 2.495403528213500977e+00
2.480000000000000000e+02 9.354094532371720616e-01 9.150924656826312509e-01 2.482311964035034180e+00
2.490000000000000000e+02 9.165983437985952831e-01 9.319171474086130891e-01 2.494509935379028320e+00
2.500000000000000000e+02 9.357663025924282119e-01 9.133108830749198104e-01 2.482330560684204102e+00
2.510000000000000000e+02 9.172438889871959988e-01 9.294927675281865476e-01 2.494596481323242188e+00
2.520000000000000000e+02 9.358084385857896592e-01 9.124692664206280890e-01 2.482033014297485352e+00
2.530000000000000000e+02 9.170457709500688948e-01 9.297733056120185413e-01 2.493288516998291016e+00
2.540000000000000000e+02 9.341581840877607457e-01 9.127484899998048462e-01 2.482744932174682617e+00
2.550000000000000000e+02 9.167826369270020148e-01 9.315803771434287839e-01 2.493746995925903320e+00
2.560000000000000000e+02 9.361348306605148384e-01 9.135124709781116126e-01 2.483522415161132812e+00
2.570000000000000000e+02 9.208699992499799203e-01 9.308411160989384925e-01 2.493952989578247070e+00
2.580000000000000000e+02 9.387173898016289986e-01 9.110242198596733010e-01 2.483541965484619141e+00
2.590000000000000000e+02 9.202434529974167221e-01 9.292366459400014378e-01 2.494327545166015625e+00
2.600000000000000000e+02 9.372053589466049495e-01 9.103497579606583123e-01 2.484240531921386719e+00
2.610000000000000000e+02 9.193277489283131487e-01 9.289968570699556061e-01 2.493818998336791992e+00
2.620000000000000000e+02 9.372471929616524866e-01 9.129115023607401458e-01 2.483612060546875000e+00
2.630000000000000000e+02 9.182098309410526848e-01 9.289561719695923481e-01 2.493256568908691406e+00
2.640000000000000000e+02 9.386790757548836295e-01 9.125906289223408852e-01 2.483239412307739258e+00
2.650000000000000000e+02 9.187177968203340539e-01 9.285121975445610465e-01 2.493250608444213867e+00
2.660000000000000000e+02 9.351809828538556468e-01 9.125068554864445014e-01 2.483690500259399414e+00
2.670000000000000000e+02 9.196602172665259145e-01 9.295941073442086644e-01 2.492669582366943359e+00
2.680000000000000000e+02 9.381636568076466842e-01 9.129827317688820054e-01 2.483916521072387695e+00
2.690000000000000000e+02 9.201568824971259053e-01 9.283461466378570837e-01 2.493571996688842773e+00
2.700000000000000000e+02 9.363179586065545346e-01 9.099395555165700200e-01 2.483759403228759766e+00
2.710000000000000000e+02 9.203546147446139969e-01 9.305985488122602289e-01 2.494138479232788086e+00
2.720000000000000000e+02 9.396754450597635255e-01 9.107116572235357532e-01 2.484777927398681641e+00
2.730000000000000000e+02 9.200355885756265062e-01 9.293173164265275954e-01 2.493726491928100586e+00
2.740000000000000000e+02 9.371945247790008926e-01 9.116795720270477466e-01 2.484361410140991211e+00
2.750000000000000000e+02 9.189259013076370719e-01 9.293080707795355888e-01 2.494407892227172852e+00
2.760000000000000000e+02 9.384461507470085451e-01 9.131536600920436841e-01 2.484546422958374023e+00
2.770000000000000000e+02 9.207496713272279587e-01 9.294891690179909460e-01 2.493737936019897461e+00
2.780000000000000000e+02 9.358184312772613866e-01 9.095003353128375823e-01 2.483076095581054688e+00
2.790000000000000000e+02 9.198692650035342755e-01 9.307409239483910302e-01 2.492168903350830078e+00
2.800000000000000000e+02 9.390590560517270147e-01 9.104095552689437376e-01 2.484024524688720703e+00
2.810000000000000000e+02 9.210699529214098069e-01 9.265914985397176729e-01 2.492784500122070312e+00
2.820000000000000000e+02 9.370726656925701947e-01 9.120215261600970180e-01 2.484352111816406250e+00
2.830000000000000000e+02 9.199250776156120413e-01 9.283985220325344789e-01 2.492467403411865234e+00
2.840000000000000000e+02 9.398900567449803845e-01 9.118880397408885008e-01 2.485359907150268555e+00
2.850000000000000000e+02 9.214148284522696297e-01 9.284463250499047637e-01 2.492032527923583984e+00
2.860000000000000000e+02 9.380667078373661205e-01 9.105524735328381913e-01 2.485244512557983398e+00
2.870000000000000000e+02 9.224619551815750329e-01 9.280556739148416723e-01 2.492394447326660156e+00
2.880000000000000000e+02 9.410660897438950512e-01 9.106658050597606913e-01 2.484428882598876953e+00
2.890000000000000000e+02 9.223809045096474923e-01 9.285017474529302373e-01 2.493484973907470703e+00
2.900000000000000000e+02 9.386018826914298563e-01 9.124221040359821178e-01 2.484161376953125000e+00
2.910000000000000000e+02 9.202733823053346196e-01 9.282498035428577987e-01 2.494801998138427734e+00
2.920000000000000000e+02 9.374365373004607260e-01 9.094577035783136809e-01 2.484655380249023438e+00
2.930000000000000000e+02 9.217365304069012888e-01 9.286490685668835621e-01 2.495668411254882812e+00
2.940000000000000000e+02 9.387545317864810501e-01 9.120680819619056967e-01 2.484287023544311523e+00
2.950000000000000000e+02 9.208202939239712448e-01 9.297364478042966507e-01 2.495431423187255859e+00
2.960000000000000000e+02 9.378892190464960255e-01 9.126391384494900727e-01 2.484018087387084961e+00
2.970000000000000000e+02 9.189978655129553697e-01 9.312941947872477311e-01 2.496094942092895508e+00
2.980000000000000000e+02 9.373044221703101808e-01 9.115541766655245182e-01 2.483314514160156250e+00
2.990000000000000000e+02 9.184915552527519456e-01 9.295760832393168416e-01 2.495661020278930664e+00
3.000000000000000000e+02 9.357420228581727617e-01 9.129451813881311883e-01 2.483313560485839844e+00
3.010000000000000000e+02 9.201648461265904411e-01 9.301243027506974625e-01 2.495964527130126953e+00
3.020000000000000000e+02 9.347747203361013169e-01 9.116885301729867885e-01 2.483290433883666992e+00
3.030000000000000000e+02 9.196660418575955953e-01 9.313169244997191454e-01 2.495780467987060547e+00
3.040000000000000000e+02 9.349534970194286476e-01 9.145111375388877972e-01 2.483846426010131836e+00
3.050000000000000000e+02 9.192657132766896000e-01 9.333404169291587005e-01 2.496380090713500977e+00
3.060000000000000000e+02 9.364587929767042018e-01 9.123567363032401012e-01 2.483760595321655273e+00
3.070000000000000000e+02 9.183032257423584532e-01 9.317775245602069045e-01 2.496884584426879883e+00
3.080000000000000000e+02 9.357361056406149347e-01 9.142460419676655681e-01 2.483793497085571289e+00
3.090000000000000000e+02 9.200604610647219461e-01 9.325059958998938026e-01 2.496574878692626953e+00
3.100000000000000000e+02 9.390754399098721894e-01 9.118995895307041577e-01 2.484798431396484375e+00
3.110000000000000000e+02 9.205947069961625262e-01 9.311260475779919998e-01 2.496519565582275391e+00
3.120000000000000000e+02 9.377686634450070891e-01 9.126696732409981250e-01 2.484765529632568359e+00
3.130000000000000000e+02 9.182419347878819638e-01 9.310921257341464585e-01 2.496198892593383789e+00
3.140000000000000000e+02 9.357393413517200997e-01 9.113913462450283776e-01 2.485261440277099609e+00
3.150000000000000000e+02 9.215899393221504976e-01 9.327734603876486341e-01 2.495168924331665039e+00
3.160000000000000000e+02 9.365594368089251720e-01 9.126308749907580120e-01 2.484826564788818359e+00
3.170000000000000000e+02 9.207119938939133386e-01 9.327033476883697105e-01 2.495790004730224609e+00
3.180000000000000000e+02 9.345074663949598515e-01 9.130090416999800951e-01 2.485239982604980469e+00
3.190000000000000000e+02 9.206568035071713840e-01 9.311663213457023192e-01 2.495049953460693359e+00
3.200000000000000000e+02 9.379265936261619308e-01 9.137870107879925152e-01 2.485404491424560547e+00
3.210000000000000000e+02 9.185252242862541605e-01 9.321933989447918067e-01 2.494381904602050781e+00
3.220000000000000000e+02 9.379125101376272200e-01 9.153385367251821725e-01 2.484978437423706055e+00
3.230000000000000000e+02 9.206701292026123751e-01 9.321404784475740835e-01 2.494376420974731445e+00
3.240000000000000000e+02 9.355791512964448664e-01 9.153624794154278099e-01 2.485588073730468750e+00
3.250000000000000000e+02 9.199070549708202593e-01 9.326326342340595099e-01 2.494982004165649414e+00
3.260000000000000000e+02 9.369290002719160571e-01 9.143991805717838206e-01 2.484609603881835938e+00
3.270000000000000000e+02 9.190520125585791567e-01 9.304889830973843701e-01 2.493963479995727539e+00
3.280000000000000000e+02 9.351193740213813443e-01 9.139410537958942982e-01 2.484622001647949219e+00
3.290000000000000000e+02 9.184320264898090391e-01 9.325814195178767640e-01 2.494476079940795898e+00
3.300000000000000000e+02 9.357595360200381407e-01 9.147843269732054416e-01 2.484625577926635742e+00
3.310000000000000000e+02 9.185039828317421717e-01 9.321900600235225598e-01 2.494965076446533203e+00
3.320000000000000000e+02 9.347223973799613228e-01 9.140883232489722676e-01 2.484272003173828125e+00
3.330000000000000000e+02 9.195396304056513426e-01 9.298551149743082833e-01 2.494920492172241211e+00
3.340000000000000000e+02 9.343741919704658949e-01 9.137667783420907464e-01 2.484803438186645508e+00
3.350000000000000000e+02 9.194116862672691015e-01 9.326233527766950582e-01 2.496332406997680664e+00
3.360000000000000000e+02 9.362355296960814810e-01 9.159018734846734455e-01 2.483833551406860352e+00
3.370000000000000000e+02 9.190818831570068959e-01 9.312337939219236249e-01 2.496340513229370117e+00
3.380000000000000000e+02 9.353548448012066752e-01 9.139927815992541227e-01 2.484000444412231445e+00
3.390000000000000000e+02 9.199200971656786852e-01 9.318187403431698046e-01 2.496150493621826172e+00
3.400000000000000000e+02 9.367548939480863091e-01 9.136256704692544695e-01 2.484398603439331055e+00
3.410000000000000000e+02 9.202796067204248587e-01 9.303456183363167931e-01 2.495527982711791992e+00
3.420000000000000000e+02 9.380240714842437155e-01 9.137562340185207965e-01 2.484488964080810547e+00
3.430000000000000000e+02 9.185258414138423033e-01 9.326935915149638934e-01 2.495423555374145508e+00
3.440000000000000000e+02 9.369897241339264493e-01 9.164312190336610930e-01 2.484808444976806641e+00
3.450000000000000000e+02 9.175251182192094568e-01 9.323088240569689100e-01 2.494859457015991211e+00
3.460000000000000000e+02 9.342626944251181120e-01 9.139770462514245075e-01 2.484118461608886719e+00
3.470000000000000000e+02 9.192933456217126098e-01 9.330536292342724858e-01 2.495707511901855469e+00
3.480000000000000000e+02 9.355333472133707806e-01 9.149799094473999306e-01 2.484874963760375977e+00
3.490000000000000000e+02 9.166932478339705481e-01 9.338992853020634533e-01 2.496103525161743164e+00
3.500000000000000000e+02 9.361271014358083509e-01 9.156717377630282373e-01 2.484271526336669922e+00
3.510000000000000000e+02 9.185832951022331327e-01 9.313909707301765151e-01 2.496437549591064453e+00
3.520000000000000000e+02 9.369375296427323585e-01 9.169196378251539548e-01 2.484892606735229492e+00
3.530000000000000000e+02 9.192943639084175667e-01 9.320096312773307190e-01 2.496891498565673828e+00
3.540000000000000000e+02 9.363039337929238703e-01 9.152721001572654558e-01 2.484797477722167969e+00
3.550000000000000000e+02 9.194348844759786532e-01 9.331003851043259134e-01 2.496484041213989258e+00
3.560000000000000000e+02 9.386329516578095777e-01 9.160521152248892740e-01 2.484765052795410156e+00
3.570000000000000000e+02 9.234352284176168268e-01 9.338559217959661041e-01 2.496957063674926758e+00
3.580000000000000000e+02 9.372206104278654193e-01 9.143076266781492434e-01 2.485546588897705078e+00
3.590000000000000000e+02 9.219722012823033941e-01 9.312907992542693858e-01 2.496176481246948242e+00
3.600000000000000000e+02 9.363501217332723670e-01 9.168855422792041576e-01 2.484717607498168945e+00
3.610000000000000000e+02 9.215099363347931671e-01 9.308284934966226665e-01 2.497062444686889648e+00
3.620000000000000000e+02 9.379106052169267072e-01 9.131331425941446867e-01 2.484410524368286133e+00
3.630000000000000000e+02 9.192665504009659427e-01 9.302838173248061393e-01 2.496589422225952148e+00
3.640000000000000000e+02 9.369457662493310135e-01 9.156651126415060737e-01 2.484206914901733398e+00
3.650000000000000000e+02 9.207992129583605356e-01 9.302154560208161227e-01 2.495881080627441406e+00
3.660000000000000000e+02 9.372634018894722141e-01 9.134819320113080066e-01 2.483770608901977539e+00
3.670000000000000000e+02 9.181828851741365982e-01 9.289625267334391534e-01 2.495444059371948242e+00
3.680000000000000000e+02 9.373571485872036479e-01 9.155464713524837927e-01 2.483731031417846680e+00
3.690000000000000000e+02 9.199352391038898569e-01 9.315613920529277614e-01 2.495052099227905273e+00
3.700000000000000000e+02 9.374608453494748250e-01 9.131525103644601016e-01 2.485295057296752930e+00
3.710000000000000000e+02 9.214719435557949812e-01 9.299955749727403242e-01 2.494821071624755859e+00
3.720000000000000000e+02 9.374506230237180660e-01 9.142644399438681901e-01 2.485053062438964844e+00
3.730000000000000000e+02 9.194638943674831033e-01 9.300169644439141292e-01 2.495349884033203125e+00
3.740000000000000000e+02 9.377556366521101472e-01 9.154187833769819038e-01 2.484427452087402344e+00
3.750000000000000000e+02 9.192902770881807850e-01 9.316205047024903596e-01 2.494825601577758789e+00
3.760000000000000000e+02 9.375111051231677095e-01 9.125394821704650994e-01 2.484207391738891602e+00
3.770000000000000000e+02 9.210967348654840459e-01 9.318499834560782791e-01 2.494669437408447266e+00
3.780000000000000000e+02 9.379834703388072459e-01 9.126525454558681583e-01 2.483818054199218750e+00
3.790000000000000000e+02 9.209093641932655228e-01 9.315850754760566232e-01 2.493694067001342773e+00
3.800000000000000000e+02 9.383128560805786833e-01 9.109766505584305785e-01 2.484380006790161133e+00
3.810000000000000000e+02 9.221075383801615732e-01 9.303765899270433071e-01 2.494074583053588867e+00
3.820000000000000000e+02 9.395381039743732066e-01 9.100469486483668824e-01 2.484099388122558594e+00
3.830000000000000000e+02 9.209794780874150932e-01 9.302910299384957726e-01 2.493721008300781250e+00
3.840000000000000000e+02 9.382167367877459752e-01 9.123924463886500247e-01 2.483861446380615234e+00
3.850000000000000000e+02 9.241952949567342479e-01 9.287933602269869970e-01 2.492738008499145508e+00
3.860000000000000000e+02 9.405028530549126575e-01 9.090396321978160277e-01 2.484652042388916016e+00
3.870000000000000000e+02 9.221182087640158453e-01 9.260079233840040613e-01 2.492888927459716797e+00
3.880000000000000000e+02 9.398111003473545999e-01 9.123212095907818897e-01 2.485670089721679688e+00
3.890000000000000000e+02 9.206914204007379254e-01 9.265439879893448971e-01 2.493284463882446289e+00
3.900000000000000000e+02 9.367699217833962422e-01 9.108445261704077867e-01 2.485725879669189453e+00
3.910000000000000000e+02 9.218227402663371484e-01 9.287586693802838411e-01 2.493536949157714844e+00
3.920000000000000000e+02 9.387968601383981371e-01 9.082359116232691099e-01 2.485115528106689453e+00
3.930000000000000000e+02 9.212964549105369105e-01 9.283336490883944414e-01 2.493669033050537109e+00
3.940000000000000000e+02 9.364004664999975303e-01 9.093520609878403826e-01 2.485053539276123047e+00
3.950000000000000000e+02 9.225058701244526205e-01 9.313972370140884971e-01 2.494940042495727539e+00
3.960000000000000000e+02 9.365941775677912862e-01 9.107163148434829214e-01 2.484292030334472656e+00
3.970000000000000000e+02 9.216916286665468583e-01 9.288885931718189326e-01 2.493540048599243164e+00
3.980000000000000000e+02 9.369349603935741566e-01 9.116479338508657326e-01 2.484235525131225586e+00
