0.000000000000000000e+00 4.718964949684881227e-02 3.893762474615303920e-02 4.876049995422363281e+00
1.000000000000000000e+00 4.675271184233266430e-02 4.714028700055029886e-02 4.873763084411621094e+00
2.000000000000000000e+00 6.817051596365496235e-02 4.574868922997243209e-02 5.045124053955078125e+00
3.000000000000000000e+00 6.460180072118290595e-02 6.815341286983858660e-02 5.048788070678710938e+00
4.000000000000000000e+00 9.584537423417398283e-02 6.435381375175791563e-02 5.195147037506103516e+00
5.000000000000000000e+00 9.192370774452740534e-02 9.741042841017409637e-02 5.196026802062988281e+00
6.000000000000000000e+00 1.273441660936922293e-01 9.102227165944072607e-02 5.321258544921875000e+00
7.000000000000000000e+00 1.204822055725235097e-01 1.291635971964564533e-01 5.325582027435302734e+00
8.000000000000000000e+00 1.634082863935239494e-01 1.208813935489492369e-01 5.431270599365234375e+00
9.000000000000000000e+00 1.549366157058417737e-01 1.628898275103620452e-01 5.436946868896484375e+00
1.000000000000000000e+01 1.970079378233704492e-01 1.512053039335513605e-01 5.527869701385498047e+00
1.100000000000000000e+01 1.819013716012401471e-01 1.945930357076003370e-01 5.531598091125488281e+00
1.200000000000000000e+01 2.281536034449781203e-01 1.802163099809649671e-01 5.612347126007080078e+00
1.300000000000000000e+01 2.102903198267846163e-01 2.255466161752744114e-01 5.615200519561767578e+00
1.400000000000000000e+01 2.556362386906428918e-01 2.079643592734433666e-01 5.684710502624511719e+00
1.500000000000000000e+01 2.342441745967388522e-01 2.529042475727337203e-01 5.688273429870605469e+00
1.600000000000000000e+01 2.813699686127663080e-01 2.339368613336632874e-01 5.746786117553710938e+00
1.700000000000000000e+01 2.599080644299471832e-01 2.807460378851023286e-01 5.752760887145996094e+00
1.800000000000000000e+01 3.055698644218212134e-01 2.593864981063525033e-01 5.801957130432128906e+00
1.900000000000000000e+01 2.823558885912200722e-01 3.041761749924891678e-01 5.809365749359130859e+00
2.000000000000000000e+01 3.270675343052626416e-01 2.816405419853738046e-01 5.850986003875732422e+00
2.100000000000000000e+01 3.019107159214312608e-01 3.263911763500078056e-01 5.858154773712158203e+00
2.200000000000000000e+01 3.470853440856816463e-01 3.006095112835588945e-01 5.892475128173828125e+00
2.300000000000000000e+01 3.206853194047292743e-01 3.464094621565148024e-01 5.900245189666748047e+00
2.400000000000000000e+01 3.647003831381960270e-01 3.179515121697245039e-01 5.932417869567871094e+00
2.500000000000000000e+01 3.349951628328021180e-01 3.628172250844107216e-01 5.940874576568603516e+00
2.600000000000000000e+01 3.788040912590246445e-01 3.347764778234102456e-01 5.967350006103515625e+00
2.700000000000000000e+01 3.520366551708351555e-01 3.785469269196712894e-01 5.974531173706054688e+00
2.800000000000000000e+01 3.933656126741822967e-01 3.481016906771258745e-01 5.998055934906005859e+00
2.900000000000000000e+01 3.615482976305131602e-01 3.923135583075382238e-01 6.005026817321777344e+00
3.000000000000000000e+01 4.048912762549830013e-01 3.629690520689273225e-01 6.023022651672363281e+00
3.100000000000000000e+01 3.746015928876690881e-01 4.067192247880863087e-01 6.032656192779541016e+00
3.200000000000000000e+01 4.174460323287042529e-01 3.757363394070331042e-01 6.046826839447021484e+00
3.300000000000000000e+01 3.856686159481914622e-01 4.180790750640149267e-01 6.058437347412109375e+00
3.400000000000000000e+01 4.280792246229273568e-01 3.868548532333564993e-01 6.068628311157226562e+00
3.500000000000000000e+01 3.964828869322297722e-01 4.277855516397214286e-01 6.079213619232177734e+00
3.600000000000000000e+01 4.400189641845241861e-01 3.962203723866835059e-01 6.088789939880371094e+00
3.700000000000000000e+01 4.048689609363219089e-01 4.384596080830736042e-01 6.098115921020507812e+00
3.800000000000000000e+01 4.473175281094047273e-01 4.062782343500477289e-01 6.109015464782714844e+00
3.900000000000000000e+01 4.156727371022596040e-01 4.472996308661276732e-01 6.117290019989013672e+00
4.000000000000000000e+01 4.558946341863225338e-01 4.119012772047764281e-01 6.126337528228759766e+00
4.100000000000000000e+01 4.230252094689925246e-01 4.534289090222111684e-01 6.131552219390869141e+00
4.200000000000000000e+01 4.643704050532865280e-01 4.199433421407026690e-01 6.141519069671630859e+00
4.300000000000000000e+01 4.312295314121537548e-01 4.609613329839946094e-01 6.144864559173583984e+00
4.400000000000000000e+01 4.719324420359936045e-01 4.266935826904139084e-01 6.156004905700683594e+00
4.500000000000000000e+01 4.375167362941525528e-01 4.689055574085789213e-01 6.155578613281250000e+00
4.600000000000000000e+01 4.781803259447379717e-01 4.341114665820267060e-01 6.168078422546386719e+00
4.700000000000000000e+01 4.428410871772908153e-01 4.739179636915976657e-01 6.169839859008789062e+00
4.800000000000000000e+01 4.824641889418244123e-01 4.380027330721167345e-01 6.177174091339111328e+00
4.900000000000000000e+01 4.466650063070253251e-01 4.804794682639058068e-01 6.180280685424804688e+00
5.000000000000000000e+01 4.864647680773980243e-01 4.467737356160686457e-01 6.185871124267578125e+00
5.100000000000000000e+01 4.509658847454562358e-01 4.843957396205281762e-01 6.191131114959716797e+00
5.200000000000000000e+01 4.918331848278722496e-01 4.498507152498762429e-01 6.194942951202392578e+00
5.300000000000000000e+01 4.547849130251896965e-01 4.890685696535889693e-01 6.199337959289550781e+00
5.400000000000000000e+01 4.968856280661384517e-01 4.548566064895259164e-01 6.202864646911621094e+00
5.500000000000000000e+01 4.595967763310682686e-01 4.914636398247685944e-01 6.207334995269775391e+00
5.600000000000000000e+01 4.986746309091100726e-01 4.549346150374929953e-01 6.208244800567626953e+00
5.700000000000000000e+01 4.632700057822369821e-01 4.943665085134107406e-01 6.213432312011718750e+00
5.800000000000000000e+01 5.039474277985378503e-01 4.603681393122771581e-01 6.216489791870117188e+00
5.900000000000000000e+01 4.648100616694115783e-01 4.981658384805631723e-01 6.219518661499023438e+00
6.000000000000000000e+01 5.064527681139880944e-01 4.637130006253288306e-01 6.221166610717773438e+00
6.100000000000000000e+01 4.690068537318102804e-01 5.015583179007188086e-01 6.227715969085693359e+00
6.200000000000000000e+01 5.065043174981753715e-01 4.658126067798840086e-01 6.226809501647949219e+00
6.300000000000000000e+01 4.715921234049447741e-01 5.034104892140091048e-01 6.231819629669189453e+00
6.400000000000000000e+01 5.097866353011822893e-01 4.667627376752839230e-01 6.229907989501953125e+00
6.500000000000000000e+01 4.726413643955252319e-01 5.057794978348366666e-01 6.232566833496093750e+00
6.600000000000000000e+01 5.103005793232960885e-01 4.692565347225933214e-01 6.235095024108886719e+00
6.700000000000000000e+01 4.752935794745034026e-01 5.088380068734613682e-01 6.237560272216796875e+00
6.800000000000000000e+01 5.140204935379115714e-01 4.731532368640331554e-01 6.237237453460693359e+00
6.900000000000000000e+01 4.757669945043925264e-01 5.125114155864558541e-01 6.242198467254638672e+00
7.000000000000000000e+01 5.145241311008060814e-01 4.760368326434601394e-01 6.239554882049560547e+00
7.100000000000000000e+01 4.779298460049638542e-01 5.144535985093811048e-01 6.244672298431396484e+00
7.200000000000000000e+01 5.179107575765578009e-01 4.766200841685547251e-01 6.243280410766601562e+00
7.300000000000000000e+01 4.812934384150636125e-01 5.160156033237426332e-01 6.247470378875732422e+00
7.400000000000000000e+01 5.188695377737038150e-01 4.784951955922682187e-01 6.246895313262939453e+00
7.500000000000000000e+01 4.821648866104862319e-01 5.184160184118016268e-01 6.251695632934570312e+00
7.600000000000000000e+01 5.219170871878467954e-01 4.792951412413667400e-01 6.247548103332519531e+00
7.700000000000000000e+01 4.846058502548597491e-01 5.188889022134085538e-01 6.254319190979003906e+00
7.800000000000000000e+01 5.223389129369416795e-01 4.800831231695544821e-01 6.251688480377197266e+00
7.900000000000000000e+01 4.841938576379649639e-01 5.192937630801172100e-01 6.258118152618408203e+00
8.000000000000000000e+01 5.227404794310952507e-01 4.797807164103939370e-01 6.253990650177001953e+00
8.100000000000000000e+01 4.850401147154683734e-01 5.193803842982276375e-01 6.258231163024902344e+00
8.200000000000000000e+01 5.260966811901577334e-01 4.799430634345341340e-01 6.258245944976806641e+00
8.300000000000000000e+01 4.883637145486485198e-01 5.200597448853617744e-01 6.259927272796630859e+00
8.400000000000000000e+01 5.267514639402018917e-01 4.822834560850956520e-01 6.262462615966796875e+00
8.500000000000000000e+01 4.888308830732576160e-01 5.206047878807141815e-01 6.262724399566650391e+00
8.600000000000000000e+01 5.264948571538504707e-01 4.819585498612066754e-01 6.262714862823486328e+00
8.700000000000000000e+01 4.880847626958928487e-01 5.207228252389523027e-01 6.263936996459960938e+00
8.800000000000000000e+01 5.271445607938547440e-01 4.827117882909832680e-01 6.263266086578369141e+00
8.900000000000000000e+01 4.908287045134380744e-01 5.186218201658462368e-01 6.264603614807128906e+00
9.000000000000000000e+01 5.280841640131892500e-01 4.836000272769805930e-01 6.264383792877197266e+00
9.100000000000000000e+01 4.903249745238351665e-01 5.211282704887437722e-01 6.264718055725097656e+00
9.200000000000000000e+01 5.286057308559123369e-01 4.839677672995422175e-01 6.263985633850097656e+00
9.300000000000000000e+01 4.907419014743211183e-01 5.233884847234152593e-01 6.266510486602783203e+00
9.400000000000000000e+01 5.285071787324622239e-01 4.858317961742056879e-01 6.264002323150634766e+00
9.500000000000000000e+01 4.892854644280383303e-01 5.248800770092686419e-01 6.267818927764892578e+00
9.600000000000000000e+01 5.276283814476095957e-01 4.860785220455906552e-01 6.263152122497558594e+00
9.700000000000000000e+01 4.914529461690762546e-01 5.264744047530133253e-01 6.269236564636230469e+00
9.800000000000000000e+01 5.273353283618645859e-01 4.877126829802329588e-01 6.264521598815917969e+00
9.900000000000000000e+01 4.898600843864731602e-01 5.250426578950411205e-01 6.271555423736572266e+00
1.000000000000000000e+02 5.266495552445388251e-01 4.866534397891184582e-01 6.264974117279052734e+00
1.010000000000000000e+02 4.911914883041729740e-01 5.252179072216969224e-01 6.270752906799316406e+00
1.020000000000000000e+02 5.264159846241653895e-01 4.878098628276699156e-01 6.266899108886718750e+00
1.030000000000000000e+02 4.904103816902802282e-01 5.262576916875456590e-01 6.272172451019287109e+00
1.040000000000000000e+02 5.272564851261980490e-01 4.875207772286046515e-01 6.265821456909179688e+00
1.050000000000000000e+02 4.888300048290578070e-01 5.266167271556664309e-01 6.271961212158203125e+00
1.060000000000000000e+02 5.272901094898894137e-01 4.886160763188098222e-01 6.266072750091552734e+00
1.070000000000000000e+02 4.885799700178029004e-01 5.257734800223249350e-01 6.273664951324462891e+00
1.080000000000000000e+02 5.270048163796609009e-01 4.885833889971717969e-01 6.265121459960937500e+00
1.090000000000000000e+02 4.907456676652962035e-01 5.245755632540841651e-01 6.273310661315917969e+00
1.100000000000000000e+02 5.264510341702463014e-01 4.874524019161391442e-01 6.266111850738525391e+00
1.110000000000000000e+02 4.903577013520625250e-01 5.235454133169805679e-01 6.271719932556152344e+00
1.120000000000000000e+02 5.267608251634436911e-01 4.861838263312430741e-01 6.268341064453125000e+00
1.130000000000000000e+02 4.899874873227031413e-01 5.233927282079273713e-01 6.270277976989746094e+00
1.140000000000000000e+02 5.260127855626578475e-01 4.865621085256999212e-01 6.266120910644531250e+00
1.150000000000000000e+02 4.898261669510175498e-01 5.254323109051790563e-01 6.269920825958251953e+00
1.160000000000000000e+02 5.282254150105587520e-01 4.882641918423630822e-01 6.266237258911132812e+00
1.170000000000000000e+02 4.900930472692751061e-01 5.260499490034968861e-01 6.271595954895019531e+00
1.180000000000000000e+02 5.293158188117563778e-01 4.879136586461915726e-01 6.266173839569091797e+00
1.190000000000000000e+02 4.912297030307649637e-01 5.225364770548843740e-01 6.270911216735839844e+00
1.200000000000000000e+02 5.291324476847358849e-01 4.871727946974602208e-01 6.269141674041748047e+00
1.210000000000000000e+02 4.914720700333706227e-01 5.261920202826125825e-01 6.269197940826416016e+00
1.220000000000000000e+02 5.300892700505789312e-01 4.875136559393407620e-01 6.269136428833007812e+00
1.230000000000000000e+02 4.923444121259591411e-01 5.275350775267074743e-01 6.271681785583496094e+00
1.240000000000000000e+02 5.308542017127961810e-01 4.889352738725011860e-01 6.267495155334472656e+00
1.250000000000000000e+02 4.930916846336359516e-01 5.268518361698933949e-01 6.273833274841308594e+00
1.260000000000000000e+02 5.307422536291709347e-01 4.889945061638328871e-01 6.269256114959716797e+00
1.270000000000000000e+02 4.922294456340957081e-01 5.265242414111589442e-01 6.273811340332031250e+00
1.280000000000000000e+02 5.318943987968722809e-01 4.883314859283935938e-01 6.269146919250488281e+00
1.290000000000000000e+02 4.928661509295191312e-01 5.271386676512794800e-01 6.274223327636718750e+00
1.300000000000000000e+02 5.318082899707324840e-01 4.882108109703113819e-01 6.270569801330566406e+00
1.310000000000000000e+02 4.949394775683145231e-01 5.245853792371933944e-01 6.275277137756347656e+00
1.320000000000000000e+02 5.324423460259902763e-01 4.884039986984704540e-01 6.271248340606689453e+00
1.330000000000000000e+02 4.948590435407985710e-01 5.264852153213135377e-01 6.274755001068115234e+00
1.340000000000000000e+02 5.338373634024887737e-01 4.874640213007357392e-01 6.272016525268554688e+00
1.350000000000000000e+02 4.950165931104243966e-01 5.273786260051140928e-01 6.274310588836669922e+00
1.360000000000000000e+02 5.326128378910772732e-01 4.895162200576782530e-01 6.273088455200195312e+00
1.370000000000000000e+02 4.945776682977762739e-01 5.267508528171376270e-01 6.275709152221679688e+00
1.380000000000000000e+02 5.319098073363109913e-01 4.899704720224106191e-01 6.270693778991699219e+00
1.390000000000000000e+02 4.930294389339771599e-01 5.273671583057356615e-01 6.275840759277343750e+00
1.400000000000000000e+02 5.314237834170604247e-01 4.898237363144496426e-01 6.269718647003173828e+00
1.410000000000000000e+02 4.926106443184237738e-01 5.271778628722303406e-01 6.276655197143554688e+00
1.420000000000000000e+02 5.304159337030027732e-01 4.899921565212597141e-01 6.268324375152587891e+00
1.430000000000000000e+02 4.925315456569473449e-01 5.265828690780643973e-01 6.276794433593750000e+00
1.440000000000000000e+02 5.304326447619926999e-01 4.904145399424180707e-01 6.270027160644531250e+00
1.450000000000000000e+02 4.940136924263765494e-01 5.275094062818329599e-01 6.275266170501708984e+00
1.460000000000000000e+02 5.307092920934148861e-01 4.913866701349257071e-01 6.269906997680664062e+00
1.470000000000000000e+02 4.929146508641625846e-01 5.282046550192823764e-01 6.277284145355224609e+00
1.480000000000000000e+02 5.306805778676616514e-01 4.895231567153017771e-01 6.268025398254394531e+00
1.490000000000000000e+02 4.911289988789880323e-01 5.268342176859789339e-01 6.275421619415283203e+00
1.500000000000000000e+02 5.291288318720243078e-01 4.900018295830990689e-01 6.267964839935302734e+00
1.510000000000000000e+02 4.902644402922510802e-01 5.282129239129070841e-01 6.275031089782714844e+00
1.520000000000000000e+02 5.292228430497086800e-01 4.901565589130743028e-01 6.265631675720214844e+00
1.530000000000000000e+02 4.916653619152311361e-01 5.262118815979373032e-01 6.274938106536865234e+00
1.540000000000000000e+02 5.295266681052895885e-01 4.880449738399602055e-01 6.267664909362792969e+00
1.550000000000000000e+02 4.924522598724600519e-01 5.266618486137084609e-01 6.272064685821533203e+00
1.560000000000000000e+02 5.293566409828043273e-01 4.876677670002430021e-01 6.265300750732421875e+00
1.570000000000000000e+02 4.919367552589229420e-01 5.244887879033314215e-01 6.272686958312988281e+00
1.580000000000000000e+02 5.296709648754162059e-01 4.864917628155684404e-01 6.266846656799316406e+00
1.590000000000000000e+02 4.912636312731638033e-01 5.247446476361433687e-01 6.272939205169677734e+00
1.600000000000000000e+02 5.298630575006704202e-01 4.874407270664800063e-01 6.266168117523193359e+00
1.610000000000000000e+02 4.919560038201803986e-01 5.256363008492845879e-01 6.272105216979980469e+00
1.620000000000000000e+02 5.275000429883482944e-01 4.876384097372375992e-01 6.266235828399658203e+00
1.630000000000000000e+02 4.908752501463601314e-01 5.261294570786340108e-01 6.271242618560791016e+00
1.640000000000000000e+02 5.253351248557927011e-01 4.881695757149788761e-01 6.264070034027099609e+00
1.650000000000000000e+02 4.894119266462054751e-01 5.268363497154895381e-01 6.272498607635498047e+00
1.660000000000000000e+02 5.259255138339541391e-01 4.884119518251618941e-01 6.263533115386962891e+00
1.670000000000000000e+02 4.874359895319854141e-01 5.266313955182094775e-01 6.274428844451904297e+00
1.680000000000000000e+02 5.244043698455697067e-01 4.898037472976896622e-01 6.261885166168212891e+00
1.690000000000000000e+02 4.859877734233830626e-01 5.294162250576371909e-01 6.274148464202880859e+00
1.700000000000000000e+02 5.247504277672218054e-01 4.921260732672740335e-01 6.258783340454101562e+00
1.710000000000000000e+02 4.874693047161056669e-01 5.301719574679470970e-01 6.276277542114257812e+00
1.720000000000000000e+02 5.249146973039546804e-01 4.899646212863883465e-01 6.260529041290283203e+00
1.730000000000000000e+02 4.876590973228258075e-01 5.290999690949612644e-01 6.276567459106445312e+00
1.740000000000000000e+02 5.248989487994424330e-01 4.914852008409827389e-01 6.261874675750732422e+00
1.750000000000000000e+02 4.883947859383312995e-01 5.287994182373918495e-01 6.275464534759521484e+00
1.760000000000000000e+02 5.268702766568071905e-01 4.919340742308798142e-01 6.262668609619140625e+00
1.770000000000000000e+02 4.885161400115359265e-01 5.315255121887623169e-01 6.274561882019042969e+00
1.780000000000000000e+02 5.272000437521364713e-01 4.921748182857499931e-01 6.263370037078857422e+00
1.790000000000000000e+02 4.901741772516130524e-01 5.300430624436847094e-01 6.274755001068115234e+00
1.800000000000000000e+02 5.285249666098548182e-01 4.908371465292926117e-01 6.265085220336914062e+00
1.810000000000000000e+02 4.899689349342113420e-01 5.301128380903767923e-01 6.274588108062744141e+00
1.820000000000000000e+02 5.285183721850732486e-01 4.904027600673067644e-01 6.264393806457519531e+00
1.830000000000000000e+02 4.897632234228589398e-01 5.309465658679217714e-01 6.273152351379394531e+00
1.840000000000000000e+02 5.294419752932520984e-01 4.923458569253815198e-01 6.263590335845947266e+00
1.850000000000000000e+02 4.898767880650726214e-01 5.294288830268363277e-01 6.273265838623046875e+00
1.860000000000000000e+02 5.267801682079871206e-01 4.921002267914442729e-01 6.262612819671630859e+00
1.870000000000000000e+02 4.888698331891168092e-01 5.295729557249091446e-01 6.274391174316406250e+00
1.880000000000000000e+02 5.262198599450202963e-01 4.915981985604451210e-01 6.264424324035644531e+00
1.890000000000000000e+02 4.899547569868643593e-01 5.301524271317240578e-01 6.276277542114257812e+00
1.900000000000000000e+02 5.257252852236274920e-01 4.912120914751662015e-01 6.265060424804687500e+00
1.910000000000000000e+02 4.898412332611836728e-01 5.290781499235408525e-01 6.277087688446044922e+00
1.920000000000000000e+02 5.260370484096725807e-01 4.920646460844234071e-01 6.266193866729736328e+00
1.930000000000000000e+02 4.876541924126637784e-01 5.309203751957629613e-01 6.278970718383789062e+00
1.940000000000000000e+02 5.258822839080943279e-01 4.940479332132360901e-01 6.265878200531005859e+00
1.950000000000000000e+02 4.872900004656615103e-01 5.303985774891960547e-01 6.281779766082763672e+00
1.960000000000000000e+02 5.251204491463100643e-01 4.937714055673840252e-01 6.266334533691406250e+00
1.970000000000000000e+02 4.876267698960955466e-01 5.311740005787899399e-01 6.283394336700439453e+00
1.980000000000000000e+02 5.257924252756813743e-01 4.946840941240666090e-01 6.267057895660400391e+00
1.990000000000000000e+02 4.877085810728306048e-01 5.321189868118280097e-01 6.284043788909912109e+00
2.000000000000000000e+02 5.246831986200509723e-01 4.952588303686157878e-01 6.264977455139160156e+00
2.010000000000000000e+02 4.857831633485845679e-01 5.318143567768844893e-01 6.285037994384765625e+00
2.020000000000000000e+02 5.248412031680594891e-01 4.946262907952265198e-01 6.264166831970214844e+00
2.030000000000000000e+02 4.857161721832068402e-01 5.337333948762937874e-01 6.284909248352050781e+00
2.040000000000000000e+02 5.238632530971389922e-01 4.947368983717659319e-01 6.265173912048339844e+00
2.050000000000000000e+02 4.853926123655815106e-01 5.329446435118742054e-01 6.283712863922119141e+00
2.060000000000000000e+02 5.227993666793542271e-01 4.950972420810433872e-01 6.265769004821777344e+00
2.070000000000000000e+02 4.856473211116969502e-01 5.324063995832588603e-01 6.284443855285644531e+00
2.080000000000000000e+02 5.229909516782590417e-01 4.937061596228412008e-01 6.264830112457275391e+00
2.090000000000000000e+02 4.856690554012492722e-01 5.290864142693441075e-01 6.284854888916015625e+00
2.100000000000000000e+02 5.240221005367737828e-01 4.924545579590005606e-01 6.266010284423828125e+00
2.110000000000000000e+02 4.879068988252061034e-01 5.301823522068789263e-01 6.285377502441406250e+00
2.120000000000000000e+02 5.265100348376916539e-01 4.909526716530589474e-01 6.268332958221435547e+00
2.130000000000000000e+02 4.880746290136810384e-01 5.307635685002533021e-01 6.281635761260986328e+00
2.140000000000000000e+02 5.286013961480896528e-01 4.916593103948173615e-01 6.268218994140625000e+00
2.150000000000000000e+02 4.890648691482307742e-01 5.294249265847812413e-01 6.279565334320068359e+00
2.160000000000000000e+02 5.270729116242384160e-01 4.921951814878589015e-01 6.267329692840576172e+00
2.170000000000000000e+02 4.902044699177700027e-01 5.292120478113411242e-01 6.277594089508056641e+00
2.180000000000000000e+02 5.254018688559215500e-01 4.910870775764727969e-01 6.266973495483398438e+00
2.190000000000000000e+02 4.894763804131325169e-01 5.295004182928987335e-01 6.276559352874755859e+00
2.200000000000000000e+02 5.275016937414970242e-01 4.942347913825702044e-01 6.266838550567626953e+00
2.210000000000000000e+02 4.892648215163760139e-01 5.333056540349314645e-01 6.278093814849853516e+00
2.220000000000000000e+02 5.279254168261086066e-01 4.935132086637559756e-01 6.267898082733154297e+00
2.230000000000000000e+02 4.901585335369227359e-01 5.319990445195635909e-01 6.278413295745849609e+00
2.240000000000000000e+02 5.283737224381395148e-01 4.938136391980178508e-01 6.270057678222656250e+00
2.250000000000000000e+02 4.886538036074385416e-01 5.325571937508251086e-01 6.279689788818359375e+00
2.260000000000000000e+02 5.277955063440026295e-01 4.928663812176449777e-01 6.270051479339599609e+00
2.270000000000000000e+02 4.893956980033165594e-01 5.309644042391893359e-01 6.279780864715576172e+00
2.280000000000000000e+02 5.277364458466958785e-01 4.933505224013197132e-01 6.269438266754150391e+00
2.290000000000000000e+02 4.906423834157487285e-01 5.293065165590091770e-01 6.277862071990966797e+00
2.300000000000000000e+02 5.275951178947542175e-01 4.916554409248629631e-01 6.269880771636962891e+00
2.310000000000000000e+02 4.917448723475198458e-01 5.288282093426450725e-01 6.275292396545410156e+00
2.320000000000000000e+02 5.283589240227758443e-01 4.912191961733917145e-01 6.267600059509277344e+00
2.330000000000000000e+02 4.917182504771547835e-01 5.290186343776712707e-01 6.275874614715576172e+00
2.340000000000000000e+02 5.295798026258945468e-01 4.905289060833808445e-01 6.268614768981933594e+00
2.350000000000000000e+02 4.928224941567975748e-01 5.292759295890957505e-01 6.275908470153808594e+00
2.360000000000000000e+02 5.312551651951096243e-01 4.909525482633840809e-01 6.266857147216796875e+00
2.370000000000000000e+02 4.927264390207627964e-01 5.289788477525317889e-01 6.274151802062988281e+00
2.380000000000000000e+02 5.299391020914452355e-01 4.895667206325045040e-01 6.267721652984619141e+00
2.390000000000000000e+02 4.925074343793939824e-01 5.281942268344398395e-01 6.272452354431152344e+00
2.400000000000000000e+02 5.300106233045355220e-01 4.901087145208378737e-01 6.266691207885742188e+00
2.410000000000000000e+02 4.917466711930434387e-01 5.266280143203636577e-01 6.270936012268066406e+00
2.420000000000000000e+02 5.295137422169745589e-01 4.883602202964195671e-01 6.267119407653808594e+00
2.430000000000000000e+02 4.906718399398996011e-01 5.276782317497143993e-01 6.268406391143798828e+00
2.440000000000000000e+02 5.301569494841154029e-01 4.879341885567845538e-01 6.266565799713134766e+00
2.450000000000000000e+02 4.927545368682599847e-01 5.258268353281828622e-01 6.269084453582763672e+00
2.460000000000000000e+02 5.312083185034427446e-01 4.888122103214955771e-01 6.268082618713378906e+00
2.470000000000000000e+02 4.931005657279851628e-01 5.256142213144366915e-01 6.269353866577148438e+00
2.480000000000000000e+02 5.321652085851934499e-01 4.865830950758556206e-01 6.269807815551757812e+00
2.490000000000000000e+02 4.943364993828519571e-01 5.229177359990673235e-01 6.268191337585449219e+00
2.500000000000000000e+02 5.324795218079105830e-01 4.864727131601718768e-01 6.270589828491210938e+00
2.510000000000000000e+02 4.931957425329160927e-01 5.228965467337102213e-01 6.266586303710937500e+00
2.520000000000000000e+02 5.309917524251054344e-01 4.851499148553318763e-01 6.270443916320800781e+00
2.530000000000000000e+02 4.934723103149738499e-01 5.231729067739566696e-01 6.265224456787109375e+00
2.540000000000000000e+02 5.325882691583189166e-01 4.842441966495449335e-01 6.270920753479003906e+00
2.550000000000000000e+02 4.946939244856392026e-01 5.229606952126255592e-01 6.264589309692382812e+00
2.560000000000000000e+02 5.326769482367952335e-01 4.863462045368514008e-01 6.270842075347900391e+00
2.570000000000000000e+02 4.942639175501201687e-01 5.239247182906050515e-01 6.264919757843017578e+00
2.580000000000000000e+02 5.328888624308653066e-01 4.867423115307660253e-01 6.270833492279052734e+00
2.590000000000000000e+02 4.943881593082637971e-01 5.232451263267045016e-01 6.266533851623535156e+00
2.600000000000000000e+02 5.314774063523913794e-01 4.860250719157262478e-01 6.270268440246582031e+00
2.610000000000000000e+02 4.932902277612853936e-01 5.244311439747091352e-01 6.265618801116943359e+00
2.620000000000000000e+02 5.329338407814676604e-01 4.861030175159415379e-01 6.269800186157226562e+00
2.630000000000000000e+02 4.950540240202196407e-01 5.249733886685562512e-01 6.266870021820068359e+00
2.640000000000000000e+02 5.320440339776488781e-01 4.868097632148352671e-01 6.270080089569091797e+00
2.650000000000000000e+02 4.936097536554052700e-01 5.254130574967615930e-01 6.268229961395263672e+00
2.660000000000000000e+02 5.325195567104246130e-01 4.859196922610137803e-01 6.268466472625732422e+00
2.670000000000000000e+02 4.945921795678190902e-01 5.237681002822607290e-01 6.267148494720458984e+00
2.680000000000000000e+02 5.319462033323179018e-01 4.852391044300055634e-01 6.269124984741210938e+00
2.690000000000000000e+02 4.928944653477293492e-01 5.252307793229502586e-01 6.268767356872558594e+00
2.700000000000000000e+02 5.302442527889165147e-01 4.884990919370056917e-01 6.269712448120117188e+00
2.710000000000000000e+02 4.923600709087349037e-01 5.255906542120568625e-01 6.269935607910156250e+00
2.720000000000000000e+02 5.286959371454508227e-01 4.882814351341036585e-01 6.268752574920654297e+00
2.730000000000000000e+02 4.920192556954313678e-01 5.239029416902076797e-01 6.272120475769042969e+00
2.740000000000000000e+02 5.298135492580771100e-01 4.876415286895964263e-01 6.270505428314208984e+00
2.750000000000000000e+02 4.925321481327188944e-01 5.250342266067499208e-01 6.272173404693603516e+00
2.760000000000000000e+02 5.290968210053594856e-01 4.887686007878752070e-01 6.271360874176025391e+00
2.770000000000000000e+02 4.924159976597495270e-01 5.251610016430038330e-01 6.273356914520263672e+00
2.780000000000000000e+02 5.299089546060257172e-01 4.861941503913447815e-01 6.271275043487548828e+00
2.790000000000000000e+02 4.911481374841283887e-01 5.254754730348767389e-01 6.273987293243408203e+00
2.800000000000000000e+02 5.299432095140584886e-01 4.858246220513800506e-01 6.270813465118408203e+00
2.810000000000000000e+02 4.922611743490960534e-01 5.248504845924579776e-01 6.273178100585937500e+00
2.820000000000000000e+02 5.305511090323872248e-01 4.873147569083951525e-01 6.271096706390380859e+00
2.830000000000000000e+02 4.926984356279047184e-01 5.241164878947509598e-01 6.272057533264160156e+00
2.840000000000000000e+02 5.304536751596369282e-01 4.863416903093342736e-01 6.271753311157226562e+00
2.850000000000000000e+02 4.932207450845814689e-01 5.249780048671778276e-01 6.273654937744140625e+00
2.860000000000000000e+02 5.323971519486483395e-01 4.868588198429185110e-01 6.272003173828125000e+00
2.870000000000000000e+02 4.926849536291094123e-01 5.261258786910696372e-01 6.272317886352539062e+00
2.880000000000000000e+02 5.316579807083755549e-01 4.883534876926189927e-01 6.270525932312011719e+00
2.890000000000000000e+02 4.942063707689539065e-01 5.245049755798175672e-01 6.274577617645263672e+00
2.900000000000000000e+02 5.321854294533591156e-01 4.864667175175636515e-01 6.271866321563720703e+00
2.910000000000000000e+02 4.951459326258630389e-01 5.253995366852237670e-01 6.273907184600830078e+00
2.920000000000000000e+02 5.323884830494213238e-01 4.869808011175790208e-01 6.272101879119873047e+00
2.930000000000000000e+02 4.956427540659697484e-01 5.254630204085720679e-01 6.274942874908447266e+00
2.940000000000000000e+02 5.321616433504552379e-01 4.876731475225427603e-01 6.272563934326171875e+00
2.950000000000000000e+02 4.923701094608310957e-01 5.263993125696724285e-01 6.277964591979980469e+00
2.960000000000000000e+02 5.315559734282300219e-01 4.887837855436398815e-01 6.272234916687011719e+00
2.970000000000000000e+02 4.934174973771540129e-01 5.255528984151837113e-01 6.274967670440673828e+00
2.980000000000000000e+02 5.316707267247924307e-01 4.890345585478159118e-01 6.272726535797119141e+00
2.990000000000000000e+02 4.932062065461484401e-01 5.262314383714595811e-01 6.271955013275146484e+00
3.000000000000000000e+02 5.325653271024676227e-01 4.899620333789913018e-01 6.273769378662109375e+00
3.010000000000000000e+02 4.939496513558046531e-01 5.270455699699668761e-01 6.272190570831298828e+00
3.020000000000000000e+02 5.317432510584096939e-01 4.886023553381894091e-01 6.273905277252197266e+00
3.030000000000000000e+02 4.948415573689592395e-01 5.262080550253434019e-01 6.273358345031738281e+00
3.040000000000000000e+02 5.345246197324687865e-01 4.879635422432936909e-01 6.275597572326660156e+00
3.050000000000000000e+02 4.956272595030929429e-01 5.271250569075721648e-01 6.272161006927490234e+00
3.060000000000000000e+02 5.327494599572970557e-01 4.891745698399351805e-01 6.274901866912841797e+00
3.070000000000000000e+02 4.959034043534184533e-01 5.267983034772258932e-01 6.274237155914306641e+00
3.080000000000000000e+02 5.340150277826566372e-01 4.906516104694653158e-01 6.276020050048828125e+00
3.090000000000000000e+02 4.984059129442034997e-01 5.277082507787265175e-01 6.276344776153564453e+00
3.100000000000000000e+02 5.352439059908615793e-01 4.884477617364559321e-01 6.275447845458984375e+00
3.110000000000000000e+02 4.962739824561236412e-01 5.270274076726245704e-01 6.273494720458984375e+00
3.120000000000000000e+02 5.329400353241241506e-01 4.879496981853022053e-01 6.276008129119873047e+00
3.130000000000000000e+02 4.971129963480180325e-01 5.242095749603522536e-01 6.271408557891845703e+00
3.140000000000000000e+02 5.336915588257133969e-01 4.881033004208228943e-01 6.275794982910156250e+00
3.150000000000000000e+02 4.955443281198530503e-01 5.256857443302676014e-01 6.271728992462158203e+00
3.160000000000000000e+02 5.328126862367602579e-01 4.883225680089109400e-01 6.273887634277343750e+00
3.170000000000000000e+02 4.961184201844072716e-01 5.257696721185233235e-01 6.273756980895996094e+00
3.180000000000000000e+02 5.344728047056652720e-01 4.901309231567801961e-01 6.272689819335937500e+00
3.190000000000000000e+02 4.944100546415085562e-01 5.268840708233131220e-01 6.273181438446044922e+00
3.200000000000000000e+02 5.317674653825658071e-01 4.893733359045885911e-01 6.270569801330566406e+00
3.210000000000000000e+02 4.931030208216339306e-01 5.256204498006581405e-01 6.273477554321289062e+00
3.220000000000000000e+02 5.314735529218804766e-01 4.875532607284302489e-01 6.268115520477294922e+00
3.230000000000000000e+02 4.948639826702492805e-01 5.252548717252356614e-01 6.271538257598876953e+00
3.240000000000000000e+02 5.331526322294194431e-01 4.865646190467618482e-01 6.267797946929931641e+00
3.250000000000000000e+02 4.954571296388044499e-01 5.248699881810948709e-01 6.270799160003662109e+00
3.260000000000000000e+02 5.337967312498437256e-01 4.861618571102577779e-01 6.268974781036376953e+00
3.270000000000000000e+02 4.951876498891797374e-01 5.256218624200226230e-01 6.268725395202636719e+00
3.280000000000000000e+02 5.324241415955103252e-01 4.882913980411506261e-01 6.269485950469970703e+00
3.290000000000000000e+02 4.955951024312110764e-01 5.257455408474324132e-01 6.271043300628662109e+00
3.300000000000000000e+02 5.337813880777049214e-01 4.886012277066161258e-01 6.270304679870605469e+00
3.310000000000000000e+02 4.962479367457856561e-01 5.280078213785852626e-01 6.271070480346679688e+00
3.320000000000000000e+02 5.341286337233805970e-01 4.894168168731544144e-01 6.271090984344482422e+00
3.330000000000000000e+02 4.942192566341376270e-01 5.262914549268273845e-01 6.270632266998291016e+00
3.340000000000000000e+02 5.330861547328858974e-01 4.886301261682795549e-01 6.270112037658691406e+00
3.350000000000000000e+02 4.942423416253726165e-01 5.272375481183092516e-01 6.272058486938476562e+00
3.360000000000000000e+02 5.331307985998534615e-01 4.898830892718035179e-01 6.269621372222900391e+00
3.370000000000000000e+02 4.932926408162481291e-01 5.285995718829563650e-01 6.272841453552246094e+00
3.380000000000000000e+02 5.301921015997667075e-01 4.908772529790435546e-01 6.269049644470214844e+00
3.390000000000000000e+02 4.922074142649654482e-01 5.290090953406935137e-01 6.276037216186523438e+00
3.400000000000000000e+02 5.301812853596371555e-01 4.919844261898818072e-01 6.266738414764404297e+00
3.410000000000000000e+02 4.917391901073175364e-01 5.276738584391285070e-01 6.276012420654296875e+00
3.420000000000000000e+02 5.304172554227636338e-01 4.918700630161991771e-01 6.268463611602783203e+00
3.430000000000000000e+02 4.929950438315871541e-01 5.302548811841872878e-01 6.275498867034912109e+00
3.440000000000000000e+02 5.310771373707549037e-01 4.913414165730090599e-01 6.268648147583007812e+00
3.450000000000000000e+02 4.929905086838187733e-01 5.281774667388282607e-01 6.276524543762207031e+00
3.460000000000000000e+02 5.298557184005068255e-01 4.889302986209949631e-01 6.268165111541748047e+00
3.470000000000000000e+02 4.928351106296494644e-01 5.265254929597785738e-01 6.274195671081542969e+00
3.480000000000000000e+02 5.302529522333864209e-01 4.878866679082075053e-01 6.269227981567382812e+00
3.490000000000000000e+02 4.931300923141395676e-01 5.252758142242593964e-01 6.271697044372558594e+00
3.500000000000000000e+02 5.297636096627380553e-01 4.880007347137477747e-01 6.271058559417724609e+00
3.510000000000000000e+02 4.920636970714746261e-01 5.263393418753257169e-01 6.271142959594726562e+00
3.520000000000000000e+02 5.296370024472384364e-01 4.877336563329852104e-01 6.270164489746093750e+00
3.530000000000000000e+02 4.933408486280266292e-01 5.276473485306560907e-01 6.272616386413574219e+00
3.540000000000000000e+02 5.314999832796551971e-01 4.878256818853023979e-01 6.273238182067871094e+00
3.550000000000000000e+02 4.925427753005208187e-01 5.265970797888687160e-01 6.272604465484619141e+00
3.560000000000000000e+02 5.311792255449878652e-01 4.877922376918842340e-01 6.273833274841308594e+00
3.570000000000000000e+02 4.919772194004656818e-01 5.261192483212786541e-01 6.273470878601074219e+00
3.580000000000000000e+02 5.305101715826275877e-01 4.875291148644180783e-01 6.273197650909423828e+00
3.590000000000000000e+02 4.920830507188688752e-01 5.262362283867249024e-01 6.273129463195800781e+00
3.600000000000000000e+02 5.311901925473386799e-01 4.881872436924526992e-01 6.274747371673583984e+00
3.610000000000000000e+02 4.925281961236734896e-01 5.262719091550316364e-01 6.274989128112792969e+00
3.620000000000000000e+02 5.292616599607478101e-01 4.882848717469408517e-01 6.272341251373291016e+00
3.630000000000000000e+02 4.919749155655090411e-01 5.240515543057394643e-01 6.274078845977783203e+00
3.640000000000000000e+02 5.306111632491543606e-01 4.865533101138455052e-01 6.272855758666992188e+00
3.650000000000000000e+02 4.929805671278109092e-01 5.251336765958151132e-01 6.274229049682617188e+00
3.660000000000000000e+02 5.311798582282385439e-01 4.868945828646886187e-01 6.275309085845947266e+00
3.670000000000000000e+02 4.931442954835869030e-01 5.255556509675467503e-01 6.275696277618408203e+00
3.680000000000000000e+02 5.300712030362729754e-01 4.888747536506521940e-01 6.273825168609619141e+00
3.690000000000000000e+02 4.920811454045866395e-01 5.265439876893364124e-01 6.276652812957763672e+00
3.700000000000000000e+02 5.307488113469582824e-01 4.872051077802536656e-01 6.273778438568115234e+00
3.710000000000000000e+02 4.928057749468237603e-01 5.277077200936809431e-01 6.277357101440429688e+00
3.720000000000000000e+02 5.294359559122113756e-01 4.889088301283256999e-01 6.273204326629638672e+00
3.730000000000000000e+02 4.934089203872725204e-01 5.270582762124830234e-01 6.278736114501953125e+00
3.740000000000000000e+02 5.304549124738857646e-01 4.871551088946873276e-01 6.274454593658447266e+00
3.750000000000000000e+02 4.953596510731844704e-01 5.260032495069355551e-01 6.277717113494873047e+00
3.760000000000000000e+02 5.298392253755419556e-01 4.877201462710121782e-01 6.277397155761718750e+00
3.770000000000000000e+02 4.933506183699168379e-01 5.244274431961980509e-01 6.277537345886230469e+00
3.780000000000000000e+02 5.308625204895828231e-01 4.874555098541319964e-01 6.275317192077636719e+00
3.790000000000000000e+02 4.929488391872279829e-01 5.249786826484594826e-01 6.275870323181152344e+00
3.800000000000000000e+02 5.300828114454080309e-01 4.880700454610601424e-01 6.275314331054687500e+00
3.810000000000000000e+02 4.926788434215889079e-01 5.249215032381315815e-01 6.275206089019775391e+00
3.820000000000000000e+02 5.297101077050512252e-01 4.884852323010893116e-01 6.272431373596191406e+00
3.830000000000000000e+02 4.910883282872386402e-01 5.246862762051432982e-01 6.275886535644531250e+00
3.840000000000000000e+02 5.280871300362599552e-01 4.888195960156547781e-01 6.271627902984619141e+00
3.850000000000000000e+02 4.901082566722820832e-01 5.259023500997441758e-01 6.273247718811035156e+00
3.860000000000000000e+02 5.267418828657211005e-01 4.886859769115471375e-01 6.268408775329589844e+00
3.870000000000000000e+02 4.908434713286011220e-01 5.285309147913924699e-01 6.274027347564697266e+00
3.880000000000000000e+02 5.276701630898612549e-01 4.894986325788729387e-01 6.268946647644042969e+00
3.890000000000000000e+02 4.898580120759343792e-01 5.288915925689826603e-01 6.275365352630615234e+00
3.900000000000000000e+02 5.265107897410510329e-01 4.914240016695522462e-01 6.267471790313720703e+00
3.910000000000000000e+02 4.890644109390254179e-01 5.277650264616398079e-01 6.276547908782958984e+00
3.920000000000000000e+02 5.266778722548526304e-01 4.920380526608830185e-01 6.267340660095214844e+00
3.930000000000000000e+02 4.890815921516405429e-01 5.289926442389315531e-01 6.277513504028320312e+00
3.940000000000000000e+02 5.266495540514533058e-01 4.894297600797930525e-01 6.267715930938720703e+00
3.950000000000000000e+02 4.894934102952784860e-01 5.288223747942855102e-01 6.278481960296630859e+00
3.960000000000000000e+02 5.279276042353252540e-01 4.917603651690382605e-01 6.267216682434082031e+00
3.970000000000000000e+02 4.909638567099527395e-01 5.317742153160708307e-01 6.278595447540283203e+00
3.980000000000000000e+02 5.268327814742406190e-01 4.927088970045898075e-01 6.269033908843994141e+00
