0.000000000000000000e+00 3.615860092173309864e-02 3.104580068054454273e-02 6.116569042205810547e+00
1.000000000000000000e+00 3.478839683308331682e-02 3.473553332814362932e-02 6.099354267120361328e+00
2.000000000000000000e+00 5.036473067884226357e-02 3.320250066796587990e-02 6.292101383209228516e+00
3.000000000000000000e+00 4.651761026125703774e-02 4.919216080005398006e-02 6.275158405303955078e+00
4.000000000000000000e+00 6.869495339170116066e-02 4.737339337549058976e-02 6.446720600128173828e+00
5.000000000000000000e+00 6.637848587710139248e-02 7.040950685847356671e-02 6.431607246398925781e+00
6.000000000000000000e+00 9.345207248371337205e-02 6.736053621956351878e-02 6.584666252136230469e+00
7.000000000000000000e+00 8.806069331508921405e-02 9.431882733808084895e-02 6.567558288574218750e+00
8.000000000000000000e+00 1.186555101348367169e-01 8.938988001364810143e-02 6.700754165649414062e+00
9.000000000000000000e+00 1.094103549645186607e-01 1.206600991491331570e-01 6.690077781677246094e+00
1.000000000000000000e+01 1.443840648569226504e-01 1.132235509539187973e-01 6.805058479309082031e+00
1.100000000000000000e+01 1.337695815806736466e-01 1.462560289458052776e-01 6.794556617736816406e+00
1.200000000000000000e+01 1.684126313250944029e-01 1.351623698235978333e-01 6.895456790924072266e+00
1.300000000000000000e+01 1.551569153131822087e-01 1.716669722973930001e-01 6.884880542755126953e+00
1.400000000000000000e+01 1.918820661527351479e-01 1.564816404922521609e-01 6.975737094879150391e+00
1.500000000000000000e+01 1.765867128013886289e-01 1.930795701263734176e-01 6.964178085327148438e+00
1.600000000000000000e+01 2.134317548855622082e-01 1.779384238347044567e-01 7.047158718109130859e+00
1.700000000000000000e+01 1.955061239079224356e-01 2.155622036523045237e-01 7.033269405364990234e+00
1.800000000000000000e+01 2.337180708930617357e-01 1.973521085418886711e-01 7.106723308563232422e+00
1.900000000000000000e+01 2.141273452218356577e-01 2.340340964807622326e-01 7.093082427978515625e+00
2.000000000000000000e+01 2.506944640485345155e-01 2.141844108363580579e-01 7.164118766784667969e+00
2.100000000000000000e+01 2.303519902256376262e-01 2.515736319326661308e-01 7.147777557373046875e+00
2.200000000000000000e+01 2.660974892337662490e-01 2.296319636173390077e-01 7.213180541992187500e+00
2.300000000000000000e+01 2.461689200796213228e-01 2.679284279531956581e-01 7.194462299346923828e+00
2.400000000000000000e+01 2.821867006974011494e-01 2.455706741309831020e-01 7.255533218383789062e+00
2.500000000000000000e+01 2.579847064068402918e-01 2.817403195658054194e-01 7.237775325775146484e+00
2.600000000000000000e+01 2.964676644898948665e-01 2.578300232898853017e-01 7.294346809387207031e+00
2.700000000000000000e+01 2.713524559156649252e-01 2.958680942653492685e-01 7.273651123046875000e+00
2.800000000000000000e+01 3.087880578717812075e-01 2.714559577265062140e-01 7.330875873565673828e+00
2.900000000000000000e+01 2.836619953757295032e-01 3.066564211061536538e-01 7.309525012969970703e+00
3.000000000000000000e+01 3.202607732175603572e-01 2.830492135474722004e-01 7.363030433654785156e+00
3.100000000000000000e+01 2.937671742594482605e-01 3.180854527070749449e-01 7.341747283935546875e+00
3.200000000000000000e+01 3.297200853260529585e-01 2.918049426593340989e-01 7.388043880462646484e+00
3.300000000000000000e+01 3.021954921446090014e-01 3.280099867032976735e-01 7.367754936218261719e+00
3.400000000000000000e+01 3.374959095251967023e-01 3.026164414076468745e-01 7.410038948059082031e+00
3.500000000000000000e+01 3.100164404819206743e-01 3.403358403860698989e-01 7.394194602966308594e+00
3.600000000000000000e+01 3.455120092206852012e-01 3.108399209380067751e-01 7.430536746978759766e+00
3.700000000000000000e+01 3.157368730820951930e-01 3.462033333055465345e-01 7.417644023895263672e+00
3.800000000000000000e+01 3.517065700412124740e-01 3.193982266081816790e-01 7.449399948120117188e+00
3.900000000000000000e+01 3.239665197348583492e-01 3.539086525148529838e-01 7.436228275299072266e+00
4.000000000000000000e+01 3.578138883302036666e-01 3.251935578236226920e-01 7.465673446655273438e+00
4.100000000000000000e+01 3.301884904766358431e-01 3.609285607960012188e-01 7.455285072326660156e+00
4.200000000000000000e+01 3.647195461778817704e-01 3.313126505184241233e-01 7.481606483459472656e+00
4.300000000000000000e+01 3.366813112500833816e-01 3.665388852277202125e-01 7.469182968139648438e+00
4.400000000000000000e+01 3.707310360915679892e-01 3.363478475602755258e-01 7.499063968658447266e+00
4.500000000000000000e+01 3.398705035788975315e-01 3.717424617431286382e-01 7.483518123626708984e+00
4.600000000000000000e+01 3.756567035183459580e-01 3.402457150684943255e-01 7.509960174560546875e+00
4.700000000000000000e+01 3.453704855371736993e-01 3.754560205780723692e-01 7.496653556823730469e+00
4.800000000000000000e+01 3.801053662405376454e-01 3.464280762994575991e-01 7.523228168487548828e+00
4.900000000000000000e+01 3.491778479502474219e-01 3.815548549003798251e-01 7.510551452636718750e+00
5.000000000000000000e+01 3.850899128900637791e-01 3.526164234971172484e-01 7.535543441772460938e+00
5.100000000000000000e+01 3.559231694422138048e-01 3.849302267157848623e-01 7.522520542144775391e+00
5.200000000000000000e+01 3.912147702837175389e-01 3.551632873322713158e-01 7.550498485565185547e+00
5.300000000000000000e+01 3.590168033099903067e-01 3.895130667380228284e-01 7.533266067504882812e+00
5.400000000000000000e+01 3.928723190117785480e-01 3.598353760631136100e-01 7.560040950775146484e+00
5.500000000000000000e+01 3.611735854675286461e-01 3.945501896276240594e-01 7.544618129730224609e+00
5.600000000000000000e+01 3.962566025652182744e-01 3.632045779950725528e-01 7.567464828491210938e+00
5.700000000000000000e+01 3.649973328877262335e-01 3.978120644565670827e-01 7.551885604858398438e+00
5.800000000000000000e+01 3.995781531225725547e-01 3.657014736801569854e-01 7.572827339172363281e+00
5.900000000000000000e+01 3.674543676561622951e-01 4.011424636794839182e-01 7.560298919677734375e+00
6.000000000000000000e+01 4.013900186745780752e-01 3.692019984905878238e-01 7.581706523895263672e+00
6.100000000000000000e+01 3.679185586699719734e-01 4.044668640866420084e-01 7.568297863006591797e+00
6.200000000000000000e+01 4.035750961782590962e-01 3.721978530308909239e-01 7.585587024688720703e+00
6.300000000000000000e+01 3.708815008497414745e-01 4.068353111350442308e-01 7.575429916381835938e+00
6.400000000000000000e+01 4.050576024502958727e-01 3.739274669532832163e-01 7.590882301330566406e+00
6.500000000000000000e+01 3.740456704961317991e-01 4.089627266223625490e-01 7.581421375274658203e+00
6.600000000000000000e+01 4.081771890627483579e-01 3.761295424683038235e-01 7.596980094909667969e+00
6.700000000000000000e+01 3.757863471210401429e-01 4.093360101613318092e-01 7.585165023803710938e+00
6.800000000000000000e+01 4.096843082741297715e-01 3.772488816753111207e-01 7.603551864624023438e+00
6.900000000000000000e+01 3.769883452745197983e-01 4.113973698349051578e-01 7.588267326354980469e+00
7.000000000000000000e+01 4.120540921399041268e-01 3.795250870395141529e-01 7.607340812683105469e+00
7.100000000000000000e+01 3.786796432494379250e-01 4.144602483337096466e-01 7.591241836547851562e+00
7.200000000000000000e+01 4.119670986341153474e-01 3.812514540291243592e-01 7.612004756927490234e+00
7.300000000000000000e+01 3.776423597479569016e-01 4.161544424579504131e-01 7.597383499145507812e+00
7.400000000000000000e+01 4.125723911259929766e-01 3.837283109978418261e-01 7.613892078399658203e+00
7.500000000000000000e+01 3.791278798380108839e-01 4.177341482928564331e-01 7.601358890533447266e+00
7.600000000000000000e+01 4.130000094877128713e-01 3.837592873006460681e-01 7.615919113159179688e+00
7.700000000000000000e+01 3.817539218340064155e-01 4.185917282744114343e-01 7.603484153747558594e+00
7.800000000000000000e+01 4.150690263238698274e-01 3.852184067660250899e-01 7.618871212005615234e+00
7.900000000000000000e+01 3.813169616230139836e-01 4.176619447765401727e-01 7.603937149047851562e+00
8.000000000000000000e+01 4.162528010879983920e-01 3.857544984465990923e-01 7.621065616607666016e+00
8.100000000000000000e+01 3.827121016753204930e-01 4.188431351564269600e-01 7.605181217193603516e+00
8.200000000000000000e+01 4.158643827361552803e-01 3.861447599568209599e-01 7.620021820068359375e+00
8.300000000000000000e+01 3.830265606470013573e-01 4.197560207290000345e-01 7.605017185211181641e+00
8.400000000000000000e+01 4.173780863171971389e-01 3.878530390012781548e-01 7.620062828063964844e+00
8.500000000000000000e+01 3.836934915515164413e-01 4.211546483274013486e-01 7.606874465942382812e+00
8.600000000000000000e+01 4.187668584051348342e-01 3.879103384658803000e-01 7.623418807983398438e+00
8.700000000000000000e+01 3.864927315221199922e-01 4.219510016249107265e-01 7.608017444610595703e+00
8.800000000000000000e+01 4.189029801946835274e-01 3.880832408781855758e-01 7.626470565795898438e+00
8.900000000000000000e+01 3.871575767355027176e-01 4.220722391242698879e-01 7.610290050506591797e+00
9.000000000000000000e+01 4.209745686367907802e-01 3.878011707096309935e-01 7.628564834594726562e+00
9.100000000000000000e+01 3.864949742683413403e-01 4.204354625811492219e-01 7.611292362213134766e+00
9.200000000000000000e+01 4.203703789137618330e-01 3.870200147539204494e-01 7.629360675811767578e+00
9.300000000000000000e+01 3.874614858458009237e-01 4.210957981776057846e-01 7.610428810119628906e+00
9.400000000000000000e+01 4.208798110507980805e-01 3.889552972727732261e-01 7.628418922424316406e+00
9.500000000000000000e+01 3.868982868306922729e-01 4.218116761840796092e-01 7.610954284667968750e+00
9.600000000000000000e+01 4.218792909843246952e-01 3.886909763851242317e-01 7.627868175506591797e+00
9.700000000000000000e+01 3.891682176391924597e-01 4.218582208384135113e-01 7.611850261688232422e+00
9.800000000000000000e+01 4.213786994521200868e-01 3.889742080670069435e-01 7.631841182708740234e+00
9.900000000000000000e+01 3.905327739959613687e-01 4.217773178954531410e-01 7.612843513488769531e+00
1.000000000000000000e+02 4.228965320544691431e-01 3.889023834134827107e-01 7.633119106292724609e+00
1.010000000000000000e+02 3.900184858256859899e-01 4.216924289688938066e-01 7.612926483154296875e+00
1.020000000000000000e+02 4.235037657102735387e-01 3.887823452954186076e-01 7.633296489715576172e+00
1.030000000000000000e+02 3.897857034492121509e-01 4.220078686417377822e-01 7.614853858947753906e+00
1.040000000000000000e+02 4.227161933117412063e-01 3.895571274323298971e-01 7.634356498718261719e+00
1.050000000000000000e+02 3.892335614978926217e-01 4.239679156706397944e-01 7.613076210021972656e+00
1.060000000000000000e+02 4.233279470473164108e-01 3.903134974018270809e-01 7.632330417633056641e+00
1.070000000000000000e+02 3.888006018833828348e-01 4.241146901245310130e-01 7.616096496582031250e+00
1.080000000000000000e+02 4.227906219738283289e-01 3.910138747086436828e-01 7.632479667663574219e+00
1.090000000000000000e+02 3.889011429620785609e-01 4.244143305406197775e-01 7.617990970611572266e+00
1.100000000000000000e+02 4.207680283859945858e-01 3.916255045413544189e-01 7.632245540618896484e+00
1.110000000000000000e+02 3.883976324410171044e-01 4.250440040952925269e-01 7.620052814483642578e+00
1.120000000000000000e+02 4.214246723543965123e-01 3.914272350497719488e-01 7.631786823272705078e+00
1.130000000000000000e+02 3.901784459852554177e-01 4.261268223788198806e-01 7.620459079742431641e+00
1.140000000000000000e+02 4.222560530922607747e-01 3.924766541911131612e-01 7.633265018463134766e+00
1.150000000000000000e+02 3.899248577507657965e-01 4.263623268901516328e-01 7.622543334960937500e+00
1.160000000000000000e+02 4.227980054378618346e-01 3.940559521353029226e-01 7.634140014648437500e+00
1.170000000000000000e+02 3.909070875881118790e-01 4.273431981524477008e-01 7.623071193695068359e+00
1.180000000000000000e+02 4.238860063855023341e-01 3.947298375616863364e-01 7.636361122131347656e+00
1.190000000000000000e+02 3.907044517173805520e-01 4.272100601914693430e-01 7.623628616333007812e+00
1.200000000000000000e+02 4.249114911913084436e-01 3.949381489461043504e-01 7.636857509613037109e+00
1.210000000000000000e+02 3.901360186429949084e-01 4.285789702139743418e-01 7.624922752380371094e+00
1.220000000000000000e+02 4.245744793272493989e-01 3.949851655773627401e-01 7.637634277343750000e+00
1.230000000000000000e+02 3.909124198105335957e-01 4.286763722765776219e-01 7.625173568725585938e+00
1.240000000000000000e+02 4.247526872183253199e-01 3.946958287174229252e-01 7.640743255615234375e+00
1.250000000000000000e+02 3.904098888811587953e-01 4.293221403722543572e-01 7.623784065246582031e+00
1.260000000000000000e+02 4.235439654143386412e-01 3.947132010213219577e-01 7.639250755310058594e+00
1.270000000000000000e+02 3.908522949384800604e-01 4.272487560888554303e-01 7.624074459075927734e+00
1.280000000000000000e+02 4.242584074415740591e-01 3.943131137777339812e-01 7.639740467071533203e+00
1.290000000000000000e+02 3.898417303229221309e-01 4.279440120042741769e-01 7.623530864715576172e+00
1.300000000000000000e+02 4.257500609583361739e-01 3.926074705198800419e-01 7.640766143798828125e+00
1.310000000000000000e+02 3.910659744940914173e-01 4.288650815171061170e-01 7.621913433074951172e+00
1.320000000000000000e+02 4.262469240850421670e-01 3.941216243806509589e-01 7.642437934875488281e+00
1.330000000000000000e+02 3.930539754962417143e-01 4.277891024082516869e-01 7.622208118438720703e+00
1.340000000000000000e+02 4.262681316211118232e-01 3.951261121157877976e-01 7.643104076385498047e+00
1.350000000000000000e+02 3.928647717352477531e-01 4.282534046572716857e-01 7.621572494506835938e+00
1.360000000000000000e+02 4.248603432182063711e-01 3.928442019248238881e-01 7.640642166137695312e+00
1.370000000000000000e+02 3.925883259701370975e-01 4.266969467351088841e-01 7.618636608123779297e+00
1.380000000000000000e+02 4.259672954545866141e-01 3.937526602034556178e-01 7.639708042144775391e+00
1.390000000000000000e+02 3.927431763722186719e-01 4.268914397648335135e-01 7.616758823394775391e+00
1.400000000000000000e+02 4.249282927347229344e-01 3.928951734670950158e-01 7.640134811401367188e+00
1.410000000000000000e+02 3.916174946771376897e-01 4.274426343568299980e-01 7.616818904876708984e+00
1.420000000000000000e+02 4.251018241292872091e-01 3.925011382294040785e-01 7.639389991760253906e+00
1.430000000000000000e+02 3.925687777022543457e-01 4.251312566066616228e-01 7.616978168487548828e+00
1.440000000000000000e+02 4.281027717572429836e-01 3.912817240714390743e-01 7.642980098724365234e+00
1.450000000000000000e+02 3.935899891467007916e-01 4.243822420247801430e-01 7.617371082305908203e+00
1.460000000000000000e+02 4.268019085335089113e-01 3.913914765974000343e-01 7.644838809967041016e+00
1.470000000000000000e+02 3.925676447169826333e-01 4.239368123971212765e-01 7.615844249725341797e+00
1.480000000000000000e+02 4.264107446720061811e-01 3.911223851103765026e-01 7.646637916564941406e+00
1.490000000000000000e+02 3.944044908780917624e-01 4.237423514189955775e-01 7.615151405334472656e+00
1.500000000000000000e+02 4.286350214724925500e-01 3.901737229086948977e-01 7.647603988647460938e+00
1.510000000000000000e+02 3.952531903152533554e-01 4.237901273198236840e-01 7.615764141082763672e+00
1.520000000000000000e+02 4.273935467412000588e-01 3.898318719478737204e-01 7.648757934570312500e+00
1.530000000000000000e+02 3.945853511148417758e-01 4.236583647535275832e-01 7.614644527435302734e+00
1.540000000000000000e+02 4.276515947446611898e-01 3.905829511875738014e-01 7.647942543029785156e+00
1.550000000000000000e+02 3.944994133592443775e-01 4.240858958478744833e-01 7.613914966583251953e+00
1.560000000000000000e+02 4.267632095382719593e-01 3.909399392699685061e-01 7.644052505493164062e+00
1.570000000000000000e+02 3.929939550413013571e-01 4.238547625634558336e-01 7.613287448883056641e+00
1.580000000000000000e+02 4.261314279316144593e-01 3.904038176395713267e-01 7.641879081726074219e+00
1.590000000000000000e+02 3.929924479573292384e-01 4.243252862597747255e-01 7.614995002746582031e+00
1.600000000000000000e+02 4.260233454486681004e-01 3.903684808720958577e-01 7.639379501342773438e+00
1.610000000000000000e+02 3.939461969066137548e-01 4.233408281663023631e-01 7.615091323852539062e+00
1.620000000000000000e+02 4.274131834023597309e-01 3.910261571137592651e-01 7.642654418945312500e+00
1.630000000000000000e+02 3.939916058348548744e-01 4.245892512692613918e-01 7.615141391754150391e+00
1.640000000000000000e+02 4.271295682115285319e-01 3.916317504966193019e-01 7.645733356475830078e+00
1.650000000000000000e+02 3.950631724644301790e-01 4.259477271006519850e-01 7.617117881774902344e+00
1.660000000000000000e+02 4.275318134656263536e-01 3.916917117456470421e-01 7.643946170806884766e+00
1.670000000000000000e+02 3.931247833988538720e-01 4.257550493214153353e-01 7.616497993469238281e+00
1.680000000000000000e+02 4.254852824900540176e-01 3.926411305918378614e-01 7.643205165863037109e+00
1.690000000000000000e+02 3.923720492034473706e-01 4.268817984986728042e-01 7.619825363159179688e+00
1.700000000000000000e+02 4.239728868219379554e-01 3.933970103222185211e-01 7.638291835784912109e+00
1.710000000000000000e+02 3.919047808792588961e-01 4.272740404278858595e-01 7.622159957885742188e+00
1.720000000000000000e+02 4.253450960549875481e-01 3.930278450013274805e-01 7.639864921569824219e+00
1.730000000000000000e+02 3.906762404415279888e-01 4.258637553580348345e-01 7.619670391082763672e+00
1.740000000000000000e+02 4.253858935999834667e-01 3.925998423790260650e-01 7.640196800231933594e+00
1.750000000000000000e+02 3.919854201419736284e-01 4.261104644532968666e-01 7.619971752166748047e+00
1.760000000000000000e+02 4.244925611709410851e-01 3.936420273093914068e-01 7.642528533935546875e+00
1.770000000000000000e+02 3.913931627078915954e-01 4.260656675479400080e-01 7.621851921081542969e+00
1.780000000000000000e+02 4.246770220015368968e-01 3.918694589712522491e-01 7.642239570617675781e+00
1.790000000000000000e+02 3.920738857767852581e-01 4.236803625952299535e-01 7.621713161468505859e+00
1.800000000000000000e+02 4.243887664026590456e-01 3.911235397163394523e-01 7.643169403076171875e+00
1.810000000000000000e+02 3.937925171457963835e-01 4.240840548595484205e-01 7.620350837707519531e+00
1.820000000000000000e+02 4.260278879385672179e-01 3.918760930706448042e-01 7.643936634063720703e+00
1.830000000000000000e+02 3.933422722359816159e-01 4.239669911051590634e-01 7.622368812561035156e+00
1.840000000000000000e+02 4.271779190630436984e-01 3.895998271431429516e-01 7.644396305084228516e+00
1.850000000000000000e+02 3.938178245831406854e-01 4.213521308508930696e-01 7.620045661926269531e+00
1.860000000000000000e+02 4.285381838747648331e-01 3.904614872188649222e-01 7.647952079772949219e+00
1.870000000000000000e+02 3.935101285053850262e-01 4.249359391877858272e-01 7.621542453765869141e+00
1.880000000000000000e+02 4.285040692427912745e-01 3.899299464528860337e-01 7.649266242980957031e+00
1.890000000000000000e+02 3.952641294976779185e-01 4.242961339794367182e-01 7.620193004608154297e+00
1.900000000000000000e+02 4.279837371393069301e-01 3.915312709607336461e-01 7.648993968963623047e+00
1.910000000000000000e+02 3.937678186056904894e-01 4.247020459687449456e-01 7.619503021240234375e+00
1.920000000000000000e+02 4.277992274945482398e-01 3.908945784150295033e-01 7.646687507629394531e+00
1.930000000000000000e+02 3.947524669255798591e-01 4.227525193708515650e-01 7.619598388671875000e+00
1.940000000000000000e+02 4.264474922630955844e-01 3.912900649479516546e-01 7.645595073699951172e+00
1.950000000000000000e+02 3.932849993837495006e-01 4.247507043644973002e-01 7.619584560394287109e+00
1.960000000000000000e+02 4.272504141644408171e-01 3.910244157557655198e-01 7.643918037414550781e+00
1.970000000000000000e+02 3.938135806286376939e-01 4.249465817017666347e-01 7.620403289794921875e+00
1.980000000000000000e+02 4.269526171809370219e-01 3.911901402715342035e-01 7.642985343933105469e+00
1.990000000000000000e+02 3.939470444425154372e-01 4.251357358296788402e-01 7.619390010833740234e+00
2.000000000000000000e+02 4.285094059167024461e-01 3.912701017763905997e-01 7.639586448669433594e+00
2.010000000000000000e+02 3.960326304746393244e-01 4.243384375207858161e-01 7.617101192474365234e+00
2.020000000000000000e+02 4.284549691489145662e-01 3.918085928726482425e-01 7.642248630523681641e+00
2.030000000000000000e+02 3.950772317683062806e-01 4.247209400488413111e-01 7.617367267608642578e+00
2.040000000000000000e+02 4.297431116264341933e-01 3.911524838681875171e-01 7.642912387847900391e+00
2.050000000000000000e+02 3.941165885869231666e-01 4.247127603826740816e-01 7.618100166320800781e+00
2.060000000000000000e+02 4.275272555639342831e-01 3.911034933811153302e-01 7.641096591949462891e+00
2.070000000000000000e+02 3.929962912538213504e-01 4.246853584916275293e-01 7.618033409118652344e+00
2.080000000000000000e+02 4.281040483485591408e-01 3.912546335696491240e-01 7.641453742980957031e+00
2.090000000000000000e+02 3.937152384474325584e-01 4.256315329244597656e-01 7.618869781494140625e+00
2.100000000000000000e+02 4.275857923394115190e-01 3.911939954509899842e-01 7.643048286437988281e+00
2.110000000000000000e+02 3.935070386197409564e-01 4.246978063445647766e-01 7.618176460266113281e+00
2.120000000000000000e+02 4.284142548494911940e-01 3.918894581681374722e-01 7.644282341003417969e+00
2.130000000000000000e+02 3.946553415372321960e-01 4.247702506148067214e-01 7.620424270629882812e+00
2.140000000000000000e+02 4.267347915026628025e-01 3.931211283063035800e-01 7.644910812377929688e+00
2.150000000000000000e+02 3.936805288484060417e-01 4.262766916059367861e-01 7.622376918792724609e+00
2.160000000000000000e+02 4.275947375388354788e-01 3.923513215444898727e-01 7.642920017242431641e+00
2.170000000000000000e+02 3.936470833619467591e-01 4.255987694509470454e-01 7.623421192169189453e+00
2.180000000000000000e+02 4.280600665726832510e-01 3.930754676365861844e-01 7.643099784851074219e+00
2.190000000000000000e+02 3.944781594441054695e-01 4.263744777478986614e-01 7.622511386871337891e+00
2.200000000000000000e+02 4.269038679300433126e-01 3.919616356940013868e-01 7.643137454986572266e+00
2.210000000000000000e+02 3.924499198588165538e-01 4.273873348633982494e-01 7.623782157897949219e+00
2.220000000000000000e+02 4.262896590092716265e-01 3.945522828769242318e-01 7.640041351318359375e+00
2.230000000000000000e+02 3.927369135048689452e-01 4.269667661956502158e-01 7.624716758728027344e+00
2.240000000000000000e+02 4.265826544358075068e-01 3.929078018961340013e-01 7.638943195343017578e+00
2.250000000000000000e+02 3.938875935166574749e-01 4.267055888998474433e-01 7.625153541564941406e+00
2.260000000000000000e+02 4.268157376081227472e-01 3.941871809249192227e-01 7.640633583068847656e+00
2.270000000000000000e+02 3.921573051158894208e-01 4.270357664057427005e-01 7.626287460327148438e+00
2.280000000000000000e+02 4.264878820915316560e-01 3.944986526608390554e-01 7.640170574188232422e+00
2.290000000000000000e+02 3.928494054145931780e-01 4.276367348684610437e-01 7.626198291778564453e+00
2.300000000000000000e+02 4.256510505808386302e-01 3.934624093891544439e-01 7.639954090118408203e+00
2.310000000000000000e+02 3.921205148011163710e-01 4.274733388848855342e-01 7.626564979553222656e+00
2.320000000000000000e+02 4.251762998652905967e-01 3.946160286158822417e-01 7.639672756195068359e+00
2.330000000000000000e+02 3.908964844885192691e-01 4.263353982760155203e-01 7.625116348266601562e+00
2.340000000000000000e+02 4.246907639602942042e-01 3.937140517256929040e-01 7.636111259460449219e+00
2.350000000000000000e+02 3.912150748181570936e-01 4.267963736743496383e-01 7.627415657043457031e+00
2.360000000000000000e+02 4.248750184022300203e-01 3.944630686769652894e-01 7.638280868530273438e+00
2.370000000000000000e+02 3.910402044243517228e-01 4.264511206822773626e-01 7.626489639282226562e+00
2.380000000000000000e+02 4.243904875865153747e-01 3.925900641617911524e-01 7.637850761413574219e+00
2.390000000000000000e+02 3.916610971382994411e-01 4.260135234473070298e-01 7.622706890106201172e+00
2.400000000000000000e+02 4.243022182633243711e-01 3.924831016594860222e-01 7.636216640472412109e+00
2.410000000000000000e+02 3.912378129864488296e-01 4.274143373029701265e-01 7.619894981384277344e+00
2.420000000000000000e+02 4.248971733745657842e-01 3.927900056766779335e-01 7.636822700500488281e+00
2.430000000000000000e+02 3.900409064464980813e-01 4.272463526310003035e-01 7.622974395751953125e+00
2.440000000000000000e+02 4.237132987005504114e-01 3.945908085021709311e-01 7.635657787322998047e+00
2.450000000000000000e+02 3.908445805284980201e-01 4.279482059944124672e-01 7.623794555664062500e+00
2.460000000000000000e+02 4.239838410853937756e-01 3.939802714132144001e-01 7.634576320648193359e+00
2.470000000000000000e+02 3.909676907374851074e-01 4.283019251114225656e-01 7.622878551483154297e+00
2.480000000000000000e+02 4.251937845620674117e-01 3.948251851007525959e-01 7.634892463684082031e+00
2.490000000000000000e+02 3.891872022618754201e-01 4.281734795813690320e-01 7.624113559722900391e+00
2.500000000000000000e+02 4.232050711869134729e-01 3.953765411261975227e-01 7.634062290191650391e+00
2.510000000000000000e+02 3.903956686618945682e-01 4.304089517628825190e-01 7.625226020812988281e+00
2.520000000000000000e+02 4.233176582556212875e-01 3.965826337709789096e-01 7.633674621582031250e+00
2.530000000000000000e+02 3.898084770837376145e-01 4.304467176078740631e-01 7.627435207366943359e+00
2.540000000000000000e+02 4.252385109850362332e-01 3.966899637216153574e-01 7.635440349578857422e+00
2.550000000000000000e+02 3.914049436492171297e-01 4.302898289059252090e-01 7.627902030944824219e+00
2.560000000000000000e+02 4.249875261515411173e-01 3.963302002548836356e-01 7.636394500732421875e+00
2.570000000000000000e+02 3.918696909675111750e-01 4.298348744057478021e-01 7.624734878540039062e+00
2.580000000000000000e+02 4.243717659630021899e-01 3.949472700531229119e-01 7.635758399963378906e+00
2.590000000000000000e+02 3.906360490766879190e-01 4.295173169153682635e-01 7.624704837799072266e+00
2.600000000000000000e+02 4.249959776024984093e-01 3.957340819678177857e-01 7.635975837707519531e+00
2.610000000000000000e+02 3.915973549800372266e-01 4.295280012006497117e-01 7.623774051666259766e+00
2.620000000000000000e+02 4.259699630638949519e-01 3.956475814325391971e-01 7.636652946472167969e+00
2.630000000000000000e+02 3.926875761494294514e-01 4.281424637870361316e-01 7.623299121856689453e+00
2.640000000000000000e+02 4.268412642078289188e-01 3.942604438635532449e-01 7.639162540435791016e+00
2.650000000000000000e+02 3.936944413213428473e-01 4.282097546291111501e-01 7.623687744140625000e+00
2.660000000000000000e+02 4.252657490538242491e-01 3.948085593871749621e-01 7.642620563507080078e+00
2.670000000000000000e+02 3.924613471124719921e-01 4.290847729156553325e-01 7.624768257141113281e+00
2.680000000000000000e+02 4.259474164758687564e-01 3.942852398731279129e-01 7.643131256103515625e+00
2.690000000000000000e+02 3.925609657142163367e-01 4.285583827300424864e-01 7.625757217407226562e+00
2.700000000000000000e+02 4.268696167448824408e-01 3.934513846847219609e-01 7.644794464111328125e+00
2.710000000000000000e+02 3.927610475021234837e-01 4.269089619650658363e-01 7.622364521026611328e+00
2.720000000000000000e+02 4.273881792033273896e-01 3.943370118970272453e-01 7.645590782165527344e+00
2.730000000000000000e+02 3.939639702931453935e-01 4.266681359840117094e-01 7.622318267822265625e+00
2.740000000000000000e+02 4.273772331524811063e-01 3.926056780851410744e-01 7.645379066467285156e+00
2.750000000000000000e+02 3.948634665222810480e-01 4.262715604493033106e-01 7.621201038360595703e+00
2.760000000000000000e+02 4.284606419097208296e-01 3.923589756724571442e-01 7.646036148071289062e+00
2.770000000000000000e+02 3.920218196374628539e-01 4.255562716764810238e-01 7.623020172119140625e+00
2.780000000000000000e+02 4.250285406994216419e-01 3.927375925383241317e-01 7.644098281860351562e+00
2.790000000000000000e+02 3.931099996180022482e-01 4.270466280428513173e-01 7.621200561523437500e+00
2.800000000000000000e+02 4.272632038941522326e-01 3.934389710674099372e-01 7.640225410461425781e+00
2.810000000000000000e+02 3.929160689125990591e-01 4.274699439771093012e-01 7.621765613555908203e+00
2.820000000000000000e+02 4.283071613625368812e-01 3.944185087791041711e-01 7.641088962554931641e+00
2.830000000000000000e+02 3.929847558491726400e-01 4.265916837664462391e-01 7.622983932495117188e+00
2.840000000000000000e+02 4.272739329443001610e-01 3.924499162226425253e-01 7.640051841735839844e+00
2.850000000000000000e+02 3.936225869466345451e-01 4.261414427435868402e-01 7.619377613067626953e+00
2.860000000000000000e+02 4.257380526497007711e-01 3.945869549829287837e-01 7.637699127197265625e+00
2.870000000000000000e+02 3.919834493417773680e-01 4.269403565215308949e-01 7.620765686035156250e+00
2.880000000000000000e+02 4.262597216702745384e-01 3.937152596258870485e-01 7.634964942932128906e+00
2.890000000000000000e+02 3.916250830735353849e-01 4.264663323428853903e-01 7.619240760803222656e+00
2.900000000000000000e+02 4.246384011647832413e-01 3.922784859429461757e-01 7.635598659515380859e+00
2.910000000000000000e+02 3.898103667364871683e-01 4.263277708536383770e-01 7.617500305175781250e+00
2.920000000000000000e+02 4.241538184761778907e-01 3.936312769817486568e-01 7.635055541992187500e+00
2.930000000000000000e+02 3.908575885851996445e-01 4.273008793464069810e-01 7.619560718536376953e+00
2.940000000000000000e+02 4.243038246181193296e-01 3.946346430623234869e-01 7.635573863983154297e+00
2.950000000000000000e+02 3.920815916339180363e-01 4.269549047079194137e-01 7.618451595306396484e+00
2.960000000000000000e+02 4.232937337962308089e-01 3.940277138608813678e-01 7.638078689575195312e+00
2.970000000000000000e+02 3.918841035667970374e-01 4.257959815290198180e-01 7.618930339813232422e+00
2.980000000000000000e+02 4.256368384579072295e-01 3.924490581382848453e-01 7.639217853546142578e+00
2.990000000000000000e+02 3.905167181426918432e-01 4.260755439840324121e-01 7.618945598602294922e+00
3.000000000000000000e+02 4.243783343835501598e-01 3.930944090334229091e-01 7.638646125793457031e+00
3.010000000000000000e+02 3.902533555850596914e-01 4.268474744889186878e-01 7.619013309478759766e+00
3.020000000000000000e+02 4.251616855950380303e-01 3.925540725912561868e-01 7.640195369720458984e+00
3.030000000000000000e+02 3.916497223071373490e-01 4.264294616457707243e-01 7.620770931243896484e+00
3.040000000000000000e+02 4.256423937447137429e-01 3.932906736061059227e-01 7.640623092651367188e+00
3.050000000000000000e+02 3.925631284432208878e-01 4.270080511179769611e-01 7.621891498565673828e+00
3.060000000000000000e+02 4.253544640365333196e-01 3.929273600495916119e-01 7.642339706420898438e+00
3.070000000000000000e+02 3.921577384552373258e-01 4.264476994842306135e-01 7.621428012847900391e+00
3.080000000000000000e+02 4.258101369509003087e-01 3.931878681186769531e-01 7.639801025390625000e+00
3.090000000000000000e+02 3.940435322264740359e-01 4.269387427528851253e-01 7.619999885559082031e+00
3.100000000000000000e+02 4.283268495137049769e-01 3.921677181826034309e-01 7.639460086822509766e+00
3.110000000000000000e+02 3.936268276518105069e-01 4.267692326459164298e-01 7.620713710784912109e+00
3.120000000000000000e+02 4.285492054940017170e-01 3.922237591507780619e-01 7.642014503479003906e+00
3.130000000000000000e+02 3.955682455160495214e-01 4.251632033665819765e-01 7.620053768157958984e+00
3.140000000000000000e+02 4.287336637830276298e-01 3.915871425047193766e-01 7.643373966217041016e+00
3.150000000000000000e+02 3.956736493068657157e-01 4.260771542488713259e-01 7.618648529052734375e+00
3.160000000000000000e+02 4.286201295222324958e-01 3.921990107127535929e-01 7.641861915588378906e+00
3.170000000000000000e+02 3.963858932175496896e-01 4.259924152783936546e-01 7.618332862854003906e+00
3.180000000000000000e+02 4.296158031317622861e-01 3.910602231969873555e-01 7.642464160919189453e+00
3.190000000000000000e+02 3.951350667564531571e-01 4.276907495128021708e-01 7.618328571319580078e+00
3.200000000000000000e+02 4.302214512885497166e-01 3.909637617234847928e-01 7.643008708953857422e+00
3.210000000000000000e+02 3.966661592529988067e-01 4.257853106286157430e-01 7.617475986480712891e+00
3.220000000000000000e+02 4.311260026771124299e-01 3.932476894517233923e-01 7.644327640533447266e+00
3.230000000000000000e+02 3.963369559759692962e-01 4.259667135342641298e-01 7.617349147796630859e+00
3.240000000000000000e+02 4.300639006803316233e-01 3.915051883665796595e-01 7.644872665405273438e+00
3.250000000000000000e+02 3.969966511242347118e-01 4.262375850647887598e-01 7.618962764739990234e+00
3.260000000000000000e+02 4.288763423842554823e-01 3.921136042223793416e-01 7.647669792175292969e+00
3.270000000000000000e+02 3.952899308366934483e-01 4.256396778532072767e-01 7.619865894317626953e+00
3.280000000000000000e+02 4.287060355666491573e-01 3.917877774405909008e-01 7.645171642303466797e+00
3.290000000000000000e+02 3.945236316329939208e-01 4.263001405315204329e-01 7.620133876800537109e+00
3.300000000000000000e+02 4.282917303386313268e-01 3.931833613262422089e-01 7.648168087005615234e+00
3.310000000000000000e+02 3.944076198034171532e-01 4.262182422158983797e-01 7.624091625213623047e+00
3.320000000000000000e+02 4.268772464101435737e-01 3.935207974473562409e-01 7.647337913513183594e+00
3.330000000000000000e+02 3.925904297235148777e-01 4.267296906054726668e-01 7.623191356658935547e+00
3.340000000000000000e+02 4.266580017271739966e-01 3.943400022372959279e-01 7.645084381103515625e+00
3.350000000000000000e+02 3.925746681752210754e-01 4.268092262332637832e-01 7.624380588531494141e+00
3.360000000000000000e+02 4.259845906227670009e-01 3.928556590098439827e-01 7.642652988433837891e+00
3.370000000000000000e+02 3.917435178365344939e-01 4.263750197079205773e-01 7.623627185821533203e+00
3.380000000000000000e+02 4.244681711107580746e-01 3.928538614903328563e-01 7.641323566436767578e+00
3.390000000000000000e+02 3.906444589434248105e-01 4.271781532061684206e-01 7.622793674468994141e+00
3.400000000000000000e+02 4.254308022530641775e-01 3.934474594841811390e-01 7.637331962585449219e+00
3.410000000000000000e+02 3.930450694347152885e-01 4.276734600261333785e-01 7.622551441192626953e+00
3.420000000000000000e+02 4.261133220807705735e-01 3.929529382902997581e-01 7.637175083160400391e+00
3.430000000000000000e+02 3.919675594959722287e-01 4.282631287860281244e-01 7.623510837554931641e+00
3.440000000000000000e+02 4.255568612109876803e-01 3.946496397951069213e-01 7.635537624359130859e+00
3.450000000000000000e+02 3.937017497588501391e-01 4.293141124694743183e-01 7.623902797698974609e+00
3.460000000000000000e+02 4.258172456924078642e-01 3.947320040520663764e-01 7.636743068695068359e+00
3.470000000000000000e+02 3.921439767784145047e-01 4.287530285657530360e-01 7.623076438903808594e+00
3.480000000000000000e+02 4.259354604770739794e-01 3.958459093297857501e-01 7.636322498321533203e+00
3.490000000000000000e+02 3.914364446398203579e-01 4.279429968214414903e-01 7.622949600219726562e+00
3.500000000000000000e+02 4.258831813400155708e-01 3.954094031738424331e-01 7.637124538421630859e+00
3.510000000000000000e+02 3.923472520149501319e-01 4.285383354082569207e-01 7.625028133392333984e+00
3.520000000000000000e+02 4.239407763670671181e-01 3.934368171064697717e-01 7.637741565704345703e+00
3.530000000000000000e+02 3.919449777661827561e-01 4.265856272667634674e-01 7.622142791748046875e+00
3.540000000000000000e+02 4.256778125396089019e-01 3.938594171188065096e-01 7.638281345367431641e+00
3.550000000000000000e+02 3.926106305645840622e-01 4.267080793266791461e-01 7.622498512268066406e+00
3.560000000000000000e+02 4.246830766426786252e-01 3.935901504868246081e-01 7.639409065246582031e+00
3.570000000000000000e+02 3.905884865753585511e-01 4.267790644603987049e-01 7.623031139373779297e+00
3.580000000000000000e+02 4.244897383237417055e-01 3.933332221013627339e-01 7.639836788177490234e+00
3.590000000000000000e+02 3.905224534882929532e-01 4.267872901748118730e-01 7.624321460723876953e+00
3.600000000000000000e+02 4.231449351515881863e-01 3.932503995641757344e-01 7.637552261352539062e+00
3.610000000000000000e+02 3.898381694400384623e-01 4.274513453702993293e-01 7.623638153076171875e+00
3.620000000000000000e+02 4.230952939238584731e-01 3.944001353344619432e-01 7.637538909912109375e+00
3.630000000000000000e+02 3.906910403055237069e-01 4.286342359728979035e-01 7.624722003936767578e+00
3.640000000000000000e+02 4.229625489401910854e-01 3.964582845687047996e-01 7.637195110321044922e+00
3.650000000000000000e+02 3.906479888034218861e-01 4.298637503111418789e-01 7.626442432403564453e+00
3.660000000000000000e+02 4.244180318271260077e-01 3.968608341844191978e-01 7.639594554901123047e+00
3.670000000000000000e+02 3.899993460012495805e-01 4.303740664869484811e-01 7.626788616180419922e+00
3.680000000000000000e+02 4.226080207810273270e-01 3.970036634480992310e-01 7.637173175811767578e+00
3.690000000000000000e+02 3.894467345370003497e-01 4.289155440101742878e-01 7.626779556274414062e+00
3.700000000000000000e+02 4.241485936405320900e-01 3.954170130206454137e-01 7.638391017913818359e+00
3.710000000000000000e+02 3.904409853916993023e-01 4.292171073673507475e-01 7.625320911407470703e+00
3.720000000000000000e+02 4.229650422023184531e-01 3.964481675717155817e-01 7.639877796173095703e+00
3.730000000000000000e+02 3.899410094124927673e-01 4.287656768039770361e-01 7.626670360565185547e+00
3.740000000000000000e+02 4.250267656337481381e-01 3.963490517379789635e-01 7.639782428741455078e+00
3.750000000000000000e+02 3.907665895303964465e-01 4.300620791688852251e-01 7.625747680664062500e+00
3.760000000000000000e+02 4.255717376835407295e-01 3.966065377897957100e-01 7.641473770141601562e+00
3.770000000000000000e+02 3.926338320191893327e-01 4.286609654351840604e-01 7.625753402709960938e+00
3.780000000000000000e+02 4.259776924384249264e-01 3.938919965825212199e-01 7.642145156860351562e+00
3.790000000000000000e+02 3.943615573068502966e-01 4.294843612088518059e-01 7.621894359588623047e+00
3.800000000000000000e+02 4.267998257545498331e-01 3.954443919230690163e-01 7.644344329833984375e+00
3.810000000000000000e+02 3.936322849600232265e-01 4.283260973036204233e-01 7.621637821197509766e+00
3.820000000000000000e+02 4.275664669446198052e-01 3.956188692527033424e-01 7.644637107849121094e+00
3.830000000000000000e+02 3.934055795185691928e-01 4.289799585232750290e-01 7.621979713439941406e+00
3.840000000000000000e+02 4.261384250309436239e-01 3.951935963641620697e-01 7.644426822662353516e+00
3.850000000000000000e+02 3.916028684132222826e-01 4.294564000199740383e-01 7.624158382415771484e+00
3.860000000000000000e+02 4.269705527819256941e-01 3.958438089084093670e-01 7.643530845642089844e+00
3.870000000000000000e+02 3.932896857734550777e-01 4.304501518656493886e-01 7.625546932220458984e+00
3.880000000000000000e+02 4.259105692434398960e-01 3.960953354887485345e-01 7.644829750061035156e+00
3.890000000000000000e+02 3.937650773280771954e-01 4.303081761953671536e-01 7.625504493713378906e+00
3.900000000000000000e+02 4.275535521377645809e-01 3.957810297930681731e-01 7.646241664886474609e+00
3.910000000000000000e+02 3.927998898628550783e-01 4.287824967390678199e-01 7.627840995788574219e+00
3.920000000000000000e+02 4.260269140520407394e-01 3.940098566499236621e-01 7.644738674163818359e+00
3.930000000000000000e+02 3.944057196914209085e-01 4.294563942388897604e-01 7.624923706054687500e+00
3.940000000000000000e+02 4.263115292335528106e-01 3.955031425884332208e-01 7.645426750183105469e+00
3.950000000000000000e+02 3.929175599753112480e-01 4.291311792209710485e-01 7.626403808593750000e+00
3.960000000000000000e+02 4.249226207895949181e-01 3.948018897570613195e-01 7.643935203552246094e+00
3.970000000000000000e+02 3.910305043852514983e-01 4.290624295508400077e-01 7.624101161956787109e+00
3.980000000000000000e+02 4.245593138442628756e-01 3.939479181313196299e-01 7.638120174407958984e+00
