0.000000000000000000e+00 4.021862368757985612e-02 3.593138524094276198e-02 5.511593341827392578e+00
1.000000000000000000e+00 3.983735647918644485e-02 3.983372557221517840e-02 5.481840133666992188e+00
2.000000000000000000e+00 5.656178990561350206e-02 3.973166833693298622e-02 5.688151359558105469e+00
3.000000000000000000e+00 5.517681699570112924e-02 5.691718805139927423e-02 5.657760143280029297e+00
4.000000000000000000e+00 8.068294432545999872e-02 5.561996458461732767e-02 5.840439319610595703e+00
5.000000000000000000e+00 7.759660366090374850e-02 8.132364439224111508e-02 5.808519840240478516e+00
6.000000000000000000e+00 1.086992864668236830e-01 7.685171012479055652e-02 5.969243049621582031e+00
7.000000000000000000e+00 1.019562353190064385e-01 1.089993504722341910e-01 5.941438674926757812e+00
8.000000000000000000e+00 1.373376525321635677e-01 1.021515893849632706e-01 6.084322929382324219e+00
9.000000000000000000e+00 1.278486530923624576e-01 1.384924162867046948e-01 6.057782649993896484e+00
1.000000000000000000e+01 1.678596667201461279e-01 1.286417418897504716e-01 6.187107086181640625e+00
1.100000000000000000e+01 1.542205628489332347e-01 1.658663942865460372e-01 6.160065650939941406e+00
1.200000000000000000e+01 1.947537374317478420e-01 1.552049833945886026e-01 6.274425029754638672e+00
1.300000000000000000e+01 1.794446325874629600e-01 1.944909466567326106e-01 6.247137069702148438e+00
1.400000000000000000e+01 2.199463196227912365e-01 1.797658900057109710e-01 6.352138996124267578e+00
1.500000000000000000e+01 2.017890323488452375e-01 2.186920448945296191e-01 6.322602272033691406e+00
1.600000000000000000e+01 2.454093627090294660e-01 2.021058771453505543e-01 6.419940948486328125e+00
1.700000000000000000e+01 2.241059064182273908e-01 2.429750603093309702e-01 6.390248775482177734e+00
1.800000000000000000e+01 2.647351819327109501e-01 2.242870475891810544e-01 6.480648040771484375e+00
1.900000000000000000e+01 2.433683988179555502e-01 2.659187531601296950e-01 6.449518680572509766e+00
2.000000000000000000e+01 2.846236784762363747e-01 2.447455024431546833e-01 6.532301425933837891e+00
2.100000000000000000e+01 2.633065644873545108e-01 2.852301782651995299e-01 6.503900527954101562e+00
2.200000000000000000e+01 3.037378849574737805e-01 2.625884225173874542e-01 6.580461978912353516e+00
2.300000000000000000e+01 2.791529084056492138e-01 3.043620881162581449e-01 6.549965381622314453e+00
2.400000000000000000e+01 3.178988803687431419e-01 2.796893360500558590e-01 6.622924804687500000e+00
2.500000000000000000e+01 2.944771096292365664e-01 3.202945132615875323e-01 6.593907833099365234e+00
2.600000000000000000e+01 3.356627001614290173e-01 2.947209588248452250e-01 6.658890247344970703e+00
2.700000000000000000e+01 3.079856774075465653e-01 3.359712568147058542e-01 6.630797386169433594e+00
2.800000000000000000e+01 3.478700686644450868e-01 3.115480267564809114e-01 6.690700531005859375e+00
2.900000000000000000e+01 3.197953673390203089e-01 3.521897146346074647e-01 6.665207386016845703e+00
3.000000000000000000e+01 3.593776515132643401e-01 3.250162623209669199e-01 6.720240116119384766e+00
3.100000000000000000e+01 3.320635210257696923e-01 3.659523141110515021e-01 6.696305274963378906e+00
3.200000000000000000e+01 3.706804374707545757e-01 3.378318241352830098e-01 6.746587276458740234e+00
3.300000000000000000e+01 3.406363926921055496e-01 3.761687840224319790e-01 6.723834514617919922e+00
3.400000000000000000e+01 3.801614618268612245e-01 3.472426485821105135e-01 6.768357753753662109e+00
3.500000000000000000e+01 3.490230734489104814e-01 3.866148802811557594e-01 6.747141838073730469e+00
3.600000000000000000e+01 3.882780968146197220e-01 3.574242505021898997e-01 6.787486076354980469e+00
3.700000000000000000e+01 3.586359270520914633e-01 3.969109672677894052e-01 6.769542694091796875e+00
3.800000000000000000e+01 3.961106768340335593e-01 3.659871956427710460e-01 6.807529449462890625e+00
3.900000000000000000e+01 3.666040464040604130e-01 4.040203544673628411e-01 6.789223194122314453e+00
4.000000000000000000e+01 4.028876968432582029e-01 3.741959288877559908e-01 6.824203968048095703e+00
4.100000000000000000e+01 3.727747322081329528e-01 4.112087693677488609e-01 6.805354595184326172e+00
4.200000000000000000e+01 4.111906977830229182e-01 3.799036659246400882e-01 6.841629981994628906e+00
4.300000000000000000e+01 3.775562735309196394e-01 4.194791333869608008e-01 6.821344375610351562e+00
4.400000000000000000e+01 4.161835884939610875e-01 3.870581597253012762e-01 6.855389118194580078e+00
4.500000000000000000e+01 3.844384236852731451e-01 4.244828400772566179e-01 6.836570262908935547e+00
4.600000000000000000e+01 4.223320901120616311e-01 3.911861493036906112e-01 6.869312763214111328e+00
4.700000000000000000e+01 3.908338402357845465e-01 4.295263882694952962e-01 6.847160816192626953e+00
4.800000000000000000e+01 4.282036866842801603e-01 3.962880139493218934e-01 6.881399154663085938e+00
4.900000000000000000e+01 3.946896130885106380e-01 4.322978534615212753e-01 6.858740806579589844e+00
5.000000000000000000e+01 4.322826759681202002e-01 3.990270080961082488e-01 6.891261100769042969e+00
5.100000000000000000e+01 3.995519118417594773e-01 4.362265778849159781e-01 6.868980884552001953e+00
5.200000000000000000e+01 4.362762910201213318e-01 4.030426402151697785e-01 6.901548862457275391e+00
5.300000000000000000e+01 4.034104694555541437e-01 4.407575373302581867e-01 6.877549171447753906e+00
5.400000000000000000e+01 4.401969113904397046e-01 4.075436245737140140e-01 6.911262512207031250e+00
5.500000000000000000e+01 4.062211634744275490e-01 4.451633914226658661e-01 6.887793064117431641e+00
5.600000000000000000e+01 4.429255127059263941e-01 4.099842205846864207e-01 6.919857978820800781e+00
5.700000000000000000e+01 4.112564793593677104e-01 4.477420529299049878e-01 6.895023345947265625e+00
5.800000000000000000e+01 4.457555452790902262e-01 4.143955793631721729e-01 6.928307533264160156e+00
5.900000000000000000e+01 4.110542056785249088e-01 4.512358815645397536e-01 6.903697967529296875e+00
6.000000000000000000e+01 4.479005945566513769e-01 4.161000037670219975e-01 6.933096885681152344e+00
6.100000000000000000e+01 4.150973329457824379e-01 4.513705593175540431e-01 6.909256935119628906e+00
6.200000000000000000e+01 4.511940278434483642e-01 4.174425253606632857e-01 6.937748908996582031e+00
6.300000000000000000e+01 4.159645986025242714e-01 4.534257507273546373e-01 6.911109924316406250e+00
6.400000000000000000e+01 4.556604659509624344e-01 4.179693331913776899e-01 6.942705154418945312e+00
6.500000000000000000e+01 4.196707537085787587e-01 4.549284209058425676e-01 6.914095401763916016e+00
6.600000000000000000e+01 4.564320650060313400e-01 4.203432836474069179e-01 6.947388172149658203e+00
6.700000000000000000e+01 4.213116476193446980e-01 4.573160192952089864e-01 6.920881748199462891e+00
6.800000000000000000e+01 4.581203964130081130e-01 4.227271808347137227e-01 6.950847148895263672e+00
6.900000000000000000e+01 4.236952138989049654e-01 4.569082087313571239e-01 6.923801898956298828e+00
7.000000000000000000e+01 4.599500367500689579e-01 4.234424944448634820e-01 6.954575538635253906e+00
7.100000000000000000e+01 4.249823731066769694e-01 4.609408828513618106e-01 6.927610397338867188e+00
7.200000000000000000e+01 4.622775779313040290e-01 4.267107055369528945e-01 6.958214759826660156e+00
7.300000000000000000e+01 4.278470984852600911e-01 4.629325489362167700e-01 6.929190158843994141e+00
7.400000000000000000e+01 4.616768058497350280e-01 4.269507391247203132e-01 6.959840297698974609e+00
7.500000000000000000e+01 4.275270447771294391e-01 4.645839102425687317e-01 6.930212497711181641e+00
7.600000000000000000e+01 4.647243231258615936e-01 4.280633576319294864e-01 6.962280750274658203e+00
7.700000000000000000e+01 4.296242969826479241e-01 4.656138273734077848e-01 6.931333065032958984e+00
7.800000000000000000e+01 4.663198033208611482e-01 4.296832377741388598e-01 6.965119838714599609e+00
7.900000000000000000e+01 4.293604016119939026e-01 4.646575504565264580e-01 6.934587955474853516e+00
8.000000000000000000e+01 4.653684231201272725e-01 4.302387966031299138e-01 6.967974185943603516e+00
8.100000000000000000e+01 4.321144918786881117e-01 4.661699802914479607e-01 6.936410903930664062e+00
8.200000000000000000e+01 4.681574799997844649e-01 4.299036037825527123e-01 6.969169139862060547e+00
8.300000000000000000e+01 4.316554668614174251e-01 4.661692212093707655e-01 6.937252998352050781e+00
8.400000000000000000e+01 4.688159059671924145e-01 4.298733732084545345e-01 6.972767353057861328e+00
8.500000000000000000e+01 4.323179279643598050e-01 4.652993887226689051e-01 6.939166545867919922e+00
8.600000000000000000e+01 4.679678251615092544e-01 4.307477180360562707e-01 6.976136207580566406e+00
8.700000000000000000e+01 4.315121842077159764e-01 4.669993987964711213e-01 6.940762042999267578e+00
8.800000000000000000e+01 4.665262657131390434e-01 4.330444666924015418e-01 6.977648258209228516e+00
8.900000000000000000e+01 4.316837313764436690e-01 4.700533224301539081e-01 6.945181846618652344e+00
9.000000000000000000e+01 4.683052093205176125e-01 4.345899557957852988e-01 6.977201938629150391e+00
9.100000000000000000e+01 4.322875901920076314e-01 4.679796282442904576e-01 6.946912765502929688e+00
9.200000000000000000e+01 4.688322380355114394e-01 4.324921278877722486e-01 6.979482650756835938e+00
9.300000000000000000e+01 4.330537713325726124e-01 4.692513346806531094e-01 6.947073459625244141e+00
9.400000000000000000e+01 4.688954537644873244e-01 4.336292605641269282e-01 6.978195667266845703e+00
9.500000000000000000e+01 4.310788671993907584e-01 4.694552527401297803e-01 6.948008537292480469e+00
9.600000000000000000e+01 4.685055247123237621e-01 4.344955340036360525e-01 6.978789806365966797e+00
9.700000000000000000e+01 4.336706904453867528e-01 4.707252827027366138e-01 6.950066089630126953e+00
9.800000000000000000e+01 4.691133931419488867e-01 4.329890909221251194e-01 6.981985569000244141e+00
9.900000000000000000e+01 4.333568689657065209e-01 4.694426355056854905e-01 6.948526382446289062e+00
1.000000000000000000e+02 4.689720086964775381e-01 4.359651701864178386e-01 6.981386661529541016e+00
1.010000000000000000e+02 4.333104818249470802e-01 4.707041442682662891e-01 6.949796676635742188e+00
1.020000000000000000e+02 4.706867112131852826e-01 4.367813771286877533e-01 6.980637550354003906e+00
1.030000000000000000e+02 4.334478434220402354e-01 4.731398064632315603e-01 6.950334548950195312e+00
1.040000000000000000e+02 4.717024475395493743e-01 4.363228848664669757e-01 6.978966712951660156e+00
1.050000000000000000e+02 4.356820157832992924e-01 4.706031908668785180e-01 6.951607704162597656e+00
1.060000000000000000e+02 4.690241209247676957e-01 4.361324890266299881e-01 6.979216098785400391e+00
1.070000000000000000e+02 4.341334049704561604e-01 4.736784314873004331e-01 6.951005935668945312e+00
1.080000000000000000e+02 4.693739546019924380e-01 4.377634656247438860e-01 6.977900505065917969e+00
1.090000000000000000e+02 4.343828940339398703e-01 4.741599832753100596e-01 6.949733257293701172e+00
1.100000000000000000e+02 4.698915085695558047e-01 4.368266250079098079e-01 6.979351043701171875e+00
1.110000000000000000e+02 4.361564309703142017e-01 4.724576766198259614e-01 6.945774555206298828e+00
1.120000000000000000e+02 4.719868113431169854e-01 4.367602182242967812e-01 6.979967594146728516e+00
1.130000000000000000e+02 4.360248994420092838e-01 4.725856480740089349e-01 6.945989131927490234e+00
1.140000000000000000e+02 4.715836313136662628e-01 4.368929917427271103e-01 6.978979110717773438e+00
1.150000000000000000e+02 4.363994376480663795e-01 4.739536600694772006e-01 6.946108818054199219e+00
1.160000000000000000e+02 4.713993730314578467e-01 4.384086962017655353e-01 6.978479862213134766e+00
1.170000000000000000e+02 4.362971100030605953e-01 4.742340520981737639e-01 6.949113368988037109e+00
1.180000000000000000e+02 4.726360216463654784e-01 4.377272546654188967e-01 6.978977203369140625e+00
1.190000000000000000e+02 4.353461746060300896e-01 4.730483275844430957e-01 6.949532508850097656e+00
1.200000000000000000e+02 4.733816201596822149e-01 4.379497147456525852e-01 6.978651523590087891e+00
1.210000000000000000e+02 4.373819843870190294e-01 4.721837207676405912e-01 6.948718070983886719e+00
1.220000000000000000e+02 4.732109095796273590e-01 4.371604604248135462e-01 6.978687286376953125e+00
1.230000000000000000e+02 4.371418989714854764e-01 4.741028729631041050e-01 6.948573112487792969e+00
1.240000000000000000e+02 4.734775869880923915e-01 4.389233962512193443e-01 6.978240489959716797e+00
1.250000000000000000e+02 4.390211506927022556e-01 4.736833146368487069e-01 6.950365543365478516e+00
1.260000000000000000e+02 4.760738747280118810e-01 4.371604869593019860e-01 6.982319355010986328e+00
1.270000000000000000e+02 4.395854258207524401e-01 4.730338979660487775e-01 6.949132919311523438e+00
1.280000000000000000e+02 4.745492441510953396e-01 4.387071796398039902e-01 6.982231140136718750e+00
1.290000000000000000e+02 4.391815699900977199e-01 4.729225376994063423e-01 6.950122356414794922e+00
1.300000000000000000e+02 4.762489993490331974e-01 4.391300861099808883e-01 6.984381675720214844e+00
1.310000000000000000e+02 4.400860620295500292e-01 4.738781344219659131e-01 6.950549125671386719e+00
1.320000000000000000e+02 4.758848480886568866e-01 4.403191166167301218e-01 6.984939575195312500e+00
1.330000000000000000e+02 4.401726527330659389e-01 4.765500611558478594e-01 6.952152252197265625e+00
1.340000000000000000e+02 4.765553253102572384e-01 4.399580252776055245e-01 6.983718395233154297e+00
1.350000000000000000e+02 4.404273043016295741e-01 4.779342195288113215e-01 6.953025341033935547e+00
1.360000000000000000e+02 4.746276126971813447e-01 4.398188756810964550e-01 6.984311580657958984e+00
1.370000000000000000e+02 4.387663634113999067e-01 4.753606700793404083e-01 6.953522682189941406e+00
1.380000000000000000e+02 4.759656741363515464e-01 4.394631801389231041e-01 6.983122825622558594e+00
1.390000000000000000e+02 4.378640045264178826e-01 4.755712131978664936e-01 6.952827453613281250e+00
1.400000000000000000e+02 4.744562414993136468e-01 4.391718394599031239e-01 6.984367370605468750e+00
1.410000000000000000e+02 4.377529948038475505e-01 4.757557400513578449e-01 6.953742980957031250e+00
1.420000000000000000e+02 4.734976074678152180e-01 4.405601284210680091e-01 6.982866764068603516e+00
1.430000000000000000e+02 4.381091069756898326e-01 4.761592012818697262e-01 6.955521106719970703e+00
1.440000000000000000e+02 4.735758679586953845e-01 4.401509601681379835e-01 6.983692646026611328e+00
1.450000000000000000e+02 4.375318011416101660e-01 4.756671771373884861e-01 6.954490661621093750e+00
1.460000000000000000e+02 4.728340180892621758e-01 4.419703364322277728e-01 6.982673645019531250e+00
1.470000000000000000e+02 4.380243773497448645e-01 4.753249657797276595e-01 6.954402923583984375e+00
1.480000000000000000e+02 4.740330201060052873e-01 4.393043773699076837e-01 6.982573509216308594e+00
1.490000000000000000e+02 4.379788082479043054e-01 4.746706327614875764e-01 6.953398704528808594e+00
1.500000000000000000e+02 4.732305204478390870e-01 4.402169007000416578e-01 6.983305454254150391e+00
1.510000000000000000e+02 4.376083366546502096e-01 4.751086384373955362e-01 6.954320430755615234e+00
1.520000000000000000e+02 4.725162635275239054e-01 4.398186824668114392e-01 6.984549522399902344e+00
1.530000000000000000e+02 4.375144237986346996e-01 4.773274520974765123e-01 6.954147338867187500e+00
1.540000000000000000e+02 4.739996717450593589e-01 4.402524400495609891e-01 6.982485294342041016e+00
1.550000000000000000e+02 4.368162117856287385e-01 4.764205008271358843e-01 6.953312397003173828e+00
1.560000000000000000e+02 4.711295169128126292e-01 4.395921843342051050e-01 6.980206966400146484e+00
1.570000000000000000e+02 4.351349580192429567e-01 4.755809263199454739e-01 6.952727317810058594e+00
1.580000000000000000e+02 4.712575470528675980e-01 4.405842706049177826e-01 6.978562831878662109e+00
1.590000000000000000e+02 4.351191757276261507e-01 4.759665070132299003e-01 6.952661514282226562e+00
1.600000000000000000e+02 4.693097184886888540e-01 4.396024014382102219e-01 6.978642940521240234e+00
1.610000000000000000e+02 4.355862161242111674e-01 4.769843534416360886e-01 6.952267169952392578e+00
1.620000000000000000e+02 4.706378355740391539e-01 4.408757354270316786e-01 6.978326320648193359e+00
1.630000000000000000e+02 4.359493715533114822e-01 4.757741748602727361e-01 6.952850818634033203e+00
1.640000000000000000e+02 4.707882935771394717e-01 4.410212563893244342e-01 6.980175018310546875e+00
1.650000000000000000e+02 4.355575263991376955e-01 4.771223587858485216e-01 6.953808307647705078e+00
1.660000000000000000e+02 4.716794123406214956e-01 4.425986732453975891e-01 6.978378772735595703e+00
1.670000000000000000e+02 4.363689513326892144e-01 4.766253245779379366e-01 6.955919265747070312e+00
1.680000000000000000e+02 4.721949621225023930e-01 4.407585587122944126e-01 6.979924678802490234e+00
1.690000000000000000e+02 4.358717349882322289e-01 4.774379151324848469e-01 6.954968452453613281e+00
1.700000000000000000e+02 4.736848889107874161e-01 4.406765663216210549e-01 6.981380462646484375e+00
1.710000000000000000e+02 4.381246337871391727e-01 4.756744471444681599e-01 6.955351352691650391e+00
1.720000000000000000e+02 4.729902132984061258e-01 4.410880827181958841e-01 6.984144210815429688e+00
1.730000000000000000e+02 4.381797827581218052e-01 4.767625315064796809e-01 6.956895351409912109e+00
1.740000000000000000e+02 4.748167011189865505e-01 4.400449820239688004e-01 6.983622550964355469e+00
1.750000000000000000e+02 4.383084651387385566e-01 4.767416640344924739e-01 6.956617355346679688e+00
1.760000000000000000e+02 4.743170094332028741e-01 4.388805179583109006e-01 6.983772754669189453e+00
1.770000000000000000e+02 4.385251595386239210e-01 4.730879331044914871e-01 6.952717781066894531e+00
1.780000000000000000e+02 4.738879577585413672e-01 4.380374135639346078e-01 6.983132839202880859e+00
1.790000000000000000e+02 4.380014138933179257e-01 4.760050660050511029e-01 6.951005458831787109e+00
1.800000000000000000e+02 4.723604744678628342e-01 4.380299037828417341e-01 6.982838153839111328e+00
1.810000000000000000e+02 4.372563743063572206e-01 4.745526991425417784e-01 6.953670501708984375e+00
1.820000000000000000e+02 4.736260080503447156e-01 4.402295580181428414e-01 6.983086109161376953e+00
1.830000000000000000e+02 4.374460356182123810e-01 4.752937764881831062e-01 6.955937862396240234e+00
1.840000000000000000e+02 4.719503003597674273e-01 4.404600663585839238e-01 6.981397628784179688e+00
1.850000000000000000e+02 4.356767115354956421e-01 4.781316281007642610e-01 6.959722042083740234e+00
1.860000000000000000e+02 4.723139063883722844e-01 4.435617015276579478e-01 6.978894710540771484e+00
1.870000000000000000e+02 4.379748372249206989e-01 4.779659414644974458e-01 6.962158679962158203e+00
1.880000000000000000e+02 4.741686006215924398e-01 4.416936522123023900e-01 6.981465339660644531e+00
1.890000000000000000e+02 4.383165860071966402e-01 4.780986483448284030e-01 6.960079193115234375e+00
1.900000000000000000e+02 4.732190356358922934e-01 4.417685899461774035e-01 6.983244895935058594e+00
1.910000000000000000e+02 4.379007035888192179e-01 4.794111682875004665e-01 6.959506511688232422e+00
1.920000000000000000e+02 4.731312668421952528e-01 4.422641171941388838e-01 6.982345581054687500e+00
1.930000000000000000e+02 4.373508592905258063e-01 4.793260356713247572e-01 6.960417747497558594e+00
1.940000000000000000e+02 4.734768181733855497e-01 4.427929792657410157e-01 6.982385635375976562e+00
1.950000000000000000e+02 4.382543325021494018e-01 4.804224499360375544e-01 6.961492538452148438e+00
1.960000000000000000e+02 4.715263299873094782e-01 4.436513633204777762e-01 6.982125759124755859e+00
1.970000000000000000e+02 4.366258749568538433e-01 4.804689883320017452e-01 6.962467193603515625e+00
1.980000000000000000e+02 4.714047049011645951e-01 4.450315626950545611e-01 6.982541561126708984e+00
1.990000000000000000e+02 4.350449750860821974e-01 4.813902913061905986e-01 6.963036537170410156e+00
2.000000000000000000e+02 4.704786368704783062e-01 4.442289742299462274e-01 6.980326175689697266e+00
2.010000000000000000e+02 4.349554545855800480e-01 4.789344721766227164e-01 6.962308406829833984e+00
2.020000000000000000e+02 4.714891450152286501e-01 4.434514299332175113e-01 6.980109214782714844e+00
2.030000000000000000e+02 4.358756729598711743e-01 4.783717247653336280e-01 6.960885047912597656e+00
2.040000000000000000e+02 4.704145871903466780e-01 4.424152297515803745e-01 6.980689048767089844e+00
2.050000000000000000e+02 4.358772653575728184e-01 4.795489615439137987e-01 6.961676120758056641e+00
2.060000000000000000e+02 4.707905737046944594e-01 4.438876366234382753e-01 6.979819297790527344e+00
2.070000000000000000e+02 4.357805715503986765e-01 4.782427877644077618e-01 6.958656787872314453e+00
2.080000000000000000e+02 4.702913490707416044e-01 4.426238438645689888e-01 6.980136871337890625e+00
2.090000000000000000e+02 4.335193987647557590e-01 4.794802770619937538e-01 6.958312034606933594e+00
2.100000000000000000e+02 4.701009089513459305e-01 4.435737072594745922e-01 6.977162837982177734e+00
2.110000000000000000e+02 4.328859618846884194e-01 4.776283494741074276e-01 6.956247329711914062e+00
2.120000000000000000e+02 4.696937702374197054e-01 4.410069898985276571e-01 6.977526664733886719e+00
2.130000000000000000e+02 4.344073495385517569e-01 4.773007131733719710e-01 6.954878807067871094e+00
2.140000000000000000e+02 4.700406613471094786e-01 4.423841232454117645e-01 6.979569435119628906e+00
2.150000000000000000e+02 4.331664640403544708e-01 4.790155909460792061e-01 6.957179069519042969e+00
2.160000000000000000e+02 4.686160111053089272e-01 4.428490279666760787e-01 6.980339050292968750e+00
2.170000000000000000e+02 4.327576745387822776e-01 4.782899090195725234e-01 6.958300590515136719e+00
2.180000000000000000e+02 4.683287907898792124e-01 4.429295297164295708e-01 6.979081630706787109e+00
2.190000000000000000e+02 4.331416791590921300e-01 4.798597818039620488e-01 6.960237979888916016e+00
2.200000000000000000e+02 4.683358452643888725e-01 4.412760293463882100e-01 6.979423522949218750e+00
2.210000000000000000e+02 4.339043963113803914e-01 4.761074070903820732e-01 6.960520744323730469e+00
2.220000000000000000e+02 4.685713522397497721e-01 4.409420048578565066e-01 6.981496334075927734e+00
2.230000000000000000e+02 4.319705855685893603e-01 4.771340605133518875e-01 6.958650588989257812e+00
2.240000000000000000e+02 4.694458257973591064e-01 4.423886195586972381e-01 6.980795860290527344e+00
2.250000000000000000e+02 4.340446688615917092e-01 4.768607766152471172e-01 6.957980632781982422e+00
2.260000000000000000e+02 4.691497439819937165e-01 4.420640121400630784e-01 6.982401847839355469e+00
2.270000000000000000e+02 4.339333563235363567e-01 4.778125917243392640e-01 6.958774566650390625e+00
2.280000000000000000e+02 4.694144647636210865e-01 4.422639599040767977e-01 6.981639862060546875e+00
2.290000000000000000e+02 4.326187683359167258e-01 4.762292815926726375e-01 6.959470748901367188e+00
2.300000000000000000e+02 4.685726103966940670e-01 4.413502206859869492e-01 6.980583190917968750e+00
2.310000000000000000e+02 4.335994639989916299e-01 4.781770708546301818e-01 6.959315776824951172e+00
2.320000000000000000e+02 4.687816242116323862e-01 4.409382090199915893e-01 6.978477001190185547e+00
2.330000000000000000e+02 4.331725898358311788e-01 4.776654457149201449e-01 6.959214210510253906e+00
2.340000000000000000e+02 4.674625587798102444e-01 4.400729672849178487e-01 6.979040145874023438e+00
2.350000000000000000e+02 4.324404235976173627e-01 4.766860075172875133e-01 6.960282325744628906e+00
2.360000000000000000e+02 4.681851777183443364e-01 4.405634829858107171e-01 6.978199481964111328e+00
2.370000000000000000e+02 4.322640129265156728e-01 4.767453541313799725e-01 6.957056522369384766e+00
2.380000000000000000e+02 4.689792088730470043e-01 4.397175960444114073e-01 6.977853775024414062e+00
2.390000000000000000e+02 4.329196181861009185e-01 4.778946110322409013e-01 6.954459667205810547e+00
2.400000000000000000e+02 4.680282757836733976e-01 4.418957809648450530e-01 6.978340148925781250e+00
2.410000000000000000e+02 4.333342538908085406e-01 4.770227832206191398e-01 6.957342147827148438e+00
2.420000000000000000e+02 4.674813336026241717e-01 4.403066576899949403e-01 6.977648258209228516e+00
2.430000000000000000e+02 4.314049315123901773e-01 4.768211502122216561e-01 6.954810142517089844e+00
2.440000000000000000e+02 4.652426126815252805e-01 4.405205742397476643e-01 6.974833488464355469e+00
2.450000000000000000e+02 4.304364610377842681e-01 4.764603677778654345e-01 6.955066204071044922e+00
2.460000000000000000e+02 4.656359947870253313e-01 4.393015704430134893e-01 6.975587844848632812e+00
2.470000000000000000e+02 4.314553596798477719e-01 4.749604976581170424e-01 6.953333854675292969e+00
2.480000000000000000e+02 4.665010144613065401e-01 4.386532596419902563e-01 6.975180149078369141e+00
2.490000000000000000e+02 4.306433698653086561e-01 4.747369491751153303e-01 6.952332496643066406e+00
2.500000000000000000e+02 4.651980668793533336e-01 4.403898982667767692e-01 6.973890781402587891e+00
2.510000000000000000e+02 4.305901352722144027e-01 4.750512817222993234e-01 6.954638004302978516e+00
2.520000000000000000e+02 4.671481505273341606e-01 4.395298821035978909e-01 6.973563194274902344e+00
2.530000000000000000e+02 4.312020719231463572e-01 4.742697761392715150e-01 6.954094886779785156e+00
2.540000000000000000e+02 4.678208194536325193e-01 4.391808920288072793e-01 6.973704814910888672e+00
2.550000000000000000e+02 4.320499845026135044e-01 4.761267086145360983e-01 6.953605175018310547e+00
2.560000000000000000e+02 4.678748378512190276e-01 4.405901160274728889e-01 6.973899841308593750e+00
2.570000000000000000e+02 4.315274056488105359e-01 4.782369365335145117e-01 6.956879615783691406e+00
2.580000000000000000e+02 4.684982381801485740e-01 4.414421076904511687e-01 6.976046562194824219e+00
2.590000000000000000e+02 4.327401939072346715e-01 4.765314629999294893e-01 6.957672119140625000e+00
2.600000000000000000e+02 4.674169752656511800e-01 4.408372349057403938e-01 6.976474761962890625e+00
2.610000000000000000e+02 4.326670688792069730e-01 4.771819116579261721e-01 6.958364486694335938e+00
2.620000000000000000e+02 4.671472675995250179e-01 4.413796037428349139e-01 6.975189685821533203e+00
2.630000000000000000e+02 4.307709530672911291e-01 4.781791656401061519e-01 6.958511352539062500e+00
2.640000000000000000e+02 4.672829555497264864e-01 4.425176800376495745e-01 6.973927021026611328e+00
2.650000000000000000e+02 4.311296283274321794e-01 4.771467605163302594e-01 6.959320545196533203e+00
2.660000000000000000e+02 4.678301308519215995e-01 4.407963005154406644e-01 6.973736763000488281e+00
2.670000000000000000e+02 4.321612352877021723e-01 4.769213464850297068e-01 6.956048965454101562e+00
2.680000000000000000e+02 4.677031482552775343e-01 4.409048403962594342e-01 6.974196434020996094e+00
2.690000000000000000e+02 4.316279831062223571e-01 4.780492009524806019e-01 6.957276821136474609e+00
2.700000000000000000e+02 4.694222202104858521e-01 4.406511281454118523e-01 6.974314212799072266e+00
2.710000000000000000e+02 4.340692527899434605e-01 4.763524180355795390e-01 6.956552505493164062e+00
2.720000000000000000e+02 4.689901924656660337e-01 4.411268678858953352e-01 6.974750518798828125e+00
2.730000000000000000e+02 4.340677499267436290e-01 4.776214105385456765e-01 6.955903530120849609e+00
2.740000000000000000e+02 4.691658247290887984e-01 4.407401468087415175e-01 6.975176334381103516e+00
2.750000000000000000e+02 4.340327997218816902e-01 4.767673941510462421e-01 6.956346988677978516e+00
2.760000000000000000e+02 4.695103436561073873e-01 4.386627512175310106e-01 6.979054450988769531e+00
2.770000000000000000e+02 4.356350513089985999e-01 4.753345693282935991e-01 6.953670978546142578e+00
2.780000000000000000e+02 4.696375931789528724e-01 4.394204677114900148e-01 6.979270935058593750e+00
2.790000000000000000e+02 4.334590117496980866e-01 4.746280031966346735e-01 6.953679561614990234e+00
2.800000000000000000e+02 4.691784064139518096e-01 4.404600714081755575e-01 6.978629589080810547e+00
2.810000000000000000e+02 4.335508195025705169e-01 4.768443198417459672e-01 6.954980850219726562e+00
2.820000000000000000e+02 4.697240687262230763e-01 4.408913341857543799e-01 6.978409767150878906e+00
2.830000000000000000e+02 4.346087055881171501e-01 4.762048279078273105e-01 6.954645633697509766e+00
2.840000000000000000e+02 4.689877810050737117e-01 4.401456670455580200e-01 6.979001045227050781e+00
2.850000000000000000e+02 4.335153881126957987e-01 4.757686117753845423e-01 6.954520702362060547e+00
2.860000000000000000e+02 4.703780900987682423e-01 4.394289231113973071e-01 6.978872776031494141e+00
2.870000000000000000e+02 4.345006775515893316e-01 4.749143471148786766e-01 6.952848434448242188e+00
2.880000000000000000e+02 4.707787131398613600e-01 4.375079003776269349e-01 6.977995872497558594e+00
2.890000000000000000e+02 4.339324438343452051e-01 4.739435918915309576e-01 6.951910972595214844e+00
2.900000000000000000e+02 4.702308627212116732e-01 4.382506789909410561e-01 6.979563713073730469e+00
2.910000000000000000e+02 4.352095376952120898e-01 4.756500049018269616e-01 6.951886653900146484e+00
2.920000000000000000e+02 4.712350748070509021e-01 4.380413660335218395e-01 6.980681419372558594e+00
2.930000000000000000e+02 4.345743206276206916e-01 4.746267279797921068e-01 6.952594757080078125e+00
2.940000000000000000e+02 4.715933358421685595e-01 4.383982525176848277e-01 6.980132579803466797e+00
2.950000000000000000e+02 4.369831002124250907e-01 4.746527943439542430e-01 6.952435493469238281e+00
2.960000000000000000e+02 4.716844406448716942e-01 4.382047953260980733e-01 6.981862068176269531e+00
2.970000000000000000e+02 4.348462922393842023e-01 4.756971855984770681e-01 6.952853679656982422e+00
2.980000000000000000e+02 4.700809408718527038e-01 4.405322370791865394e-01 6.979773521423339844e+00
2.990000000000000000e+02 4.344918449746928979e-01 4.755907614521802107e-01 6.955790996551513672e+00
3.000000000000000000e+02 4.707517014046540549e-01 4.402788943687876433e-01 6.980504989624023438e+00
3.010000000000000000e+02 4.364632907653215876e-01 4.745981161976909335e-01 6.955201148986816406e+00
3.020000000000000000e+02 4.709623383544923603e-01 4.393955308419870698e-01 6.981700420379638672e+00
3.030000000000000000e+02 4.349947615719965688e-01 4.725539750712203779e-01 6.955109119415283203e+00
3.040000000000000000e+02 4.717273216670611058e-01 4.374463729890084029e-01 6.982868194580078125e+00
3.050000000000000000e+02 4.372738453044816009e-01 4.719296150203420304e-01 6.954190254211425781e+00
3.060000000000000000e+02 4.714821752766880092e-01 4.366490459500820820e-01 6.987050533294677734e+00
3.070000000000000000e+02 4.356300919571778896e-01 4.722650601877824150e-01 6.953510761260986328e+00
3.080000000000000000e+02 4.711263214872813965e-01 4.375452489168934478e-01 6.985551834106445312e+00
3.090000000000000000e+02 4.360758740021785096e-01 4.720367822177079509e-01 6.954512119293212891e+00
3.100000000000000000e+02 4.710797448482988425e-01 4.376241734967436514e-01 6.985896110534667969e+00
3.110000000000000000e+02 4.343506268473080745e-01 4.748889700834318384e-01 6.954555034637451172e+00
3.120000000000000000e+02 4.701949605503538132e-01 4.378055324298856243e-01 6.984316825866699219e+00
3.130000000000000000e+02 4.359468046439520239e-01 4.740814507692386326e-01 6.954596519470214844e+00
3.140000000000000000e+02 4.731764223339710029e-01 4.374623039568817373e-01 6.984572887420654297e+00
3.150000000000000000e+02 4.361610584275893432e-01 4.740785433898243029e-01 6.954325675964355469e+00
3.160000000000000000e+02 4.715344419358593053e-01 4.386030773618438960e-01 6.983506679534912109e+00
3.170000000000000000e+02 4.354087317584937611e-01 4.723469624911869058e-01 6.955132484436035156e+00
3.180000000000000000e+02 4.712819295776383144e-01 4.387587452845880809e-01 6.981976985931396484e+00
3.190000000000000000e+02 4.358673463543515370e-01 4.745352006993754923e-01 6.952569961547851562e+00
3.200000000000000000e+02 4.722788430164885365e-01 4.386391291537161674e-01 6.983696937561035156e+00
3.210000000000000000e+02 4.385840354024854171e-01 4.745450658322582504e-01 6.952989578247070312e+00
3.220000000000000000e+02 4.739660335245926004e-01 4.385929388725583467e-01 6.986612319946289062e+00
3.230000000000000000e+02 4.372963137385518784e-01 4.739614949761496998e-01 6.951526165008544922e+00
3.240000000000000000e+02 4.718433001724797182e-01 4.393572179146421064e-01 6.983191013336181641e+00
3.250000000000000000e+02 4.379629388757810271e-01 4.741257745075621033e-01 6.953807353973388672e+00
3.260000000000000000e+02 4.703692273738923624e-01 4.406604936816951312e-01 6.983411788940429688e+00
3.270000000000000000e+02 4.353113862559122582e-01 4.757224917353141680e-01 6.953030586242675781e+00
3.280000000000000000e+02 4.691773572668750947e-01 4.388181030457058984e-01 6.984707355499267578e+00
3.290000000000000000e+02 4.341837319345641100e-01 4.760233366034408720e-01 6.955285549163818359e+00
3.300000000000000000e+02 4.685710485737414888e-01 4.399885051349670118e-01 6.984255313873291016e+00
3.310000000000000000e+02 4.339130156243530267e-01 4.758517334042353109e-01 6.955140590667724609e+00
3.320000000000000000e+02 4.689963825116020835e-01 4.415041534400342416e-01 6.982304096221923828e+00
3.330000000000000000e+02 4.337518922480806394e-01 4.766584852761189817e-01 6.957517147064208984e+00
3.340000000000000000e+02 4.687953711378352595e-01 4.386805855042279489e-01 6.983090400695800781e+00
3.350000000000000000e+02 4.356286566463753451e-01 4.741015080378125357e-01 6.958199501037597656e+00
3.360000000000000000e+02 4.717027902112407300e-01 4.387862772292243640e-01 6.983120918273925781e+00
3.370000000000000000e+02 4.358225374582608835e-01 4.742011760785613816e-01 6.956170082092285156e+00
3.380000000000000000e+02 4.718894594556953814e-01 4.404558074806136925e-01 6.984509468078613281e+00
3.390000000000000000e+02 4.364139211943010022e-01 4.752313692898683661e-01 6.958506584167480469e+00
3.400000000000000000e+02 4.715715804008714374e-01 4.412783954163235212e-01 6.985568523406982422e+00
3.410000000000000000e+02 4.351177478548880484e-01 4.755679596235791173e-01 6.960443496704101562e+00
3.420000000000000000e+02 4.704071346705026579e-01 4.403389363861147099e-01 6.984375953674316406e+00
3.430000000000000000e+02 4.359330137288037199e-01 4.744838363510983092e-01 6.958634376525878906e+00
3.440000000000000000e+02 4.708667191884469694e-01 4.394830251465606796e-01 6.983116626739501953e+00
3.450000000000000000e+02 4.359036904345623964e-01 4.738452685235173267e-01 6.958245277404785156e+00
3.460000000000000000e+02 4.712643581678180316e-01 4.391694787598132699e-01 6.985184192657470703e+00
3.470000000000000000e+02 4.364271428229557492e-01 4.754386719246445625e-01 6.957060813903808594e+00
3.480000000000000000e+02 4.727088422218057029e-01 4.401364044498980443e-01 6.985116004943847656e+00
3.490000000000000000e+02 4.380290799101303478e-01 4.741674347993981575e-01 6.957496166229248047e+00
3.500000000000000000e+02 4.749191814904056286e-01 4.393975171761426712e-01 6.987289428710937500e+00
3.510000000000000000e+02 4.397993811557592836e-01 4.753283064667545021e-01 6.955109119415283203e+00
3.520000000000000000e+02 4.737671707038202951e-01 4.401381284113353165e-01 6.985441207885742188e+00
3.530000000000000000e+02 4.377251407536330019e-01 4.786034583075752247e-01 6.955222129821777344e+00
3.540000000000000000e+02 4.735571295611993858e-01 4.409180991929268489e-01 6.983955383300781250e+00
3.550000000000000000e+02 4.369584592103685217e-01 4.761323252061029354e-01 6.957212448120117188e+00
3.560000000000000000e+02 4.724293115351567152e-01 4.405823299978117169e-01 6.982047557830810547e+00
3.570000000000000000e+02 4.367046511308700363e-01 4.776446276465018403e-01 6.956659793853759766e+00
3.580000000000000000e+02 4.706486067581047705e-01 4.408536989598823563e-01 6.980631351470947266e+00
3.590000000000000000e+02 4.337111779829121438e-01 4.766684599046414617e-01 6.956025600433349609e+00
3.600000000000000000e+02 4.702535428397512929e-01 4.414125459465332857e-01 6.976308345794677734e+00
3.610000000000000000e+02 4.344709194877018343e-01 4.773893804335467839e-01 6.955017089843750000e+00
3.620000000000000000e+02 4.710436318604752093e-01 4.415740680528587037e-01 6.975364208221435547e+00
3.630000000000000000e+02 4.349159730076557207e-01 4.777454822647882460e-01 6.956431388854980469e+00
3.640000000000000000e+02 4.697848389348156517e-01 4.396035221076843302e-01 6.975352287292480469e+00
3.650000000000000000e+02 4.343523950804359934e-01 4.766482608807390831e-01 6.955123424530029297e+00
3.660000000000000000e+02 4.695433963523491516e-01 4.415233293916904223e-01 6.974877834320068359e+00
3.670000000000000000e+02 4.344343679211763454e-01 4.774766134937126760e-01 6.953299522399902344e+00
3.680000000000000000e+02 4.698197212586793237e-01 4.421201091645097780e-01 6.974758148193359375e+00
3.690000000000000000e+02 4.340370424208622735e-01 4.783384689811225887e-01 6.954968929290771484e+00
3.700000000000000000e+02 4.694387682510731685e-01 4.414424712660118821e-01 6.975027084350585938e+00
3.710000000000000000e+02 4.334097674861028815e-01 4.768043663043644576e-01 6.955563068389892578e+00
3.720000000000000000e+02 4.686604385120755056e-01 4.408775373299408384e-01 6.975014686584472656e+00
3.730000000000000000e+02 4.322083066241850791e-01 4.760189517919425350e-01 6.953629970550537109e+00
3.740000000000000000e+02 4.696238064225085052e-01 4.407835536290831135e-01 6.973793029785156250e+00
3.750000000000000000e+02 4.345297277452339624e-01 4.753791542123519953e-01 6.950968265533447266e+00
3.760000000000000000e+02 4.684893420492103888e-01 4.405770755232421010e-01 6.974509716033935547e+00
3.770000000000000000e+02 4.335501306969104518e-01 4.759379233599779213e-01 6.952955245971679688e+00
3.780000000000000000e+02 4.688029757529709185e-01 4.388040387755173799e-01 6.972360610961914062e+00
3.790000000000000000e+02 4.327466628762585699e-01 4.765652856347253885e-01 6.951635837554931641e+00
3.800000000000000000e+02 4.684865176018637167e-01 4.391414696762847014e-01 6.972882270812988281e+00
3.810000000000000000e+02 4.331450629815745690e-01 4.756782627464636870e-01 6.952898025512695312e+00
3.820000000000000000e+02 4.697632952504009474e-01 4.404535746193120604e-01 6.976022720336914062e+00
3.830000000000000000e+02 4.341010068672894184e-01 4.760003397451421092e-01 6.954891204833984375e+00
3.840000000000000000e+02 4.675575505848065250e-01 4.396304338363495878e-01 6.975979804992675781e+00
3.850000000000000000e+02 4.339068113929322457e-01 4.757181203356539712e-01 6.954031467437744141e+00
3.860000000000000000e+02 4.699411894304752479e-01 4.399322713000061169e-01 6.974893569946289062e+00
3.870000000000000000e+02 4.345022432610187169e-01 4.752868512056868666e-01 6.954657077789306641e+00
3.880000000000000000e+02 4.700236791430620342e-01 4.384226455104061060e-01 6.976254940032958984e+00
3.890000000000000000e+02 4.349709204460588396e-01 4.750960819182560302e-01 6.953550338745117188e+00
3.900000000000000000e+02 4.705412284176228033e-01 4.369283666770948926e-01 6.977173805236816406e+00
3.910000000000000000e+02 4.361073583726163827e-01 4.730418665129111910e-01 6.951869487762451172e+00
3.920000000000000000e+02 4.703719344213518339e-01 4.382563228166638791e-01 6.975883960723876953e+00
3.930000000000000000e+02 4.348253248993969033e-01 4.741731327262313500e-01 6.950503826141357422e+00
3.940000000000000000e+02 4.707526337100101932e-01 4.384906110625311215e-01 6.977160930633544922e+00
3.950000000000000000e+02 4.343383712064629032e-01 4.740011730667394452e-01 6.950024604797363281e+00
3.960000000000000000e+02 4.702074670113282617e-01 4.388684917253612428e-01 6.976361751556396484e+00
3.970000000000000000e+02 4.357730786343307350e-01 4.744363333476422362e-01 6.951800346374511719e+00
3.980000000000000000e+02 4.707846352686802516e-01 4.396336290813628866e-01 6.977668762207031250e+00
