0.000000000000000000e+00 9.630584827799308634e-02 6.913294029431699128e-02 3.021667480468750000e+00
1.000000000000000000e+00 9.563297052808564236e-02 9.372446427443087424e-02 2.991980075836181641e+00
2.000000000000000000e+00 1.535265658125175015e-01 8.996880507445330355e-02 3.182236909866333008e+00
3.000000000000000000e+00 1.471641836175128226e-01 1.497893362853246757e-01 3.156990051269531250e+00
4.000000000000000000e+00 2.277059194842980527e-01 1.429066950466593711e-01 3.312249422073364258e+00
5.000000000000000000e+00 2.120942254364213408e-01 2.235762918031634350e-01 3.288742542266845703e+00
6.000000000000000000e+00 2.994293149982462099e-01 2.067601241645484755e-01 3.419729471206665039e+00
7.000000000000000000e+00 2.747231331335488469e-01 2.923208932679158822e-01 3.396328449249267578e+00
8.000000000000000000e+00 3.641394116890921406e-01 2.725145550046897958e-01 3.507764101028442383e+00
9.000000000000000000e+00 3.307478859264989524e-01 3.576923864768887240e-01 3.484986543655395508e+00
1.000000000000000000e+01 4.195010028519431389e-01 3.259622613206085151e-01 3.580579042434692383e+00
1.100000000000000000e+01 3.837404103850978743e-01 4.133440071981257513e-01 3.558253049850463867e+00
1.200000000000000000e+01 4.680580804579407284e-01 3.793251235729127036e-01 3.639810085296630859e+00
1.300000000000000000e+01 4.285875901783327557e-01 4.574968480140917948e-01 3.620796918869018555e+00
1.400000000000000000e+01 5.045568702935149252e-01 4.239896438729164330e-01 3.691864967346191406e+00
1.500000000000000000e+01 4.635044057625926084e-01 4.988692237127124729e-01 3.671638488769531250e+00
1.600000000000000000e+01 5.392997992628361104e-01 4.590828971010529891e-01 3.735764980316162109e+00
1.700000000000000000e+01 4.975731237989453604e-01 5.322883339137230996e-01 3.715215444564819336e+00
1.800000000000000000e+01 5.669180279170566994e-01 4.937481520680918057e-01 3.773936986923217773e+00
1.900000000000000000e+01 5.244672005293986583e-01 5.623189173874943991e-01 3.752696990966796875e+00
2.000000000000000000e+01 5.919192155758167262e-01 5.208214012060871090e-01 3.805639028549194336e+00
2.100000000000000000e+01 5.482650507621364966e-01 5.885730662818206005e-01 3.785258054733276367e+00
2.200000000000000000e+01 6.114461432425859488e-01 5.456104360289762978e-01 3.833147048950195312e+00
2.300000000000000000e+01 5.693508875134393188e-01 6.118822425941448095e-01 3.813651561737060547e+00
2.400000000000000000e+01 6.306753364051563837e-01 5.686898978462262555e-01 3.857094049453735352e+00
2.500000000000000000e+01 5.859136374065415653e-01 6.291138412279201342e-01 3.838476896286010742e+00
2.600000000000000000e+01 6.484913055547120164e-01 5.894288113331085377e-01 3.877476930618286133e+00
2.700000000000000000e+01 6.042109004839193442e-01 6.459208161417290261e-01 3.859920024871826172e+00
2.800000000000000000e+01 6.645652541203906916e-01 6.055692951950156777e-01 3.894912481307983398e+00
2.900000000000000000e+01 6.185139264793988456e-01 6.612934880094020196e-01 3.878664016723632812e+00
3.000000000000000000e+01 6.742096035098665840e-01 6.178153190971038544e-01 3.910857439041137695e+00
3.100000000000000000e+01 6.287292038651436377e-01 6.755941229960938932e-01 3.893354892730712891e+00
3.200000000000000000e+01 6.853884394648317446e-01 6.324525207281280759e-01 3.923042535781860352e+00
3.300000000000000000e+01 6.418436837614019952e-01 6.877643180921436672e-01 3.907126426696777344e+00
3.400000000000000000e+01 6.954291124906861743e-01 6.428017935098712110e-01 3.934640884399414062e+00
3.500000000000000000e+01 6.544733814748311396e-01 6.947873288276451564e-01 3.918447971343994141e+00
3.600000000000000000e+01 7.042604446605111868e-01 6.499390524038268779e-01 3.946916103363037109e+00
3.700000000000000000e+01 6.609900773486419023e-01 7.038735061062392218e-01 3.928411960601806641e+00
3.800000000000000000e+01 7.095081149672541887e-01 6.573487746714594682e-01 3.954931020736694336e+00
3.900000000000000000e+01 6.668502734328978221e-01 7.122151555446434301e-01 3.936634540557861328e+00
4.000000000000000000e+01 7.146936324418872166e-01 6.664316599518765871e-01 3.961545944213867188e+00
4.100000000000000000e+01 6.714903649403641817e-01 7.183919624197109277e-01 3.944623947143554688e+00
4.200000000000000000e+01 7.228424486174191976e-01 6.731845975155538175e-01 3.967482566833496094e+00
4.300000000000000000e+01 6.765422815685651070e-01 7.222913612639256797e-01 3.950369596481323242e+00
4.400000000000000000e+01 7.271075143171429334e-01 6.784286537449777388e-01 3.973814487457275391e+00
4.500000000000000000e+01 6.815985321966412380e-01 7.264506085555995085e-01 3.957442045211791992e+00
4.600000000000000000e+01 7.292503949678338371e-01 6.828060341444011083e-01 3.979135513305664062e+00
4.700000000000000000e+01 6.843564833581852191e-01 7.321672811384629664e-01 3.963033914566040039e+00
4.800000000000000000e+01 7.301178608784792967e-01 6.892370623614723080e-01 3.983429908752441406e+00
4.900000000000000000e+01 6.860680810123834794e-01 7.368585641143378107e-01 3.968198537826538086e+00
5.000000000000000000e+01 7.324186999662154474e-01 6.914058740681835458e-01 3.986881017684936523e+00
5.100000000000000000e+01 6.908570664910818060e-01 7.371782569758242865e-01 3.971779108047485352e+00
5.200000000000000000e+01 7.363952157024692413e-01 6.939437915355891606e-01 3.992211103439331055e+00
5.300000000000000000e+01 6.929664638219555917e-01 7.396606085274043396e-01 3.974160432815551758e+00
5.400000000000000000e+01 7.403708168862405126e-01 6.969853845222983013e-01 3.993434429168701172e+00
5.500000000000000000e+01 6.947424368997925370e-01 7.428546498311907609e-01 3.976694583892822266e+00
5.600000000000000000e+01 7.412329102912721401e-01 7.017120511306372821e-01 3.994206428527832031e+00
5.700000000000000000e+01 6.971324156904675773e-01 7.460732973923611677e-01 3.980967521667480469e+00
5.800000000000000000e+01 7.410280770875029566e-01 7.027274649069229495e-01 3.995827436447143555e+00
5.900000000000000000e+01 6.952936166355249137e-01 7.479957956939998764e-01 3.981375932693481445e+00
6.000000000000000000e+01 7.419491468578102156e-01 7.070170707224924245e-01 3.997211456298828125e+00
6.100000000000000000e+01 7.015326328104380949e-01 7.482622929363775821e-01 3.985485076904296875e+00
6.200000000000000000e+01 7.455336081156107575e-01 7.057099456284495753e-01 3.999704599380493164e+00
6.300000000000000000e+01 6.999254816537030521e-01 7.472821696218828746e-01 3.985482931137084961e+00
6.400000000000000000e+01 7.443458637033200098e-01 7.045613199254874282e-01 4.001781940460205078e+00
6.500000000000000000e+01 6.993298606663932437e-01 7.499381522053436555e-01 3.986834526062011719e+00
6.600000000000000000e+01 7.455715822185814412e-01 7.066120206149436589e-01 4.002947330474853516e+00
6.700000000000000000e+01 7.002536405373804840e-01 7.504939009717926934e-01 3.989381074905395508e+00
6.800000000000000000e+01 7.428529306213449424e-01 7.056364145988304193e-01 4.004220962524414062e+00
6.900000000000000000e+01 7.029886630984458762e-01 7.494104190581899472e-01 3.989709377288818359e+00
7.000000000000000000e+01 7.458313392240972783e-01 7.053827947837995049e-01 4.004366874694824219e+00
7.100000000000000000e+01 7.023142042819272568e-01 7.502956271848639780e-01 3.989900588989257812e+00
7.200000000000000000e+01 7.478133712954829759e-01 7.068754660880143259e-01 4.006497859954833984e+00
7.300000000000000000e+01 7.051067653981324401e-01 7.472690425834963568e-01 3.989438056945800781e+00
7.400000000000000000e+01 7.477495494057517789e-01 7.058521553932430859e-01 4.007094860076904297e+00
7.500000000000000000e+01 7.065631359914371634e-01 7.496217052632937472e-01 3.990747451782226562e+00
7.600000000000000000e+01 7.513682244621490147e-01 7.086887947568654145e-01 4.008421897888183594e+00
7.700000000000000000e+01 7.086016563458478190e-01 7.501990235761374359e-01 3.990249395370483398e+00
7.800000000000000000e+01 7.504661998355741659e-01 7.070176166740688162e-01 4.009509086608886719e+00
7.900000000000000000e+01 7.064891364894958503e-01 7.496779684404110133e-01 3.991563081741333008e+00
8.000000000000000000e+01 7.499369366456535291e-01 7.049903078417332214e-01 4.010691165924072266e+00
8.100000000000000000e+01 7.067168719686164335e-01 7.493050340909321871e-01 3.990556478500366211e+00
8.200000000000000000e+01 7.531915009985110654e-01 7.063362822634799976e-01 4.011319637298583984e+00
8.300000000000000000e+01 7.064190244413131037e-01 7.506696588783053903e-01 3.989830970764160156e+00
8.400000000000000000e+01 7.514307811672878978e-01 7.051263737035150525e-01 4.013037204742431641e+00
8.500000000000000000e+01 7.081402114290513694e-01 7.477267237862391669e-01 3.990218400955200195e+00
8.600000000000000000e+01 7.543531719754239528e-01 7.062447383397697509e-01 4.014700889587402344e+00
8.700000000000000000e+01 7.096519046170320921e-01 7.479432416729041577e-01 3.990511894226074219e+00
8.800000000000000000e+01 7.545840631225740891e-01 7.044396083439374845e-01 4.013898372650146484e+00
8.900000000000000000e+01 7.115316575260992593e-01 7.505698619972941410e-01 3.990099430084228516e+00
9.000000000000000000e+01 7.539732521157727074e-01 7.067258271269327707e-01 4.014414310455322266e+00
9.100000000000000000e+01 7.124554010767778500e-01 7.490564868382743047e-01 3.991404056549072266e+00
9.200000000000000000e+01 7.537300075016598599e-01 7.083586143299179794e-01 4.014153003692626953e+00
9.300000000000000000e+01 7.131311030902504067e-01 7.513587627568452110e-01 3.990902423858642578e+00
9.400000000000000000e+01 7.572532412644372712e-01 7.072601288059023883e-01 4.013700485229492188e+00
9.500000000000000000e+01 7.140585486297015283e-01 7.541523101040950028e-01 3.991241455078125000e+00
9.600000000000000000e+01 7.563855149892010354e-01 7.102941511252777174e-01 4.013196945190429688e+00
9.700000000000000000e+01 7.120572073615490938e-01 7.542433869857358975e-01 3.993430376052856445e+00
9.800000000000000000e+01 7.583611369954686987e-01 7.100131166132228611e-01 4.013500213623046875e+00
9.900000000000000000e+01 7.156160234867182668e-01 7.537096292846222623e-01 3.993594884872436523e+00
1.000000000000000000e+02 7.570914325249530341e-01 7.113535389349805449e-01 4.013459205627441406e+00
1.010000000000000000e+02 7.109154105164205983e-01 7.550880657337979418e-01 3.993931531906127930e+00
1.020000000000000000e+02 7.546949896689547632e-01 7.095137783408302923e-01 4.011912345886230469e+00
1.030000000000000000e+02 7.119621647320484303e-01 7.533845632519025060e-01 3.993395090103149414e+00
1.040000000000000000e+02 7.549692393106394173e-01 7.109825535799740859e-01 4.012784481048583984e+00
1.050000000000000000e+02 7.126970170648239122e-01 7.543475193339052032e-01 3.993421077728271484e+00
1.060000000000000000e+02 7.579157242667292627e-01 7.114339309923444210e-01 4.013698101043701172e+00
1.070000000000000000e+02 7.122880147922002747e-01 7.535470632266867419e-01 3.992847442626953125e+00
1.080000000000000000e+02 7.539618857476562130e-01 7.107417152286108486e-01 4.012326717376708984e+00
1.090000000000000000e+02 7.147802699870475784e-01 7.524293156670427418e-01 3.993293523788452148e+00
1.100000000000000000e+02 7.570006365319629227e-01 7.085761778303391045e-01 4.013384819030761719e+00
1.110000000000000000e+02 7.123819935714345020e-01 7.507481410339059691e-01 3.992913484573364258e+00
1.120000000000000000e+02 7.539253642808255718e-01 7.084007265209678605e-01 4.012931346893310547e+00
1.130000000000000000e+02 7.147542701576742319e-01 7.539727203368620234e-01 3.993212938308715820e+00
1.140000000000000000e+02 7.574832830730321431e-01 7.086982022098038403e-01 4.014396667480468750e+00
1.150000000000000000e+02 7.115326746274611702e-01 7.523131834539668050e-01 3.992909908294677734e+00
1.160000000000000000e+02 7.576177965258013014e-01 7.109734686878415033e-01 4.014572620391845703e+00
1.170000000000000000e+02 7.145366612290030561e-01 7.498580991635834803e-01 3.991976022720336914e+00
1.180000000000000000e+02 7.578703681502036993e-01 7.096897508390066500e-01 4.015964984893798828e+00
1.190000000000000000e+02 7.139721737062300067e-01 7.519742464680529981e-01 3.991765499114990234e+00
1.200000000000000000e+02 7.558616630278237603e-01 7.083344602605156082e-01 4.015579700469970703e+00
1.210000000000000000e+02 7.118814785741274243e-01 7.546112411126615349e-01 3.991706371307373047e+00
1.220000000000000000e+02 7.546116576969177370e-01 7.110507663373037968e-01 4.014142036437988281e+00
1.230000000000000000e+02 7.105219535241562578e-01 7.552359497570138025e-01 3.993524074554443359e+00
1.240000000000000000e+02 7.534602329637917206e-01 7.129454409563804607e-01 4.013641834259033203e+00
1.250000000000000000e+02 7.107308699288638065e-01 7.552370836460670089e-01 3.994520902633666992e+00
1.260000000000000000e+02 7.542744558923830667e-01 7.128549688136570639e-01 4.014135360717773438e+00
1.270000000000000000e+02 7.114105647856481252e-01 7.565712382912213041e-01 3.995399475097656250e+00
1.280000000000000000e+02 7.540096294603869653e-01 7.129867436283565674e-01 4.014401435852050781e+00
1.290000000000000000e+02 7.127213941231539396e-01 7.563884250364677486e-01 3.994058609008789062e+00
1.300000000000000000e+02 7.576489621678158537e-01 7.118074881519168562e-01 4.015029907226562500e+00
1.310000000000000000e+02 7.159902835254357001e-01 7.552093976362344030e-01 3.993828535079956055e+00
1.320000000000000000e+02 7.590503574172020596e-01 7.113042610391473453e-01 4.015075683593750000e+00
1.330000000000000000e+02 7.152426848821251681e-01 7.536880115817427006e-01 3.994077444076538086e+00
1.340000000000000000e+02 7.575904617614079850e-01 7.137032793350344129e-01 4.013904094696044922e+00
1.350000000000000000e+02 7.121482752698029550e-01 7.562436629762200324e-01 3.994335412979125977e+00
1.360000000000000000e+02 7.541483781115134732e-01 7.138033961087065782e-01 4.013497352600097656e+00
1.370000000000000000e+02 7.098834419105534144e-01 7.574042266574299020e-01 3.995599508285522461e+00
1.380000000000000000e+02 7.547441093798842315e-01 7.129562905309507759e-01 4.013256549835205078e+00
1.390000000000000000e+02 7.113071943602544689e-01 7.579770653789007495e-01 3.997271060943603516e+00
1.400000000000000000e+02 7.529405712693568731e-01 7.148825397591337394e-01 4.012774467468261719e+00
1.410000000000000000e+02 7.121611748757625815e-01 7.564957356812781475e-01 3.998074531555175781e+00
1.420000000000000000e+02 7.553888795177753357e-01 7.120810260223053856e-01 4.013719558715820312e+00
1.430000000000000000e+02 7.113621937938398032e-01 7.572295019878495514e-01 3.997001886367797852e+00
1.440000000000000000e+02 7.545566766529316904e-01 7.129493854817983145e-01 4.013209819793701172e+00
1.450000000000000000e+02 7.128807491594132406e-01 7.551504531732985415e-01 3.996761560440063477e+00
1.460000000000000000e+02 7.567309729447443400e-01 7.125299208023768704e-01 4.015316009521484375e+00
1.470000000000000000e+02 7.128470796501386042e-01 7.568251041672037216e-01 3.996214389801025391e+00
1.480000000000000000e+02 7.560854120610339679e-01 7.106451618259899128e-01 4.015300273895263672e+00
1.490000000000000000e+02 7.137133241656229421e-01 7.555579638057887681e-01 3.996299505233764648e+00
1.500000000000000000e+02 7.558454435861402532e-01 7.110851025160782601e-01 4.014573574066162109e+00
1.510000000000000000e+02 7.126611861438291173e-01 7.552935887982462626e-01 3.995734453201293945e+00
1.520000000000000000e+02 7.549923671902624145e-01 7.130407865552148561e-01 4.013588905334472656e+00
1.530000000000000000e+02 7.143487684990506015e-01 7.553787287935384009e-01 3.996316432952880859e+00
1.540000000000000000e+02 7.566153524410232922e-01 7.139836593928673425e-01 4.013024806976318359e+00
1.550000000000000000e+02 7.136700733873502234e-01 7.590963289966171645e-01 3.994533538818359375e+00
1.560000000000000000e+02 7.540913916496397862e-01 7.142960038968108050e-01 4.013406276702880859e+00
1.570000000000000000e+02 7.107862650337696264e-01 7.571450588186557917e-01 3.994045019149780273e+00
1.580000000000000000e+02 7.539687057339102827e-01 7.135617378094002428e-01 4.013756752014160156e+00
1.590000000000000000e+02 7.121737432073448337e-01 7.581539762062748933e-01 3.994520425796508789e+00
1.600000000000000000e+02 7.562562335859674967e-01 7.148508046389810966e-01 4.014333724975585938e+00
1.610000000000000000e+02 7.115212522558522767e-01 7.594559156537076250e-01 3.994866371154785156e+00
1.620000000000000000e+02 7.542587113879891669e-01 7.140342147029036246e-01 4.014828205108642578e+00
1.630000000000000000e+02 7.096450721920704030e-01 7.581715878914930817e-01 3.995893001556396484e+00
1.640000000000000000e+02 7.510309293183503598e-01 7.162482667076881526e-01 4.012858390808105469e+00
1.650000000000000000e+02 7.082377903000935948e-01 7.580219869198970839e-01 3.996449470520019531e+00
1.660000000000000000e+02 7.529862252993670957e-01 7.136385950366254116e-01 4.012152194976806641e+00
1.670000000000000000e+02 7.076718863116052693e-01 7.578805276591276119e-01 3.996820449829101562e+00
1.680000000000000000e+02 7.522381666211489515e-01 7.162204171856794144e-01 4.010910511016845703e+00
1.690000000000000000e+02 7.074615240327073451e-01 7.599456995975754081e-01 3.997238874435424805e+00
1.700000000000000000e+02 7.527940153637053822e-01 7.181731143296102848e-01 4.011638164520263672e+00
1.710000000000000000e+02 7.096264176977875593e-01 7.622208719289677026e-01 3.999591588973999023e+00
1.720000000000000000e+02 7.515934257136294150e-01 7.190016111430712620e-01 4.012556076049804688e+00
1.730000000000000000e+02 7.101318490449524123e-01 7.612858395775979892e-01 4.000577926635742188e+00
1.740000000000000000e+02 7.531174601637785626e-01 7.196059554495254362e-01 4.014379024505615234e+00
1.750000000000000000e+02 7.096326624212827561e-01 7.589339333083371386e-01 4.001853942871093750e+00
1.760000000000000000e+02 7.556909692556624814e-01 7.165366978862141023e-01 4.014211654663085938e+00
1.770000000000000000e+02 7.092889442885726980e-01 7.601090877306302396e-01 4.000483512878417969e+00
1.780000000000000000e+02 7.549868013758725960e-01 7.142067438827057746e-01 4.015279293060302734e+00
1.790000000000000000e+02 7.124982666486904259e-01 7.576074265189686185e-01 4.000273227691650391e+00
1.800000000000000000e+02 7.554017204236633809e-01 7.155438932118182160e-01 4.015998840332031250e+00
1.810000000000000000e+02 7.112164612457843038e-01 7.579608476567363251e-01 3.998719453811645508e+00
1.820000000000000000e+02 7.545087291566381360e-01 7.149889323192147872e-01 4.016452789306640625e+00
1.830000000000000000e+02 7.099664512557083418e-01 7.571757373140284297e-01 3.998126983642578125e+00
1.840000000000000000e+02 7.532878114081547061e-01 7.164276077766501549e-01 4.015674591064453125e+00
1.850000000000000000e+02 7.095832214629471668e-01 7.585338849509873915e-01 3.997886896133422852e+00
1.860000000000000000e+02 7.529405767170999075e-01 7.159342981569269959e-01 4.018174171447753906e+00
1.870000000000000000e+02 7.098288522538922507e-01 7.562522829204814112e-01 3.997555494308471680e+00
1.880000000000000000e+02 7.541272647655710148e-01 7.136191799480123832e-01 4.016861915588378906e+00
1.890000000000000000e+02 7.086730179083847725e-01 7.574398643998185854e-01 3.997488498687744141e+00
1.900000000000000000e+02 7.547195215264103085e-01 7.161695567766673820e-01 4.015223503112792969e+00
1.910000000000000000e+02 7.112980293084597561e-01 7.556369439459856840e-01 3.996917009353637695e+00
1.920000000000000000e+02 7.507031391987831759e-01 7.124711083905727049e-01 4.016246795654296875e+00
1.930000000000000000e+02 7.085891305249344407e-01 7.579792077662175220e-01 3.994760990142822266e+00
1.940000000000000000e+02 7.510763981159794822e-01 7.136940721328963733e-01 4.013731956481933594e+00
1.950000000000000000e+02 7.069880695017237704e-01 7.569364907291991074e-01 3.994843959808349609e+00
1.960000000000000000e+02 7.508872082456127250e-01 7.133086320713029060e-01 4.012343883514404297e+00
1.970000000000000000e+02 7.092210922708959142e-01 7.590217715416635036e-01 3.994790554046630859e+00
1.980000000000000000e+02 7.528238635193890138e-01 7.143213577016042093e-01 4.015031337738037109e+00
1.990000000000000000e+02 7.077081102621463060e-01 7.555938015512922989e-01 3.995069503784179688e+00
2.000000000000000000e+02 7.526301417598717514e-01 7.142323833025623347e-01 4.014420509338378906e+00
2.010000000000000000e+02 7.081827997467646796e-01 7.579172542877078422e-01 3.994988918304443359e+00
2.020000000000000000e+02 7.542168369838985198e-01 7.144028052500204229e-01 4.013267993927001953e+00
2.030000000000000000e+02 7.107673297746467389e-01 7.560823239957753517e-01 3.995181083679199219e+00
2.040000000000000000e+02 7.525359227233940906e-01 7.171403324200833485e-01 4.013101577758789062e+00
2.050000000000000000e+02 7.079993293712973923e-01 7.569103481939228883e-01 3.996193408966064453e+00
2.060000000000000000e+02 7.539561871406248450e-01 7.134433441302605594e-01 4.013505935668945312e+00
2.070000000000000000e+02 7.102388529898608915e-01 7.583887175311755380e-01 3.996654510498046875e+00
2.080000000000000000e+02 7.565568373690141346e-01 7.113277295786403220e-01 4.014513492584228516e+00
2.090000000000000000e+02 7.115076896606790102e-01 7.578853853255330675e-01 3.997114896774291992e+00
2.100000000000000000e+02 7.535228425336939484e-01 7.145120544067918855e-01 4.015144348144531250e+00
2.110000000000000000e+02 7.091637329044835347e-01 7.573504251720387659e-01 3.997443437576293945e+00
2.120000000000000000e+02 7.536025608870671189e-01 7.148164408314994223e-01 4.012851715087890625e+00
2.130000000000000000e+02 7.100622708417357876e-01 7.557775818465527484e-01 3.996243000030517578e+00
2.140000000000000000e+02 7.544318922567065933e-01 7.150229164262342785e-01 4.013634204864501953e+00
2.150000000000000000e+02 7.095170241173303083e-01 7.588690322806737054e-01 3.996092557907104492e+00
2.160000000000000000e+02 7.533529322410172924e-01 7.141122531412018581e-01 4.013064861297607422e+00
2.170000000000000000e+02 7.081134192964207985e-01 7.560454732059710414e-01 3.995353460311889648e+00
2.180000000000000000e+02 7.543070164382218445e-01 7.146785449027115433e-01 4.013219833374023438e+00
2.190000000000000000e+02 7.103179082081164664e-01 7.584801981164167595e-01 3.996315956115722656e+00
2.200000000000000000e+02 7.543868061525498270e-01 7.141254307554514291e-01 4.014053344726562500e+00
2.210000000000000000e+02 7.115034449304019626e-01 7.602332689413127120e-01 3.996180057525634766e+00
2.220000000000000000e+02 7.532285427273260892e-01 7.137727522630665788e-01 4.013939380645751953e+00
2.230000000000000000e+02 7.128223091728915772e-01 7.568046086083264345e-01 3.995770931243896484e+00
2.240000000000000000e+02 7.559344091881678995e-01 7.151978659110416192e-01 4.013716697692871094e+00
2.250000000000000000e+02 7.123253201657986367e-01 7.562240918247031818e-01 3.994941949844360352e+00
2.260000000000000000e+02 7.576351427204089939e-01 7.127116407463808256e-01 4.013957977294921875e+00
2.270000000000000000e+02 7.132489679623583712e-01 7.538662465653803713e-01 3.994879484176635742e+00
2.280000000000000000e+02 7.548636662562226984e-01 7.112200435407262100e-01 4.015644550323486328e+00
2.290000000000000000e+02 7.134108193618395877e-01 7.534848305091600418e-01 3.992489576339721680e+00
2.300000000000000000e+02 7.565860672945082799e-01 7.117841587443154427e-01 4.015725135803222656e+00
2.310000000000000000e+02 7.134045525251958564e-01 7.555165761845011874e-01 3.993441581726074219e+00
2.320000000000000000e+02 7.569566401676262046e-01 7.096309400051170613e-01 4.014670372009277344e+00
2.330000000000000000e+02 7.144698100794968365e-01 7.551983552773933184e-01 3.990875005722045898e+00
2.340000000000000000e+02 7.574519389270097935e-01 7.116268171650470542e-01 4.014268875122070312e+00
2.350000000000000000e+02 7.130194318162680345e-01 7.548555194919870370e-01 3.992363929748535156e+00
2.360000000000000000e+02 7.551619793123299784e-01 7.133674605068235364e-01 4.013730525970458984e+00
2.370000000000000000e+02 7.105987726097550139e-01 7.547998910348758805e-01 3.994468450546264648e+00
2.380000000000000000e+02 7.571758370598667964e-01 7.128363188714902376e-01 4.012957572937011719e+00
2.390000000000000000e+02 7.149820867978418093e-01 7.564580111193188738e-01 3.995265960693359375e+00
2.400000000000000000e+02 7.559113232687788564e-01 7.149062758082815883e-01 4.012927055358886719e+00
2.410000000000000000e+02 7.157762643267986391e-01 7.552161711387180842e-01 3.996274948120117188e+00
2.420000000000000000e+02 7.564214214495674771e-01 7.097614136804986096e-01 4.013494968414306641e+00
2.430000000000000000e+02 7.135632483980597351e-01 7.558785209336489341e-01 3.995745420455932617e+00
2.440000000000000000e+02 7.577795396585640386e-01 7.111572269501688082e-01 4.012747764587402344e+00
2.450000000000000000e+02 7.123001359314151681e-01 7.543923172823380208e-01 3.995838403701782227e+00
2.460000000000000000e+02 7.566253992521254634e-01 7.115781646839307584e-01 4.013289451599121094e+00
2.470000000000000000e+02 7.143221011600017212e-01 7.556332479599736640e-01 3.995472431182861328e+00
2.480000000000000000e+02 7.567110389546927163e-01 7.121852828791689349e-01 4.014818191528320312e+00
2.490000000000000000e+02 7.133242392162932877e-01 7.553711508289679966e-01 3.997029542922973633e+00
2.500000000000000000e+02 7.570083918412670032e-01 7.130563905972460148e-01 4.016185283660888672e+00
2.510000000000000000e+02 7.124334405432494188e-01 7.545499382963836155e-01 3.997766494750976562e+00
2.520000000000000000e+02 7.573491040814290809e-01 7.119313606064612276e-01 4.015787124633789062e+00
2.530000000000000000e+02 7.117786477305815263e-01 7.547650065320713475e-01 3.998116493225097656e+00
2.540000000000000000e+02 7.561134844542229949e-01 7.119279973570549203e-01 4.015323638916015625e+00
2.550000000000000000e+02 7.117441562243412845e-01 7.563004111411675279e-01 3.997255563735961914e+00
2.560000000000000000e+02 7.563034848010681266e-01 7.117540339480564748e-01 4.014263629913330078e+00
2.570000000000000000e+02 7.127878343254243632e-01 7.536770026130661382e-01 3.996949911117553711e+00
2.580000000000000000e+02 7.572570584834067420e-01 7.107148279191561890e-01 4.013936996459960938e+00
2.590000000000000000e+02 7.133990325754513417e-01 7.537189269904284172e-01 3.994877099990844727e+00
2.600000000000000000e+02 7.566769835119039334e-01 7.113990802042661210e-01 4.013970375061035156e+00
2.610000000000000000e+02 7.142169058804582749e-01 7.533797582215583377e-01 3.994060993194580078e+00
2.620000000000000000e+02 7.566347214017220546e-01 7.119555972932046783e-01 4.012919425964355469e+00
2.630000000000000000e+02 7.120831747026254988e-01 7.553956767547601592e-01 3.993941545486450195e+00
2.640000000000000000e+02 7.535472818362214387e-01 7.110862195827112320e-01 4.011996269226074219e+00
2.650000000000000000e+02 7.141551893307283017e-01 7.551635354892697327e-01 3.993643999099731445e+00
2.660000000000000000e+02 7.576643907952596013e-01 7.117378022240090640e-01 4.012355327606201172e+00
2.670000000000000000e+02 7.150071076226537370e-01 7.553307814859978597e-01 3.993747949600219727e+00
2.680000000000000000e+02 7.592188231247334329e-01 7.120208210054179698e-01 4.012833595275878906e+00
2.690000000000000000e+02 7.136396908805195949e-01 7.560690926037050286e-01 3.993638515472412109e+00
2.700000000000000000e+02 7.575047082530138587e-01 7.146794404490289798e-01 4.013374328613281250e+00
2.710000000000000000e+02 7.153354162565508378e-01 7.603679610093778685e-01 3.995923042297363281e+00
2.720000000000000000e+02 7.576281331619515447e-01 7.136688903368831882e-01 4.013805866241455078e+00
2.730000000000000000e+02 7.151067722708391861e-01 7.548139766040967702e-01 3.995637416839599609e+00
2.740000000000000000e+02 7.556076250467055333e-01 7.121119651751524060e-01 4.014995098114013672e+00
2.750000000000000000e+02 7.115757387603396378e-01 7.565921253130211133e-01 3.996445894241333008e+00
2.760000000000000000e+02 7.547279233111016117e-01 7.139824692506280268e-01 4.014352321624755859e+00
2.770000000000000000e+02 7.110869542260389586e-01 7.582930382255768098e-01 3.997148513793945312e+00
2.780000000000000000e+02 7.513580823324982338e-01 7.162551886601766782e-01 4.012908458709716797e+00
2.790000000000000000e+02 7.069488924858944312e-01 7.613432729772672269e-01 3.998218536376953125e+00
2.800000000000000000e+02 7.520195556598689990e-01 7.175436415872804563e-01 4.010961055755615234e+00
2.810000000000000000e+02 7.074756713834067234e-01 7.601490295047192980e-01 3.998611927032470703e+00
2.820000000000000000e+02 7.494407586217046724e-01 7.177719520225379624e-01 4.010156631469726562e+00
2.830000000000000000e+02 7.068262495008497126e-01 7.602914725947471641e-01 3.998416900634765625e+00
2.840000000000000000e+02 7.525146999330842856e-01 7.182733674379336852e-01 4.008882522583007812e+00
2.850000000000000000e+02 7.074210003542816816e-01 7.591268284368651864e-01 3.997528553009033203e+00
2.860000000000000000e+02 7.521878236646662996e-01 7.161346857762115325e-01 4.010686874389648438e+00
2.870000000000000000e+02 7.100954471405470647e-01 7.617677234333452008e-01 3.997255563735961914e+00
2.880000000000000000e+02 7.531689658317674008e-01 7.184261605389655747e-01 4.011463165283203125e+00
2.890000000000000000e+02 7.079678976231210674e-01 7.599682814833700339e-01 3.997675895690917969e+00
2.900000000000000000e+02 7.513132663732775551e-01 7.163851414661590589e-01 4.011546134948730469e+00
2.910000000000000000e+02 7.106825352992522937e-01 7.577409962150030154e-01 3.996274471282958984e+00
2.920000000000000000e+02 7.531565554628572023e-01 7.151649261518944201e-01 4.013040065765380859e+00
2.930000000000000000e+02 7.062033505235321140e-01 7.576909396664540663e-01 3.995492458343505859e+00
2.940000000000000000e+02 7.508178012385398059e-01 7.151365076272341303e-01 4.013621330261230469e+00
2.950000000000000000e+02 7.094100887531331612e-01 7.572014104689991365e-01 3.996549606323242188e+00
2.960000000000000000e+02 7.522656746068887568e-01 7.152659844891831042e-01 4.014328479766845703e+00
2.970000000000000000e+02 7.059622071083688777e-01 7.583027551807179911e-01 3.997036933898925781e+00
2.980000000000000000e+02 7.499804687570175155e-01 7.128652657894055666e-01 4.013506889343261719e+00
2.990000000000000000e+02 7.061059307196332346e-01 7.570954483376917121e-01 3.996096372604370117e+00
3.000000000000000000e+02 7.496263647001885078e-01 7.137810739036272167e-01 4.015144348144531250e+00
3.010000000000000000e+02 7.082418600177955437e-01 7.569150125074516344e-01 3.996613025665283203e+00
3.020000000000000000e+02 7.544769388658387754e-01 7.139878097839679194e-01 4.015767097473144531e+00
3.030000000000000000e+02 7.094306399811094455e-01 7.554077442592610492e-01 3.995712518692016602e+00
3.040000000000000000e+02 7.522275205657805719e-01 7.137989453110883398e-01 4.016177654266357422e+00
3.050000000000000000e+02 7.076577206761081040e-01 7.584318822025696294e-01 3.996649503707885742e+00
3.060000000000000000e+02 7.508038207238638684e-01 7.150985047660396443e-01 4.015648365020751953e+00
3.070000000000000000e+02 7.082838151882829836e-01 7.565853244372785502e-01 3.995452404022216797e+00
3.080000000000000000e+02 7.512002611397406993e-01 7.125819559338498754e-01 4.012599468231201172e+00
3.090000000000000000e+02 7.055119829710977397e-01 7.571397978262273121e-01 3.995198011398315430e+00
3.100000000000000000e+02 7.465877257664460531e-01 7.122999253747032133e-01 4.011849880218505859e+00
3.110000000000000000e+02 7.041631335727144281e-01 7.551066647538083876e-01 3.995148897171020508e+00
3.120000000000000000e+02 7.472622444331349367e-01 7.149876277566117322e-01 4.010393619537353516e+00
3.130000000000000000e+02 7.063044734199890318e-01 7.558074092895755713e-01 3.994832992553710938e+00
3.140000000000000000e+02 7.487031714072849287e-01 7.126217534576333446e-01 4.011833190917968750e+00
3.150000000000000000e+02 7.049370949987964208e-01 7.563301536030064831e-01 3.994314432144165039e+00
3.160000000000000000e+02 7.502158231725716275e-01 7.135787895249424695e-01 4.009573459625244141e+00
3.170000000000000000e+02 7.055940533656821501e-01 7.542211658195567825e-01 3.993956089019775391e+00
3.180000000000000000e+02 7.518858846033620313e-01 7.128999703359913953e-01 4.009394645690917969e+00
3.190000000000000000e+02 7.077454896789961980e-01 7.536325742329730293e-01 3.993446588516235352e+00
3.200000000000000000e+02 7.511880471696235073e-01 7.156262368772663418e-01 4.010356903076171875e+00
3.210000000000000000e+02 7.089039112669772713e-01 7.571282807588283204e-01 3.992683410644531250e+00
3.220000000000000000e+02 7.519852674724633035e-01 7.117204250946873589e-01 4.010450363159179688e+00
3.230000000000000000e+02 7.100272371164249030e-01 7.546458897928822740e-01 3.992844104766845703e+00
3.240000000000000000e+02 7.528136357876439311e-01 7.124258351469741068e-01 4.010502338409423828e+00
3.250000000000000000e+02 7.119226856178936247e-01 7.563581418224653019e-01 3.990950107574462891e+00
3.260000000000000000e+02 7.514695128644042210e-01 7.106292586616811402e-01 4.011966705322265625e+00
3.270000000000000000e+02 7.093132546553749807e-01 7.560486136318143036e-01 3.990618467330932617e+00
3.280000000000000000e+02 7.523073367966450764e-01 7.128654391155229142e-01 4.011396408081054688e+00
3.290000000000000000e+02 7.069489349514916920e-01 7.539882472537509095e-01 3.991429567337036133e+00
3.300000000000000000e+02 7.504033333814844609e-01 7.114368372306414390e-01 4.011766910552978516e+00
3.310000000000000000e+02 7.082352364777592113e-01 7.526953114351366825e-01 3.993149995803833008e+00
3.320000000000000000e+02 7.500518059315418595e-01 7.104934273432164105e-01 4.010743618011474609e+00
3.330000000000000000e+02 7.057426326421261109e-01 7.554120739585350464e-01 3.992184400558471680e+00
3.340000000000000000e+02 7.493162143675839992e-01 7.118593204679390940e-01 4.010865211486816406e+00
3.350000000000000000e+02 7.078099263861541424e-01 7.533607769924924868e-01 3.992756605148315430e+00
3.360000000000000000e+02 7.505804468669756702e-01 7.116061253588300550e-01 4.011095523834228516e+00
3.370000000000000000e+02 7.099117174591954571e-01 7.548804452197520609e-01 3.992496967315673828e+00
3.380000000000000000e+02 7.518070283143074573e-01 7.095443155489409293e-01 4.010332584381103516e+00
3.390000000000000000e+02 7.094047357346143778e-01 7.563954960420836704e-01 3.991478919982910156e+00
3.400000000000000000e+02 7.522603886585921273e-01 7.107224375869799493e-01 4.008657455444335938e+00
3.410000000000000000e+02 7.082300674155767028e-01 7.574452273710354788e-01 3.992671012878417969e+00
3.420000000000000000e+02 7.506495458796978992e-01 7.132474195113803761e-01 4.008437156677246094e+00
3.430000000000000000e+02 7.090601610757937268e-01 7.565951768587345638e-01 3.993688583374023438e+00
3.440000000000000000e+02 7.518130659690136497e-01 7.130095357523734689e-01 4.009675502777099609e+00
3.450000000000000000e+02 7.061494254431714968e-01 7.564864935271087276e-01 3.993652582168579102e+00
3.460000000000000000e+02 7.507074074060660074e-01 7.128975153529228947e-01 4.009472846984863281e+00
3.470000000000000000e+02 7.077157803756732868e-01 7.570360136041021093e-01 3.993217945098876953e+00
3.480000000000000000e+02 7.496251072967767826e-01 7.134013319350392957e-01 4.009242534637451172e+00
3.490000000000000000e+02 7.073314143612638993e-01 7.566479204040267303e-01 3.992708444595336914e+00
3.500000000000000000e+02 7.512682156049768079e-01 7.137895919124882527e-01 4.008659839630126953e+00
3.510000000000000000e+02 7.077739355835650503e-01 7.562273930778863340e-01 3.993066072463989258e+00
3.520000000000000000e+02 7.511322229385068994e-01 7.149739222726232413e-01 4.008796691894531250e+00
3.530000000000000000e+02 7.045030893645317649e-01 7.584029578940671978e-01 3.994724512100219727e+00
3.540000000000000000e+02 7.493524176092577482e-01 7.150552357573546347e-01 4.008666515350341797e+00
3.550000000000000000e+02 7.067027676074691955e-01 7.595446995767669573e-01 3.994008541107177734e+00
3.560000000000000000e+02 7.497156087687755210e-01 7.144112123434194217e-01 4.008317947387695312e+00
3.570000000000000000e+02 7.065232375589957092e-01 7.596649730444966497e-01 3.994175910949707031e+00
3.580000000000000000e+02 7.505895989275797042e-01 7.165452441573441078e-01 4.009751796722412109e+00
3.590000000000000000e+02 7.071070951753055667e-01 7.592058308429302516e-01 3.993877410888671875e+00
3.600000000000000000e+02 7.522786929514068133e-01 7.154700343928411810e-01 4.010163307189941406e+00
3.610000000000000000e+02 7.090314483616809715e-01 7.571340556121837206e-01 3.993022441864013672e+00
3.620000000000000000e+02 7.537371627187761103e-01 7.139457197780474385e-01 4.011402130126953125e+00
3.630000000000000000e+02 7.109843682778309581e-01 7.566325386681312937e-01 3.992976903915405273e+00
3.640000000000000000e+02 7.543223262891676217e-01 7.137120862297220425e-01 4.011712074279785156e+00
3.650000000000000000e+02 7.095853766255417749e-01 7.554530814789860438e-01 3.993438959121704102e+00
3.660000000000000000e+02 7.516642657519819748e-01 7.143327012176198254e-01 4.011040210723876953e+00
3.670000000000000000e+02 7.096640390525569275e-01 7.583299152628614204e-01 3.993594884872436523e+00
3.680000000000000000e+02 7.536823376461037061e-01 7.159938271167561874e-01 4.011585712432861328e+00
3.690000000000000000e+02 7.088928667927025806e-01 7.600957550120540640e-01 3.994356393814086914e+00
3.700000000000000000e+02 7.543237209743216543e-01 7.147923181704860518e-01 4.012024402618408203e+00
3.710000000000000000e+02 7.096049095773794280e-01 7.566836645329059197e-01 3.995478391647338867e+00
3.720000000000000000e+02 7.542080913470265990e-01 7.145446349444986023e-01 4.012900829315185547e+00
3.730000000000000000e+02 7.099463744056558889e-01 7.580306314432246895e-01 3.996069908142089844e+00
3.740000000000000000e+02 7.527799186875256954e-01 7.138014771749694454e-01 4.011521816253662109e+00
3.750000000000000000e+02 7.094396587409514954e-01 7.566400640345845030e-01 3.994993448257446289e+00
3.760000000000000000e+02 7.520772537142987879e-01 7.147869964312333346e-01 4.011475086212158203e+00
3.770000000000000000e+02 7.112023732847267965e-01 7.544210227781410483e-01 3.995208978652954102e+00
3.780000000000000000e+02 7.548751311116387308e-01 7.135191297575506075e-01 4.013034820556640625e+00
3.790000000000000000e+02 7.110907316944259371e-01 7.582498184669140828e-01 3.996590375900268555e+00
3.800000000000000000e+02 7.528220054219512125e-01 7.134601649054432837e-01 4.012179374694824219e+00
3.810000000000000000e+02 7.082807038371480290e-01 7.569135132247543085e-01 3.996861934661865234e+00
3.820000000000000000e+02 7.503230802519087472e-01 7.147452353082233145e-01 4.010196685791015625e+00
3.830000000000000000e+02 7.058873872996380694e-01 7.591828717480092470e-01 3.996713399887084961e+00
3.840000000000000000e+02 7.490853586026625655e-01 7.178178540499224880e-01 4.008790493011474609e+00
3.850000000000000000e+02 7.078475690115761942e-01 7.588843826479035881e-01 3.997593402862548828e+00
3.860000000000000000e+02 7.513943970620262647e-01 7.160761136967980223e-01 4.008670330047607422e+00
3.870000000000000000e+02 7.102855896913988776e-01 7.600950580361568454e-01 3.997521877288818359e+00
3.880000000000000000e+02 7.529633587113701010e-01 7.179303240104237815e-01 4.009939193725585938e+00
3.890000000000000000e+02 7.104115489324993593e-01 7.568885021497769872e-01 3.995892047882080078e+00
3.900000000000000000e+02 7.561363522620084821e-01 7.152389124103479823e-01 4.012646675109863281e+00
3.910000000000000000e+02 7.129190772823861266e-01 7.572054608164924261e-01 3.995768547058105469e+00
3.920000000000000000e+02 7.554527272610103150e-01 7.132379762363060260e-01 4.012887001037597656e+00
3.930000000000000000e+02 7.098105715620997014e-01 7.550202143712982927e-01 3.993139505386352539e+00
3.940000000000000000e+02 7.535042834857271776e-01 7.121430966608143232e-01 4.013451576232910156e+00
3.950000000000000000e+02 7.106757774207934641e-01 7.530400493934026329e-01 3.994161605834960938e+00
3.960000000000000000e+02 7.549082890325412576e-01 7.105487588479088013e-01 4.012510776519775391e+00
3.970000000000000000e+02 7.117903223252999290e-01 7.519597773930706275e-01 3.991748094558715820e+00
3.980000000000000000e+02 7.563572795746061894e-01 7.077878697142421238e-01 4.013005256652832031e+00
