0.000000000000000000e+00 9.598523073514481085e-02 6.559886824949065498e-02 3.009260416030883789e+00
1.000000000000000000e+00 9.111052564627071526e-02 9.790832058173919161e-02 3.028018951416015625e+00
2.000000000000000000e+00 1.606778958772924482e-01 9.419222558151638114e-02 3.169448375701904297e+00
3.000000000000000000e+00 1.529483954471733687e-01 1.595431600111731629e-01 3.190129995346069336e+00
4.000000000000000000e+00 2.389035081636914082e-01 1.490724647749984422e-01 3.298551082611083984e+00
5.000000000000000000e+00 2.188875886393356063e-01 2.366134141715547923e-01 3.320063591003417969e+00
6.000000000000000000e+00 3.114305143287477984e-01 2.179475807867127801e-01 3.402921915054321289e+00
7.000000000000000000e+00 2.895032143400180225e-01 3.078182061721263518e-01 3.424999475479125977e+00
8.000000000000000000e+00 3.806912483003166425e-01 2.821007716699736600e-01 3.491734027862548828e+00
9.000000000000000000e+00 3.471418843850191394e-01 3.733186080330610501e-01 3.511390447616577148e+00
1.000000000000000000e+01 4.361224047872655496e-01 3.395570786207891545e-01 3.562902450561523438e+00
1.100000000000000000e+01 3.996609724144520315e-01 4.254951977766573412e-01 3.580611944198608398e+00
1.200000000000000000e+01 4.838195620989409473e-01 3.893608901876637329e-01 3.620048046112060547e+00
1.300000000000000000e+01 4.443380231296900074e-01 4.724549152954866660e-01 3.637733459472656250e+00
1.400000000000000000e+01 5.232826286936680393e-01 4.342429053972099995e-01 3.668875455856323242e+00
1.500000000000000000e+01 4.826556722045751147e-01 5.115395872163535085e-01 3.686460971832275391e+00
1.600000000000000000e+01 5.583934685918091612e-01 4.699346311428996281e-01 3.709764957427978516e+00
1.700000000000000000e+01 5.127361978533263587e-01 5.430224067989533054e-01 3.727615594863891602e+00
1.800000000000000000e+01 5.849874494175845152e-01 4.989649259344123289e-01 3.745115995407104492e+00
1.900000000000000000e+01 5.380594317363708301e-01 5.740404108815793105e-01 3.761638879776000977e+00
2.000000000000000000e+01 6.091264701384414559e-01 5.290605579319611618e-01 3.773648977279663086e+00
2.100000000000000000e+01 5.623910096811122195e-01 5.990271840658838443e-01 3.791563034057617188e+00
2.200000000000000000e+01 6.298939975128874380e-01 5.503475494218350583e-01 3.797282934188842773e+00
2.300000000000000000e+01 5.798959435595599787e-01 6.179595138789228947e-01 3.816675901412963867e+00
2.400000000000000000e+01 6.437425040608544258e-01 5.727342057284883214e-01 3.818001508712768555e+00
2.500000000000000000e+01 5.961071162789305378e-01 6.367491424883164886e-01 3.839549064636230469e+00
2.600000000000000000e+01 6.574708904422906786e-01 5.908111388387820018e-01 3.836962938308715820e+00
2.700000000000000000e+01 6.112355729445231312e-01 6.497576667118916127e-01 3.858495473861694336e+00
2.800000000000000000e+01 6.739601474241462276e-01 6.042977976755568026e-01 3.851715564727783203e+00
2.900000000000000000e+01 6.247258619738517149e-01 6.621508564143884223e-01 3.871842384338378906e+00
3.000000000000000000e+01 6.840010441220460979e-01 6.153274874690147778e-01 3.864352941513061523e+00
3.100000000000000000e+01 6.372110944833627721e-01 6.736273186487257147e-01 3.883172035217285156e+00
3.200000000000000000e+01 6.948856033745569594e-01 6.250789804282027573e-01 3.878159999847412109e+00
3.300000000000000000e+01 6.455791548724514328e-01 6.838091058763903218e-01 3.894682407379150391e+00
3.400000000000000000e+01 7.029464342914919506e-01 6.353309703491535343e-01 3.888362407684326172e+00
3.500000000000000000e+01 6.540067287739331769e-01 6.922952158617102780e-01 3.903928041458129883e+00
3.600000000000000000e+01 7.087907586770562096e-01 6.427628724838692076e-01 3.895045518875122070e+00
3.700000000000000000e+01 6.605477543830070575e-01 6.978396466014946675e-01 3.912103414535522461e+00
3.800000000000000000e+01 7.146959139374693404e-01 6.509257707366166157e-01 3.901643514633178711e+00
3.900000000000000000e+01 6.661109920141855545e-01 7.081942533482439295e-01 3.919581890106201172e+00
4.000000000000000000e+01 7.208856756708665880e-01 6.588580965337123008e-01 3.906812429428100586e+00
4.100000000000000000e+01 6.713991875778142493e-01 7.129561256845799999e-01 3.926736593246459961e+00
4.200000000000000000e+01 7.251808818589862149e-01 6.619425435859166429e-01 3.911745071411132812e+00
4.300000000000000000e+01 6.762562917434435938e-01 7.136086126253833317e-01 3.931462049484252930e+00
4.400000000000000000e+01 7.260176013639936254e-01 6.670138384939315879e-01 3.916696548461914062e+00
4.500000000000000000e+01 6.777365550262668403e-01 7.199673145761206206e-01 3.938654899597167969e+00
4.600000000000000000e+01 7.292534781322832504e-01 6.717900502305204080e-01 3.920037508010864258e+00
4.700000000000000000e+01 6.798274541364163204e-01 7.224481466369361282e-01 3.943263530731201172e+00
4.800000000000000000e+01 7.324508501199656907e-01 6.771159572511187275e-01 3.922474384307861328e+00
4.900000000000000000e+01 6.844135496833605448e-01 7.262473197218405341e-01 3.948313474655151367e+00
5.000000000000000000e+01 7.340305124178647667e-01 6.777604436907543883e-01 3.925709486007690430e+00
5.100000000000000000e+01 6.864505250463981412e-01 7.294099817102711603e-01 3.950910568237304688e+00
5.200000000000000000e+01 7.357300343987106528e-01 6.814593055863252813e-01 3.929634094238281250e+00
5.300000000000000000e+01 6.875558709744318264e-01 7.304641021401397927e-01 3.954174518585205078e+00
5.400000000000000000e+01 7.365826353549866923e-01 6.809634399562001228e-01 3.932043552398681641e+00
5.500000000000000000e+01 6.891219244235481378e-01 7.332163036738275075e-01 3.955879926681518555e+00
5.600000000000000000e+01 7.375446200632832516e-01 6.819896116504714501e-01 3.934432506561279297e+00
5.700000000000000000e+01 6.894075775587834576e-01 7.350390801196647894e-01 3.957907915115356445e+00
5.800000000000000000e+01 7.382282987800278251e-01 6.855912471740577274e-01 3.937037467956542969e+00
5.900000000000000000e+01 6.893437958234323037e-01 7.336138079688263591e-01 3.960421562194824219e+00
6.000000000000000000e+01 7.388957681207779515e-01 6.853614507184462301e-01 3.938466548919677734e+00
6.100000000000000000e+01 6.909567623808201553e-01 7.362871555328484030e-01 3.960999965667724609e+00
6.200000000000000000e+01 7.390638244536357204e-01 6.880504830823068740e-01 3.941055536270141602e+00
6.300000000000000000e+01 6.913882751849270702e-01 7.350364782639698946e-01 3.962073564529418945e+00
6.400000000000000000e+01 7.412445140928365372e-01 6.906543439315727673e-01 3.941108465194702148e+00
6.500000000000000000e+01 6.934939083411073568e-01 7.388469988569950075e-01 3.962961435317993164e+00
6.600000000000000000e+01 7.415997535555228781e-01 6.911781947507257273e-01 3.942434072494506836e+00
6.700000000000000000e+01 6.929891600494074710e-01 7.386227756041926495e-01 3.964206933975219727e+00
6.800000000000000000e+01 7.409366367037549805e-01 6.918781748681024357e-01 3.942169427871704102e+00
6.900000000000000000e+01 6.942391423780379656e-01 7.421062456605214130e-01 3.965266466140747070e+00
7.000000000000000000e+01 7.414240451841090929e-01 6.924327686586793096e-01 3.942819595336914062e+00
7.100000000000000000e+01 6.944270848694595877e-01 7.390942858489690792e-01 3.967614412307739258e+00
7.200000000000000000e+01 7.446172135882662690e-01 6.928789997405594425e-01 3.944029569625854492e+00
7.300000000000000000e+01 6.946509536696121589e-01 7.394620549764151507e-01 3.968659400939941406e+00
7.400000000000000000e+01 7.417651967135182600e-01 6.956177620873458256e-01 3.944994926452636719e+00
7.500000000000000000e+01 6.970343168332457928e-01 7.422206958649690822e-01 3.969427108764648438e+00
7.600000000000000000e+01 7.415280990135164618e-01 6.945006512438578472e-01 3.946226596832275391e+00
7.700000000000000000e+01 6.925121277678731868e-01 7.409392701930946901e-01 3.970637083053588867e+00
7.800000000000000000e+01 7.399582239095736647e-01 6.970812324805809590e-01 3.944813013076782227e+00
7.900000000000000000e+01 6.908572174610229100e-01 7.441908004429398371e-01 3.972823381423950195e+00
8.000000000000000000e+01 7.376403181207790150e-01 7.005417063903371933e-01 3.943823575973510742e+00
8.100000000000000000e+01 6.922816355078355022e-01 7.471124421316726050e-01 3.975652933120727539e+00
8.200000000000000000e+01 7.391709349354858016e-01 6.991710926351962785e-01 3.945748090744018555e+00
8.300000000000000000e+01 6.935357324030569925e-01 7.474818794740821781e-01 3.975133419036865234e+00
8.400000000000000000e+01 7.417600303735228939e-01 6.982318953091232183e-01 3.945105552673339844e+00
8.500000000000000000e+01 6.972505563016481167e-01 7.448917530331180537e-01 3.974097013473510742e+00
8.600000000000000000e+01 7.437664880092114128e-01 6.986748773510894628e-01 3.946696043014526367e+00
8.700000000000000000e+01 6.954259562160345354e-01 7.447005555440219249e-01 3.973920106887817383e+00
8.800000000000000000e+01 7.452956974826017156e-01 6.954541676352469226e-01 3.946808099746704102e+00
8.900000000000000000e+01 6.961855606477742597e-01 7.432494707622143704e-01 3.972934007644653320e+00
9.000000000000000000e+01 7.447782431086231725e-01 6.936135442196753598e-01 3.948060035705566406e+00
9.100000000000000000e+01 6.958831481025170573e-01 7.435145047804835317e-01 3.972348928451538086e+00
9.200000000000000000e+01 7.445354044412009209e-01 6.962935713021856099e-01 3.948163032531738281e+00
9.300000000000000000e+01 6.967677486875436532e-01 7.446278740122161954e-01 3.973618030548095703e+00
9.400000000000000000e+01 7.447041031283913037e-01 6.972983058371481357e-01 3.947446584701538086e+00
9.500000000000000000e+01 6.979141895008442731e-01 7.405807980154138770e-01 3.974437475204467773e+00
9.600000000000000000e+01 7.450016683208668944e-01 6.962718607311666474e-01 3.948386907577514648e+00
9.700000000000000000e+01 6.995569738045863684e-01 7.452598060512883871e-01 3.973181009292602539e+00
9.800000000000000000e+01 7.455493239940546024e-01 6.974819298692116476e-01 3.948963403701782227e+00
9.900000000000000000e+01 6.983652603510965839e-01 7.450438169338423622e-01 3.974436044692993164e+00
1.000000000000000000e+02 7.490088241518100265e-01 6.991935673930086415e-01 3.948708057403564453e+00
1.010000000000000000e+02 6.999127128727672398e-01 7.449517562994082409e-01 3.974025011062622070e+00
1.020000000000000000e+02 7.471543935741433717e-01 6.961846681339188825e-01 3.948883533477783203e+00
1.030000000000000000e+02 7.028189130934927586e-01 7.447479907347420713e-01 3.973440408706665039e+00
1.040000000000000000e+02 7.490652984157687433e-01 6.957570970432025437e-01 3.949696063995361328e+00
1.050000000000000000e+02 7.032608362655443646e-01 7.427933134939067594e-01 3.974143028259277344e+00
1.060000000000000000e+02 7.518725828387097243e-01 6.963247936436196550e-01 3.950768947601318359e+00
1.070000000000000000e+02 7.016700033171993089e-01 7.406526865396054760e-01 3.974895477294921875e+00
1.080000000000000000e+02 7.503291326690473273e-01 6.948702194978002566e-01 3.951498985290527344e+00
1.090000000000000000e+02 7.033878240029671769e-01 7.403386186283390513e-01 3.975126981735229492e+00
1.100000000000000000e+02 7.490282883266528025e-01 6.908395976744970968e-01 3.951245546340942383e+00
1.110000000000000000e+02 7.032644323810491871e-01 7.397522100387278199e-01 3.975066900253295898e+00
1.120000000000000000e+02 7.484860869019567264e-01 6.947868591145650585e-01 3.951200962066650391e+00
1.130000000000000000e+02 7.019290980177739225e-01 7.414583984820016793e-01 3.976425409317016602e+00
1.140000000000000000e+02 7.505936196791470616e-01 6.952886953839777506e-01 3.952197074890136719e+00
1.150000000000000000e+02 7.020373413329047407e-01 7.407059570755181177e-01 3.976675510406494141e+00
1.160000000000000000e+02 7.513292875360971790e-01 6.955402950128438677e-01 3.952275514602661133e+00
1.170000000000000000e+02 7.023083693736501543e-01 7.434823796082148384e-01 3.975038528442382812e+00
1.180000000000000000e+02 7.502918046221079829e-01 6.946253575445531236e-01 3.950666427612304688e+00
1.190000000000000000e+02 7.045118223819657466e-01 7.435512202952758720e-01 3.976246595382690430e+00
1.200000000000000000e+02 7.496431278759643213e-01 6.946207795225177728e-01 3.950012445449829102e+00
1.210000000000000000e+02 7.035175321957474193e-01 7.438144216179517487e-01 3.976697444915771484e+00
1.220000000000000000e+02 7.483908832206512818e-01 6.974683481093806314e-01 3.951604604721069336e+00
1.230000000000000000e+02 7.058100286642756682e-01 7.435063938083036339e-01 3.976180553436279297e+00
1.240000000000000000e+02 7.496009311683843324e-01 6.986733205358396370e-01 3.950819015502929688e+00
1.250000000000000000e+02 7.062005483604875122e-01 7.463510095812216916e-01 3.975610017776489258e+00
1.260000000000000000e+02 7.505084881842339906e-01 6.995315575834136768e-01 3.950247526168823242e+00
1.270000000000000000e+02 7.057276550989203256e-01 7.423825921928174365e-01 3.975131511688232422e+00
1.280000000000000000e+02 7.514673857243860944e-01 6.973900189675189543e-01 3.951517581939697266e+00
1.290000000000000000e+02 7.049380392116040284e-01 7.435630924812423048e-01 3.975076913833618164e+00
1.300000000000000000e+02 7.507737322178678063e-01 6.978316185224749946e-01 3.950885534286499023e+00
1.310000000000000000e+02 7.049281604297252812e-01 7.443002375362101075e-01 3.974776983261108398e+00
1.320000000000000000e+02 7.541373091248388949e-01 6.961786469475741423e-01 3.951289892196655273e+00
1.330000000000000000e+02 7.025944683588137840e-01 7.408666284538787394e-01 3.973336935043334961e+00
1.340000000000000000e+02 7.494634313486041588e-01 6.951903910062510183e-01 3.950741052627563477e+00
1.350000000000000000e+02 7.019242386397920308e-01 7.440432430823090693e-01 3.972781896591186523e+00
1.360000000000000000e+02 7.495654185900360034e-01 6.977381502979894679e-01 3.949095964431762695e+00
1.370000000000000000e+02 6.995636161535452313e-01 7.419936858084604792e-01 3.972008466720581055e+00
1.380000000000000000e+02 7.464924150965541738e-01 6.968903194423990977e-01 3.948930501937866211e+00
1.390000000000000000e+02 6.990770518761081354e-01 7.445531864274523848e-01 3.971268415451049805e+00
1.400000000000000000e+02 7.468580306783114686e-01 6.975720742349013070e-01 3.946627378463745117e+00
1.410000000000000000e+02 6.988617409734463326e-01 7.420637383579169466e-01 3.972201108932495117e+00
1.420000000000000000e+02 7.450678139279134360e-01 6.983187102968794191e-01 3.947306394577026367e+00
1.430000000000000000e+02 6.949015575667276678e-01 7.430012367575461463e-01 3.972825527191162109e+00
1.440000000000000000e+02 7.449282733293078884e-01 6.961190483580766974e-01 3.948075056076049805e+00
1.450000000000000000e+02 6.959968982874513710e-01 7.407945390427427279e-01 3.972743511199951172e+00
1.460000000000000000e+02 7.448639780279503464e-01 6.968429632381598626e-01 3.947184085845947266e+00
1.470000000000000000e+02 6.957778965644048075e-01 7.440110233056197453e-01 3.972414970397949219e+00
1.480000000000000000e+02 7.427561941697954362e-01 6.974575458868252920e-01 3.946667432785034180e+00
1.490000000000000000e+02 6.951822110795334853e-01 7.428345768622252043e-01 3.971944570541381836e+00
1.500000000000000000e+02 7.420918441401948007e-01 6.988535723454052384e-01 3.948173999786376953e+00
1.510000000000000000e+02 6.950183108157469425e-01 7.456379601495441989e-01 3.973757505416870117e+00
1.520000000000000000e+02 7.433470879043712065e-01 6.962133835117759739e-01 3.948593378067016602e+00
1.530000000000000000e+02 6.976617925640971052e-01 7.401513826683266961e-01 3.974479436874389648e+00
1.540000000000000000e+02 7.470092827797387702e-01 6.948528080679449159e-01 3.951802015304565430e+00
1.550000000000000000e+02 7.000735895922444163e-01 7.404769282804676278e-01 3.972066402435302734e+00
1.560000000000000000e+02 7.469890663407773301e-01 6.950748809787656857e-01 3.952003955841064453e+00
1.570000000000000000e+02 7.012452429958272448e-01 7.415656739400978692e-01 3.973078966140747070e+00
1.580000000000000000e+02 7.504214616387379078e-01 6.958112745682218936e-01 3.953831911087036133e+00
1.590000000000000000e+02 7.015270616751227983e-01 7.434392218540529784e-01 3.973751068115234375e+00
1.600000000000000000e+02 7.475422123595500956e-01 6.970746851546023581e-01 3.952825069427490234e+00
1.610000000000000000e+02 7.020358313098276071e-01 7.434274391044520813e-01 3.973484516143798828e+00
1.620000000000000000e+02 7.483309208411520475e-01 6.964502061944549682e-01 3.954294443130493164e+00
1.630000000000000000e+02 7.021192404070787374e-01 7.423663071453390216e-01 3.973017930984497070e+00
1.640000000000000000e+02 7.470752691434082715e-01 6.974586262851654173e-01 3.954075574874877930e+00
1.650000000000000000e+02 6.973605600633675516e-01 7.441273172176199324e-01 3.973543882369995117e+00
1.660000000000000000e+02 7.471615959020404540e-01 6.946296329755590193e-01 3.953974962234497070e+00
1.670000000000000000e+02 7.001589017810224691e-01 7.413408982628023614e-01 3.971987485885620117e+00
1.680000000000000000e+02 7.491270275389185773e-01 6.957420188079804779e-01 3.953701496124267578e+00
1.690000000000000000e+02 6.999277653764038876e-01 7.427172181508173709e-01 3.971029996871948242e+00
1.700000000000000000e+02 7.456139792329290472e-01 6.959062754407739915e-01 3.955309391021728516e+00
1.710000000000000000e+02 7.012088347237001029e-01 7.423828774018123022e-01 3.972173929214477539e+00
1.720000000000000000e+02 7.483153088650280615e-01 6.941125525530842388e-01 3.953854560852050781e+00
1.730000000000000000e+02 6.972942506858414990e-01 7.423456442673191935e-01 3.973034381866455078e+00
1.740000000000000000e+02 7.461489688440321455e-01 6.963295943083198658e-01 3.954202413558959961e+00
1.750000000000000000e+02 7.011615185335444700e-01 7.431192594182884914e-01 3.972784996032714844e+00
1.760000000000000000e+02 7.464182410520123767e-01 6.953999036593655481e-01 3.954176425933837891e+00
1.770000000000000000e+02 7.016675271328823849e-01 7.413173350885519097e-01 3.973710060119628906e+00
1.780000000000000000e+02 7.479832107900751259e-01 6.931452050755685379e-01 3.954350948333740234e+00
1.790000000000000000e+02 7.009038774966085406e-01 7.415932505619607928e-01 3.972986936569213867e+00
1.800000000000000000e+02 7.495532786467677955e-01 6.958911171747013125e-01 3.954519510269165039e+00
1.810000000000000000e+02 7.023849409355662488e-01 7.426711691715354169e-01 3.974014997482299805e+00
1.820000000000000000e+02 7.490487324328788388e-01 6.942982782873975411e-01 3.955280542373657227e+00
1.830000000000000000e+02 7.035421586244431369e-01 7.432048744468935375e-01 3.972289085388183594e+00
1.840000000000000000e+02 7.485306845217608585e-01 6.940464208460788154e-01 3.953701019287109375e+00
1.850000000000000000e+02 7.026500189662232554e-01 7.433769600728833415e-01 3.971738100051879883e+00
1.860000000000000000e+02 7.471282947036521627e-01 6.971024901925895190e-01 3.953855037689208984e+00
1.870000000000000000e+02 7.007318751703337512e-01 7.428604088926394899e-01 3.972474098205566406e+00
1.880000000000000000e+02 7.455975214360019976e-01 6.986992844572605943e-01 3.953680515289306641e+00
1.890000000000000000e+02 6.996366709112006310e-01 7.463134940526023886e-01 3.973160028457641602e+00
1.900000000000000000e+02 7.460044637403718815e-01 6.961257615352052230e-01 3.952275514602661133e+00
1.910000000000000000e+02 6.986970857350917052e-01 7.443091288410313977e-01 3.974790573120117188e+00
1.920000000000000000e+02 7.477966932606334716e-01 7.005155213621789834e-01 3.951102495193481445e+00
1.930000000000000000e+02 6.985349766202461064e-01 7.441955281834617963e-01 3.975866079330444336e+00
1.940000000000000000e+02 7.456773820743305414e-01 6.984724474354826462e-01 3.952335596084594727e+00
1.950000000000000000e+02 7.008364049152120412e-01 7.465312785030749909e-01 3.975533008575439453e+00
1.960000000000000000e+02 7.459220747839789833e-01 6.983636227322731482e-01 3.952939987182617188e+00
1.970000000000000000e+02 7.015280625911590739e-01 7.445847533306020338e-01 3.975538969039916992e+00
1.980000000000000000e+02 7.481903945654196919e-01 6.987894367953521035e-01 3.954042434692382812e+00
1.990000000000000000e+02 7.039039112697700329e-01 7.442706893625137266e-01 3.975193500518798828e+00
2.000000000000000000e+02 7.521154439905158862e-01 6.980825380814703607e-01 3.954278469085693359e+00
2.010000000000000000e+02 7.072332528051404887e-01 7.464770010457792981e-01 3.974449872970581055e+00
2.020000000000000000e+02 7.520848218467621749e-01 6.984762777063967532e-01 3.954771995544433594e+00
2.030000000000000000e+02 7.051298986844642958e-01 7.438899653246638932e-01 3.974248409271240234e+00
2.040000000000000000e+02 7.509644103107592228e-01 6.989413464196245762e-01 3.955032587051391602e+00
2.050000000000000000e+02 7.060011106646034706e-01 7.488766426392244879e-01 3.973993539810180664e+00
2.060000000000000000e+02 7.525608120809231805e-01 6.978084152471160095e-01 3.954281568527221680e+00
2.070000000000000000e+02 7.038679522653101817e-01 7.476703237334327845e-01 3.973501443862915039e+00
2.080000000000000000e+02 7.517555277373316747e-01 6.989002877771927080e-01 3.953121423721313477e+00
2.090000000000000000e+02 7.049103749054621559e-01 7.466023762725081392e-01 3.973089456558227539e+00
2.100000000000000000e+02 7.488520226040327188e-01 6.988109349083079236e-01 3.952213048934936523e+00
2.110000000000000000e+02 7.045937916423848923e-01 7.451207517032792937e-01 3.972852468490600586e+00
2.120000000000000000e+02 7.477081793463919990e-01 6.999351284434531806e-01 3.952605485916137695e+00
2.130000000000000000e+02 7.018162427425799210e-01 7.470730950060715525e-01 3.974729061126708984e+00
2.140000000000000000e+02 7.508558526624830032e-01 7.004831796829885660e-01 3.951195955276489258e+00
2.150000000000000000e+02 7.035180962276512684e-01 7.465590018523392546e-01 3.973481893539428711e+00
2.160000000000000000e+02 7.498637080948312716e-01 6.997285005241415945e-01 3.951738595962524414e+00
2.170000000000000000e+02 7.020105674796593975e-01 7.471059365172170175e-01 3.973702430725097656e+00
2.180000000000000000e+02 7.489273313221292971e-01 6.990841347443772502e-01 3.950815439224243164e+00
2.190000000000000000e+02 7.006991304710120660e-01 7.457721321216098653e-01 3.974943399429321289e+00
2.200000000000000000e+02 7.503322389332149900e-01 6.988225405043532179e-01 3.951694965362548828e+00
2.210000000000000000e+02 7.040945432177923013e-01 7.458581340628944734e-01 3.974687576293945312e+00
2.220000000000000000e+02 7.516079070077897883e-01 7.012257080268744502e-01 3.952886581420898438e+00
2.230000000000000000e+02 7.030149115483120825e-01 7.477360869834207557e-01 3.974714040756225586e+00
2.240000000000000000e+02 7.501507000304146189e-01 7.010221440125377068e-01 3.952213525772094727e+00
2.250000000000000000e+02 7.029996151909707613e-01 7.479274098017270056e-01 3.975400447845458984e+00
2.260000000000000000e+02 7.510400159783057195e-01 7.000116425053892755e-01 3.951745986938476562e+00
2.270000000000000000e+02 7.054055628518653975e-01 7.446853738262483313e-01 3.974252462387084961e+00
2.280000000000000000e+02 7.512279640936745384e-01 6.971342329874441468e-01 3.952082872390747070e+00
2.290000000000000000e+02 7.023775612422059611e-01 7.468423659379865853e-01 3.974780559539794922e+00
2.300000000000000000e+02 7.515519355499594711e-01 6.976496375410791151e-01 3.951771020889282227e+00
2.310000000000000000e+02 7.029932257809170526e-01 7.443073530092622070e-01 3.974869966506958008e+00
2.320000000000000000e+02 7.489488027665361924e-01 7.007858057930624884e-01 3.952367067337036133e+00
2.330000000000000000e+02 7.020425741468450109e-01 7.468489714858496109e-01 3.975558519363403320e+00
2.340000000000000000e+02 7.493049663853311726e-01 6.997107433210832950e-01 3.952880382537841797e+00
2.350000000000000000e+02 7.030133776763496378e-01 7.434107206400113466e-01 3.975603103637695312e+00
2.360000000000000000e+02 7.498701474936916300e-01 6.984840632079204470e-01 3.954042434692382812e+00
2.370000000000000000e+02 7.026077811837663223e-01 7.448183582808703962e-01 3.974632024765014648e+00
2.380000000000000000e+02 7.503366039038471547e-01 6.960996238221968113e-01 3.954301595687866211e+00
2.390000000000000000e+02 7.055481095412735604e-01 7.433082425998722709e-01 3.974813461303710938e+00
2.400000000000000000e+02 7.511799850828577707e-01 6.947127646554680513e-01 3.953706979751586914e+00
2.410000000000000000e+02 7.020247151990881562e-01 7.429111546678035527e-01 3.974891424179077148e+00
2.420000000000000000e+02 7.495256427031019575e-01 6.990527934392183340e-01 3.952697992324829102e+00
2.430000000000000000e+02 7.012685575666722793e-01 7.445798756174316635e-01 3.974463939666748047e+00
2.440000000000000000e+02 7.500191229294606021e-01 6.977085638319993066e-01 3.952340602874755859e+00
2.450000000000000000e+02 7.037800483863120293e-01 7.438360137726112153e-01 3.974327564239501953e+00
2.460000000000000000e+02 7.498942216980728492e-01 6.959622404001519769e-01 3.952450037002563477e+00
2.470000000000000000e+02 7.044784207866807701e-01 7.437117657543079741e-01 3.973383903503417969e+00
2.480000000000000000e+02 7.512961393379856689e-01 6.952460684077055308e-01 3.952348470687866211e+00
2.490000000000000000e+02 7.056256874855066918e-01 7.430324882888806881e-01 3.973510980606079102e+00
2.500000000000000000e+02 7.494866463993385963e-01 6.972433790449905633e-01 3.952136039733886719e+00
2.510000000000000000e+02 7.041083994106493993e-01 7.430923138351521740e-01 3.973175048828125000e+00
2.520000000000000000e+02 7.497103736421416587e-01 6.932728927484467230e-01 3.950494527816772461e+00
2.530000000000000000e+02 7.048759172231376935e-01 7.428782817861869781e-01 3.972324371337890625e+00
2.540000000000000000e+02 7.505391356050585827e-01 6.959113289147274006e-01 3.949434041976928711e+00
2.550000000000000000e+02 7.036572839104052735e-01 7.459321073980987871e-01 3.972527980804443359e+00
2.560000000000000000e+02 7.488449924752368370e-01 6.958790542488924036e-01 3.950622558593750000e+00
2.570000000000000000e+02 7.036662752796412068e-01 7.455368054332952577e-01 3.972932577133178711e+00
2.580000000000000000e+02 7.503002759749974881e-01 6.952362111823509050e-01 3.949914455413818359e+00
2.590000000000000000e+02 7.034294740651186872e-01 7.421706817802981027e-01 3.973005056381225586e+00
2.600000000000000000e+02 7.523627967366832703e-01 6.975004431258381432e-01 3.951338529586791992e+00
2.610000000000000000e+02 7.039192487821782640e-01 7.442640002597985527e-01 3.973027944564819336e+00
2.620000000000000000e+02 7.501253487648286145e-01 6.963702239224486279e-01 3.951255559921264648e+00
2.630000000000000000e+02 7.033283541692182395e-01 7.443440834661293470e-01 3.973139047622680664e+00
2.640000000000000000e+02 7.496227464265925455e-01 6.964488935283754678e-01 3.949872016906738281e+00
2.650000000000000000e+02 7.031771991278049638e-01 7.432829442421657884e-01 3.974215507507324219e+00
2.660000000000000000e+02 7.479836676138653662e-01 6.940670155470601843e-01 3.949351072311401367e+00
2.670000000000000000e+02 7.006176613001264819e-01 7.401786537741825711e-01 3.972056388854980469e+00
2.680000000000000000e+02 7.492804196895078706e-01 6.938467395593159726e-01 3.949651956558227539e+00
2.690000000000000000e+02 7.011100747149060508e-01 7.434172880345450984e-01 3.971662998199462891e+00
2.700000000000000000e+02 7.475651347224010479e-01 6.955446882471058023e-01 3.949181079864501953e+00
2.710000000000000000e+02 6.987848264117113573e-01 7.448914812899235516e-01 3.973278045654296875e+00
2.720000000000000000e+02 7.471874136764822261e-01 6.969956517886124470e-01 3.949357509613037109e+00
2.730000000000000000e+02 6.990550561402395502e-01 7.466243469736254523e-01 3.973213911056518555e+00
2.740000000000000000e+02 7.473823245393497183e-01 6.963403040787471410e-01 3.947615385055541992e+00
2.750000000000000000e+02 7.006059848099910337e-01 7.434312536315628162e-01 3.974503517150878906e+00
2.760000000000000000e+02 7.466587784409693951e-01 6.953238079805450500e-01 3.948343992233276367e+00
2.770000000000000000e+02 6.980690379645355659e-01 7.422747919427331587e-01 3.972153902053833008e+00
2.780000000000000000e+02 7.450693942399380099e-01 6.951404647377864565e-01 3.947951555252075195e+00
2.790000000000000000e+02 6.992569988229295763e-01 7.425440659965650836e-01 3.973121404647827148e+00
2.800000000000000000e+02 7.475652913170257596e-01 6.948024863787118921e-01 3.946315526962280273e+00
2.810000000000000000e+02 7.013367700066692745e-01 7.410923594761805733e-01 3.971572399139404297e+00
2.820000000000000000e+02 7.489268758483638155e-01 6.899603465122472468e-01 3.947854995727539062e+00
2.830000000000000000e+02 7.008501506882428567e-01 7.387751841346562598e-01 3.969911575317382812e+00
2.840000000000000000e+02 7.476772575310864921e-01 6.908692789061460227e-01 3.949178457260131836e+00
2.850000000000000000e+02 6.998819931634460145e-01 7.429687096178924088e-01 3.971069097518920898e+00
2.860000000000000000e+02 7.465752018849497462e-01 6.942510111425531649e-01 3.948960065841674805e+00
2.870000000000000000e+02 6.965220245131766852e-01 7.410918170680571571e-01 3.972584009170532227e+00
2.880000000000000000e+02 7.463049987342640357e-01 6.907508514295902513e-01 3.948478460311889648e+00
2.890000000000000000e+02 6.994858750740019504e-01 7.404348728918782596e-01 3.972124576568603516e+00
2.900000000000000000e+02 7.463899055837275309e-01 6.933573661755234596e-01 3.948899507522583008e+00
2.910000000000000000e+02 6.968358832252909973e-01 7.412779226578170011e-01 3.971554040908813477e+00
2.920000000000000000e+02 7.441817134300044989e-01 6.940110320691430523e-01 3.947282552719116211e+00
2.930000000000000000e+02 6.956284138488297852e-01 7.439382672272786268e-01 3.971888065338134766e+00
2.940000000000000000e+02 7.454165752978377801e-01 6.950845403651466636e-01 3.946527481079101562e+00
2.950000000000000000e+02 6.975027417963649556e-01 7.415172490380753656e-01 3.971355915069580078e+00
2.960000000000000000e+02 7.476999575073793869e-01 6.939856553782280946e-01 3.949409008026123047e+00
2.970000000000000000e+02 7.036670081454622361e-01 7.416714452348608377e-01 3.970216989517211914e+00
2.980000000000000000e+02 7.502066434533900541e-01 6.914286368755921952e-01 3.954184055328369141e+00
2.990000000000000000e+02 7.021670863041544752e-01 7.401998997854799534e-01 3.969718456268310547e+00
3.000000000000000000e+02 7.514025403779330814e-01 6.910075060906896161e-01 3.954479932785034180e+00
3.010000000000000000e+02 7.026715861731671620e-01 7.385777358714021856e-01 3.969447374343872070e+00
3.020000000000000000e+02 7.527262640836879237e-01 6.899638930283408245e-01 3.955714941024780273e+00
3.030000000000000000e+02 7.056676831921179227e-01 7.380855965101074112e-01 3.968049049377441406e+00
3.040000000000000000e+02 7.513909696118281634e-01 6.897615985308762632e-01 3.954805374145507812e+00
3.050000000000000000e+02 7.071706760407741044e-01 7.362699047542183850e-01 3.967526435852050781e+00
3.060000000000000000e+02 7.514039951246306304e-01 6.891197942142915922e-01 3.954614400863647461e+00
3.070000000000000000e+02 7.029451354568428956e-01 7.362462458569534185e-01 3.967118501663208008e+00
3.080000000000000000e+02 7.503120274660950439e-01 6.903012433189221753e-01 3.952502489089965820e+00
3.090000000000000000e+02 7.017124267036390917e-01 7.379142402595813000e-01 3.967072010040283203e+00
3.100000000000000000e+02 7.507410857445439012e-01 6.896403319049942970e-01 3.952151060104370117e+00
3.110000000000000000e+02 7.034083408163913642e-01 7.392852669825612510e-01 3.967522382736206055e+00
3.120000000000000000e+02 7.477262144579533976e-01 6.916926001563001858e-01 3.953105926513671875e+00
3.130000000000000000e+02 7.039459374829477589e-01 7.385915329940838658e-01 3.969470024108886719e+00
3.140000000000000000e+02 7.490036990128641214e-01 6.932716493291221083e-01 3.952994108200073242e+00
3.150000000000000000e+02 7.031116545007151108e-01 7.401421488624098100e-01 3.968608379364013672e+00
3.160000000000000000e+02 7.505156143847125927e-01 6.939362714581668312e-01 3.952748060226440430e+00
3.170000000000000000e+02 7.025819886399212733e-01 7.417241603449121756e-01 3.968258380889892578e+00
3.180000000000000000e+02 7.495760197431887706e-01 6.955759890335863060e-01 3.954441070556640625e+00
3.190000000000000000e+02 7.020365931201978382e-01 7.433275873138187606e-01 3.970489978790283203e+00
3.200000000000000000e+02 7.495658480061163642e-01 6.934426349833423542e-01 3.951898574829101562e+00
3.210000000000000000e+02 7.036936320403346379e-01 7.433690349962130961e-01 3.970006942749023438e+00
3.220000000000000000e+02 7.503254093104733125e-01 6.956009561353262427e-01 3.951611995697021484e+00
3.230000000000000000e+02 7.028000622263808062e-01 7.424380734165824114e-01 3.971877098083496094e+00
3.240000000000000000e+02 7.510634893121022060e-01 6.943970837742184932e-01 3.952006101608276367e+00
3.250000000000000000e+02 7.038879677519614964e-01 7.416210996036676217e-01 3.970812559127807617e+00
3.260000000000000000e+02 7.511235312888792093e-01 6.950598402373022733e-01 3.951692104339599609e+00
3.270000000000000000e+02 7.007310335266037082e-01 7.425576467969208228e-01 3.971193075180053711e+00
3.280000000000000000e+02 7.473878510670932673e-01 6.942960616916497019e-01 3.950160980224609375e+00
3.290000000000000000e+02 7.008206835622970976e-01 7.430181268764201041e-01 3.972166061401367188e+00
3.300000000000000000e+02 7.479833169165822637e-01 6.932538272812007740e-01 3.950053453445434570e+00
3.310000000000000000e+02 7.008617530874134971e-01 7.419397796453794935e-01 3.972545385360717773e+00
3.320000000000000000e+02 7.466493913304168561e-01 6.956109869327755657e-01 3.950475931167602539e+00
3.330000000000000000e+02 7.014655403836153047e-01 7.416351702294775583e-01 3.974444389343261719e+00
3.340000000000000000e+02 7.470140476809858932e-01 6.957440563285672841e-01 3.951325416564941406e+00
3.350000000000000000e+02 7.022464041521274680e-01 7.443764953271759799e-01 3.974546432495117188e+00
3.360000000000000000e+02 7.469488892174547257e-01 6.983482219839796112e-01 3.952816963195800781e+00
3.370000000000000000e+02 7.001528419283482574e-01 7.451514018470500877e-01 3.975425481796264648e+00
3.380000000000000000e+02 7.459314099145970545e-01 6.976922280285224875e-01 3.952581882476806641e+00
3.390000000000000000e+02 7.020522483050535278e-01 7.462042420661365583e-01 3.976264953613281250e+00
3.400000000000000000e+02 7.463237482460453043e-01 6.989944566787011926e-01 3.953673601150512695e+00
3.410000000000000000e+02 6.984941179573941339e-01 7.471248462819455316e-01 3.978493452072143555e+00
3.420000000000000000e+02 7.463812169050879630e-01 6.978709392901770725e-01 3.953722476959228516e+00
3.430000000000000000e+02 6.998552661312495982e-01 7.449078527906008995e-01 3.978984594345092773e+00
3.440000000000000000e+02 7.486134273632329972e-01 6.988570476350750571e-01 3.954422473907470703e+00
3.450000000000000000e+02 7.012335737703441207e-01 7.469542161679996184e-01 3.976664066314697266e+00
3.460000000000000000e+02 7.485174597031720722e-01 6.970039883767822353e-01 3.954566001892089844e+00
3.470000000000000000e+02 7.017801399856143929e-01 7.446055854324572509e-01 3.974283933639526367e+00
3.480000000000000000e+02 7.491428966508510978e-01 6.983403681933473273e-01 3.955317020416259766e+00
3.490000000000000000e+02 7.024571871786771116e-01 7.453940123819156049e-01 3.975289106369018555e+00
3.500000000000000000e+02 7.471609302176384082e-01 6.980034593173922719e-01 3.953316450119018555e+00
3.510000000000000000e+02 6.986195232690501911e-01 7.439828184114434251e-01 3.974977493286132812e+00
3.520000000000000000e+02 7.480408171146492036e-01 6.996595304213670818e-01 3.950555086135864258e+00
3.530000000000000000e+02 6.971026502936085167e-01 7.475005762383526431e-01 3.973395109176635742e+00
3.540000000000000000e+02 7.448665661450839526e-01 7.008326326844177556e-01 3.949434995651245117e+00
3.550000000000000000e+02 6.987217060482093789e-01 7.438948579243107595e-01 3.974271059036254883e+00
3.560000000000000000e+02 7.438268769451483742e-01 6.975265279255310480e-01 3.950487375259399414e+00
3.570000000000000000e+02 6.989743298855848330e-01 7.460881882725829417e-01 3.976115465164184570e+00
3.580000000000000000e+02 7.465843444205374491e-01 6.975149175592546547e-01 3.950239896774291992e+00
3.590000000000000000e+02 6.995601100817092632e-01 7.469872293710004829e-01 3.974073410034179688e+00
3.600000000000000000e+02 7.485112152851450817e-01 6.967662423910735425e-01 3.950834512710571289e+00
3.610000000000000000e+02 7.008936788585816702e-01 7.438164201995844937e-01 3.973999023437500000e+00
3.620000000000000000e+02 7.479442037534435039e-01 6.955704700659615103e-01 3.952937602996826172e+00
3.630000000000000000e+02 7.008904787253885660e-01 7.409422402941051589e-01 3.973236083984375000e+00
3.640000000000000000e+02 7.490232541969283897e-01 6.977907686192373893e-01 3.952578544616699219e+00
3.650000000000000000e+02 7.022253783684785367e-01 7.434328592237229305e-01 3.973236560821533203e+00
3.660000000000000000e+02 7.469262807395848913e-01 6.979949646519287842e-01 3.952702522277832031e+00
3.670000000000000000e+02 7.028105959749404441e-01 7.452259213481935429e-01 3.974325418472290039e+00
3.680000000000000000e+02 7.463630446362318205e-01 6.988498450304823084e-01 3.953484058380126953e+00
3.690000000000000000e+02 7.034939775206954238e-01 7.450930175239823816e-01 3.975836992263793945e+00
3.700000000000000000e+02 7.493181172104084187e-01 6.975936542590920331e-01 3.951745033264160156e+00
3.710000000000000000e+02 7.048226983790094602e-01 7.434189574360701158e-01 3.975089073181152344e+00
3.720000000000000000e+02 7.492426624685619707e-01 6.978194880090320407e-01 3.952492952346801758e+00
3.730000000000000000e+02 7.016130446887233196e-01 7.447179795790579426e-01 3.975657939910888672e+00
3.740000000000000000e+02 7.472978679111508260e-01 6.966846346654617106e-01 3.953104019165039062e+00
3.750000000000000000e+02 7.020559548543855444e-01 7.452678531988650157e-01 3.974519014358520508e+00
3.760000000000000000e+02 7.473290738151133761e-01 6.946462938529281983e-01 3.951325893402099609e+00
3.770000000000000000e+02 6.999621493034848818e-01 7.415674379813035344e-01 3.973146438598632812e+00
3.780000000000000000e+02 7.493278807043024514e-01 6.958402145659234872e-01 3.951102972030639648e+00
3.790000000000000000e+02 7.022747308047864179e-01 7.419259493061671762e-01 3.972641468048095703e+00
3.800000000000000000e+02 7.477518564800781364e-01 6.956006351633222673e-01 3.952184915542602539e+00
3.810000000000000000e+02 7.021808932608899489e-01 7.419213655734484547e-01 3.972959518432617188e+00
3.820000000000000000e+02 7.476498094520970250e-01 6.952518679716195305e-01 3.953898429870605469e+00
3.830000000000000000e+02 7.029706125420078777e-01 7.438859520765549460e-01 3.972915410995483398e+00
3.840000000000000000e+02 7.473324909453759046e-01 6.955951531863632242e-01 3.952044963836669922e+00
3.850000000000000000e+02 7.015517052148082522e-01 7.431583345481803660e-01 3.973397970199584961e+00
3.860000000000000000e+02 7.500306568608609004e-01 6.952479763483941921e-01 3.951705455780029297e+00
3.870000000000000000e+02 7.017814220424386518e-01 7.445879521441584048e-01 3.973675012588500977e+00
3.880000000000000000e+02 7.474815624220997323e-01 6.958321382796618382e-01 3.951256990432739258e+00
3.890000000000000000e+02 6.981401847844104225e-01 7.421291221439892949e-01 3.973852396011352539e+00
3.900000000000000000e+02 7.473295945695288545e-01 6.955977179837905533e-01 3.950149059295654297e+00
3.910000000000000000e+02 7.019164472480760031e-01 7.426682532602827402e-01 3.973104953765869141e+00
3.920000000000000000e+02 7.474690332833728856e-01 6.942418463178517962e-01 3.950338602066040039e+00
3.930000000000000000e+02 7.001816842324921630e-01 7.428739610636205803e-01 3.973450899124145508e+00
3.940000000000000000e+02 7.491161808691099155e-01 6.936263207741067971e-01 3.950208425521850586e+00
3.950000000000000000e+02 7.012507034982958798e-01 7.448645427195971225e-01 3.971646070480346680e+00
3.960000000000000000e+02 7.496503697112461007e-01 6.964395825535496520e-01 3.952184438705444336e+00
3.970000000000000000e+02 7.033552145137128564e-01 7.445614724415189345e-01 3.971493005752563477e+00
3.980000000000000000e+02 7.499505366481729052e-01 6.944998463487670470e-01 3.952802419662475586e+00
