0.000000000000000000e+00 9.950196975243631725e-02 6.607253728140261018e-02 2.996479511260986328e+00
1.000000000000000000e+00 9.507462753255588317e-02 1.001682594408236371e-01 3.000724077224731445e+00
2.000000000000000000e+00 1.645498486983844877e-01 9.564495039965455192e-02 3.159103393554687500e+00
3.000000000000000000e+00 1.562804021867298665e-01 1.687721304316156523e-01 3.164392471313476562e+00
4.000000000000000000e+00 2.460710319218635533e-01 1.560890772893592515e-01 3.286981105804443359e+00
5.000000000000000000e+00 2.279436816948111344e-01 2.510165743373246605e-01 3.294726610183715820e+00
6.000000000000000000e+00 3.276329495046114704e-01 2.299756070849606759e-01 3.391737461090087891e+00
7.000000000000000000e+00 2.919401092124682684e-01 3.292083777233834607e-01 3.396980047225952148e+00
8.000000000000000000e+00 3.930545425569229034e-01 2.984082675146866315e-01 3.473983526229858398e+00
9.000000000000000000e+00 3.556971860453270740e-01 3.965875869876361870e-01 3.480788946151733398e+00
1.000000000000000000e+01 4.506680341255214217e-01 3.579542672455497954e-01 3.541835546493530273e+00
1.100000000000000000e+01 4.073377115548463823e-01 4.496228583131227641e-01 3.549782514572143555e+00
1.200000000000000000e+01 4.978487996605427957e-01 4.074932165878780710e-01 3.599586963653564453e+00
1.300000000000000000e+01 4.545328808794455999e-01 4.967909471418104350e-01 3.603386402130126953e+00
1.400000000000000000e+01 5.371182419024286281e-01 4.511417211526987381e-01 3.646984100341796875e+00
1.500000000000000000e+01 4.883019609690587015e-01 5.347817670686265679e-01 3.649837017059326172e+00
1.600000000000000000e+01 5.660390275844102703e-01 4.873136260594996272e-01 3.686729431152343750e+00
1.700000000000000000e+01 5.186460504006961125e-01 5.663620430160948294e-01 3.690186500549316406e+00
1.800000000000000000e+01 5.931551167932698210e-01 5.171499641214166720e-01 3.719430446624755859e+00
1.900000000000000000e+01 5.432851929109488998e-01 5.930080625861915422e-01 3.722411394119262695e+00
2.000000000000000000e+01 6.163549749192736016e-01 5.458965512848159563e-01 3.746226549148559570e+00
2.100000000000000000e+01 5.696568564558817105e-01 6.152338492306086426e-01 3.749757051467895508e+00
2.200000000000000000e+01 6.370099144013053882e-01 5.683055294082007824e-01 3.770086050033569336e+00
2.300000000000000000e+01 5.870946182444394257e-01 6.386476687840726418e-01 3.772847414016723633e+00
2.400000000000000000e+01 6.526892412678532152e-01 5.859794984010414653e-01 3.789418935775756836e+00
2.500000000000000000e+01 6.016463672444490873e-01 6.550052973702170656e-01 3.791687965393066406e+00
2.600000000000000000e+01 6.683925309660251335e-01 6.030619441815631143e-01 3.804108381271362305e+00
2.700000000000000000e+01 6.163125992043707591e-01 6.688856968105415524e-01 3.809199571609497070e+00
2.800000000000000000e+01 6.792390692310021905e-01 6.184758896124050720e-01 3.818673372268676758e+00
2.900000000000000000e+01 6.260000478299958537e-01 6.810576832666486169e-01 3.823235034942626953e+00
3.000000000000000000e+01 6.895334477090011571e-01 6.290554661117954138e-01 3.829572916030883789e+00
3.100000000000000000e+01 6.357328201461112105e-01 6.897615950692411735e-01 3.835209608078002930e+00
3.200000000000000000e+01 6.967490733613797005e-01 6.406880487073306485e-01 3.838603019714355469e+00
3.300000000000000000e+01 6.438222202887358137e-01 7.002383010305374134e-01 3.844330072402954102e+00
3.400000000000000000e+01 7.013720576292262754e-01 6.484951101749462099e-01 3.848283529281616211e+00
3.500000000000000000e+01 6.523978938330581290e-01 7.054346470537095071e-01 3.853451490402221680e+00
3.600000000000000000e+01 7.088384208969752409e-01 6.557552796695577113e-01 3.856085538864135742e+00
3.700000000000000000e+01 6.577666069489899181e-01 7.109825019468667406e-01 3.861315488815307617e+00
3.800000000000000000e+01 7.147957287678335936e-01 6.623728893210065749e-01 3.862951517105102539e+00
3.900000000000000000e+01 6.602578795031065484e-01 7.204876659538993477e-01 3.867851972579956055e+00
4.000000000000000000e+01 7.164027596379781704e-01 6.678216705050203927e-01 3.868911981582641602e+00
4.100000000000000000e+01 6.656404844979102453e-01 7.235392795257457044e-01 3.872808933258056641e+00
4.200000000000000000e+01 7.215409621208971336e-01 6.720455642185482192e-01 3.874588012695312500e+00
4.300000000000000000e+01 6.693808001447008049e-01 7.264367166415656163e-01 3.877906560897827148e+00
4.400000000000000000e+01 7.231132009440102149e-01 6.756571655101955010e-01 3.879316091537475586e+00
4.500000000000000000e+01 6.757746042577034151e-01 7.294459684168399516e-01 3.881816387176513672e+00
4.600000000000000000e+01 7.265883710526557238e-01 6.795518270798129867e-01 3.882811546325683594e+00
4.700000000000000000e+01 6.755930693996590186e-01 7.318793063568386215e-01 3.886435985565185547e+00
4.800000000000000000e+01 7.273054277316285399e-01 6.807111110181561786e-01 3.885013103485107422e+00
4.900000000000000000e+01 6.777209350568571544e-01 7.314878804279576485e-01 3.889451026916503906e+00
5.000000000000000000e+01 7.323381981688145137e-01 6.785854209393124004e-01 3.886750936508178711e+00
5.100000000000000000e+01 6.793567266946054506e-01 7.323222440075113360e-01 3.890600919723510742e+00
5.200000000000000000e+01 7.322900906424529843e-01 6.836806946290110432e-01 3.888016462326049805e+00
5.300000000000000000e+01 6.784162374262939776e-01 7.371016565598743631e-01 3.893361091613769531e+00
5.400000000000000000e+01 7.312943478821471999e-01 6.855393292449264431e-01 3.888725042343139648e+00
5.500000000000000000e+01 6.796853980678592144e-01 7.341337335520404794e-01 3.895991086959838867e+00
5.600000000000000000e+01 7.345913093257685489e-01 6.849766694521290944e-01 3.889351606369018555e+00
5.700000000000000000e+01 6.843397535220960837e-01 7.370947835113113022e-01 3.894595384597778320e+00
5.800000000000000000e+01 7.352183681788173608e-01 6.853473153644447091e-01 3.891529560089111328e+00
5.900000000000000000e+01 6.824067402341730260e-01 7.366777423277194314e-01 3.895773410797119141e+00
6.000000000000000000e+01 7.332051780380665074e-01 6.875862261294888311e-01 3.892704963684082031e+00
6.100000000000000000e+01 6.830219931814782708e-01 7.369687360410878130e-01 3.897054910659790039e+00
6.200000000000000000e+01 7.347679404589387842e-01 6.864322834687153208e-01 3.894401550292968750e+00
6.300000000000000000e+01 6.841734924480490365e-01 7.384240753504707211e-01 3.896822452545166016e+00
6.400000000000000000e+01 7.361906669130504621e-01 6.871691306084712902e-01 3.895838975906372070e+00
6.500000000000000000e+01 6.855799123897192704e-01 7.390186353347476533e-01 3.897939920425415039e+00
6.600000000000000000e+01 7.392028864942716826e-01 6.868847049333297594e-01 3.896713018417358398e+00
6.700000000000000000e+01 6.852629065662245722e-01 7.388155516317115312e-01 3.898023605346679688e+00
6.800000000000000000e+01 7.392204379337061759e-01 6.876551942389307337e-01 3.897924423217773438e+00
6.900000000000000000e+01 6.857422150709752140e-01 7.400603387180496595e-01 3.898397922515869141e+00
7.000000000000000000e+01 7.381555633885710233e-01 6.887300658256209074e-01 3.898362398147583008e+00
7.100000000000000000e+01 6.855450394115684132e-01 7.397876062224768567e-01 3.898926973342895508e+00
7.200000000000000000e+01 7.396867721399434936e-01 6.905674827893318879e-01 3.898654937744140625e+00
7.300000000000000000e+01 6.871372784461499128e-01 7.410483739059696706e-01 3.899080514907836914e+00
7.400000000000000000e+01 7.407117194272763161e-01 6.918500506213585144e-01 3.899764060974121094e+00
7.500000000000000000e+01 6.900191716894992222e-01 7.415897028007738534e-01 3.901633024215698242e+00
7.600000000000000000e+01 7.415413917788886700e-01 6.899644213778872714e-01 3.901274442672729492e+00
7.700000000000000000e+01 6.916530194480309257e-01 7.412839791881734586e-01 3.901253938674926758e+00
7.800000000000000000e+01 7.412677879684052007e-01 6.919702348836598294e-01 3.900362968444824219e+00
7.900000000000000000e+01 6.903826221178299694e-01 7.407343510585628898e-01 3.902761936187744141e+00
8.000000000000000000e+01 7.429759766244172781e-01 6.913129122988235231e-01 3.900243043899536133e+00
8.100000000000000000e+01 6.912646065389244088e-01 7.446381117234066593e-01 3.901236534118652344e+00
8.200000000000000000e+01 7.392746347171789134e-01 6.930977347803539690e-01 3.899425029754638672e+00
8.300000000000000000e+01 6.866330199592756145e-01 7.431512661513276496e-01 3.903287887573242188e+00
8.400000000000000000e+01 7.434433599283571947e-01 6.920313681740625222e-01 3.898388385772705078e+00
8.500000000000000000e+01 6.905321177669703214e-01 7.427341879269880875e-01 3.903163909912109375e+00
8.600000000000000000e+01 7.427259762789104602e-01 6.911611334237353077e-01 3.900558471679687500e+00
8.700000000000000000e+01 6.906176914613573192e-01 7.452306604119381950e-01 3.903894424438476562e+00
8.800000000000000000e+01 7.411889809199299073e-01 6.935807753786490393e-01 3.899556398391723633e+00
8.900000000000000000e+01 6.914759676381539988e-01 7.404836072724364504e-01 3.903309583663940430e+00
9.000000000000000000e+01 7.428773396563395082e-01 6.892456260643402555e-01 3.899876594543457031e+00
9.100000000000000000e+01 6.904383533643042581e-01 7.430307351861654697e-01 3.902587413787841797e+00
9.200000000000000000e+01 7.421642717016928570e-01 6.894778080980596968e-01 3.898722887039184570e+00
9.300000000000000000e+01 6.901783831859886753e-01 7.417182389108057938e-01 3.902479410171508789e+00
9.400000000000000000e+01 7.399083632651504150e-01 6.914385866540239123e-01 3.899783372879028320e+00
9.500000000000000000e+01 6.903332743898128454e-01 7.402034721491409508e-01 3.901043891906738281e+00
9.600000000000000000e+01 7.408095556238021295e-01 6.895149360893421120e-01 3.900207519531250000e+00
9.700000000000000000e+01 6.929999567746569777e-01 7.394912625453679000e-01 3.902770042419433594e+00
9.800000000000000000e+01 7.443646992447469080e-01 6.889432554134398146e-01 3.899981498718261719e+00
9.900000000000000000e+01 6.923438368196751513e-01 7.445068083999062392e-01 3.902935504913330078e+00
1.000000000000000000e+02 7.436657883440221939e-01 6.919557848693339563e-01 3.898980379104614258e+00
1.010000000000000000e+02 6.925520565158505004e-01 7.439351037012005285e-01 3.903217077255249023e+00
1.020000000000000000e+02 7.419258486860109691e-01 6.918055233482598432e-01 3.902381896972656250e+00
1.030000000000000000e+02 6.932577808393375340e-01 7.433900192374879312e-01 3.902472496032714844e+00
1.040000000000000000e+02 7.424629646365328295e-01 6.923290021930658122e-01 3.900840044021606445e+00
1.050000000000000000e+02 6.926802012797862451e-01 7.426175694420541484e-01 3.903106927871704102e+00
1.060000000000000000e+02 7.410710704771440449e-01 6.916468310633039351e-01 3.900056600570678711e+00
1.070000000000000000e+02 6.906736326920405178e-01 7.437798677054890950e-01 3.903926372528076172e+00
1.080000000000000000e+02 7.414224996711612503e-01 6.941267361175287309e-01 3.900605916976928711e+00
1.090000000000000000e+02 6.904230188164121040e-01 7.429062745864605244e-01 3.903043985366821289e+00
1.100000000000000000e+02 7.402083089684720063e-01 6.906800427221762018e-01 3.899492979049682617e+00
1.110000000000000000e+02 6.898646585370199480e-01 7.419491623201742714e-01 3.902647972106933594e+00
1.120000000000000000e+02 7.394290932314386833e-01 6.900935845752513842e-01 3.901186466217041016e+00
1.130000000000000000e+02 6.912398407591898719e-01 7.401420089092116683e-01 3.901981592178344727e+00
1.140000000000000000e+02 7.414349187573182620e-01 6.875187228453814026e-01 3.902697086334228516e+00
1.150000000000000000e+02 6.940986671160884747e-01 7.386480205898914297e-01 3.901895999908447266e+00
1.160000000000000000e+02 7.449233142528235430e-01 6.870554631354209851e-01 3.903921604156494141e+00
1.170000000000000000e+02 6.952113952977102551e-01 7.389440317679468739e-01 3.901133060455322266e+00
1.180000000000000000e+02 7.465856092220887197e-01 6.849651828338982895e-01 3.904388427734375000e+00
1.190000000000000000e+02 6.974677295927866894e-01 7.366923136082129675e-01 3.901176452636718750e+00
1.200000000000000000e+02 7.451981233993708598e-01 6.859770259486996924e-01 3.903257608413696289e+00
1.210000000000000000e+02 6.928589547824134387e-01 7.364774301445816684e-01 3.901176929473876953e+00
1.220000000000000000e+02 7.448719607052282088e-01 6.851287421023970481e-01 3.900719404220581055e+00
1.230000000000000000e+02 6.927631414080678285e-01 7.397462315951247591e-01 3.902738571166992188e+00
1.240000000000000000e+02 7.420795757478055865e-01 6.873311744675535406e-01 3.900238037109375000e+00
1.250000000000000000e+02 6.932130923139060430e-01 7.410182952134091172e-01 3.901225090026855469e+00
1.260000000000000000e+02 7.419166431592945088e-01 6.910363297748393085e-01 3.901875019073486328e+00
1.270000000000000000e+02 6.895529918172822459e-01 7.428970683505674577e-01 3.902203559875488281e+00
1.280000000000000000e+02 7.425820514439340769e-01 6.930857235073789591e-01 3.899408578872680664e+00
1.290000000000000000e+02 6.909132647282504314e-01 7.398289698274614912e-01 3.903409957885742188e+00
1.300000000000000000e+02 7.392792566895867168e-01 6.897374481694549253e-01 3.900562047958374023e+00
1.310000000000000000e+02 6.895616373088329087e-01 7.410826272300168327e-01 3.902781009674072266e+00
1.320000000000000000e+02 7.415070203274471972e-01 6.887500107598456545e-01 3.900115013122558594e+00
1.330000000000000000e+02 6.903845622687644346e-01 7.416447821069019897e-01 3.901295900344848633e+00
1.340000000000000000e+02 7.413347076010907699e-01 6.930636628943114275e-01 3.898756027221679688e+00
1.350000000000000000e+02 6.907984937437688933e-01 7.433572523695265444e-01 3.900803565979003906e+00
1.360000000000000000e+02 7.416711947852322462e-01 6.925560779282470270e-01 3.897720575332641602e+00
1.370000000000000000e+02 6.888795972429085923e-01 7.441045727420096956e-01 3.900603532791137695e+00
1.380000000000000000e+02 7.419847378983188690e-01 6.905522178449320370e-01 3.898724079132080078e+00
1.390000000000000000e+02 6.899456926931741840e-01 7.423368705831638881e-01 3.900232553482055664e+00
1.400000000000000000e+02 7.422257045522623331e-01 6.932931119973253509e-01 3.898037433624267578e+00
1.410000000000000000e+02 6.918258808814471417e-01 7.420455842278269598e-01 3.900994539260864258e+00
1.420000000000000000e+02 7.413424147418287147e-01 6.920017548277952457e-01 3.898139476776123047e+00
1.430000000000000000e+02 6.901047274646742169e-01 7.429892231957184734e-01 3.901783943176269531e+00
1.440000000000000000e+02 7.418237486690703042e-01 6.879840687360816442e-01 3.898328065872192383e+00
1.450000000000000000e+02 6.925392675169943502e-01 7.391526668292559554e-01 3.900537967681884766e+00
1.460000000000000000e+02 7.413383376978575079e-01 6.891102256738258491e-01 3.899687528610229492e+00
1.470000000000000000e+02 6.916445880473975905e-01 7.374801806622569567e-01 3.901398420333862305e+00
1.480000000000000000e+02 7.437914732293802178e-01 6.886340586158462562e-01 3.898575544357299805e+00
1.490000000000000000e+02 6.937487301131423090e-01 7.374639949409830253e-01 3.902245044708251953e+00
1.500000000000000000e+02 7.445607028634300129e-01 6.864620723071671593e-01 3.899232387542724609e+00
1.510000000000000000e+02 6.930650533332273211e-01 7.363404692613889635e-01 3.902554512023925781e+00
1.520000000000000000e+02 7.456155038676534064e-01 6.856706013631288510e-01 3.900422573089599609e+00
1.530000000000000000e+02 6.945357779140900467e-01 7.380873006835693140e-01 3.901286602020263672e+00
1.540000000000000000e+02 7.452790064099381606e-01 6.866152575926924850e-01 3.900628089904785156e+00
1.550000000000000000e+02 6.969406889049798437e-01 7.369685711875942902e-01 3.902317523956298828e+00
1.560000000000000000e+02 7.472537397231228118e-01 6.846385839549937735e-01 3.902540445327758789e+00
1.570000000000000000e+02 7.005848352376945476e-01 7.375910169951124251e-01 3.901614427566528320e+00
1.580000000000000000e+02 7.500346138746879499e-01 6.868345506097577324e-01 3.904697895050048828e+00
1.590000000000000000e+02 7.002390246822066677e-01 7.358783135439073142e-01 3.901240587234497070e+00
1.600000000000000000e+02 7.484611515879165955e-01 6.867837348122864949e-01 3.905230045318603516e+00
1.610000000000000000e+02 6.983981744103637812e-01 7.374938182254735519e-01 3.901707887649536133e+00
1.620000000000000000e+02 7.469021160858696495e-01 6.872876033603295687e-01 3.903033494949340820e+00
1.630000000000000000e+02 6.960610599136430876e-01 7.389129280681544509e-01 3.902258396148681641e+00
1.640000000000000000e+02 7.447769162762889472e-01 6.878428026465224221e-01 3.900997400283813477e+00
1.650000000000000000e+02 6.934073618394430705e-01 7.401348643947636141e-01 3.902340412139892578e+00
1.660000000000000000e+02 7.433461804742740320e-01 6.889095799177376023e-01 3.902143001556396484e+00
1.670000000000000000e+02 6.952096940696748106e-01 7.388313966023831725e-01 3.904162883758544922e+00
1.680000000000000000e+02 7.444308167292882361e-01 6.882764407847651311e-01 3.900835037231445312e+00
1.690000000000000000e+02 6.942472088759642501e-01 7.394630353880525808e-01 3.903738498687744141e+00
1.700000000000000000e+02 7.456989374688169914e-01 6.889437006399523611e-01 3.901189565658569336e+00
1.710000000000000000e+02 6.944605272637440763e-01 7.380234681451434131e-01 3.903245925903320312e+00
1.720000000000000000e+02 7.467887377859184772e-01 6.886555375012005653e-01 3.900765419006347656e+00
1.730000000000000000e+02 6.969776363281108278e-01 7.382613912255980848e-01 3.901765584945678711e+00
1.740000000000000000e+02 7.464619812577225622e-01 6.867779634801174371e-01 3.900731563568115234e+00
1.750000000000000000e+02 6.964968195111669313e-01 7.380610294327991650e-01 3.901184558868408203e+00
1.760000000000000000e+02 7.443576054653425755e-01 6.868019880889048023e-01 3.898774385452270508e+00
1.770000000000000000e+02 6.958219320500839133e-01 7.389518141871233015e-01 3.901653051376342773e+00
1.780000000000000000e+02 7.448208222813061941e-01 6.887560428551814384e-01 3.898877382278442383e+00
1.790000000000000000e+02 6.950926891275929220e-01 7.386149067766809573e-01 3.902794599533081055e+00
1.800000000000000000e+02 7.452100932532464972e-01 6.887609842566775331e-01 3.900028467178344727e+00
1.810000000000000000e+02 6.949935583764274005e-01 7.393899152983313128e-01 3.902355432510375977e+00
1.820000000000000000e+02 7.435664265419905661e-01 6.901956467119255700e-01 3.900067090988159180e+00
1.830000000000000000e+02 6.923717173897150357e-01 7.435329138593622655e-01 3.901790380477905273e+00
1.840000000000000000e+02 7.427036161650538704e-01 6.906502549220046028e-01 3.899341106414794922e+00
1.850000000000000000e+02 6.929686815630885510e-01 7.435597097869732774e-01 3.902447938919067383e+00
1.860000000000000000e+02 7.421841515508710296e-01 6.928719446509669089e-01 3.900717496871948242e+00
1.870000000000000000e+02 6.915242605080383909e-01 7.436456460975301441e-01 3.901515483856201172e+00
1.880000000000000000e+02 7.428008685856012372e-01 6.935968474426447150e-01 3.901299953460693359e+00
1.890000000000000000e+02 6.920377677299976993e-01 7.428193527319970624e-01 3.903088092803955078e+00
1.900000000000000000e+02 7.425068980467908197e-01 6.927361246370903336e-01 3.900933027267456055e+00
1.910000000000000000e+02 6.929112738478594435e-01 7.432019253980621798e-01 3.903156518936157227e+00
1.920000000000000000e+02 7.423810820032678004e-01 6.939459938752553514e-01 3.901132583618164062e+00
1.930000000000000000e+02 6.908386025562159860e-01 7.433307462839078283e-01 3.903001070022583008e+00
1.940000000000000000e+02 7.428972083771937518e-01 6.920448699419077254e-01 3.900857925415039062e+00
1.950000000000000000e+02 6.935632534404999605e-01 7.419691909712146094e-01 3.903893470764160156e+00
1.960000000000000000e+02 7.454478208370103332e-01 6.905970277782779165e-01 3.903735399246215820e+00
1.970000000000000000e+02 6.932069353835019765e-01 7.440814251628203868e-01 3.903082609176635742e+00
1.980000000000000000e+02 7.458445101313189163e-01 6.933756339143272163e-01 3.904104471206665039e+00
1.990000000000000000e+02 6.953024147478049644e-01 7.458056095261116347e-01 3.904831886291503906e+00
2.000000000000000000e+02 7.453477479861899679e-01 6.918949810573797876e-01 3.903268575668334961e+00
2.010000000000000000e+02 6.926949705508167465e-01 7.416620056446370235e-01 3.904402494430541992e+00
2.020000000000000000e+02 7.456173408554337412e-01 6.908396400477723187e-01 3.902479410171508789e+00
2.030000000000000000e+02 6.946693580241803945e-01 7.426357630401317911e-01 3.902704000473022461e+00
2.040000000000000000e+02 7.449819384729129412e-01 6.907818574894821761e-01 3.901781558990478516e+00
2.050000000000000000e+02 6.939750758052276591e-01 7.427575367599459355e-01 3.901771068572998047e+00
2.060000000000000000e+02 7.458946430626450796e-01 6.921277285896039189e-01 3.901831388473510742e+00
2.070000000000000000e+02 6.919492900589239159e-01 7.442320814893897962e-01 3.901863098144531250e+00
2.080000000000000000e+02 7.423666812709990293e-01 6.914425111133699620e-01 3.901077508926391602e+00
2.090000000000000000e+02 6.934325522559234845e-01 7.416838498925799605e-01 3.901395559310913086e+00
2.100000000000000000e+02 7.446482426414691158e-01 6.910830514306904870e-01 3.900942087173461914e+00
2.110000000000000000e+02 6.934069704408016843e-01 7.415817301191460764e-01 3.901159048080444336e+00
2.120000000000000000e+02 7.434137526798081375e-01 6.919469444949968295e-01 3.901563405990600586e+00
2.130000000000000000e+02 6.907532513594918377e-01 7.416090705800236771e-01 3.902646064758300781e+00
2.140000000000000000e+02 7.415800641218714961e-01 6.911990674315799943e-01 3.901096582412719727e+00
2.150000000000000000e+02 6.911453443189069512e-01 7.426910002693721813e-01 3.902517080307006836e+00
2.160000000000000000e+02 7.418967513742612541e-01 6.906564744892560448e-01 3.899312973022460938e+00
2.170000000000000000e+02 6.930884488050227388e-01 7.396218591764522898e-01 3.901746511459350586e+00
2.180000000000000000e+02 7.431485519700136155e-01 6.899653447834795950e-01 3.901617527008056641e+00
2.190000000000000000e+02 6.905241375294234318e-01 7.407207556860138098e-01 3.900310516357421875e+00
2.200000000000000000e+02 7.433864073585799703e-01 6.887332073549171652e-01 3.899369955062866211e+00
2.210000000000000000e+02 6.898430672575532885e-01 7.403555565769471825e-01 3.899559020996093750e+00
2.220000000000000000e+02 7.425901314312493007e-01 6.886777485296982082e-01 3.899586439132690430e+00
2.230000000000000000e+02 6.923497835047617288e-01 7.412791145515305047e-01 3.899756431579589844e+00
2.240000000000000000e+02 7.420726175646168432e-01 6.897666349469326885e-01 3.900957107543945312e+00
2.250000000000000000e+02 6.946717029902662599e-01 7.399097069689678507e-01 3.899193048477172852e+00
2.260000000000000000e+02 7.443209813740323533e-01 6.905066618616370056e-01 3.902066469192504883e+00
2.270000000000000000e+02 6.915175250478271529e-01 7.403480605157499728e-01 3.899626493453979492e+00
2.280000000000000000e+02 7.430336527395917656e-01 6.909281353302456630e-01 3.900734901428222656e+00
2.290000000000000000e+02 6.906213261131978198e-01 7.429079714001595169e-01 3.902026891708374023e+00
2.300000000000000000e+02 7.413200371061798855e-01 6.939877329562774699e-01 3.900045871734619141e+00
2.310000000000000000e+02 6.874821199013640971e-01 7.426888742797551624e-01 3.903429031372070312e+00
2.320000000000000000e+02 7.396140243096117617e-01 6.935040612921021808e-01 3.898184537887573242e+00
2.330000000000000000e+02 6.892375030015017723e-01 7.433194174957424849e-01 3.903803586959838867e+00
2.340000000000000000e+02 7.406919546823826916e-01 6.917393141407885970e-01 3.897942543029785156e+00
2.350000000000000000e+02 6.897278663819785827e-01 7.444096669770616792e-01 3.904325962066650391e+00
2.360000000000000000e+02 7.422298700332157217e-01 6.935816481144891910e-01 3.898405075073242188e+00
2.370000000000000000e+02 6.913109222397713083e-01 7.445409228273217606e-01 3.905186414718627930e+00
2.380000000000000000e+02 7.439900463517702400e-01 6.927868827460110790e-01 3.900329589843750000e+00
2.390000000000000000e+02 6.947782315577225587e-01 7.427201692255331889e-01 3.905323028564453125e+00
2.400000000000000000e+02 7.444592696790953701e-01 6.927786443092952551e-01 3.901802539825439453e+00
2.410000000000000000e+02 6.949926910813581937e-01 7.438028190253767047e-01 3.904549598693847656e+00
2.420000000000000000e+02 7.460450214073932607e-01 6.930433425886963761e-01 3.901333570480346680e+00
2.430000000000000000e+02 6.946895918288926719e-01 7.443164005371191161e-01 3.904795885086059570e+00
2.440000000000000000e+02 7.455034727271179218e-01 6.924021274565280715e-01 3.900784492492675781e+00
2.450000000000000000e+02 6.941308524594393958e-01 7.435425387445304679e-01 3.903703927993774414e+00
2.460000000000000000e+02 7.448931744350284490e-01 6.907436766861768662e-01 3.900939941406250000e+00
2.470000000000000000e+02 6.948997463908146432e-01 7.418083054635955520e-01 3.903491497039794922e+00
2.480000000000000000e+02 7.459754139673689943e-01 6.919894235061986310e-01 3.901788473129272461e+00
2.490000000000000000e+02 6.945475408699651743e-01 7.411864652217141636e-01 3.904555082321166992e+00
2.500000000000000000e+02 7.472585813713689129e-01 6.918249017967825765e-01 3.902817010879516602e+00
2.510000000000000000e+02 6.955692046950016083e-01 7.409802801418704510e-01 3.906032085418701172e+00
2.520000000000000000e+02 7.468165722773617565e-01 6.904651088075004495e-01 3.902448892593383789e+00
2.530000000000000000e+02 6.987000731521373353e-01 7.439564496662151027e-01 3.905648469924926758e+00
2.540000000000000000e+02 7.479092289309664521e-01 6.919661330608116723e-01 3.903465986251831055e+00
2.550000000000000000e+02 6.979008838265781112e-01 7.420152392317634904e-01 3.905495405197143555e+00
2.560000000000000000e+02 7.463698715836660780e-01 6.920186473941131178e-01 3.902207374572753906e+00
2.570000000000000000e+02 6.972056498900053301e-01 7.412662480312076640e-01 3.906409502029418945e+00
2.580000000000000000e+02 7.458744669415022788e-01 6.923278023198025100e-01 3.901379108428955078e+00
2.590000000000000000e+02 6.950547835104164962e-01 7.423022548958735367e-01 3.905476093292236328e+00
2.600000000000000000e+02 7.458616538891331693e-01 6.908995551082125486e-01 3.900573015213012695e+00
2.610000000000000000e+02 6.944260525803651607e-01 7.425185382195162997e-01 3.902568578720092773e+00
2.620000000000000000e+02 7.473755117348005461e-01 6.910169699506095720e-01 3.900203943252563477e+00
2.630000000000000000e+02 6.953971411091242061e-01 7.427216709647650461e-01 3.901627540588378906e+00
2.640000000000000000e+02 7.459924934726741563e-01 6.907208323984750376e-01 3.898896455764770508e+00
2.650000000000000000e+02 6.940671536330996760e-01 7.418166671625811004e-01 3.901610374450683594e+00
2.660000000000000000e+02 7.464681662459160538e-01 6.918897451749403960e-01 3.898749589920043945e+00
2.670000000000000000e+02 6.945799736629315602e-01 7.435221601182423479e-01 3.902251958847045898e+00
2.680000000000000000e+02 7.446952622916096498e-01 6.937836568139860161e-01 3.898612976074218750e+00
2.690000000000000000e+02 6.926030972915779849e-01 7.442120937478848841e-01 3.902035951614379883e+00
2.700000000000000000e+02 7.435802046602240090e-01 6.954508001923702665e-01 3.898817539215087891e+00
2.710000000000000000e+02 6.943599998230937098e-01 7.470378299315858506e-01 3.903905391693115234e+00
2.720000000000000000e+02 7.430264996450257620e-01 6.948361716088138351e-01 3.898549556732177734e+00
2.730000000000000000e+02 6.921256185153764617e-01 7.473102850743154058e-01 3.903213024139404297e+00
2.740000000000000000e+02 7.439475953565938271e-01 6.979184628838628335e-01 3.896754503250122070e+00
2.750000000000000000e+02 6.925246239679897498e-01 7.438129958731023450e-01 3.904782533645629883e+00
2.760000000000000000e+02 7.430899640455974620e-01 6.948768350835139440e-01 3.898393392562866211e+00
2.770000000000000000e+02 6.937790956110927443e-01 7.463013008095463752e-01 3.903994083404541016e+00
2.780000000000000000e+02 7.455664402120543155e-01 6.930590719808061850e-01 3.898329973220825195e+00
2.790000000000000000e+02 6.931647995613148261e-01 7.426098487618322253e-01 3.901422977447509766e+00
2.800000000000000000e+02 7.438115217523599831e-01 6.929721677500476629e-01 3.900329589843750000e+00
2.810000000000000000e+02 6.946403375026507510e-01 7.452618905178017839e-01 3.902950048446655273e+00
2.820000000000000000e+02 7.440356883593709503e-01 6.942367380513267960e-01 3.899625539779663086e+00
2.830000000000000000e+02 6.910140652176428588e-01 7.444099680010544118e-01 3.903088092803955078e+00
2.840000000000000000e+02 7.443110108652529755e-01 6.934062911495941783e-01 3.898551940917968750e+00
2.850000000000000000e+02 6.931349261276972262e-01 7.444733200129749484e-01 3.902354001998901367e+00
2.860000000000000000e+02 7.448545404735420483e-01 6.925455347331797018e-01 3.898879051208496094e+00
2.870000000000000000e+02 6.914734516724274638e-01 7.432217623542325402e-01 3.902800083160400391e+00
2.880000000000000000e+02 7.437341891837454533e-01 6.944772536959972209e-01 3.899593591690063477e+00
2.890000000000000000e+02 6.937131362179862482e-01 7.475291989064478670e-01 3.904309034347534180e+00
2.900000000000000000e+02 7.439542190354677675e-01 6.936256371568663148e-01 3.898225069046020508e+00
2.910000000000000000e+02 6.896518073121109538e-01 7.450590900077227463e-01 3.903237581253051758e+00
2.920000000000000000e+02 7.434618798939428563e-01 6.940965136780808953e-01 3.897944927215576172e+00
2.930000000000000000e+02 6.899263317928527872e-01 7.455902472625365318e-01 3.902781009674072266e+00
2.940000000000000000e+02 7.403535254184924197e-01 6.958785643301178547e-01 3.896965026855468750e+00
2.950000000000000000e+02 6.882189430439666911e-01 7.465355317467997631e-01 3.905045509338378906e+00
2.960000000000000000e+02 7.411907171198084399e-01 6.943052330654408966e-01 3.896604537963867188e+00
2.970000000000000000e+02 6.889050251360360200e-01 7.443124700641882141e-01 3.905412435531616211e+00
2.980000000000000000e+02 7.393121676684684118e-01 6.935497688084579782e-01 3.894780397415161133e+00
2.990000000000000000e+02 6.884468698645979101e-01 7.471383295424834925e-01 3.905498981475830078e+00
3.000000000000000000e+02 7.399905331144684961e-01 6.966108001083042289e-01 3.894068956375122070e+00
3.010000000000000000e+02 6.879418676810682420e-01 7.476645718080935366e-01 3.905524969100952148e+00
3.020000000000000000e+02 7.417052460329169872e-01 6.951128682878778831e-01 3.895092487335205078e+00
3.030000000000000000e+02 6.914314395876696162e-01 7.439591669127645357e-01 3.907124519348144531e+00
3.040000000000000000e+02 7.413212730103215797e-01 6.934761520168970517e-01 3.896677970886230469e+00
3.050000000000000000e+02 6.892296434014261175e-01 7.464227293225595972e-01 3.905943393707275391e+00
3.060000000000000000e+02 7.397985518279932560e-01 6.963780494621616413e-01 3.896749496459960938e+00
3.070000000000000000e+02 6.881855559739828987e-01 7.457939201581229582e-01 3.905184507369995117e+00
3.080000000000000000e+02 7.396123546808941462e-01 6.967527706426743794e-01 3.897100448608398438e+00
3.090000000000000000e+02 6.909897991102379455e-01 7.461536850885236438e-01 3.905255556106567383e+00
3.100000000000000000e+02 7.409842641287611720e-01 6.954995785211055548e-01 3.898801088333129883e+00
3.110000000000000000e+02 6.906509800752405059e-01 7.458441035860953194e-01 3.904759407043457031e+00
3.120000000000000000e+02 7.396579708297971179e-01 6.943106627566550948e-01 3.899681091308593750e+00
3.130000000000000000e+02 6.912796693187147623e-01 7.432532846025836637e-01 3.904436588287353516e+00
3.140000000000000000e+02 7.402278318389694522e-01 6.931489240699444387e-01 3.900508403778076172e+00
3.150000000000000000e+02 6.894965771988950110e-01 7.459456688287113835e-01 3.904293537139892578e+00
3.160000000000000000e+02 7.400973037898854745e-01 6.938548303762321900e-01 3.899668931961059570e+00
3.170000000000000000e+02 6.881264563378360899e-01 7.457910234958049500e-01 3.904855012893676758e+00
3.180000000000000000e+02 7.414757575799987288e-01 6.930882656655987795e-01 3.898926019668579102e+00
3.190000000000000000e+02 6.910282681182778886e-01 7.430186371725743255e-01 3.904644012451171875e+00
3.200000000000000000e+02 7.419558884936119370e-01 6.907046785930601729e-01 3.898497581481933594e+00
3.210000000000000000e+02 6.894476845276361621e-01 7.427344821691848065e-01 3.903699398040771484e+00
3.220000000000000000e+02 7.378259113391743007e-01 6.909134086101917926e-01 3.898257970809936523e+00
3.230000000000000000e+02 6.896406967154453671e-01 7.430884327657919508e-01 3.904495954513549805e+00
3.240000000000000000e+02 7.403582217429406365e-01 6.917581804702889192e-01 3.898272037506103516e+00
3.250000000000000000e+02 6.872863787800633784e-01 7.434701920978696865e-01 3.903934955596923828e+00
3.260000000000000000e+02 7.378753785166500823e-01 6.941347302205027603e-01 3.897658586502075195e+00
3.270000000000000000e+02 6.859349646773668097e-01 7.423544792116649749e-01 3.904297590255737305e+00
3.280000000000000000e+02 7.374854534729379241e-01 6.936202078018308681e-01 3.897486925125122070e+00
3.290000000000000000e+02 6.901329102716221575e-01 7.462888227428323695e-01 3.904807090759277344e+00
3.300000000000000000e+02 7.376662357638648082e-01 6.937153872523982301e-01 3.900110483169555664e+00
3.310000000000000000e+02 6.912463065491651903e-01 7.444778675001592072e-01 3.905179977416992188e+00
3.320000000000000000e+02 7.405737829881076095e-01 6.939634415786499755e-01 3.899459600448608398e+00
3.330000000000000000e+02 6.911944727419577772e-01 7.459230886854107956e-01 3.905129432678222656e+00
3.340000000000000000e+02 7.418018853301655557e-01 6.926946821329474924e-01 3.898566007614135742e+00
3.350000000000000000e+02 6.934106604443497357e-01 7.440731634914901083e-01 3.902877569198608398e+00
3.360000000000000000e+02 7.426760637298813750e-01 6.949456375882259174e-01 3.899069070816040039e+00
3.370000000000000000e+02 6.939706986917160147e-01 7.434940384874142438e-01 3.904033422470092773e+00
3.380000000000000000e+02 7.453767797682961938e-01 6.925092604690603615e-01 3.900283575057983398e+00
3.390000000000000000e+02 6.936744778968436664e-01 7.429236551200104621e-01 3.903124094009399414e+00
3.400000000000000000e+02 7.442379636970863910e-01 6.915132409196481644e-01 3.900743007659912109e+00
3.410000000000000000e+02 6.941316942404675006e-01 7.427897019412078583e-01 3.902451992034912109e+00
3.420000000000000000e+02 7.442399892460969113e-01 6.913053195764883307e-01 3.900664091110229492e+00
3.430000000000000000e+02 6.930437041720178826e-01 7.393792774623971775e-01 3.902647972106933594e+00
3.440000000000000000e+02 7.442059892020420619e-01 6.927156796757495405e-01 3.900468587875366211e+00
3.450000000000000000e+02 6.949128941953844896e-01 7.424882595241484307e-01 3.904459476470947266e+00
3.460000000000000000e+02 7.429427481731710747e-01 6.912798694016506484e-01 3.901126384735107422e+00
3.470000000000000000e+02 6.930806231078789903e-01 7.415903689300079593e-01 3.904315948486328125e+00
3.480000000000000000e+02 7.406475066593708467e-01 6.934748879482368622e-01 3.899450063705444336e+00
3.490000000000000000e+02 6.924063917097235121e-01 7.416776896015789822e-01 3.903959989547729492e+00
3.500000000000000000e+02 7.421813607458426221e-01 6.930548979641285579e-01 3.899475574493408203e+00
3.510000000000000000e+02 6.909004555680356985e-01 7.444480807280647872e-01 3.903151035308837891e+00
3.520000000000000000e+02 7.398431089586183784e-01 6.951463883191350002e-01 3.899381399154663086e+00
3.530000000000000000e+02 6.900601037184761477e-01 7.440560474241059152e-01 3.905297040939331055e+00
3.540000000000000000e+02 7.398987538612977755e-01 6.936493288363072551e-01 3.899253606796264648e+00
3.550000000000000000e+02 6.900669321758066133e-01 7.452669668682897486e-01 3.906112909317016602e+00
3.560000000000000000e+02 7.435224144758891818e-01 6.938656552398569932e-01 3.899605512619018555e+00
3.570000000000000000e+02 6.900542143396461992e-01 7.443132331183340833e-01 3.905890941619873047e+00
3.580000000000000000e+02 7.442040450059610457e-01 6.950189148203439471e-01 3.898042440414428711e+00
3.590000000000000000e+02 6.906619744955019291e-01 7.474132721866865170e-01 3.906769037246704102e+00
3.600000000000000000e+02 7.430047122928269410e-01 6.970148600593566446e-01 3.899082899093627930e+00
3.610000000000000000e+02 6.918108007483442234e-01 7.493760326376813774e-01 3.906703948974609375e+00
3.620000000000000000e+02 7.445582939370432030e-01 6.967224456253441334e-01 3.899641990661621094e+00
3.630000000000000000e+02 6.911572301124176976e-01 7.453420767070173536e-01 3.905500411987304688e+00
3.640000000000000000e+02 7.444913980868703707e-01 6.946190121294005815e-01 3.898874521255493164e+00
3.650000000000000000e+02 6.921958439473305802e-01 7.453830777657727280e-01 3.903615951538085938e+00
3.660000000000000000e+02 7.450049087495227429e-01 6.914146529858311574e-01 3.898947000503540039e+00
3.670000000000000000e+02 6.931932328970892288e-01 7.470214375532319151e-01 3.904640913009643555e+00
3.680000000000000000e+02 7.457820562405085285e-01 6.938995779029686339e-01 3.898049592971801758e+00
3.690000000000000000e+02 6.928821454964930737e-01 7.462706943473269572e-01 3.904046535491943359e+00
3.700000000000000000e+02 7.428830169572022690e-01 6.935633088905007737e-01 3.898542881011962891e+00
3.710000000000000000e+02 6.957570319591891428e-01 7.483584933215515766e-01 3.901731014251708984e+00
3.720000000000000000e+02 7.460703944621032147e-01 6.936458206574270813e-01 3.898582935333251953e+00
3.730000000000000000e+02 6.940175211636423480e-01 7.427979298812282805e-01 3.900849103927612305e+00
3.740000000000000000e+02 7.493407704873367159e-01 6.916845724186013733e-01 3.900709390640258789e+00
3.750000000000000000e+02 6.961896855217274416e-01 7.433735577904591052e-01 3.899515390396118164e+00
3.760000000000000000e+02 7.480691720659032873e-01 6.900643556688741409e-01 3.901305913925170898e+00
3.770000000000000000e+02 6.966825557566669325e-01 7.411016983694265203e-01 3.899085044860839844e+00
3.780000000000000000e+02 7.483872075355474385e-01 6.902022025275516004e-01 3.901800394058227539e+00
3.790000000000000000e+02 6.976382008478885233e-01 7.426388791886175955e-01 3.898820877075195312e+00
3.800000000000000000e+02 7.465400560804793528e-01 6.910437232100522520e-01 3.901882410049438477e+00
3.810000000000000000e+02 6.951038725863644130e-01 7.426486762090671601e-01 3.899891376495361328e+00
3.820000000000000000e+02 7.481585065438951521e-01 6.916269401466633715e-01 3.902561902999877930e+00
3.830000000000000000e+02 6.972454808175905239e-01 7.435329836191399977e-01 3.900932073593139648e+00
3.840000000000000000e+02 7.470004380088343110e-01 6.902722017602239690e-01 3.902640104293823242e+00
3.850000000000000000e+02 6.958921906552107961e-01 7.437480282532473730e-01 3.901716470718383789e+00
3.860000000000000000e+02 7.457116010048017163e-01 6.914189078283171641e-01 3.902730464935302734e+00
3.870000000000000000e+02 6.957985129137369551e-01 7.414463260573094239e-01 3.902946949005126953e+00
3.880000000000000000e+02 7.461547255408426116e-01 6.917220824066184770e-01 3.903548479080200195e+00
3.890000000000000000e+02 6.940905391486303921e-01 7.421762930904497457e-01 3.902019500732421875e+00
3.900000000000000000e+02 7.431755695110988658e-01 6.893985815249669136e-01 3.902229070663452148e+00
3.910000000000000000e+02 6.947274595966133059e-01 7.411747735994547170e-01 3.902492046356201172e+00
3.920000000000000000e+02 7.444835151725334166e-01 6.942898332413440787e-01 3.901916503906250000e+00
3.930000000000000000e+02 6.932367191558816977e-01 7.409987074808024321e-01 3.905002593994140625e+00
3.940000000000000000e+02 7.409717437614762314e-01 6.912412701813469562e-01 3.902094602584838867e+00
3.950000000000000000e+02 6.924778375570249667e-01 7.429060886163014743e-01 3.904866456985473633e+00
3.960000000000000000e+02 7.425290890883265993e-01 6.899657693798230129e-01 3.900918960571289062e+00
3.970000000000000000e+02 6.944032634889093503e-01 7.413655920443907865e-01 3.904114007949829102e+00
3.980000000000000000e+02 7.436769464849113387e-01 6.917277573271259916e-01 3.901988983154296875e+00
