0.000000000000000000e+00 1.031103106595233632e-01 6.190112071949125522e-02 2.991038560867309570e+00
1.000000000000000000e+00 9.753819794829221568e-02 1.039840833498419104e-01 3.001724004745483398e+00
2.000000000000000000e+00 1.911288022460375657e-01 9.571759162796784903e-02 3.151971578598022461e+00
3.000000000000000000e+00 1.758192688608968546e-01 1.936462938737915640e-01 3.165869951248168945e+00
4.000000000000000000e+00 2.906255716731404593e-01 1.754974978332567437e-01 3.274395942687988281e+00
5.000000000000000000e+00 2.585515927902849453e-01 2.891704097473409840e-01 3.291319608688354492e+00
6.000000000000000000e+00 3.788911757604397357e-01 2.582963519249713569e-01 3.369910478591918945e+00
7.000000000000000000e+00 3.373988720194193713e-01 3.748277300524224254e-01 3.388171911239624023e+00
8.000000000000000000e+00 4.533872651987256308e-01 3.336089474616151240e-01 3.444276571273803711e+00
9.000000000000000000e+00 4.048571424584143097e-01 4.482596113752974065e-01 3.461833000183105469e+00
1.000000000000000000e+01 5.121991244005711374e-01 3.987337129707986261e-01 3.505223512649536133e+00
1.100000000000000000e+01 4.546642139838290575e-01 5.055544670695629739e-01 3.521231889724731445e+00
1.200000000000000000e+01 5.546463456353613042e-01 4.473759098290255309e-01 3.553092956542968750e+00
1.300000000000000000e+01 4.948865232309819229e-01 5.488365710818652321e-01 3.569499492645263672e+00
1.400000000000000000e+01 5.890803850225647675e-01 4.876367583293453323e-01 3.591413497924804688e+00
1.500000000000000000e+01 5.264126849524320972e-01 5.824832727105595520e-01 3.606262445449829102e+00
1.600000000000000000e+01 6.143923658372850705e-01 5.232846657189763606e-01 3.620377063751220703e+00
1.700000000000000000e+01 5.489319793568667727e-01 6.132215284071232952e-01 3.637742042541503906e+00
1.800000000000000000e+01 6.351959379410673234e-01 5.497414542715953756e-01 3.644779920578002930e+00
1.900000000000000000e+01 5.710832218913627356e-01 6.325479658548310846e-01 3.662651538848876953e+00
2.000000000000000000e+01 6.530882505130537474e-01 5.721473312215602514e-01 3.665529012680053711e+00
2.100000000000000000e+01 5.872597882769932109e-01 6.547115838953946332e-01 3.682281494140625000e+00
2.200000000000000000e+01 6.710974275080692220e-01 5.880821986743970387e-01 3.681843996047973633e+00
2.300000000000000000e+01 6.066916880206336682e-01 6.678627557770674406e-01 3.698356389999389648e+00
2.400000000000000000e+01 6.844669663090393597e-01 6.011784470153633819e-01 3.698475599288940430e+00
2.500000000000000000e+01 6.202219156276750356e-01 6.764320259332825547e-01 3.710871458053588867e+00
2.600000000000000000e+01 6.940510501665354548e-01 6.162853471212047518e-01 3.709562540054321289e+00
2.700000000000000000e+01 6.304273221370129132e-01 6.888448249638675636e-01 3.722303390502929688e+00
2.800000000000000000e+01 7.016963731809805482e-01 6.241435518947525685e-01 3.717453956604003906e+00
2.900000000000000000e+01 6.356008062273708070e-01 6.957880515785785924e-01 3.730367898941040039e+00
3.000000000000000000e+01 7.058887741486115086e-01 6.284294539126107360e-01 3.724001407623291016e+00
3.100000000000000000e+01 6.412018740659948257e-01 6.982510814265286969e-01 3.736784934997558594e+00
3.200000000000000000e+01 7.090321183713609310e-01 6.377505174723735459e-01 3.730353593826293945e+00
3.300000000000000000e+01 6.460610885754557442e-01 7.049498277141881264e-01 3.742653608322143555e+00
3.400000000000000000e+01 7.134248662191625678e-01 6.395474995082586211e-01 3.735349416732788086e+00
3.500000000000000000e+01 6.491711576875088818e-01 7.061119950593166550e-01 3.748513460159301758e+00
3.600000000000000000e+01 7.158782134774362982e-01 6.443831478936753454e-01 3.739291906356811523e+00
3.700000000000000000e+01 6.517675673666015745e-01 7.106636543650027837e-01 3.753148078918457031e+00
3.800000000000000000e+01 7.220805672753906057e-01 6.416682396510595687e-01 3.741300106048583984e+00
3.900000000000000000e+01 6.553141720692743366e-01 7.111867268632035000e-01 3.754992961883544922e+00
4.000000000000000000e+01 7.233023792569741595e-01 6.502505011349803965e-01 3.745054960250854492e+00
4.100000000000000000e+01 6.583806366555039480e-01 7.136640346085303399e-01 3.759346485137939453e+00
4.200000000000000000e+01 7.252256053471498598e-01 6.513153265320539287e-01 3.747213602066040039e+00
4.300000000000000000e+01 6.614038439999377905e-01 7.159226111330816433e-01 3.761936426162719727e+00
4.400000000000000000e+01 7.263583894540596164e-01 6.502590090930751021e-01 3.748987913131713867e+00
4.500000000000000000e+01 6.597545399468426330e-01 7.172380260461195256e-01 3.764408588409423828e+00
4.600000000000000000e+01 7.230569950935368251e-01 6.520050680779782004e-01 3.752050876617431641e+00
4.700000000000000000e+01 6.594082078176988215e-01 7.216800604605363434e-01 3.764577388763427734e+00
4.800000000000000000e+01 7.244416920207993327e-01 6.561398232733994806e-01 3.751558542251586914e+00
4.900000000000000000e+01 6.601561159336301055e-01 7.223288426602875179e-01 3.765555381774902344e+00
5.000000000000000000e+01 7.254869944057255049e-01 6.559430239997717793e-01 3.754295587539672852e+00
5.100000000000000000e+01 6.588545639677870769e-01 7.217055491830712821e-01 3.765986442565917969e+00
5.200000000000000000e+01 7.234289217988473242e-01 6.600197798416431727e-01 3.751257896423339844e+00
5.300000000000000000e+01 6.594708672043125830e-01 7.253406276494457350e-01 3.769109487533569336e+00
5.400000000000000000e+01 7.241881417479971716e-01 6.590213271931940620e-01 3.751159906387329102e+00
5.500000000000000000e+01 6.597892699534787520e-01 7.267631984265999767e-01 3.768390417098999023e+00
5.600000000000000000e+01 7.236847047011588652e-01 6.621941727229333496e-01 3.751573085784912109e+00
5.700000000000000000e+01 6.578864210822228387e-01 7.268602852269483439e-01 3.769304513931274414e+00
5.800000000000000000e+01 7.243402691653999526e-01 6.608895290488886465e-01 3.751924514770507812e+00
5.900000000000000000e+01 6.598654850422990270e-01 7.262804776938988072e-01 3.770560979843139648e+00
6.000000000000000000e+01 7.244563961496648385e-01 6.628721462470150705e-01 3.755029439926147461e+00
6.100000000000000000e+01 6.579180808071461994e-01 7.287338795543161218e-01 3.770880937576293945e+00
6.200000000000000000e+01 7.256576901110418643e-01 6.656546095464044299e-01 3.756407499313354492e+00
6.300000000000000000e+01 6.604811624196914588e-01 7.309366087344321139e-01 3.773852586746215820e+00
6.400000000000000000e+01 7.252702061906705078e-01 6.681457918697234488e-01 3.756174087524414062e+00
6.500000000000000000e+01 6.627814252776407233e-01 7.291466797408411304e-01 3.775120496749877930e+00
6.600000000000000000e+01 7.265782509602861650e-01 6.660295638278469488e-01 3.756690979003906250e+00
6.700000000000000000e+01 6.627000103295445088e-01 7.301030366619698508e-01 3.775736570358276367e+00
6.800000000000000000e+01 7.286848600425226419e-01 6.671394521655360510e-01 3.756870031356811523e+00
6.900000000000000000e+01 6.644790311261130622e-01 7.309743600985697531e-01 3.773879051208496094e+00
7.000000000000000000e+01 7.281529514766684752e-01 6.654310796809808082e-01 3.757900953292846680e+00
7.100000000000000000e+01 6.644213175101638669e-01 7.278660223506520088e-01 3.772989034652709961e+00
7.200000000000000000e+01 7.295693488905884427e-01 6.642803227857388970e-01 3.757911443710327148e+00
7.300000000000000000e+01 6.640273587977528758e-01 7.281273184619727612e-01 3.773632049560546875e+00
7.400000000000000000e+01 7.313868661504298041e-01 6.640899260192044684e-01 3.758321523666381836e+00
7.500000000000000000e+01 6.664824543103939902e-01 7.289298712470417829e-01 3.773072957992553711e+00
7.600000000000000000e+01 7.311817320846767387e-01 6.679420170571368498e-01 3.759451389312744141e+00
7.700000000000000000e+01 6.674841140827999508e-01 7.297383705099604878e-01 3.774235010147094727e+00
7.800000000000000000e+01 7.342477712498791664e-01 6.697336865315272059e-01 3.758857011795043945e+00
7.900000000000000000e+01 6.700406604729091109e-01 7.307488269698216854e-01 3.775167942047119141e+00
8.000000000000000000e+01 7.336707711182404168e-01 6.669905776764448735e-01 3.759896039962768555e+00
8.100000000000000000e+01 6.681822063922119304e-01 7.315094674614519565e-01 3.773350477218627930e+00
8.200000000000000000e+01 7.297665809989641872e-01 6.656288656597368902e-01 3.758726596832275391e+00
8.300000000000000000e+01 6.676206124617775073e-01 7.287608122797337717e-01 3.772167921066284180e+00
8.400000000000000000e+01 7.312334320190470027e-01 6.650751710023651286e-01 3.756840467453002930e+00
8.500000000000000000e+01 6.673997596230440976e-01 7.304995553129496333e-01 3.773287057876586914e+00
8.600000000000000000e+01 7.297081454351116436e-01 6.637410581550078348e-01 3.757056951522827148e+00
8.700000000000000000e+01 6.647676740607133539e-01 7.281347070672037347e-01 3.772583484649658203e+00
8.800000000000000000e+01 7.272994654733375697e-01 6.639379608527221643e-01 3.755614995956420898e+00
8.900000000000000000e+01 6.608859086007751182e-01 7.289751917276986459e-01 3.772963047027587891e+00
9.000000000000000000e+01 7.275302113945478766e-01 6.628169084515084242e-01 3.754711389541625977e+00
9.100000000000000000e+01 6.644376712795284634e-01 7.276561926893254650e-01 3.772471904754638672e+00
9.200000000000000000e+01 7.306436984799596912e-01 6.645787299928171965e-01 3.756986379623413086e+00
9.300000000000000000e+01 6.675738122814030007e-01 7.262333583902121914e-01 3.773005485534667969e+00
9.400000000000000000e+01 7.312712950674213896e-01 6.625136131003851458e-01 3.758004426956176758e+00
9.500000000000000000e+01 6.663243124349246260e-01 7.273366780359438177e-01 3.771861076354980469e+00
9.600000000000000000e+01 7.316717436769587524e-01 6.619194770405534278e-01 3.758895874023437500e+00
9.700000000000000000e+01 6.684753624008844541e-01 7.271169898576892443e-01 3.772536516189575195e+00
9.800000000000000000e+01 7.320500705393241381e-01 6.604846984609777927e-01 3.760046005249023438e+00
9.900000000000000000e+01 6.687272645022550588e-01 7.265604167448446171e-01 3.770649909973144531e+00
1.000000000000000000e+02 7.315219473330349942e-01 6.617479853977945581e-01 3.758121967315673828e+00
1.010000000000000000e+02 6.678864564646366242e-01 7.275751988653058611e-01 3.771022081375122070e+00
1.020000000000000000e+02 7.322327228278797673e-01 6.639440082584985303e-01 3.758089065551757812e+00
1.030000000000000000e+02 6.674432915360618557e-01 7.255819564662914223e-01 3.772062063217163086e+00
1.040000000000000000e+02 7.314896938608408394e-01 6.631332846754010024e-01 3.758590936660766602e+00
1.050000000000000000e+02 6.694686316209317312e-01 7.259006003335638502e-01 3.772177934646606445e+00
1.060000000000000000e+02 7.336707883759965299e-01 6.622782706860930180e-01 3.758150100708007812e+00
1.070000000000000000e+02 6.678066399492590399e-01 7.258177720737977179e-01 3.771779537200927734e+00
1.080000000000000000e+02 7.351420558310991504e-01 6.617288346359860851e-01 3.756920576095581055e+00
1.090000000000000000e+02 6.701377118356368623e-01 7.292041170800099836e-01 3.772835493087768555e+00
1.100000000000000000e+02 7.352943199977129973e-01 6.626128171291062463e-01 3.756684541702270508e+00
1.110000000000000000e+02 6.692728588679237589e-01 7.278195000868854514e-01 3.771839380264282227e+00
1.120000000000000000e+02 7.325588871954403780e-01 6.610310424011380803e-01 3.756261587142944336e+00
1.130000000000000000e+02 6.660817121748775493e-01 7.279109983278091445e-01 3.771262407302856445e+00
1.140000000000000000e+02 7.317691095641430943e-01 6.630909519935944685e-01 3.755520582199096680e+00
1.150000000000000000e+02 6.668555580848629649e-01 7.271420228152899456e-01 3.771170377731323242e+00
1.160000000000000000e+02 7.301170400613483658e-01 6.642177777044697695e-01 3.754368543624877930e+00
1.170000000000000000e+02 6.653583977694037532e-01 7.276843119868302567e-01 3.771087408065795898e+00
1.180000000000000000e+02 7.308738135258062707e-01 6.657087677604425213e-01 3.754366874694824219e+00
1.190000000000000000e+02 6.656354547177115721e-01 7.328007781698209211e-01 3.772387981414794922e+00
1.200000000000000000e+02 7.281612288278438427e-01 6.690131140122844711e-01 3.754571914672851562e+00
1.210000000000000000e+02 6.687824151973683628e-01 7.307859831576675180e-01 3.773746967315673828e+00
1.220000000000000000e+02 7.309054669600869580e-01 6.655996011548670488e-01 3.754132986068725586e+00
1.230000000000000000e+02 6.668199762231308281e-01 7.289659182680217064e-01 3.773088932037353516e+00
1.240000000000000000e+02 7.332333428015612720e-01 6.656744724756743503e-01 3.753591060638427734e+00
1.250000000000000000e+02 6.676291767438212732e-01 7.292818943702346068e-01 3.773108482360839844e+00
1.260000000000000000e+02 7.320220010757663154e-01 6.630279722074609028e-01 3.753048896789550781e+00
1.270000000000000000e+02 6.677007909669151475e-01 7.266568160001409815e-01 3.771725416183471680e+00
1.280000000000000000e+02 7.329873464720717546e-01 6.622579561743336951e-01 3.753853082656860352e+00
1.290000000000000000e+02 6.682869811480131039e-01 7.272929772411493854e-01 3.772947549819946289e+00
1.300000000000000000e+02 7.321777203905380782e-01 6.615419460869749191e-01 3.754318952560424805e+00
1.310000000000000000e+02 6.709252841266467593e-01 7.267951179308332899e-01 3.772193908691406250e+00
1.320000000000000000e+02 7.327495110756823138e-01 6.618091028622526961e-01 3.756139039993286133e+00
1.330000000000000000e+02 6.682529520492077602e-01 7.273111688182993806e-01 3.772240877151489258e+00
1.340000000000000000e+02 7.335154625301353315e-01 6.631994753165222356e-01 3.755986928939819336e+00
1.350000000000000000e+02 6.718081165292753010e-01 7.270890506142414500e-01 3.773117065429687500e+00
1.360000000000000000e+02 7.333833174760098217e-01 6.640002002851878027e-01 3.755903005599975586e+00
1.370000000000000000e+02 6.691672164313792193e-01 7.272406867012130016e-01 3.773000001907348633e+00
1.380000000000000000e+02 7.313452825984815275e-01 6.618759743545024055e-01 3.757117033004760742e+00
1.390000000000000000e+02 6.672350975817301633e-01 7.253965072270353032e-01 3.772322416305541992e+00
1.400000000000000000e+02 7.326596970935340680e-01 6.617939005483521875e-01 3.756458997726440430e+00
1.410000000000000000e+02 6.687339472363981185e-01 7.269338452057561017e-01 3.772686004638671875e+00
1.420000000000000000e+02 7.336025234783413174e-01 6.639916288669525102e-01 3.756207942962646484e+00
1.430000000000000000e+02 6.696689241744371301e-01 7.293783376701885590e-01 3.774251461029052734e+00
1.440000000000000000e+02 7.349938326105363018e-01 6.616133024774414340e-01 3.757620573043823242e+00
1.450000000000000000e+02 6.693461440459537171e-01 7.255006126812517664e-01 3.773417472839355469e+00
1.460000000000000000e+02 7.327477443889214292e-01 6.609808882264117669e-01 3.759490966796875000e+00
1.470000000000000000e+02 6.703184684449566832e-01 7.303118305671235655e-01 3.771927595138549805e+00
1.480000000000000000e+02 7.340101986865591455e-01 6.641200999727869814e-01 3.757784605026245117e+00
1.490000000000000000e+02 6.669553090061526301e-01 7.264726202381802667e-01 3.773161888122558594e+00
1.500000000000000000e+02 7.319204652521832388e-01 6.663082739868398940e-01 3.758713006973266602e+00
1.510000000000000000e+02 6.699913567611284204e-01 7.306144917585138954e-01 3.774567604064941406e+00
1.520000000000000000e+02 7.345360835989774850e-01 6.647429902811211599e-01 3.759580373764038086e+00
1.530000000000000000e+02 6.705298592493891263e-01 7.299688918308718799e-01 3.774819374084472656e+00
1.540000000000000000e+02 7.346754702068040155e-01 6.677356645167449312e-01 3.760559558868408203e+00
1.550000000000000000e+02 6.715505204189071708e-01 7.287938365482043990e-01 3.774986505508422852e+00
1.560000000000000000e+02 7.321180891857006490e-01 6.649658594146045099e-01 3.758883476257324219e+00
1.570000000000000000e+02 6.690345397272449146e-01 7.282177113903380850e-01 3.774120569229125977e+00
1.580000000000000000e+02 7.328137149226517932e-01 6.647664777348528675e-01 3.758275985717773438e+00
1.590000000000000000e+02 6.683914944795368296e-01 7.284759188069934721e-01 3.773804903030395508e+00
1.600000000000000000e+02 7.314714411937885963e-01 6.650772195383710672e-01 3.756674051284790039e+00
1.610000000000000000e+02 6.700632510201631753e-01 7.292642634423746051e-01 3.775306463241577148e+00
1.620000000000000000e+02 7.319493734487292347e-01 6.646784237007949958e-01 3.757430076599121094e+00
1.630000000000000000e+02 6.689292435372616863e-01 7.317949899179031492e-01 3.774437904357910156e+00
1.640000000000000000e+02 7.324575991407428210e-01 6.669948298128347552e-01 3.756989955902099609e+00
1.650000000000000000e+02 6.702190474135915066e-01 7.325178374023152417e-01 3.775638580322265625e+00
1.660000000000000000e+02 7.313604927094267127e-01 6.663627287988016512e-01 3.757574081420898438e+00
1.670000000000000000e+02 6.673688662597330179e-01 7.306047774358521707e-01 3.776163101196289062e+00
1.680000000000000000e+02 7.294346881397371085e-01 6.662084895749248448e-01 3.756491899490356445e+00
1.690000000000000000e+02 6.675193182578763595e-01 7.309946835071504667e-01 3.775044918060302734e+00
1.700000000000000000e+02 7.312064627202019551e-01 6.665733622471106123e-01 3.757174015045166016e+00
1.710000000000000000e+02 6.633306577855049291e-01 7.298778096065999810e-01 3.775522470474243164e+00
1.720000000000000000e+02 7.324728729651519554e-01 6.691443640227351386e-01 3.756211519241333008e+00
1.730000000000000000e+02 6.682428242478075653e-01 7.321710859461271204e-01 3.776020050048828125e+00
1.740000000000000000e+02 7.319486780470004783e-01 6.680543136656409420e-01 3.755861520767211914e+00
1.750000000000000000e+02 6.673768979941171464e-01 7.327407702937408507e-01 3.775803565979003906e+00
1.760000000000000000e+02 7.313351314317740881e-01 6.668375058885469553e-01 3.753602027893066406e+00
1.770000000000000000e+02 6.646541400766454721e-01 7.309308012085615758e-01 3.774075031280517578e+00
1.780000000000000000e+02 7.275936220425683887e-01 6.669168775044386210e-01 3.753258466720581055e+00
1.790000000000000000e+02 6.623364945163446871e-01 7.334490642464441823e-01 3.773596525192260742e+00
1.800000000000000000e+02 7.279788599786034542e-01 6.681710913213138037e-01 3.753439903259277344e+00
1.810000000000000000e+02 6.625100206840409678e-01 7.313272228600765645e-01 3.772717475891113281e+00
1.820000000000000000e+02 7.309234013478740355e-01 6.674125861477465671e-01 3.754777908325195312e+00
1.830000000000000000e+02 6.645045465773610216e-01 7.318297792127781420e-01 3.772382974624633789e+00
1.840000000000000000e+02 7.273752692610515602e-01 6.676033750713102899e-01 3.755304098129272461e+00
1.850000000000000000e+02 6.617088740245476997e-01 7.313758092970987779e-01 3.771857023239135742e+00
1.860000000000000000e+02 7.286548212024041016e-01 6.670513333856327165e-01 3.753938913345336914e+00
1.870000000000000000e+02 6.613233794676913746e-01 7.305152267257691845e-01 3.771908521652221680e+00
1.880000000000000000e+02 7.275740360978314447e-01 6.652990168725069209e-01 3.754595041275024414e+00
1.890000000000000000e+02 6.636700386181837441e-01 7.327100673349881133e-01 3.772675514221191406e+00
1.900000000000000000e+02 7.285892380999481333e-01 6.660162518271024457e-01 3.755019426345825195e+00
1.910000000000000000e+02 6.624850729007727423e-01 7.303246187528005251e-01 3.772265434265136719e+00
1.920000000000000000e+02 7.304647562480813816e-01 6.667129550098244151e-01 3.754761934280395508e+00
1.930000000000000000e+02 6.657998790962182944e-01 7.304589868836509625e-01 3.772132396697998047e+00
1.940000000000000000e+02 7.318710388101045128e-01 6.661827234734003511e-01 3.755585432052612305e+00
1.950000000000000000e+02 6.676791279034889337e-01 7.273457033591315124e-01 3.773428916931152344e+00
1.960000000000000000e+02 7.311839786197653623e-01 6.611153289215275786e-01 3.755348443984985352e+00
1.970000000000000000e+02 6.703282417584476294e-01 7.251600141723907322e-01 3.772653102874755859e+00
1.980000000000000000e+02 7.322384138309188106e-01 6.605167952836493717e-01 3.756287574768066406e+00
1.990000000000000000e+02 6.684400291299827934e-01 7.278768979147574036e-01 3.771459579467773438e+00
2.000000000000000000e+02 7.319447147575127710e-01 6.623233930861774921e-01 3.757246017456054688e+00
2.010000000000000000e+02 6.707105237374879625e-01 7.248743314854607656e-01 3.771271467208862305e+00
2.020000000000000000e+02 7.323485523889531335e-01 6.601172446405145777e-01 3.757243394851684570e+00
2.030000000000000000e+02 6.673615686991635210e-01 7.253214925086033382e-01 3.770512580871582031e+00
2.040000000000000000e+02 7.336430210536221130e-01 6.642771853666634696e-01 3.755702018737792969e+00
2.050000000000000000e+02 6.693943603123523323e-01 7.285610812010531179e-01 3.771668910980224609e+00
2.060000000000000000e+02 7.356864872195244542e-01 6.633297169603851184e-01 3.754760503768920898e+00
2.070000000000000000e+02 6.689061896637025217e-01 7.289457262536003235e-01 3.771425485610961914e+00
2.080000000000000000e+02 7.331629157850331202e-01 6.625626490290852377e-01 3.754696607589721680e+00
2.090000000000000000e+02 6.682284025300265773e-01 7.256218221920208711e-01 3.773922443389892578e+00
2.100000000000000000e+02 7.323606950093584089e-01 6.648046490641106310e-01 3.756340503692626953e+00
2.110000000000000000e+02 6.693123828616751592e-01 7.314344079122889752e-01 3.773783445358276367e+00
2.120000000000000000e+02 7.339703319486989841e-01 6.640793622448201150e-01 3.756896972656250000e+00
2.130000000000000000e+02 6.701051238815260991e-01 7.261871488094349125e-01 3.774514913558959961e+00
2.140000000000000000e+02 7.307954294307077436e-01 6.662489637441276757e-01 3.757288932800292969e+00
2.150000000000000000e+02 6.694807537241288520e-01 7.267808581389414435e-01 3.774369001388549805e+00
2.160000000000000000e+02 7.338757881684521145e-01 6.635229208019255420e-01 3.758847951889038086e+00
2.170000000000000000e+02 6.680102967946728310e-01 7.275218607602844667e-01 3.772925376892089844e+00
2.180000000000000000e+02 7.335134504500547825e-01 6.613575106678780680e-01 3.757479429244995117e+00
2.190000000000000000e+02 6.672548769125777879e-01 7.277890871665246841e-01 3.770818471908569336e+00
2.200000000000000000e+02 7.331417543788834035e-01 6.614550916969972327e-01 3.758277416229248047e+00
2.210000000000000000e+02 6.690972107851302919e-01 7.259750570312246687e-01 3.770950078964233398e+00
2.220000000000000000e+02 7.372898280486832601e-01 6.610451097884185723e-01 3.758728027343750000e+00
2.230000000000000000e+02 6.730855349965566559e-01 7.264307992282476034e-01 3.772308588027954102e+00
2.240000000000000000e+02 7.352364495254755106e-01 6.649200927497481706e-01 3.757994413375854492e+00
2.250000000000000000e+02 6.687113679738978522e-01 7.304404044901653403e-01 3.773591995239257812e+00
2.260000000000000000e+02 7.338998859640695205e-01 6.655175926124976549e-01 3.755840539932250977e+00
2.270000000000000000e+02 6.702641155127407879e-01 7.297263767020486513e-01 3.773946046829223633e+00
2.280000000000000000e+02 7.368024661897868421e-01 6.643732535119533100e-01 3.757081508636474609e+00
2.290000000000000000e+02 6.717633878696738225e-01 7.287414693223841500e-01 3.772395372390747070e+00
2.300000000000000000e+02 7.349779529550318768e-01 6.651523602471598462e-01 3.758326053619384766e+00
2.310000000000000000e+02 6.700703241973742230e-01 7.290943067889582574e-01 3.773274421691894531e+00
2.320000000000000000e+02 7.332234983146463936e-01 6.639414735844942905e-01 3.758215427398681641e+00
2.330000000000000000e+02 6.690557198274452722e-01 7.276459856522455860e-01 3.771607398986816406e+00
2.340000000000000000e+02 7.310529355663122342e-01 6.612545811977995625e-01 3.758375406265258789e+00
2.350000000000000000e+02 6.672410869354272744e-01 7.267009211721470185e-01 3.772121906280517578e+00
2.360000000000000000e+02 7.322159613800500733e-01 6.638658575114428917e-01 3.757771015167236328e+00
2.370000000000000000e+02 6.654483082796307514e-01 7.308534664396330038e-01 3.772464036941528320e+00
2.380000000000000000e+02 7.301236529638687189e-01 6.626343537134884443e-01 3.758045911788940430e+00
2.390000000000000000e+02 6.670327289242482527e-01 7.275149874091735303e-01 3.772709608078002930e+00
2.400000000000000000e+02 7.331342456152554199e-01 6.627033952224099522e-01 3.759082078933715820e+00
2.410000000000000000e+02 6.675964757849705000e-01 7.272919664560051345e-01 3.771894454956054688e+00
2.420000000000000000e+02 7.309864927058280504e-01 6.624903845338712127e-01 3.758504390716552734e+00
2.430000000000000000e+02 6.676075847627710447e-01 7.295376952899867984e-01 3.771561384201049805e+00
2.440000000000000000e+02 7.346599068727962534e-01 6.616807678701812634e-01 3.760283946990966797e+00
2.450000000000000000e+02 6.701469411827654099e-01 7.276080196567985547e-01 3.771705389022827148e+00
2.460000000000000000e+02 7.334748511693444106e-01 6.649808685163601796e-01 3.760972499847412109e+00
2.470000000000000000e+02 6.665967721251278011e-01 7.279688074050516544e-01 3.773221015930175781e+00
2.480000000000000000e+02 7.318458953804819478e-01 6.628382146757670901e-01 3.759212493896484375e+00
2.490000000000000000e+02 6.667334848550127147e-01 7.271846285921689246e-01 3.771766424179077148e+00
2.500000000000000000e+02 7.323398903353357525e-01 6.639520029434522463e-01 3.759353399276733398e+00
2.510000000000000000e+02 6.658538506204715324e-01 7.304601329079546401e-01 3.772163391113281250e+00
2.520000000000000000e+02 7.305674389364310573e-01 6.634777797348578865e-01 3.757935047149658203e+00
2.530000000000000000e+02 6.652376837387653508e-01 7.284046600719383813e-01 3.772834539413452148e+00
2.540000000000000000e+02 7.304081285139939483e-01 6.610826692737884480e-01 3.757316589355468750e+00
2.550000000000000000e+02 6.658006651032541967e-01 7.251796292377045150e-01 3.772902011871337891e+00
2.560000000000000000e+02 7.316863464607668011e-01 6.598082083236996853e-01 3.757140874862670898e+00
2.570000000000000000e+02 6.652654140230994662e-01 7.264596374637402043e-01 3.772336959838867188e+00
2.580000000000000000e+02 7.341017300208051433e-01 6.610328369419070649e-01 3.757934093475341797e+00
2.590000000000000000e+02 6.726163849804122075e-01 7.256322240196690920e-01 3.772440910339355469e+00
2.600000000000000000e+02 7.332669640461575433e-01 6.621379120964687726e-01 3.758111476898193359e+00
2.610000000000000000e+02 6.644456992069595058e-01 7.284904274226450260e-01 3.772144556045532227e+00
2.620000000000000000e+02 7.315826032744753293e-01 6.664368164685767759e-01 3.757276058197021484e+00
2.630000000000000000e+02 6.650462302612829557e-01 7.306446070038988827e-01 3.772898912429809570e+00
2.640000000000000000e+02 7.307769371689387672e-01 6.687609130088991716e-01 3.756667375564575195e+00
2.650000000000000000e+02 6.643290890471407195e-01 7.339460330441608393e-01 3.773053884506225586e+00
2.660000000000000000e+02 7.273557430719164163e-01 6.652437839280119780e-01 3.757027387619018555e+00
2.670000000000000000e+02 6.638214368756235606e-01 7.279552313447172907e-01 3.771308422088623047e+00
2.680000000000000000e+02 7.269328271981101430e-01 6.650444179276927548e-01 3.756947517395019531e+00
2.690000000000000000e+02 6.633520636715662944e-01 7.293846229997978936e-01 3.771923542022705078e+00
2.700000000000000000e+02 7.287750676637951841e-01 6.674355535319342891e-01 3.755461454391479492e+00
2.710000000000000000e+02 6.639591154722411792e-01 7.289662420545985899e-01 3.773122072219848633e+00
2.720000000000000000e+02 7.260484254600602094e-01 6.638783727894008724e-01 3.756546497344970703e+00
2.730000000000000000e+02 6.617417559849977371e-01 7.287903030648138492e-01 3.772384881973266602e+00
2.740000000000000000e+02 7.281594305154689417e-01 6.641163648582193435e-01 3.756014585494995117e+00
2.750000000000000000e+02 6.642802871897348638e-01 7.271157016429073972e-01 3.771398544311523438e+00
2.760000000000000000e+02 7.280792119191010769e-01 6.641278295051284974e-01 3.757867574691772461e+00
2.770000000000000000e+02 6.657838083618636826e-01 7.274652785831308144e-01 3.771846055984497070e+00
2.780000000000000000e+02 7.298185134730149626e-01 6.634278321077061724e-01 3.759290933609008789e+00
2.790000000000000000e+02 6.656002179619203707e-01 7.309574868048502871e-01 3.772764921188354492e+00
2.800000000000000000e+02 7.311615188786719788e-01 6.643600645695577622e-01 3.758004903793334961e+00
2.810000000000000000e+02 6.697981875447378552e-01 7.267362677954848360e-01 3.772450923919677734e+00
2.820000000000000000e+02 7.342312613902415297e-01 6.634049381341816654e-01 3.758003950119018555e+00
2.830000000000000000e+02 6.696910296620216529e-01 7.274361002319785774e-01 3.771686077117919922e+00
2.840000000000000000e+02 7.325038152369786060e-01 6.631087224993984508e-01 3.758357524871826172e+00
2.850000000000000000e+02 6.694442789604359012e-01 7.282686178531987409e-01 3.772548437118530273e+00
2.860000000000000000e+02 7.352780167445484016e-01 6.639381535689879987e-01 3.758999586105346680e+00
2.870000000000000000e+02 6.697215501168345408e-01 7.279454296242026112e-01 3.772419929504394531e+00
2.880000000000000000e+02 7.355341638083445766e-01 6.648116681961319108e-01 3.759954929351806641e+00
2.890000000000000000e+02 6.656883289235607792e-01 7.280301112656075713e-01 3.771549463272094727e+00
2.900000000000000000e+02 7.327212223543052572e-01 6.655005445063150171e-01 3.757844924926757812e+00
2.910000000000000000e+02 6.662592031504177559e-01 7.292349365109948023e-01 3.771667003631591797e+00
2.920000000000000000e+02 7.298534147490659540e-01 6.634853070869050073e-01 3.756550073623657227e+00
2.930000000000000000e+02 6.674071867650944734e-01 7.291939651116302601e-01 3.770993471145629883e+00
2.940000000000000000e+02 7.322700566939870370e-01 6.640588441700586708e-01 3.755578517913818359e+00
2.950000000000000000e+02 6.661708389151818066e-01 7.262335216028611429e-01 3.771595478057861328e+00
2.960000000000000000e+02 7.302890685074117094e-01 6.631929259572925117e-01 3.756407499313354492e+00
2.970000000000000000e+02 6.656417300549397620e-01 7.299183053384904474e-01 3.772036075592041016e+00
2.980000000000000000e+02 7.291134801163466905e-01 6.650711623068629175e-01 3.756108045578002930e+00
2.990000000000000000e+02 6.644110089742500946e-01 7.296800987216235379e-01 3.773082971572875977e+00
3.000000000000000000e+02 7.292151367550780972e-01 6.620201181091541764e-01 3.756764888763427734e+00
3.010000000000000000e+02 6.661006122483722480e-01 7.288086294771922713e-01 3.772810935974121094e+00
3.020000000000000000e+02 7.294572090969287936e-01 6.656655802821701551e-01 3.757796049118041992e+00
3.030000000000000000e+02 6.632202417246225723e-01 7.282979546967138784e-01 3.772947549819946289e+00
3.040000000000000000e+02 7.296356294980449464e-01 6.630435466028432590e-01 3.756758928298950195e+00
3.050000000000000000e+02 6.639533509922532772e-01 7.296535937913182224e-01 3.772656440734863281e+00
3.060000000000000000e+02 7.312603455482470372e-01 6.621992179219050589e-01 3.756685018539428711e+00
3.070000000000000000e+02 6.670180631003655991e-01 7.294093150386194990e-01 3.774307966232299805e+00
3.080000000000000000e+02 7.302237203475014926e-01 6.665261065014363995e-01 3.757555961608886719e+00
3.090000000000000000e+02 6.673177892546582335e-01 7.304173235749891191e-01 3.774776935577392578e+00
3.100000000000000000e+02 7.310740997469812319e-01 6.661931543886879803e-01 3.757001876831054688e+00
3.110000000000000000e+02 6.666042979384820821e-01 7.289260773403303251e-01 3.775171041488647461e+00
3.120000000000000000e+02 7.338767149078165852e-01 6.635809182756636782e-01 3.758009433746337891e+00
3.130000000000000000e+02 6.691010877413846591e-01 7.268269971019216680e-01 3.774430513381958008e+00
3.140000000000000000e+02 7.355266521502062949e-01 6.639574579631835061e-01 3.759202957153320312e+00
3.150000000000000000e+02 6.735063102130796064e-01 7.284997467889503531e-01 3.772955417633056641e+00
3.160000000000000000e+02 7.355289224548392513e-01 6.624975599186021524e-01 3.760418415069580078e+00
3.170000000000000000e+02 6.714395481262508403e-01 7.257173752322716442e-01 3.772405385971069336e+00
3.180000000000000000e+02 7.348885230456635442e-01 6.603105154356392337e-01 3.761101007461547852e+00
3.190000000000000000e+02 6.686604414591922341e-01 7.232475756042580084e-01 3.773073911666870117e+00
3.200000000000000000e+02 7.351121821148082214e-01 6.581603458455401734e-01 3.760969877243041992e+00
3.210000000000000000e+02 6.694232598821335811e-01 7.232515129607042237e-01 3.771178007125854492e+00
3.220000000000000000e+02 7.334192101876532144e-01 6.592690688513880293e-01 3.760859489440917969e+00
3.230000000000000000e+02 6.705120138605070723e-01 7.258653081709107724e-01 3.772146463394165039e+00
3.240000000000000000e+02 7.313936415102638700e-01 6.604908429835505412e-01 3.759590387344360352e+00
3.250000000000000000e+02 6.671757055939647740e-01 7.251993124066711260e-01 3.772078037261962891e+00
3.260000000000000000e+02 7.330841846382786242e-01 6.602883695517610674e-01 3.759925603866577148e+00
3.270000000000000000e+02 6.682330058158133523e-01 7.236378000741505723e-01 3.771851062774658203e+00
3.280000000000000000e+02 7.316765680652055348e-01 6.601961122357662415e-01 3.761360406875610352e+00
3.290000000000000000e+02 6.677256999686139727e-01 7.265854313426554079e-01 3.772521018981933594e+00
3.300000000000000000e+02 7.299859217468182004e-01 6.630095386761325482e-01 3.760282993316650391e+00
3.310000000000000000e+02 6.657891230437301688e-01 7.255770011565656485e-01 3.772918462753295898e+00
3.320000000000000000e+02 7.293844605719687069e-01 6.617250874663581639e-01 3.759485960006713867e+00
3.330000000000000000e+02 6.684145775487737584e-01 7.261513052020547310e-01 3.772578954696655273e+00
3.340000000000000000e+02 7.320996190622425237e-01 6.610767909222158289e-01 3.758975028991699219e+00
3.350000000000000000e+02 6.684936781587431653e-01 7.260278171223477628e-01 3.771868944168090820e+00
3.360000000000000000e+02 7.307899772541606165e-01 6.632904982814746830e-01 3.761013507843017578e+00
3.370000000000000000e+02 6.669354449595644718e-01 7.279826789960657241e-01 3.770526885986328125e+00
3.380000000000000000e+02 7.352390952407156233e-01 6.615098769287556246e-01 3.758662939071655273e+00
3.390000000000000000e+02 6.698977668914603001e-01 7.287535769204896985e-01 3.771633386611938477e+00
3.400000000000000000e+02 7.322224402451060765e-01 6.661682983521450829e-01 3.759409904479980469e+00
3.410000000000000000e+02 6.686525987813179972e-01 7.297335241740227074e-01 3.771981477737426758e+00
3.420000000000000000e+02 7.298757744945494341e-01 6.640046831895891621e-01 3.757479429244995117e+00
3.430000000000000000e+02 6.694476952686450044e-01 7.290740152351069536e-01 3.772115468978881836e+00
3.440000000000000000e+02 7.335914856192520261e-01 6.634867902946587348e-01 3.758430004119873047e+00
3.450000000000000000e+02 6.690879162480585229e-01 7.285100038423240054e-01 3.772638559341430664e+00
3.460000000000000000e+02 7.339112797622868722e-01 6.640315351115819720e-01 3.757113456726074219e+00
3.470000000000000000e+02 6.711245712780453676e-01 7.293234725157021758e-01 3.773203372955322266e+00
3.480000000000000000e+02 7.327280857033084960e-01 6.640757824478894511e-01 3.757693529129028320e+00
3.490000000000000000e+02 6.695571497030589070e-01 7.287883642563059983e-01 3.773792505264282227e+00
3.500000000000000000e+02 7.369535429259312931e-01 6.649599944750673730e-01 3.757379055023193359e+00
3.510000000000000000e+02 6.714311005100405128e-01 7.292503710299067521e-01 3.773967027664184570e+00
3.520000000000000000e+02 7.364952391974329826e-01 6.647352118369619367e-01 3.757886409759521484e+00
3.530000000000000000e+02 6.724317594061368641e-01 7.301117031153780967e-01 3.775475502014160156e+00
3.540000000000000000e+02 7.367366648274272789e-01 6.607851973542022694e-01 3.757016420364379883e+00
3.550000000000000000e+02 6.719779673954796584e-01 7.276412250113263314e-01 3.774748563766479492e+00
3.560000000000000000e+02 7.346291769312656150e-01 6.665550776642120701e-01 3.757448434829711914e+00
3.570000000000000000e+02 6.719304501483004399e-01 7.297902981507599085e-01 3.775576591491699219e+00
3.580000000000000000e+02 7.372239934696342978e-01 6.622142882843495837e-01 3.757712602615356445e+00
3.590000000000000000e+02 6.721399263204529406e-01 7.280166906375700187e-01 3.775784015655517578e+00
3.600000000000000000e+02 7.343328091312950612e-01 6.656394629528338269e-01 3.758913516998291016e+00
3.610000000000000000e+02 6.703422068308436677e-01 7.278318063814991357e-01 3.775506496429443359e+00
3.620000000000000000e+02 7.346727186090056261e-01 6.635096920771268447e-01 3.760329008102416992e+00
3.630000000000000000e+02 6.683290598960006657e-01 7.287890415211445427e-01 3.774406433105468750e+00
3.640000000000000000e+02 7.342354159630398724e-01 6.607132253121112964e-01 3.759723424911499023e+00
3.650000000000000000e+02 6.691432420891364474e-01 7.245954777386935941e-01 3.774529457092285156e+00
3.660000000000000000e+02 7.335526324128001097e-01 6.592239999904878633e-01 3.760228872299194336e+00
3.670000000000000000e+02 6.673418521543701409e-01 7.252951618285093938e-01 3.773061037063598633e+00
3.680000000000000000e+02 7.325493206880449026e-01 6.610643422774218347e-01 3.758076906204223633e+00
3.690000000000000000e+02 6.673271393432674836e-01 7.277986872814145025e-01 3.772382497787475586e+00
3.700000000000000000e+02 7.300568497439396953e-01 6.630266791238100810e-01 3.759128570556640625e+00
3.710000000000000000e+02 6.676841779667113119e-01 7.253042138165288755e-01 3.771588563919067383e+00
3.720000000000000000e+02 7.326268902144845718e-01 6.616529892384575007e-01 3.758276462554931641e+00
3.730000000000000000e+02 6.686757304362890286e-01 7.269956954061264076e-01 3.771733999252319336e+00
3.740000000000000000e+02 7.330142493416116345e-01 6.646600399957929284e-01 3.757875919342041016e+00
3.750000000000000000e+02 6.663164251418536299e-01 7.287788494124388672e-01 3.772795915603637695e+00
3.760000000000000000e+02 7.297073441873178634e-01 6.608140960793547070e-01 3.756448507308959961e+00
3.770000000000000000e+02 6.650328448927852465e-01 7.269142338371278322e-01 3.772021055221557617e+00
3.780000000000000000e+02 7.319853235697988403e-01 6.617201485216371859e-01 3.755624055862426758e+00
3.790000000000000000e+02 6.665570811838482657e-01 7.239744460670476389e-01 3.771622419357299805e+00
3.800000000000000000e+02 7.310615950648864381e-01 6.625592811468646870e-01 3.755009412765502930e+00
3.810000000000000000e+02 6.656540755089473960e-01 7.302076217718064255e-01 3.774019479751586914e+00
3.820000000000000000e+02 7.326588104956894831e-01 6.646958887752757450e-01 3.754452466964721680e+00
3.830000000000000000e+02 6.667524923200517373e-01 7.294202670156847423e-01 3.774576425552368164e+00
3.840000000000000000e+02 7.322796270924043505e-01 6.650832805781826673e-01 3.755735397338867188e+00
3.850000000000000000e+02 6.695493431121677386e-01 7.282337044412965366e-01 3.774745464324951172e+00
3.860000000000000000e+02 7.333460268832606710e-01 6.656981611444386937e-01 3.757204532623291016e+00
3.870000000000000000e+02 6.666120435250617593e-01 7.287927558656193128e-01 3.772785902023315430e+00
3.880000000000000000e+02 7.319483173301137846e-01 6.664693280590938684e-01 3.755948543548583984e+00
3.890000000000000000e+02 6.666213418921961287e-01 7.292913344723155333e-01 3.772502899169921875e+00
3.900000000000000000e+02 7.319497450425648255e-01 6.661646881700169498e-01 3.757184028625488281e+00
3.910000000000000000e+02 6.660724593708338137e-01 7.277185399908603358e-01 3.775188446044921875e+00
3.920000000000000000e+02 7.318223407303564576e-01 6.630771092357921059e-01 3.758442401885986328e+00
3.930000000000000000e+02 6.692159033334110774e-01 7.261848989385640829e-01 3.774671077728271484e+00
3.940000000000000000e+02 7.316527023058970736e-01 6.625801826051360699e-01 3.758641004562377930e+00
3.950000000000000000e+02 6.681587967926246874e-01 7.265608913832442006e-01 3.773565053939819336e+00
3.960000000000000000e+02 7.327290425881876068e-01 6.621068263635607742e-01 3.758024454116821289e+00
3.970000000000000000e+02 6.669366301973850275e-01 7.255330877210300899e-01 3.773177385330200195e+00
3.980000000000000000e+02 7.345985187769260571e-01 6.628419835799772564e-01 3.757206916809082031e+00
