0.000000000000000000e+00 1.019928340988456722e-01 5.726566441545207636e-02 2.987545490264892578e+00
1.000000000000000000e+00 9.612446671984752056e-02 1.009454609933628372e-01 2.999133586883544922e+00
2.000000000000000000e+00 1.933224805815534075e-01 9.331047023314274769e-02 3.148819446563720703e+00
3.000000000000000000e+00 1.772946122053940532e-01 1.942396494491395731e-01 3.160501956939697266e+00
4.000000000000000000e+00 3.002663792399503095e-01 1.721360944894450296e-01 3.271672964096069336e+00
5.000000000000000000e+00 2.650013268343269779e-01 2.955261049277297380e-01 3.283309936523437500e+00
6.000000000000000000e+00 3.917219929422580127e-01 2.596545500340420864e-01 3.365999937057495117e+00
7.000000000000000000e+00 3.433956382929083673e-01 3.869811693909022132e-01 3.377893924713134766e+00
8.000000000000000000e+00 4.637283618568364130e-01 3.402056894780772778e-01 3.437810420989990234e+00
9.000000000000000000e+00 4.056803199576666796e-01 4.587781565351536917e-01 3.452380418777465820e+00
1.000000000000000000e+01 5.184874255183885561e-01 4.009999249657170139e-01 3.494180440902709961e+00
1.100000000000000000e+01 4.572485494121613647e-01 5.131673713545505944e-01 3.508981943130493164e+00
1.200000000000000000e+01 5.642555999243092923e-01 4.524530351333777012e-01 3.540940523147583008e+00
1.300000000000000000e+01 5.011111021530720855e-01 5.571930368269183420e-01 3.555789947509765625e+00
1.400000000000000000e+01 5.968784981481308760e-01 4.962610248205402974e-01 3.577564477920532227e+00
1.500000000000000000e+01 5.319874036213385615e-01 5.949115429662735766e-01 3.595240592956542969e+00
1.600000000000000000e+01 6.244861432718473715e-01 5.268362020829377990e-01 3.607484102249145508e+00
1.700000000000000000e+01 5.577794787936178889e-01 6.209794552081533414e-01 3.623811960220336914e+00
1.800000000000000000e+01 6.436943001272188436e-01 5.522288624969524662e-01 3.630966424942016602e+00
1.900000000000000000e+01 5.753562686769814194e-01 6.374637831501354102e-01 3.647491455078125000e+00
2.000000000000000000e+01 6.583396006929839173e-01 5.708650685280087789e-01 3.647583007812500000e+00
2.100000000000000000e+01 5.909632593827095493e-01 6.525271457861872015e-01 3.664700031280517578e+00
2.200000000000000000e+01 6.716892065361291797e-01 5.868666943925725521e-01 3.662395000457763672e+00
2.300000000000000000e+01 6.041686138600660394e-01 6.699680390935296437e-01 3.679177999496459961e+00
2.400000000000000000e+01 6.834384069395923467e-01 6.005276130069248097e-01 3.675769567489624023e+00
2.500000000000000000e+01 6.169968766325168996e-01 6.764758860050450462e-01 3.691147089004516602e+00
2.600000000000000000e+01 6.922516063786595675e-01 6.112425561763992210e-01 3.686723947525024414e+00
2.700000000000000000e+01 6.261736663334840358e-01 6.876283189307946797e-01 3.699962377548217773e+00
2.800000000000000000e+01 6.999454012723421714e-01 6.176300070091377270e-01 3.696146965026855469e+00
2.900000000000000000e+01 6.348969865965008452e-01 6.960980697546197415e-01 3.706015586853027344e+00
3.000000000000000000e+01 7.056201883150817755e-01 6.246405909886447727e-01 3.702377557754516602e+00
3.100000000000000000e+01 6.372066878121496192e-01 7.021202504499738373e-01 3.712204456329345703e+00
3.200000000000000000e+01 7.086003148336796897e-01 6.304941864630110304e-01 3.707888603210449219e+00
3.300000000000000000e+01 6.388350625786958226e-01 7.057618507043107448e-01 3.718766927719116211e+00
3.400000000000000000e+01 7.091309065514852517e-01 6.369482025039346906e-01 3.711643934249877930e+00
3.500000000000000000e+01 6.418074947014844600e-01 7.087223513020836085e-01 3.723785877227783203e+00
3.600000000000000000e+01 7.121156856749162323e-01 6.385763324052404766e-01 3.712937593460083008e+00
3.700000000000000000e+01 6.478214393332988319e-01 7.101605955051478736e-01 3.726393938064575195e+00
3.800000000000000000e+01 7.173726396056026022e-01 6.404163827631724759e-01 3.716489553451538086e+00
3.900000000000000000e+01 6.486138595660143613e-01 7.127041052376789088e-01 3.727714538574218750e+00
4.000000000000000000e+01 7.193731011230641847e-01 6.406053597959425749e-01 3.718909502029418945e+00
4.100000000000000000e+01 6.511288260171228526e-01 7.133851445905777799e-01 3.728735923767089844e+00
4.200000000000000000e+01 7.192013295417516439e-01 6.465076384909327345e-01 3.721109390258789062e+00
4.300000000000000000e+01 6.523144342227692460e-01 7.175111605184850694e-01 3.731269598007202148e+00
4.400000000000000000e+01 7.221129968268351629e-01 6.485769984641955865e-01 3.722208499908447266e+00
4.500000000000000000e+01 6.540965340410559437e-01 7.193893744788607547e-01 3.733740568161010742e+00
4.600000000000000000e+01 7.245046911501528131e-01 6.530115315465807591e-01 3.724813938140869141e+00
4.700000000000000000e+01 6.566497864684489594e-01 7.213054564815367664e-01 3.735079526901245117e+00
4.800000000000000000e+01 7.247511646548399078e-01 6.516696031184880944e-01 3.725679874420166016e+00
4.900000000000000000e+01 6.552939985958812219e-01 7.206265370016919913e-01 3.735800981521606445e+00
5.000000000000000000e+01 7.256249341773806094e-01 6.514351289681502566e-01 3.727936983108520508e+00
5.100000000000000000e+01 6.540442210545737156e-01 7.222347626418152977e-01 3.737658977508544922e+00
5.200000000000000000e+01 7.218571266427125099e-01 6.549607168175354266e-01 3.726984500885009766e+00
5.300000000000000000e+01 6.545974875400387694e-01 7.219620676895056599e-01 3.739778995513916016e+00
5.400000000000000000e+01 7.226974959051524205e-01 6.521553008636333804e-01 3.728008031845092773e+00
5.500000000000000000e+01 6.542403620463230762e-01 7.207130206076745038e-01 3.741137027740478516e+00
5.600000000000000000e+01 7.235783005352360853e-01 6.518590615995986104e-01 3.727991104125976562e+00
5.700000000000000000e+01 6.555798903355197771e-01 7.196753768711889876e-01 3.740143060684204102e+00
5.800000000000000000e+01 7.236784543661864966e-01 6.522617555038479065e-01 3.727678537368774414e+00
5.900000000000000000e+01 6.596134201044157042e-01 7.218385459926439651e-01 3.740731000900268555e+00
6.000000000000000000e+01 7.270214763724331952e-01 6.514623086188637835e-01 3.727945089340209961e+00
6.100000000000000000e+01 6.602860785386451825e-01 7.202270654665950955e-01 3.739987373352050781e+00
6.200000000000000000e+01 7.274994694948623275e-01 6.499438413291709349e-01 3.728614568710327148e+00
6.300000000000000000e+01 6.586895041263185480e-01 7.201235784406300189e-01 3.741192579269409180e+00
6.400000000000000000e+01 7.279382807153882418e-01 6.501323303924305685e-01 3.726911544799804688e+00
6.500000000000000000e+01 6.581301323277979343e-01 7.190078242859443414e-01 3.742394447326660156e+00
6.600000000000000000e+01 7.282385360224442605e-01 6.526979804620821612e-01 3.727210044860839844e+00
6.700000000000000000e+01 6.564305450170028200e-01 7.220473140651785249e-01 3.742388010025024414e+00
6.800000000000000000e+01 7.250612458236677105e-01 6.550402670414561257e-01 3.726628541946411133e+00
6.900000000000000000e+01 6.571056531102144049e-01 7.254425364285039812e-01 3.743633508682250977e+00
7.000000000000000000e+01 7.237565009876277822e-01 6.551384621768339134e-01 3.727821588516235352e+00
7.100000000000000000e+01 6.557197890339403479e-01 7.219750039668121344e-01 3.742572546005249023e+00
7.200000000000000000e+01 7.251555977671136910e-01 6.558171024368595337e-01 3.726186513900756836e+00
7.300000000000000000e+01 6.576028091486179061e-01 7.243507171505714215e-01 3.744137525558471680e+00
7.400000000000000000e+01 7.221179635700873956e-01 6.554549952410018143e-01 3.728060007095336914e+00
7.500000000000000000e+01 6.568130100446972763e-01 7.250349883437942067e-01 3.744809389114379883e+00
7.600000000000000000e+01 7.233881040854730493e-01 6.578575001191626637e-01 3.727334976196289062e+00
7.700000000000000000e+01 6.541412667922632540e-01 7.216443585344252121e-01 3.744397401809692383e+00
7.800000000000000000e+01 7.257113506334365027e-01 6.551099896742049733e-01 3.725895881652832031e+00
7.900000000000000000e+01 6.564903719663144344e-01 7.251420810630608837e-01 3.742909431457519531e+00
8.000000000000000000e+01 7.242271494642306129e-01 6.568464349146572179e-01 3.726014375686645508e+00
8.100000000000000000e+01 6.561061125762936985e-01 7.248259272513244422e-01 3.744671583175659180e+00
8.200000000000000000e+01 7.255510144049370780e-01 6.548769866271832996e-01 3.727120876312255859e+00
8.300000000000000000e+01 6.582099122151288118e-01 7.247612803975883589e-01 3.743609428405761719e+00
8.400000000000000000e+01 7.251369500141017221e-01 6.584836295969466180e-01 3.727607965469360352e+00
8.500000000000000000e+01 6.579002658598763764e-01 7.222555871891469526e-01 3.743947029113769531e+00
8.600000000000000000e+01 7.263628992779374016e-01 6.532698727546676354e-01 3.727986097335815430e+00
8.700000000000000000e+01 6.583096394418221919e-01 7.217708524879048460e-01 3.743811607360839844e+00
8.800000000000000000e+01 7.236233790645617558e-01 6.525890550611184171e-01 3.727598428726196289e+00
8.900000000000000000e+01 6.578888426571519732e-01 7.215250087393787481e-01 3.743876457214355469e+00
9.000000000000000000e+01 7.249726378839143059e-01 6.526063722457549066e-01 3.728626966476440430e+00
9.100000000000000000e+01 6.569872126128341039e-01 7.217645766295489596e-01 3.744273424148559570e+00
9.200000000000000000e+01 7.255584933697531991e-01 6.529023932092412608e-01 3.727596998214721680e+00
9.300000000000000000e+01 6.568035913538474713e-01 7.195803353305587624e-01 3.744990587234497070e+00
9.400000000000000000e+01 7.237558651669536713e-01 6.543316120485680454e-01 3.728036403656005859e+00
9.500000000000000000e+01 6.547346999419716429e-01 7.234666513275618271e-01 3.744189500808715820e+00
9.600000000000000000e+01 7.237578809105548183e-01 6.590468283497443736e-01 3.727169990539550781e+00
9.700000000000000000e+01 6.533772367399348635e-01 7.269518528680195546e-01 3.745235443115234375e+00
9.800000000000000000e+01 7.211740524071288405e-01 6.562409834427055388e-01 3.727675914764404297e+00
9.900000000000000000e+01 6.537627082987151894e-01 7.226441872735088756e-01 3.744969606399536133e+00
1.000000000000000000e+02 7.210149733983720610e-01 6.551432155911951494e-01 3.726665973663330078e+00
1.010000000000000000e+02 6.531404618793201777e-01 7.246856998148808460e-01 3.743964433670043945e+00
1.020000000000000000e+02 7.218912449001361198e-01 6.577256133242914693e-01 3.726907968521118164e+00
1.030000000000000000e+02 6.564449460222600008e-01 7.250028487065013350e-01 3.744597911834716797e+00
1.040000000000000000e+02 7.194784393060319472e-01 6.586184029114566796e-01 3.727663040161132812e+00
1.050000000000000000e+02 6.561683054931455317e-01 7.290964143437849154e-01 3.745560407638549805e+00
1.060000000000000000e+02 7.218085478425820822e-01 6.613475793389902435e-01 3.726551532745361328e+00
1.070000000000000000e+02 6.554800190230080092e-01 7.288101349068656365e-01 3.748260021209716797e+00
1.080000000000000000e+02 7.230946673581366557e-01 6.593563379391012003e-01 3.726441383361816406e+00
1.090000000000000000e+02 6.560562106005988214e-01 7.287819604871139667e-01 3.746819972991943359e+00
1.100000000000000000e+02 7.231636231404365844e-01 6.606253544688273083e-01 3.727383375167846680e+00
1.110000000000000000e+02 6.579269155197253749e-01 7.294439445082839812e-01 3.747005939483642578e+00
1.120000000000000000e+02 7.231825131154520081e-01 6.625583517516377974e-01 3.727761507034301758e+00
1.130000000000000000e+02 6.526208936219773937e-01 7.312376610004769351e-01 3.747185468673706055e+00
1.140000000000000000e+02 7.222152444847652619e-01 6.572536645242043063e-01 3.727417945861816406e+00
1.150000000000000000e+02 6.536034959839603919e-01 7.276391266072936848e-01 3.746279954910278320e+00
1.160000000000000000e+02 7.225760704644170751e-01 6.595752266328991364e-01 3.726743936538696289e+00
1.170000000000000000e+02 6.518368467590681670e-01 7.273694637311435285e-01 3.746748924255371094e+00
1.180000000000000000e+02 7.199815626010844793e-01 6.593221341162570637e-01 3.726210594177246094e+00
1.190000000000000000e+02 6.533786067583612356e-01 7.277584014401600188e-01 3.744771480560302734e+00
1.200000000000000000e+02 7.234623759574762003e-01 6.582748035609369275e-01 3.725624561309814453e+00
1.210000000000000000e+02 6.525785138070349101e-01 7.261831783312894251e-01 3.743638038635253906e+00
1.220000000000000000e+02 7.227335459263385387e-01 6.596111768072865367e-01 3.727026939392089844e+00
1.230000000000000000e+02 6.543484967800230478e-01 7.283041202392949165e-01 3.745374441146850586e+00
1.240000000000000000e+02 7.236472616945645031e-01 6.591725232163968551e-01 3.727917909622192383e+00
1.250000000000000000e+02 6.559342993564388768e-01 7.278084364243995186e-01 3.744302511215209961e+00
1.260000000000000000e+02 7.240221976133921489e-01 6.575590367946866355e-01 3.727176427841186523e+00
1.270000000000000000e+02 6.558259900448855095e-01 7.269125193341393620e-01 3.743438482284545898e+00
1.280000000000000000e+02 7.242254705638569989e-01 6.571242433123695159e-01 3.726190090179443359e+00
1.290000000000000000e+02 6.551577553913822127e-01 7.281798046171144012e-01 3.745250940322875977e+00
1.300000000000000000e+02 7.214542388459798117e-01 6.570489128642844623e-01 3.726781606674194336e+00
1.310000000000000000e+02 6.551608033102618300e-01 7.258802261375219000e-01 3.745300531387329102e+00
1.320000000000000000e+02 7.257015163081335096e-01 6.556706221140030655e-01 3.728347539901733398e+00
1.330000000000000000e+02 6.565962228049752047e-01 7.243125800283513049e-01 3.745142936706542969e+00
1.340000000000000000e+02 7.254510524958945883e-01 6.564902779291242885e-01 3.730644464492797852e+00
1.350000000000000000e+02 6.581708687738169195e-01 7.212368498086751956e-01 3.743644952774047852e+00
1.360000000000000000e+02 7.264257849786365240e-01 6.527276373304164991e-01 3.731283426284790039e+00
1.370000000000000000e+02 6.572681718021728958e-01 7.215975072745131058e-01 3.742115497589111328e+00
1.380000000000000000e+02 7.227760184090967766e-01 6.542202863857919937e-01 3.729575872421264648e+00
1.390000000000000000e+02 6.550497817639392428e-01 7.215385442365690460e-01 3.741956472396850586e+00
1.400000000000000000e+02 7.232582024224889494e-01 6.529109903655950786e-01 3.727255105972290039e+00
1.410000000000000000e+02 6.529847307357998787e-01 7.207811406771588159e-01 3.741265058517456055e+00
1.420000000000000000e+02 7.212328259680921283e-01 6.538538519936469839e-01 3.726427078247070312e+00
1.430000000000000000e+02 6.515118775308634813e-01 7.192661770019488365e-01 3.741937875747680664e+00
1.440000000000000000e+02 7.195453272840176551e-01 6.493433730300661733e-01 3.725394487380981445e+00
1.450000000000000000e+02 6.526717325480057008e-01 7.209523008873006678e-01 3.743108034133911133e+00
1.460000000000000000e+02 7.201673295547571518e-01 6.521175346749800150e-01 3.726660490036010742e+00
1.470000000000000000e+02 6.536348078808650319e-01 7.227722438348469503e-01 3.743411540985107422e+00
1.480000000000000000e+02 7.226203058562913339e-01 6.541807466634069756e-01 3.726702928543090820e+00
1.490000000000000000e+02 6.541200449028118369e-01 7.236991979679713305e-01 3.742782592773437500e+00
1.500000000000000000e+02 7.219093722145730752e-01 6.538004640362460318e-01 3.727986097335815430e+00
1.510000000000000000e+02 6.567881471024912265e-01 7.227997060380226824e-01 3.743310928344726562e+00
1.520000000000000000e+02 7.238083158792480987e-01 6.518175590465719038e-01 3.728573083877563477e+00
1.530000000000000000e+02 6.595517270682740296e-01 7.205387895644200791e-01 3.742906093597412109e+00
1.540000000000000000e+02 7.235195154767256609e-01 6.517585165070900466e-01 3.728326082229614258e+00
1.550000000000000000e+02 6.576708128946542331e-01 7.197965032581826739e-01 3.743417024612426758e+00
1.560000000000000000e+02 7.215073735482895323e-01 6.526402477607488040e-01 3.727865934371948242e+00
1.570000000000000000e+02 6.582799878277134642e-01 7.217249418336380007e-01 3.745098590850830078e+00
1.580000000000000000e+02 7.258015708366452046e-01 6.535594459536396839e-01 3.727708578109741211e+00
1.590000000000000000e+02 6.559208344735404372e-01 7.215997712012187648e-01 3.744388580322265625e+00
1.600000000000000000e+02 7.253624584491188410e-01 6.544795903937136172e-01 3.726367473602294922e+00
1.610000000000000000e+02 6.563158638600287142e-01 7.209374236552383852e-01 3.743649005889892578e+00
1.620000000000000000e+02 7.250542857083941417e-01 6.536540759458584482e-01 3.727464914321899414e+00
1.630000000000000000e+02 6.590821572734618661e-01 7.216006761343716214e-01 3.745095014572143555e+00
1.640000000000000000e+02 7.285446544713871653e-01 6.521190354706702941e-01 3.727552413940429688e+00
1.650000000000000000e+02 6.597237780045407396e-01 7.225113832794929358e-01 3.743848085403442383e+00
1.660000000000000000e+02 7.281184137660843270e-01 6.572823790996976667e-01 3.727686405181884766e+00
1.670000000000000000e+02 6.590780122143525821e-01 7.238574619484501316e-01 3.745518922805786133e+00
1.680000000000000000e+02 7.261956524849985106e-01 6.557124020697944200e-01 3.727836608886718750e+00
1.690000000000000000e+02 6.584618642719106685e-01 7.244410719403132637e-01 3.746140480041503906e+00
1.700000000000000000e+02 7.247447267729973941e-01 6.564540798150300116e-01 3.727516889572143555e+00
1.710000000000000000e+02 6.609335897747306010e-01 7.227940903445385645e-01 3.745277881622314453e+00
1.720000000000000000e+02 7.266818683204209206e-01 6.535307518665377513e-01 3.729068040847778320e+00
1.730000000000000000e+02 6.605789696393413735e-01 7.197335885439293257e-01 3.743490457534790039e+00
1.740000000000000000e+02 7.273762568298384190e-01 6.519254850993096984e-01 3.730443954467773438e+00
1.750000000000000000e+02 6.596557154759679076e-01 7.197350494375872598e-01 3.743704080581665039e+00
1.760000000000000000e+02 7.261170175587431386e-01 6.510213065724849146e-01 3.729321479797363281e+00
1.770000000000000000e+02 6.571195500232606124e-01 7.195961101128616200e-01 3.742524385452270508e+00
1.780000000000000000e+02 7.272373136567886753e-01 6.515923939228499551e-01 3.729440450668334961e+00
1.790000000000000000e+02 6.594980280286238949e-01 7.193506237035393047e-01 3.742233991622924805e+00
1.800000000000000000e+02 7.305002382095656666e-01 6.507560824760311169e-01 3.730119466781616211e+00
1.810000000000000000e+02 6.627657400310064117e-01 7.192892951410708724e-01 3.739878892898559570e+00
1.820000000000000000e+02 7.284006320626671416e-01 6.540029575384996852e-01 3.731547594070434570e+00
1.830000000000000000e+02 6.618144710742774883e-01 7.221293068180989483e-01 3.740110874176025391e+00
1.840000000000000000e+02 7.280366932565114357e-01 6.553110496951335406e-01 3.730316400527954102e+00
1.850000000000000000e+02 6.569434619315271950e-01 7.231073950445617848e-01 3.742751598358154297e+00
1.860000000000000000e+02 7.294860701342369413e-01 6.554805957521894211e-01 3.729029893875122070e+00
1.870000000000000000e+02 6.606371814197496972e-01 7.244409682489135749e-01 3.742633104324340820e+00
1.880000000000000000e+02 7.275414938622072336e-01 6.545601277756347702e-01 3.729463577270507812e+00
1.890000000000000000e+02 6.582749840873268754e-01 7.232897405122052925e-01 3.741734027862548828e+00
1.900000000000000000e+02 7.278816207669865923e-01 6.557837482154160735e-01 3.727876901626586914e+00
1.910000000000000000e+02 6.607376394456796476e-01 7.199949041838210606e-01 3.740579605102539062e+00
1.920000000000000000e+02 7.302257485797917225e-01 6.503727154811724809e-01 3.726926088333129883e+00
1.930000000000000000e+02 6.610804586740646194e-01 7.195996911787361228e-01 3.739124536514282227e+00
1.940000000000000000e+02 7.288989877949094698e-01 6.523288242137766924e-01 3.726652383804321289e+00
1.950000000000000000e+02 6.605782886112522290e-01 7.199058599735127517e-01 3.737770080566406250e+00
1.960000000000000000e+02 7.290501339144292992e-01 6.515326520629721729e-01 3.726321458816528320e+00
1.970000000000000000e+02 6.574299361894206939e-01 7.182147021686182686e-01 3.736705541610717773e+00
1.980000000000000000e+02 7.291232079477052430e-01 6.485756589535675021e-01 3.727614402770996094e+00
1.990000000000000000e+02 6.602105691143651534e-01 7.178887554117419079e-01 3.737498521804809570e+00
2.000000000000000000e+02 7.285360984579941634e-01 6.486855438497873827e-01 3.730051517486572266e+00
2.010000000000000000e+02 6.632762820645543567e-01 7.149520705831297063e-01 3.738786458969116211e+00
2.020000000000000000e+02 7.321310312709251589e-01 6.473334012019251738e-01 3.731005430221557617e+00
2.030000000000000000e+02 6.622162391236772194e-01 7.165802965086941478e-01 3.738612413406372070e+00
2.040000000000000000e+02 7.280078234327466147e-01 6.504141156267296831e-01 3.731538057327270508e+00
2.050000000000000000e+02 6.604744238453358340e-01 7.158129783337486840e-01 3.739979505538940430e+00
2.060000000000000000e+02 7.265382473331855051e-01 6.475550009469409618e-01 3.730320453643798828e+00
2.070000000000000000e+02 6.588761002414939005e-01 7.195141886413264354e-01 3.738879442214965820e+00
2.080000000000000000e+02 7.268309669774045689e-01 6.494025465185419010e-01 3.730155944824218750e+00
2.090000000000000000e+02 6.589390796813674456e-01 7.179071511469783395e-01 3.739727973937988281e+00
2.100000000000000000e+02 7.301279172185117794e-01 6.519434791798895956e-01 3.730202436447143555e+00
2.110000000000000000e+02 6.609109540268371941e-01 7.204786282931937569e-01 3.739883422851562500e+00
2.120000000000000000e+02 7.284632379930601198e-01 6.520279948610867571e-01 3.729504585266113281e+00
2.130000000000000000e+02 6.561044698702682698e-01 7.222748401384241346e-01 3.740688085556030273e+00
2.140000000000000000e+02 7.263881095515825059e-01 6.530434737815623558e-01 3.727410554885864258e+00
2.150000000000000000e+02 6.606147994026221326e-01 7.211703506266271546e-01 3.742123603820800781e+00
2.160000000000000000e+02 7.279323000174798830e-01 6.511609336334510667e-01 3.729547023773193359e+00
2.170000000000000000e+02 6.581052842582678641e-01 7.193823116135272810e-01 3.742449998855590820e+00
2.180000000000000000e+02 7.262869226390773481e-01 6.540912760812324089e-01 3.729168891906738281e+00
2.190000000000000000e+02 6.548080005033732887e-01 7.223208431498432391e-01 3.742317438125610352e+00
2.200000000000000000e+02 7.234296473517740633e-01 6.547189532617034846e-01 3.726834535598754883e+00
2.210000000000000000e+02 6.529004094681528647e-01 7.240682550440560306e-01 3.741684436798095703e+00
2.220000000000000000e+02 7.227465412521691945e-01 6.562883813175507397e-01 3.725081443786621094e+00
2.230000000000000000e+02 6.580521033669928244e-01 7.233781433594848043e-01 3.742835521697998047e+00
2.240000000000000000e+02 7.269879317066404445e-01 6.571503857011775640e-01 3.726910591125488281e+00
2.250000000000000000e+02 6.566406895964527202e-01 7.228896325664299072e-01 3.743884086608886719e+00
2.260000000000000000e+02 7.259535955695790577e-01 6.547832918966353111e-01 3.726962089538574219e+00
2.270000000000000000e+02 6.596334903966117880e-01 7.219115437647156686e-01 3.743740081787109375e+00
2.280000000000000000e+02 7.260289582261318930e-01 6.539237017912018501e-01 3.728104591369628906e+00
2.290000000000000000e+02 6.548861431463394167e-01 7.239744695437358990e-01 3.743460893630981445e+00
2.300000000000000000e+02 7.249058239773747969e-01 6.561868002233827157e-01 3.727430105209350586e+00
2.310000000000000000e+02 6.584856199010586941e-01 7.237653792416735010e-01 3.744795083999633789e+00
2.320000000000000000e+02 7.227305379671694618e-01 6.536297227981821001e-01 3.727453947067260742e+00
2.330000000000000000e+02 6.578126099132026727e-01 7.233664904618742897e-01 3.745291471481323242e+00
2.340000000000000000e+02 7.270310501029310091e-01 6.568569846125104084e-01 3.725934982299804688e+00
2.350000000000000000e+02 6.554898791101931854e-01 7.241828534442015242e-01 3.744814395904541016e+00
2.360000000000000000e+02 7.254085142576421896e-01 6.572145911317419653e-01 3.725560903549194336e+00
2.370000000000000000e+02 6.593235445529748162e-01 7.243497009815867971e-01 3.743457555770874023e+00
2.380000000000000000e+02 7.258594868163434910e-01 6.558222688763790664e-01 3.727866411209106445e+00
2.390000000000000000e+02 6.585710822969153000e-01 7.255081523119460973e-01 3.743687391281127930e+00
2.400000000000000000e+02 7.285875003239172809e-01 6.562833508087803080e-01 3.726834535598754883e+00
2.410000000000000000e+02 6.596928734646012593e-01 7.249317787231609467e-01 3.743232965469360352e+00
2.420000000000000000e+02 7.275119906402922609e-01 6.544171964588210155e-01 3.727990388870239258e+00
2.430000000000000000e+02 6.568838728666934745e-01 7.235074241693679742e-01 3.740729093551635742e+00
2.440000000000000000e+02 7.257077401407845407e-01 6.553944097060775409e-01 3.726075410842895508e+00
2.450000000000000000e+02 6.543915044072041720e-01 7.218017724082294029e-01 3.741003036499023438e+00
2.460000000000000000e+02 7.247584351159019889e-01 6.530800224765319628e-01 3.725519895553588867e+00
2.470000000000000000e+02 6.540564040593751516e-01 7.201509561431073125e-01 3.741913080215454102e+00
2.480000000000000000e+02 7.255076858321588551e-01 6.527766247264381594e-01 3.724971055984497070e+00
2.490000000000000000e+02 6.571416169190806844e-01 7.228223887504339196e-01 3.743060588836669922e+00
2.500000000000000000e+02 7.266813759412433793e-01 6.529119473628984816e-01 3.725467443466186523e+00
2.510000000000000000e+02 6.600552215488085794e-01 7.175590802680239522e-01 3.741787433624267578e+00
2.520000000000000000e+02 7.274602484924221901e-01 6.507665357741228007e-01 3.726373434066772461e+00
2.530000000000000000e+02 6.589104734263405705e-01 7.187637495975629509e-01 3.739645957946777344e+00
2.540000000000000000e+02 7.286542774154626256e-01 6.506984902022263650e-01 3.727427005767822266e+00
2.550000000000000000e+02 6.589127650753002774e-01 7.188050199613926772e-01 3.739186048507690430e+00
2.560000000000000000e+02 7.281284159609586748e-01 6.476383100219769151e-01 3.728712558746337891e+00
2.570000000000000000e+02 6.611914089400774408e-01 7.198372155757661872e-01 3.740272998809814453e+00
2.580000000000000000e+02 7.285404650810277660e-01 6.554021331778012716e-01 3.730154991149902344e+00
2.590000000000000000e+02 6.594387255793850988e-01 7.213987990831062236e-01 3.742981433868408203e+00
2.600000000000000000e+02 7.267132204343137447e-01 6.545439285905766402e-01 3.728183031082153320e+00
2.610000000000000000e+02 6.577139427309236508e-01 7.214167716829912314e-01 3.744215488433837891e+00
2.620000000000000000e+02 7.252872732680509804e-01 6.544378471479578296e-01 3.727355957031250000e+00
2.630000000000000000e+02 6.560391556309207450e-01 7.238107676511195132e-01 3.744047403335571289e+00
2.640000000000000000e+02 7.230508990557784621e-01 6.572292880583722186e-01 3.725852489471435547e+00
2.650000000000000000e+02 6.551453259057204992e-01 7.262419398575860052e-01 3.744931459426879883e+00
2.660000000000000000e+02 7.237216952075651299e-01 6.565097688426200229e-01 3.723907470703125000e+00
2.670000000000000000e+02 6.564404487114666731e-01 7.242401609537209017e-01 3.745840072631835938e+00
2.680000000000000000e+02 7.254829108950879846e-01 6.574169182067687300e-01 3.724451065063476562e+00
2.690000000000000000e+02 6.595197652727229354e-01 7.258752946922194527e-01 3.745795488357543945e+00
2.700000000000000000e+02 7.252036843004030509e-01 6.546505510106200854e-01 3.727017402648925781e+00
2.710000000000000000e+02 6.567757597575379913e-01 7.210923750774952401e-01 3.745742559432983398e+00
2.720000000000000000e+02 7.263459839043443500e-01 6.548082733402558198e-01 3.726981401443481445e+00
2.730000000000000000e+02 6.594206944405740511e-01 7.191016339489598730e-01 3.744986057281494141e+00
2.740000000000000000e+02 7.274171059473425460e-01 6.542679218167121169e-01 3.727482557296752930e+00
2.750000000000000000e+02 6.584700027426326763e-01 7.202553460267874241e-01 3.743792533874511719e+00
2.760000000000000000e+02 7.269711318992277960e-01 6.519239060938530894e-01 3.727035999298095703e+00
2.770000000000000000e+02 6.575185300217357698e-01 7.206693193765310035e-01 3.743249893188476562e+00
2.780000000000000000e+02 7.249562840606494918e-01 6.514423621239182616e-01 3.727380990982055664e+00
2.790000000000000000e+02 6.563643684495190644e-01 7.207850935469334308e-01 3.745025396347045898e+00
2.800000000000000000e+02 7.223686581961982212e-01 6.552839856766939919e-01 3.727567434310913086e+00
2.810000000000000000e+02 6.560872569904436791e-01 7.218292271365444046e-01 3.744538068771362305e+00
2.820000000000000000e+02 7.241863399746252261e-01 6.504532091039559871e-01 3.726202487945556641e+00
2.830000000000000000e+02 6.572046800439618197e-01 7.198717481453417166e-01 3.742910385131835938e+00
2.840000000000000000e+02 7.256909338551743582e-01 6.502746874372976604e-01 3.727339982986450195e+00
2.850000000000000000e+02 6.568562394821556572e-01 7.184889224414118258e-01 3.741472005844116211e+00
2.860000000000000000e+02 7.245247957878998557e-01 6.511998261395490761e-01 3.728482961654663086e+00
2.870000000000000000e+02 6.593418367285392989e-01 7.224457901085304945e-01 3.742422580718994141e+00
2.880000000000000000e+02 7.255935256044476755e-01 6.544347962378738170e-01 3.728399991989135742e+00
2.890000000000000000e+02 6.595501133892197609e-01 7.215197479545665260e-01 3.743437051773071289e+00
2.900000000000000000e+02 7.254372301273986912e-01 6.534807976379342076e-01 3.728705883026123047e+00
2.910000000000000000e+02 6.572658093575446392e-01 7.225579452008237258e-01 3.743885517120361328e+00
2.920000000000000000e+02 7.262312405291914130e-01 6.525147209763091372e-01 3.729053497314453125e+00
2.930000000000000000e+02 6.615668525751998708e-01 7.243310422191600040e-01 3.743556976318359375e+00
2.940000000000000000e+02 7.270920761443829816e-01 6.535941658335983062e-01 3.728484392166137695e+00
2.950000000000000000e+02 6.601856984281694318e-01 7.217415621339986487e-01 3.744055509567260742e+00
2.960000000000000000e+02 7.297059801557846948e-01 6.520777223663029032e-01 3.729337930679321289e+00
2.970000000000000000e+02 6.622249725178505075e-01 7.207638266885681988e-01 3.743767499923706055e+00
2.980000000000000000e+02 7.282641643050078439e-01 6.520094637346568467e-01 3.731327056884765625e+00
2.990000000000000000e+02 6.604533483565566687e-01 7.239737440751040642e-01 3.741956472396850586e+00
3.000000000000000000e+02 7.306601594430651714e-01 6.542248621155312138e-01 3.730195045471191406e+00
3.010000000000000000e+02 6.639824208481074352e-01 7.219229329785775695e-01 3.743088006973266602e+00
3.020000000000000000e+02 7.302126324752974407e-01 6.514906821672363790e-01 3.729864597320556641e+00
3.030000000000000000e+02 6.608772420638914236e-01 7.200138233424084877e-01 3.742654561996459961e+00
3.040000000000000000e+02 7.322118751142796533e-01 6.526938956020978955e-01 3.729003906250000000e+00
3.050000000000000000e+02 6.616729627161791472e-01 7.197837567140049631e-01 3.742105484008789062e+00
3.060000000000000000e+02 7.296467690675008111e-01 6.512368865486275471e-01 3.729892969131469727e+00
3.070000000000000000e+02 6.631530219050737474e-01 7.210981971935011003e-01 3.740885972976684570e+00
3.080000000000000000e+02 7.308964167698605019e-01 6.542784237452224927e-01 3.729369878768920898e+00
3.090000000000000000e+02 6.613248162637920258e-01 7.233128764116909526e-01 3.741240978240966797e+00
3.100000000000000000e+02 7.301539348875485391e-01 6.553178344222433394e-01 3.728381872177124023e+00
3.110000000000000000e+02 6.633445587539473776e-01 7.236165820105323609e-01 3.744369506835937500e+00
3.120000000000000000e+02 7.315392267878385590e-01 6.574253854707935441e-01 3.729338884353637695e+00
3.130000000000000000e+02 6.623951773828341549e-01 7.240459724961287868e-01 3.744328022003173828e+00
3.140000000000000000e+02 7.319817140208427775e-01 6.557955600733158530e-01 3.730036973953247070e+00
3.150000000000000000e+02 6.637840673243134981e-01 7.238082410280063383e-01 3.744251489639282227e+00
3.160000000000000000e+02 7.311419503580169899e-01 6.562042598873716326e-01 3.730638027191162109e+00
3.170000000000000000e+02 6.644691086331969698e-01 7.234474189915623965e-01 3.742907047271728516e+00
3.180000000000000000e+02 7.313740081134352256e-01 6.524801699736667571e-01 3.731226444244384766e+00
3.190000000000000000e+02 6.637001618902539368e-01 7.190595175301819353e-01 3.742510080337524414e+00
3.200000000000000000e+02 7.311601629317217022e-01 6.507839324816878657e-01 3.732004404067993164e+00
3.210000000000000000e+02 6.630918625326006621e-01 7.171892661625965948e-01 3.741222381591796875e+00
3.220000000000000000e+02 7.280597905165486772e-01 6.503373391125972791e-01 3.732233047485351562e+00
3.230000000000000000e+02 6.613977313426521176e-01 7.209227921225818125e-01 3.741041421890258789e+00
3.240000000000000000e+02 7.268379760419825253e-01 6.517862204945140681e-01 3.731584072113037109e+00
3.250000000000000000e+02 6.575369481748710720e-01 7.228394279841071635e-01 3.743138074874877930e+00
3.260000000000000000e+02 7.278055704189753117e-01 6.526297955433382203e-01 3.730446577072143555e+00
3.270000000000000000e+02 6.583170360894656792e-01 7.242552249025967503e-01 3.743552446365356445e+00
3.280000000000000000e+02 7.259698335190738483e-01 6.545406419890523742e-01 3.730033874511718750e+00
3.290000000000000000e+02 6.575041869673977635e-01 7.227426757964382498e-01 3.744482994079589844e+00
3.300000000000000000e+02 7.283126110468950420e-01 6.543574426054746818e-01 3.730014562606811523e+00
3.310000000000000000e+02 6.577603709763438777e-01 7.233047178131333244e-01 3.742629528045654297e+00
3.320000000000000000e+02 7.236339805617315601e-01 6.578855873628203232e-01 3.731664896011352539e+00
3.330000000000000000e+02 6.585971389574838408e-01 7.223119243413498314e-01 3.743432044982910156e+00
3.340000000000000000e+02 7.267229320401502601e-01 6.542406851608113527e-01 3.731039524078369141e+00
3.350000000000000000e+02 6.597629867764653877e-01 7.180060662255792758e-01 3.741621494293212891e+00
3.360000000000000000e+02 7.263176414062344488e-01 6.513556834921695460e-01 3.731250047683715820e+00
3.370000000000000000e+02 6.575145043714718529e-01 7.199732776698899439e-01 3.740884065628051758e+00
3.380000000000000000e+02 7.250118387345798610e-01 6.546131221834106118e-01 3.729136943817138672e+00
3.390000000000000000e+02 6.563516496359956820e-01 7.206788335733165241e-01 3.743223905563354492e+00
3.400000000000000000e+02 7.227349019227060634e-01 6.523896047165591572e-01 3.726826429367065430e+00
3.410000000000000000e+02 6.591106488170006550e-01 7.208104480820629600e-01 3.742329597473144531e+00
3.420000000000000000e+02 7.227443873287084930e-01 6.525174224867650308e-01 3.727197885513305664e+00
3.430000000000000000e+02 6.550585217677494798e-01 7.242961748605751815e-01 3.742813587188720703e+00
3.440000000000000000e+02 7.222656649905933035e-01 6.529705110289295567e-01 3.726701974868774414e+00
3.450000000000000000e+02 6.568700461589005446e-01 7.224507200881971070e-01 3.742827892303466797e+00
3.460000000000000000e+02 7.264793661625905674e-01 6.558089440720803465e-01 3.726826429367065430e+00
3.470000000000000000e+02 6.532500183271867655e-01 7.226180664846199031e-01 3.743326425552368164e+00
3.480000000000000000e+02 7.223313648154687794e-01 6.553266972382526534e-01 3.724915027618408203e+00
3.490000000000000000e+02 6.543079487183656173e-01 7.251449965115280838e-01 3.742904901504516602e+00
3.500000000000000000e+02 7.234338785888794199e-01 6.535259005510611896e-01 3.724329948425292969e+00
3.510000000000000000e+02 6.571179269222943153e-01 7.237873350970843722e-01 3.740868091583251953e+00
3.520000000000000000e+02 7.257434593716476368e-01 6.565852870508047667e-01 3.725082874298095703e+00
3.530000000000000000e+02 6.569336621015415822e-01 7.262791483656899638e-01 3.740858554840087891e+00
3.540000000000000000e+02 7.238015104240153041e-01 6.588338690178583423e-01 3.723955392837524414e+00
3.550000000000000000e+02 6.537376354903501330e-01 7.254640724844945154e-01 3.742601394653320312e+00
3.560000000000000000e+02 7.217437285527852353e-01 6.576475046870897678e-01 3.723881006240844727e+00
3.570000000000000000e+02 6.567396065727308940e-01 7.265920517131595480e-01 3.742276430130004883e+00
3.580000000000000000e+02 7.248859673614805876e-01 6.575616274378798254e-01 3.725024461746215820e+00
3.590000000000000000e+02 6.562665670616122382e-01 7.238214063226862116e-01 3.742798566818237305e+00
3.600000000000000000e+02 7.233642427383419893e-01 6.552104507140388279e-01 3.724556922912597656e+00
3.610000000000000000e+02 6.550351719556829488e-01 7.237719192674317847e-01 3.744384050369262695e+00
3.620000000000000000e+02 7.240945350347081089e-01 6.524133736444520659e-01 3.724936008453369141e+00
3.630000000000000000e+02 6.535767199604711752e-01 7.240017488798086154e-01 3.743328094482421875e+00
3.640000000000000000e+02 7.203196883821033625e-01 6.556231802761827154e-01 3.724484443664550781e+00
3.650000000000000000e+02 6.524733238780484612e-01 7.243417784511050339e-01 3.745061397552490234e+00
3.660000000000000000e+02 7.225208587937123061e-01 6.591353939249361416e-01 3.724586963653564453e+00
3.670000000000000000e+02 6.517823717630388813e-01 7.240684815716601497e-01 3.746130943298339844e+00
3.680000000000000000e+02 7.213003362211237723e-01 6.548111100987046296e-01 3.724158048629760742e+00
3.690000000000000000e+02 6.522849674509348938e-01 7.236573891613061749e-01 3.744319915771484375e+00
3.700000000000000000e+02 7.206279817116196806e-01 6.563988109257289372e-01 3.723387956619262695e+00
3.710000000000000000e+02 6.537814330816602570e-01 7.252568505444919600e-01 3.744481563568115234e+00
3.720000000000000000e+02 7.221528005392292560e-01 6.578851153445628430e-01 3.723691463470458984e+00
3.730000000000000000e+02 6.520829374066416939e-01 7.270523635178745003e-01 3.745524883270263672e+00
3.740000000000000000e+02 7.198766889397688606e-01 6.591006949840656493e-01 3.723098993301391602e+00
3.750000000000000000e+02 6.514712576660199872e-01 7.230861801237049580e-01 3.744657516479492188e+00
3.760000000000000000e+02 7.193356470751286480e-01 6.563484279393194676e-01 3.724004507064819336e+00
3.770000000000000000e+02 6.486800421112435266e-01 7.237588847972510342e-01 3.743628978729248047e+00
3.780000000000000000e+02 7.179775499257295968e-01 6.566918624274902250e-01 3.722113609313964844e+00
3.790000000000000000e+02 6.489453033478885802e-01 7.248526656109924859e-01 3.744189500808715820e+00
3.800000000000000000e+02 7.185247505605435459e-01 6.589419571244139462e-01 3.723407030105590820e+00
3.810000000000000000e+02 6.492251296375632919e-01 7.278453665399571282e-01 3.743849992752075195e+00
3.820000000000000000e+02 7.197667418382996951e-01 6.574499151900395910e-01 3.723644018173217773e+00
3.830000000000000000e+02 6.518910039590112282e-01 7.260050889300058152e-01 3.744415521621704102e+00
3.840000000000000000e+02 7.209141406942826125e-01 6.569865921915850615e-01 3.725289106369018555e+00
3.850000000000000000e+02 6.533372536470338776e-01 7.257911635273406326e-01 3.744617938995361328e+00
3.860000000000000000e+02 7.207486420866581200e-01 6.571897748260524530e-01 3.726622104644775391e+00
3.870000000000000000e+02 6.521453576881170999e-01 7.243510908028899520e-01 3.745377063751220703e+00
3.880000000000000000e+02 7.221558907692042784e-01 6.558807154305589249e-01 3.726742982864379883e+00
3.890000000000000000e+02 6.536029985489195671e-01 7.252896685949415945e-01 3.744807481765747070e+00
3.900000000000000000e+02 7.212626216563261528e-01 6.581143944883596220e-01 3.725555419921875000e+00
3.910000000000000000e+02 6.565913381255265024e-01 7.228377742304512577e-01 3.744392395019531250e+00
3.920000000000000000e+02 7.223474964497018647e-01 6.559462840808437667e-01 3.727082967758178711e+00
3.930000000000000000e+02 6.572354311105121916e-01 7.216410700726008098e-01 3.744457483291625977e+00
3.940000000000000000e+02 7.231863888823086839e-01 6.548629730400477023e-01 3.727626085281372070e+00
3.950000000000000000e+02 6.547744758483959870e-01 7.194546944505801900e-01 3.745800018310546875e+00
3.960000000000000000e+02 7.188896109052318462e-01 6.541849806695670955e-01 3.726886510848999023e+00
3.970000000000000000e+02 6.529130234783054876e-01 7.222381065333987049e-01 3.745576381683349609e+00
3.980000000000000000e+02 7.198844106925269548e-01 6.555346171937391775e-01 3.727554559707641602e+00
