0.000000000000000000e+00 1.076931974634634803e-01 5.527349056114552739e-02 2.997877597808837891e+00
1.000000000000000000e+00 9.955057543064292636e-02 1.114234858152437363e-01 3.007920980453491211e+00
2.000000000000000000e+00 2.153868084061387189e-01 9.789785875174181196e-02 3.156840085983276367e+00
3.000000000000000000e+00 1.925439682109349460e-01 2.164843495268799489e-01 3.166803598403930664e+00
4.000000000000000000e+00 3.297691291104266620e-01 1.886461400512576547e-01 3.274661064147949219e+00
5.000000000000000000e+00 2.845633105897731885e-01 3.290760954111950354e-01 3.283276081085205078e+00
6.000000000000000000e+00 4.223219615746371947e-01 2.837327267160232869e-01 3.361561059951782227e+00
7.000000000000000000e+00 3.658339703385140029e-01 4.212465579144805128e-01 3.371921062469482422e+00
8.000000000000000000e+00 4.964133421692559778e-01 3.597969910422572637e-01 3.428887605667114258e+00
9.000000000000000000e+00 4.295767401514121731e-01 4.918895676048384291e-01 3.437330484390258789e+00
1.000000000000000000e+01 5.488148764000766455e-01 4.266642671224628036e-01 3.479768037796020508e+00
1.100000000000000000e+01 4.762822095157372981e-01 5.452463610471390831e-01 3.490872383117675781e+00
1.200000000000000000e+01 5.868034304676488233e-01 4.748154037763381852e-01 3.519191503524780273e+00
1.300000000000000000e+01 5.129656328935237042e-01 5.871793563375350411e-01 3.530808925628662109e+00
1.400000000000000000e+01 6.176764195562968185e-01 5.116081805187500109e-01 3.551110982894897461e+00
1.500000000000000000e+01 5.390457072476437794e-01 6.158309637635804856e-01 3.561347484588623047e+00
1.600000000000000000e+01 6.401834447157070951e-01 5.407768893163085178e-01 3.576224565505981445e+00
1.700000000000000000e+01 5.620033649442592871e-01 6.393244786378091682e-01 3.585213422775268555e+00
1.800000000000000000e+01 6.549517450343860236e-01 5.585527283624547312e-01 3.593902587890625000e+00
1.900000000000000000e+01 5.750520694882075290e-01 6.565647635924162229e-01 3.604098558425903320e+00
2.000000000000000000e+01 6.694037743977802046e-01 5.788933929106510057e-01 3.607635974884033203e+00
2.100000000000000000e+01 5.895596388035647673e-01 6.729691151904335644e-01 3.619455099105834961e+00
2.200000000000000000e+01 6.783393915244856354e-01 5.920433852551225673e-01 3.620100498199462891e+00
2.300000000000000000e+01 5.988332995913351331e-01 6.787802091126180493e-01 3.631020545959472656e+00
2.400000000000000000e+01 6.841012036346461045e-01 6.004860304344912247e-01 3.628946542739868164e+00
2.500000000000000000e+01 6.080455060944431889e-01 6.856095849500601913e-01 3.639551877975463867e+00
2.600000000000000000e+01 6.929612964130522634e-01 6.090991474543896445e-01 3.636374473571777344e+00
2.700000000000000000e+01 6.146474025157488974e-01 6.935783393228152072e-01 3.646434545516967773e+00
2.800000000000000000e+01 6.980447848487864038e-01 6.152068403576930189e-01 3.643147945404052734e+00
2.900000000000000000e+01 6.176743411166374376e-01 6.971269194015558002e-01 3.652005910873413086e+00
3.000000000000000000e+01 7.000253518331095437e-01 6.166941193151598277e-01 3.645571947097778320e+00
3.100000000000000000e+01 6.238838568436069210e-01 7.006778020007037311e-01 3.653361558914184570e+00
3.200000000000000000e+01 7.051691123960035501e-01 6.216922026159716896e-01 3.649355411529541016e+00
3.300000000000000000e+01 6.259896013211118104e-01 7.022898707739628765e-01 3.655893564224243164e+00
3.400000000000000000e+01 7.052564694470079276e-01 6.228755038398464672e-01 3.651251077651977539e+00
3.500000000000000000e+01 6.267679636254227526e-01 7.057672687350489138e-01 3.658242940902709961e+00
3.600000000000000000e+01 7.080650309179741253e-01 6.216235074019267337e-01 3.654201507568359375e+00
3.700000000000000000e+01 6.311606620738274831e-01 7.042856218119250000e-01 3.660959959030151367e+00
3.800000000000000000e+01 7.109960571533063822e-01 6.234956207605267808e-01 3.656774044036865234e+00
3.900000000000000000e+01 6.343861205979048901e-01 7.038550543998786102e-01 3.662353992462158203e+00
4.000000000000000000e+01 7.125352763889319929e-01 6.279494101965391595e-01 3.658049106597900391e+00
4.100000000000000000e+01 6.347271502807275700e-01 7.068696935602981624e-01 3.663294553756713867e+00
4.200000000000000000e+01 7.116338671196889010e-01 6.271790238743699675e-01 3.658018589019775391e+00
4.300000000000000000e+01 6.346723549408442855e-01 7.074151453105013143e-01 3.665874004364013672e+00
4.400000000000000000e+01 7.146528011657998780e-01 6.314049195178367269e-01 3.659075498580932617e+00
4.500000000000000000e+01 6.320788751936106120e-01 7.110614700983149961e-01 3.667392969131469727e+00
4.600000000000000000e+01 7.102882790639403199e-01 6.339557321155602221e-01 3.657725572586059570e+00
4.700000000000000000e+01 6.328093534633808526e-01 7.106137283155339324e-01 3.667941570281982422e+00
4.800000000000000000e+01 7.129957460286071580e-01 6.332147564902801395e-01 3.658469438552856445e+00
4.900000000000000000e+01 6.376379279667581113e-01 7.124106456007740507e-01 3.669419050216674805e+00
5.000000000000000000e+01 7.169413211785572448e-01 6.350398489908088973e-01 3.660207033157348633e+00
5.100000000000000000e+01 6.383283337534023660e-01 7.128232450479656812e-01 3.671288490295410156e+00
5.200000000000000000e+01 7.169274875874021014e-01 6.345788085381348642e-01 3.661333560943603516e+00
5.300000000000000000e+01 6.363542882876881412e-01 7.147855338110300494e-01 3.671684026718139648e+00
5.400000000000000000e+01 7.163914368863497639e-01 6.343129117040036125e-01 3.662295103073120117e+00
5.500000000000000000e+01 6.382470286033602447e-01 7.121872125099223405e-01 3.672762393951416016e+00
5.600000000000000000e+01 7.155051599442870947e-01 6.338167186731203939e-01 3.664175987243652344e+00
5.700000000000000000e+01 6.383472260243818752e-01 7.115225587911183647e-01 3.672083377838134766e+00
5.800000000000000000e+01 7.157223760482259722e-01 6.348367789726439003e-01 3.662816524505615234e+00
5.900000000000000000e+01 6.351382233611382322e-01 7.147859148590737233e-01 3.673829555511474609e+00
6.000000000000000000e+01 7.139311376492786243e-01 6.388704395344033671e-01 3.661499977111816406e+00
6.100000000000000000e+01 6.383329445478673758e-01 7.147363219540431301e-01 3.674293518066406250e+00
6.200000000000000000e+01 7.148415024167634746e-01 6.361085941493666018e-01 3.661086082458496094e+00
6.300000000000000000e+01 6.343748624458611651e-01 7.158861187375821222e-01 3.674155950546264648e+00
6.400000000000000000e+01 7.155658513176761382e-01 6.402843411436106580e-01 3.660384416580200195e+00
6.500000000000000000e+01 6.364412255120288631e-01 7.150483045815283489e-01 3.674169063568115234e+00
6.600000000000000000e+01 7.183691400570330066e-01 6.349761251980847732e-01 3.659077882766723633e+00
6.700000000000000000e+01 6.413584666756977359e-01 7.144086839584401494e-01 3.671972990036010742e+00
6.800000000000000000e+01 7.173618473536668150e-01 6.371079570850043394e-01 3.661418437957763672e+00
6.900000000000000000e+01 6.397332535015952670e-01 7.138371145596531520e-01 3.672657012939453125e+00
7.000000000000000000e+01 7.167450073220957840e-01 6.357726832773569203e-01 3.662352085113525391e+00
7.100000000000000000e+01 6.392954013181876283e-01 7.126786066822450305e-01 3.673497915267944336e+00
7.200000000000000000e+01 7.181360876780075175e-01 6.324182162995533041e-01 3.662249088287353516e+00
7.300000000000000000e+01 6.386364475336920865e-01 7.114116532845224938e-01 3.674709081649780273e+00
7.400000000000000000e+01 7.180073779857977234e-01 6.326602880055359757e-01 3.662065505981445312e+00
7.500000000000000000e+01 6.408587725732858287e-01 7.110540077444295060e-01 3.675550937652587891e+00
7.600000000000000000e+01 7.189643055155738871e-01 6.326756560423396625e-01 3.663214445114135742e+00
7.700000000000000000e+01 6.420513643363834344e-01 7.065677333761303247e-01 3.673880577087402344e+00
7.800000000000000000e+01 7.180337288772860038e-01 6.308756406419944174e-01 3.664320468902587891e+00
7.900000000000000000e+01 6.392966229454339899e-01 7.101435860442902870e-01 3.673341989517211914e+00
8.000000000000000000e+01 7.183331476120460302e-01 6.296992057091324035e-01 3.662286996841430664e+00
8.100000000000000000e+01 6.397147073184923372e-01 7.083033619668530623e-01 3.672432422637939453e+00
8.200000000000000000e+01 7.155949168180795184e-01 6.324798059099925318e-01 3.662322044372558594e+00
8.300000000000000000e+01 6.351902148418016036e-01 7.110117493753986828e-01 3.673217535018920898e+00
8.400000000000000000e+01 7.121176851288164578e-01 6.333555538116513173e-01 3.662279605865478516e+00
8.500000000000000000e+01 6.366989083194337651e-01 7.108828467044427946e-01 3.673736095428466797e+00
8.600000000000000000e+01 7.151479039883852362e-01 6.337132260737619038e-01 3.662631034851074219e+00
8.700000000000000000e+01 6.375878299540652661e-01 7.132527654520746108e-01 3.674002885818481445e+00
8.800000000000000000e+01 7.164900224479252566e-01 6.323029998275607744e-01 3.662621974945068359e+00
8.900000000000000000e+01 6.402121347989776501e-01 7.125847369835422995e-01 3.673485040664672852e+00
9.000000000000000000e+01 7.180259024425743597e-01 6.327139829644483626e-01 3.663635492324829102e+00
9.100000000000000000e+01 6.398303692313767055e-01 7.113050239886503645e-01 3.672854900360107422e+00
9.200000000000000000e+01 7.166777082514672603e-01 6.311424428979700574e-01 3.662945032119750977e+00
9.300000000000000000e+01 6.403742209565828070e-01 7.115506290608438755e-01 3.673117399215698242e+00
9.400000000000000000e+01 7.172263472143092233e-01 6.342737562647058347e-01 3.663506031036376953e+00
9.500000000000000000e+01 6.403462852730632537e-01 7.119295998819248350e-01 3.674298524856567383e+00
9.600000000000000000e+01 7.171671087913209508e-01 6.346500042763137950e-01 3.662405967712402344e+00
9.700000000000000000e+01 6.407156140575130943e-01 7.141667544388222710e-01 3.672803401947021484e+00
9.800000000000000000e+01 7.200387768906995056e-01 6.333134502276840383e-01 3.664558410644531250e+00
9.900000000000000000e+01 6.430489530103077334e-01 7.130401268723209895e-01 3.671090602874755859e+00
1.000000000000000000e+02 7.202513105464507515e-01 6.340631497867539323e-01 3.664608478546142578e+00
1.010000000000000000e+02 6.420356397390993841e-01 7.130150142426326942e-01 3.671610593795776367e+00
1.020000000000000000e+02 7.189942510616044169e-01 6.336039583484371907e-01 3.663990020751953125e+00
1.030000000000000000e+02 6.395472149134787676e-01 7.129123846696889810e-01 3.671937465667724609e+00
1.040000000000000000e+02 7.191386185926125219e-01 6.344474086441633798e-01 3.663201093673706055e+00
1.050000000000000000e+02 6.404389675994845987e-01 7.157174244268027508e-01 3.672558069229125977e+00
1.060000000000000000e+02 7.168386108773217025e-01 6.340702960101471941e-01 3.663223981857299805e+00
1.070000000000000000e+02 6.407511484182384365e-01 7.130251199083496028e-01 3.672264099121093750e+00
1.080000000000000000e+02 7.200375526070370569e-01 6.333256505816050597e-01 3.663813591003417969e+00
1.090000000000000000e+02 6.409512702378380444e-01 7.125773496342594493e-01 3.673042058944702148e+00
1.100000000000000000e+02 7.172961237074304552e-01 6.333030775414396629e-01 3.665343999862670898e+00
1.110000000000000000e+02 6.393351826433316676e-01 7.101573980323974133e-01 3.674879550933837891e+00
1.120000000000000000e+02 7.162372188587368127e-01 6.313880363226880288e-01 3.663484573364257812e+00
1.130000000000000000e+02 6.382839521394553239e-01 7.136959878538380320e-01 3.673439025878906250e+00
1.140000000000000000e+02 7.183422997009888400e-01 6.313061184277639626e-01 3.663491487503051758e+00
1.150000000000000000e+02 6.381599898148698768e-01 7.104872810484346157e-01 3.672669410705566406e+00
1.160000000000000000e+02 7.167637396463716337e-01 6.314432089805218640e-01 3.664511919021606445e+00
1.170000000000000000e+02 6.365432814299047948e-01 7.077023998866468490e-01 3.673755407333374023e+00
1.180000000000000000e+02 7.141727944684779228e-01 6.326896111228212938e-01 3.662590503692626953e+00
1.190000000000000000e+02 6.353809370553574754e-01 7.072493375489690148e-01 3.673714876174926758e+00
1.200000000000000000e+02 7.135773812839948382e-01 6.325318174494150014e-01 3.661239385604858398e+00
1.210000000000000000e+02 6.350666392687467354e-01 7.095936271926625016e-01 3.672468900680541992e+00
1.220000000000000000e+02 7.131843921902497607e-01 6.350660851958173092e-01 3.662477970123291016e+00
1.230000000000000000e+02 6.369442125426856283e-01 7.118240545542835473e-01 3.673944950103759766e+00
1.240000000000000000e+02 7.145442706498874585e-01 6.368548997544262180e-01 3.662905931472778320e+00
1.250000000000000000e+02 6.395314801590867848e-01 7.099412949318832933e-01 3.673748970031738281e+00
1.260000000000000000e+02 7.154026595998088656e-01 6.339241860785245208e-01 3.664283514022827148e+00
1.270000000000000000e+02 6.374155374868815116e-01 7.131095042823767383e-01 3.674425601959228516e+00
1.280000000000000000e+02 7.124071906524295228e-01 6.369815805939827991e-01 3.664299488067626953e+00
1.290000000000000000e+02 6.362420458852343641e-01 7.152764603516695852e-01 3.675739526748657227e+00
1.300000000000000000e+02 7.151570282189800842e-01 6.350480534889209050e-01 3.663620948791503906e+00
1.310000000000000000e+02 6.363846171994739231e-01 7.156068665188628497e-01 3.675315380096435547e+00
1.320000000000000000e+02 7.143493219264432925e-01 6.347840253155084822e-01 3.662492036819458008e+00
1.330000000000000000e+02 6.398535698133506200e-01 7.108634690150886781e-01 3.673636913299560547e+00
1.340000000000000000e+02 7.168571716852805142e-01 6.329219976343491982e-01 3.662459373474121094e+00
1.350000000000000000e+02 6.376636431623883272e-01 7.103666219298362394e-01 3.672785997390747070e+00
1.360000000000000000e+02 7.142803633589458467e-01 6.334230209996812855e-01 3.662786960601806641e+00
1.370000000000000000e+02 6.360709367925968527e-01 7.119501567104706830e-01 3.673306465148925781e+00
1.380000000000000000e+02 7.169233430546695374e-01 6.341024112937714285e-01 3.661690950393676758e+00
1.390000000000000000e+02 6.340717599008429683e-01 7.135616408783909126e-01 3.671799421310424805e+00
1.400000000000000000e+02 7.142322041619543205e-01 6.377413413887627058e-01 3.661352396011352539e+00
1.410000000000000000e+02 6.389581880216892440e-01 7.174382707327618958e-01 3.672821998596191406e+00
1.420000000000000000e+02 7.185302093783318966e-01 6.394264858548772690e-01 3.661687374114990234e+00
1.430000000000000000e+02 6.369351637287051782e-01 7.184329886553718625e-01 3.671592950820922852e+00
1.440000000000000000e+02 7.175137065098227129e-01 6.399618854883734054e-01 3.660356521606445312e+00
1.450000000000000000e+02 6.370411957795729663e-01 7.163107216125680354e-01 3.672270536422729492e+00
1.460000000000000000e+02 7.178798069044589614e-01 6.377892960764307562e-01 3.661015033721923828e+00
1.470000000000000000e+02 6.407464020545076133e-01 7.147687559635031995e-01 3.671771526336669922e+00
1.480000000000000000e+02 7.160362213476929583e-01 6.358919786062847690e-01 3.662161588668823242e+00
1.490000000000000000e+02 6.407330160344522074e-01 7.128374640559826947e-01 3.671936988830566406e+00
1.500000000000000000e+02 7.206689155866068397e-01 6.355435374311941832e-01 3.663337945938110352e+00
1.510000000000000000e+02 6.409242410646329713e-01 7.116088212167998028e-01 3.670898914337158203e+00
1.520000000000000000e+02 7.192112215030249667e-01 6.313684061213457044e-01 3.661931991577148438e+00
1.530000000000000000e+02 6.394471203402642967e-01 7.132070049806198409e-01 3.671158075332641602e+00
1.540000000000000000e+02 7.139150589692235815e-01 6.318240077387550224e-01 3.662058591842651367e+00
1.550000000000000000e+02 6.377161276214547980e-01 7.118302868585288934e-01 3.670624017715454102e+00
1.560000000000000000e+02 7.122756069552643732e-01 6.320361538158931758e-01 3.662606477737426758e+00
1.570000000000000000e+02 6.404356414742738979e-01 7.080815228483368085e-01 3.672123908996582031e+00
1.580000000000000000e+02 7.153885656179637120e-01 6.325270423274137466e-01 3.661507606506347656e+00
1.590000000000000000e+02 6.396620510757626832e-01 7.088851913603270161e-01 3.672036409378051758e+00
1.600000000000000000e+02 7.154832842859443209e-01 6.332874273263886522e-01 3.661264896392822266e+00
1.610000000000000000e+02 6.366944555782038107e-01 7.085726503579947710e-01 3.673262596130371094e+00
1.620000000000000000e+02 7.137285778879856046e-01 6.322974676630958024e-01 3.661545038223266602e+00
1.630000000000000000e+02 6.370600428142485505e-01 7.076707896005198783e-01 3.673221588134765625e+00
1.640000000000000000e+02 7.152749407774730006e-01 6.302832878469051270e-01 3.663348436355590820e+00
1.650000000000000000e+02 6.366690569253309340e-01 7.113811631351375508e-01 3.673308372497558594e+00
1.660000000000000000e+02 7.118230096139817054e-01 6.355613078964813534e-01 3.662941455841064453e+00
1.670000000000000000e+02 6.349785638117348974e-01 7.146471379898167164e-01 3.673544406890869141e+00
1.680000000000000000e+02 7.152420494729845313e-01 6.373551447634352440e-01 3.663143396377563477e+00
1.690000000000000000e+02 6.384196025702343347e-01 7.140540450559056396e-01 3.672651052474975586e+00
1.700000000000000000e+02 7.183259233141119360e-01 6.354303915237260458e-01 3.662275075912475586e+00
1.710000000000000000e+02 6.361824138905635140e-01 7.166508110672019649e-01 3.673068046569824219e+00
1.720000000000000000e+02 7.149309390667569764e-01 6.364901603626924587e-01 3.661521434783935547e+00
1.730000000000000000e+02 6.346480789180684035e-01 7.155616992705510215e-01 3.674613952636718750e+00
1.740000000000000000e+02 7.159436793087106121e-01 6.393020307942351987e-01 3.660622596740722656e+00
1.750000000000000000e+02 6.388941924915489956e-01 7.151919319712092271e-01 3.674461603164672852e+00
1.760000000000000000e+02 7.178701341346278575e-01 6.361249783523829082e-01 3.662120580673217773e+00
1.770000000000000000e+02 6.364552468218409587e-01 7.153922133017411866e-01 3.673764467239379883e+00
1.780000000000000000e+02 7.111655144910877802e-01 6.356367138256575622e-01 3.660957098007202148e+00
1.790000000000000000e+02 6.330686556781637275e-01 7.155693881701048475e-01 3.673341512680053711e+00
1.800000000000000000e+02 7.133361055231439707e-01 6.378252479610467818e-01 3.659527063369750977e+00
1.810000000000000000e+02 6.362224138258951722e-01 7.147813436634878892e-01 3.674025535583496094e+00
1.820000000000000000e+02 7.162320851858626769e-01 6.348994024598996200e-01 3.660309076309204102e+00
1.830000000000000000e+02 6.375151085327592781e-01 7.149293757483872191e-01 3.674787998199462891e+00
1.840000000000000000e+02 7.146962163610098839e-01 6.344673851124188468e-01 3.660196542739868164e+00
1.850000000000000000e+02 6.349975647950562019e-01 7.134162177122181925e-01 3.673777103424072266e+00
1.860000000000000000e+02 7.142796305862649797e-01 6.349759323623287433e-01 3.658315420150756836e+00
1.870000000000000000e+02 6.350282540081985116e-01 7.130383668924379359e-01 3.672166585922241211e+00
1.880000000000000000e+02 7.160998876118456202e-01 6.341790296228754231e-01 3.656855583190917969e+00
1.890000000000000000e+02 6.355535760597664785e-01 7.097788084872902470e-01 3.670695543289184570e+00
1.900000000000000000e+02 7.152150701592558946e-01 6.331276582739681080e-01 3.657904386520385742e+00
1.910000000000000000e+02 6.375668212241323296e-01 7.091594951797587365e-01 3.670621395111083984e+00
1.920000000000000000e+02 7.155206181719245828e-01 6.314832439541231413e-01 3.659390926361083984e+00
1.930000000000000000e+02 6.368419405232884634e-01 7.104581165188718073e-01 3.671351909637451172e+00
1.940000000000000000e+02 7.149546375620121630e-01 6.328913263520292709e-01 3.659075021743774414e+00
1.950000000000000000e+02 6.366215879930258170e-01 7.124130626659005427e-01 3.671034574508666992e+00
1.960000000000000000e+02 7.158541239920840349e-01 6.348367004157187132e-01 3.659837007522583008e+00
1.970000000000000000e+02 6.363472534743627174e-01 7.102203232855974768e-01 3.670418024063110352e+00
1.980000000000000000e+02 7.154012873003066098e-01 6.314734310329571665e-01 3.660384893417358398e+00
1.990000000000000000e+02 6.393957460766512835e-01 7.101195127472311741e-01 3.669931888580322266e+00
2.000000000000000000e+02 7.152069285255386877e-01 6.313556882002362425e-01 3.661976575851440430e+00
2.010000000000000000e+02 6.379694276647406292e-01 7.090009912021303373e-01 3.669507503509521484e+00
2.020000000000000000e+02 7.173995254899114826e-01 6.338307028096451523e-01 3.660202503204345703e+00
2.030000000000000000e+02 6.393888370312870162e-01 7.111221085911987316e-01 3.670319080352783203e+00
2.040000000000000000e+02 7.170376538985148152e-01 6.332717255372003473e-01 3.659498929977416992e+00
2.050000000000000000e+02 6.381175565038438302e-01 7.142423085448373898e-01 3.670007944107055664e+00
2.060000000000000000e+02 7.171810032420782299e-01 6.331857978308387258e-01 3.659323930740356445e+00
2.070000000000000000e+02 6.400902507428823940e-01 7.085829090246850148e-01 3.669794559478759766e+00
2.080000000000000000e+02 7.171717185506663039e-01 6.312754410514543890e-01 3.660585403442382812e+00
2.090000000000000000e+02 6.382167427341089994e-01 7.133402995394485524e-01 3.670183897018432617e+00
2.100000000000000000e+02 7.185092078656722947e-01 6.344532052730533778e-01 3.659870386123657227e+00
2.110000000000000000e+02 6.375628458496304107e-01 7.124420874389455483e-01 3.670181035995483398e+00
2.120000000000000000e+02 7.152992497200637567e-01 6.363236131817981978e-01 3.660755395889282227e+00
2.130000000000000000e+02 6.340268290167960785e-01 7.142427614159327920e-01 3.671447038650512695e+00
2.140000000000000000e+02 7.138079032290215453e-01 6.351445919423814868e-01 3.659192562103271484e+00
2.150000000000000000e+02 6.356835986135522809e-01 7.117348832548324733e-01 3.670271396636962891e+00
2.160000000000000000e+02 7.143678356663130113e-01 6.340666987214117478e-01 3.659495592117309570e+00
2.170000000000000000e+02 6.385646054245028846e-01 7.130324186821489496e-01 3.670644044876098633e+00
2.180000000000000000e+02 7.148419276174688974e-01 6.341586347862336881e-01 3.661855459213256836e+00
2.190000000000000000e+02 6.353392009637119919e-01 7.114728194154255059e-01 3.672475099563598633e+00
2.200000000000000000e+02 7.133940470779047693e-01 6.318840332112960478e-01 3.662319898605346680e+00
2.210000000000000000e+02 6.381685475757503667e-01 7.090731595055485004e-01 3.670670986175537109e+00
2.220000000000000000e+02 7.146027909689821600e-01 6.297121375279218780e-01 3.663456916809082031e+00
2.230000000000000000e+02 6.390439903919139519e-01 7.100607777107422747e-01 3.670979976654052734e+00
2.240000000000000000e+02 7.163155887980495740e-01 6.327444830178552415e-01 3.664308547973632812e+00
2.250000000000000000e+02 6.367406097289443068e-01 7.111437163060428945e-01 3.672341108322143555e+00
2.260000000000000000e+02 7.180644714528315875e-01 6.345487180282394224e-01 3.662000417709350586e+00
2.270000000000000000e+02 6.398756426601508451e-01 7.122085322820255193e-01 3.672430515289306641e+00
2.280000000000000000e+02 7.173089474489483530e-01 6.355866584420972742e-01 3.663179397583007812e+00
2.290000000000000000e+02 6.401209934478149233e-01 7.117988762231535205e-01 3.670049905776977539e+00
2.300000000000000000e+02 7.202140975585427096e-01 6.337182639229987924e-01 3.661379575729370117e+00
2.310000000000000000e+02 6.424965934801145639e-01 7.119246353059812682e-01 3.670835971832275391e+00
2.320000000000000000e+02 7.202049105707003518e-01 6.334196623750989463e-01 3.662374019622802734e+00
2.330000000000000000e+02 6.429869638238839835e-01 7.122303521054120790e-01 3.669877529144287109e+00
2.340000000000000000e+02 7.195911843737855529e-01 6.306233651209750546e-01 3.662481546401977539e+00
2.350000000000000000e+02 6.442889289459691193e-01 7.117921761800911629e-01 3.668766975402832031e+00
2.360000000000000000e+02 7.196414640586833444e-01 6.325760288297479494e-01 3.663540601730346680e+00
2.370000000000000000e+02 6.456671962462809944e-01 7.122391081885774966e-01 3.671043872833251953e+00
2.380000000000000000e+02 7.197540588229146552e-01 6.338327809535619917e-01 3.661618947982788086e+00
2.390000000000000000e+02 6.364739228602125376e-01 7.125032590534663424e-01 3.670465946197509766e+00
2.400000000000000000e+02 7.157932491845194756e-01 6.362149000037518043e-01 3.660418510437011719e+00
2.410000000000000000e+02 6.367708661709948759e-01 7.110074271793055400e-01 3.672316074371337891e+00
2.420000000000000000e+02 7.162192412260033336e-01 6.350855431298552123e-01 3.659759521484375000e+00
2.430000000000000000e+02 6.370011471537635472e-01 7.147856903639350223e-01 3.671897888183593750e+00
2.440000000000000000e+02 7.161714867522892547e-01 6.338884555914464647e-01 3.661053419113159180e+00
2.450000000000000000e+02 6.391632316282063186e-01 7.116000910284319136e-01 3.671236515045166016e+00
2.460000000000000000e+02 7.146169000096261881e-01 6.325448098314588874e-01 3.661019086837768555e+00
2.470000000000000000e+02 6.353289772977465111e-01 7.115257770328012876e-01 3.672005891799926758e+00
2.480000000000000000e+02 7.125550533094134886e-01 6.336610809058360605e-01 3.660953521728515625e+00
2.490000000000000000e+02 6.350469375451311960e-01 7.137823275577965809e-01 3.672046422958374023e+00
2.500000000000000000e+02 7.166225660707109535e-01 6.348481071805804898e-01 3.662260532379150391e+00
2.510000000000000000e+02 6.389039774609854838e-01 7.103877240500510171e-01 3.671560049057006836e+00
2.520000000000000000e+02 7.185326327965992910e-01 6.288860859927450919e-01 3.663779497146606445e+00
2.530000000000000000e+02 6.440414692058800128e-01 7.079723391185569481e-01 3.671508550643920898e+00
2.540000000000000000e+02 7.201933604941468392e-01 6.306689578637947324e-01 3.664394378662109375e+00
2.550000000000000000e+02 6.378684819646969206e-01 7.121081397843412875e-01 3.670471906661987305e+00
2.560000000000000000e+02 7.168650020953597490e-01 6.313581079515213634e-01 3.662704944610595703e+00
2.570000000000000000e+02 6.371906620795310117e-01 7.094312400016292708e-01 3.671254396438598633e+00
2.580000000000000000e+02 7.152606732399297007e-01 6.361991477496482528e-01 3.660967588424682617e+00
2.590000000000000000e+02 6.373773036557073279e-01 7.129513299058578557e-01 3.673260450363159180e+00
2.600000000000000000e+02 7.160661227344470303e-01 6.366983755042473492e-01 3.661273002624511719e+00
2.610000000000000000e+02 6.364060345976172428e-01 7.137455734864860402e-01 3.673475027084350586e+00
2.620000000000000000e+02 7.130683665577116637e-01 6.367438177977623459e-01 3.660981416702270508e+00
2.630000000000000000e+02 6.377482357032684401e-01 7.115187522301956724e-01 3.673017978668212891e+00
2.640000000000000000e+02 7.142524794308626745e-01 6.351026269355752873e-01 3.661721944808959961e+00
2.650000000000000000e+02 6.350852327840643685e-01 7.147727649378295967e-01 3.673653602600097656e+00
2.660000000000000000e+02 7.164195407708063845e-01 6.344578551234196784e-01 3.661856412887573242e+00
2.670000000000000000e+02 6.389796750055374286e-01 7.143383414463932990e-01 3.672507524490356445e+00
2.680000000000000000e+02 7.157381852509145936e-01 6.367403863432182787e-01 3.662719964981079102e+00
2.690000000000000000e+02 6.375529788374982854e-01 7.120548757836936415e-01 3.672857999801635742e+00
2.700000000000000000e+02 7.168313809593248598e-01 6.353807597417130415e-01 3.661319017410278320e+00
2.710000000000000000e+02 6.393984242465609036e-01 7.122514957942833735e-01 3.672451496124267578e+00
2.720000000000000000e+02 7.146714598149449538e-01 6.331435647220152729e-01 3.662619590759277344e+00
2.730000000000000000e+02 6.384690214967444488e-01 7.136774636088999424e-01 3.673317432403564453e+00
2.740000000000000000e+02 7.179168446368622281e-01 6.369449532844289052e-01 3.661598920822143555e+00
2.750000000000000000e+02 6.362575539587660423e-01 7.120880903613401314e-01 3.674413442611694336e+00
2.760000000000000000e+02 7.146618891154774555e-01 6.341720476879527668e-01 3.661012887954711914e+00
2.770000000000000000e+02 6.362432876790768965e-01 7.112036391710022665e-01 3.673868417739868164e+00
2.780000000000000000e+02 7.151899312494700567e-01 6.359592463919787608e-01 3.660914897918701172e+00
2.790000000000000000e+02 6.379327205715092930e-01 7.120401157665382508e-01 3.673192977905273438e+00
2.800000000000000000e+02 7.199336792405718333e-01 6.338110678429650369e-01 3.661334991455078125e+00
2.810000000000000000e+02 6.393245691519612306e-01 7.129199628572452374e-01 3.672568082809448242e+00
2.820000000000000000e+02 7.174477712228698456e-01 6.345547130063311503e-01 3.661514043807983398e+00
2.830000000000000000e+02 6.390596434538908799e-01 7.152650342228530356e-01 3.672115087509155273e+00
2.840000000000000000e+02 7.187722993585011766e-01 6.322944507184238283e-01 3.660053968429565430e+00
2.850000000000000000e+02 6.416005168203189335e-01 7.125128047502967688e-01 3.673521518707275391e+00
2.860000000000000000e+02 7.176490104214722221e-01 6.340845171780047362e-01 3.661922454833984375e+00
2.870000000000000000e+02 6.406046617458639458e-01 7.152468359575466783e-01 3.672779083251953125e+00
2.880000000000000000e+02 7.170145221875900976e-01 6.373136465759035030e-01 3.662990093231201172e+00
2.890000000000000000e+02 6.418340580376912241e-01 7.151541038583079102e-01 3.674566030502319336e+00
2.900000000000000000e+02 7.197757861412581448e-01 6.349237093701785017e-01 3.663343429565429688e+00
2.910000000000000000e+02 6.438409041603433414e-01 7.093708177234664403e-01 3.672946929931640625e+00
2.920000000000000000e+02 7.202311449845608671e-01 6.323180104709980043e-01 3.664352416992187500e+00
2.930000000000000000e+02 6.423460540398573393e-01 7.105095585197812591e-01 3.671907901763916016e+00
2.940000000000000000e+02 7.201721543285549698e-01 6.301319810499871332e-01 3.665114879608154297e+00
2.950000000000000000e+02 6.421121791140821378e-01 7.091427929139615394e-01 3.671004056930541992e+00
2.960000000000000000e+02 7.202142483691301722e-01 6.297007996906732741e-01 3.665530443191528320e+00
2.970000000000000000e+02 6.435101472571084225e-01 7.082813472925471032e-01 3.670957088470458984e+00
2.980000000000000000e+02 7.196825045733857840e-01 6.293987442327897419e-01 3.665310382843017578e+00
2.990000000000000000e+02 6.425223615702508884e-01 7.111654758779828445e-01 3.671081542968750000e+00
3.000000000000000000e+02 7.184085509695423699e-01 6.313086186770406893e-01 3.665521383285522461e+00
3.010000000000000000e+02 6.394518450868131865e-01 7.124509899126288959e-01 3.669779539108276367e+00
3.020000000000000000e+02 7.152438833353482739e-01 6.347649084086413040e-01 3.663562536239624023e+00
3.030000000000000000e+02 6.390586180248594150e-01 7.152381541405239407e-01 3.670502424240112305e+00
3.040000000000000000e+02 7.154032463200377112e-01 6.366457196912027605e-01 3.662518978118896484e+00
3.050000000000000000e+02 6.377251594135242563e-01 7.153509097987167387e-01 3.670634508132934570e+00
3.060000000000000000e+02 7.178001829432513192e-01 6.351863733377915988e-01 3.662527084350585938e+00
3.070000000000000000e+02 6.387432491226566755e-01 7.093595297791025489e-01 3.669959545135498047e+00
3.080000000000000000e+02 7.155048564622676910e-01 6.340096353868995838e-01 3.661490917205810547e+00
3.090000000000000000e+02 6.366806914109469639e-01 7.105459776938291006e-01 3.671297073364257812e+00
3.100000000000000000e+02 7.173704439829381441e-01 6.323930764848793018e-01 3.660734415054321289e+00
3.110000000000000000e+02 6.395503354151074182e-01 7.099325406947163408e-01 3.670052528381347656e+00
3.120000000000000000e+02 7.166609110444305264e-01 6.303221000643187688e-01 3.662232875823974609e+00
3.130000000000000000e+02 6.421866144058842041e-01 7.108990862104074271e-01 3.670706987380981445e+00
3.140000000000000000e+02 7.160375030164618515e-01 6.329939084604063737e-01 3.662245988845825195e+00
3.150000000000000000e+02 6.365604809505491790e-01 7.129047302627240512e-01 3.670662879943847656e+00
3.160000000000000000e+02 7.150071418583392457e-01 6.348912476686794371e-01 3.661235570907592773e+00
3.170000000000000000e+02 6.380583312351735259e-01 7.145465831216213370e-01 3.671760082244873047e+00
3.180000000000000000e+02 7.155774371922067889e-01 6.338178320231543372e-01 3.662585020065307617e+00
3.190000000000000000e+02 6.357617487121633992e-01 7.161164589508206557e-01 3.671868085861206055e+00
3.200000000000000000e+02 7.166536383263708565e-01 6.368239848233696598e-01 3.660150527954101562e+00
3.210000000000000000e+02 6.386472306659553011e-01 7.123845844213625433e-01 3.671824932098388672e+00
3.220000000000000000e+02 7.144934317043556415e-01 6.339981555554493609e-01 3.661870479583740234e+00
3.230000000000000000e+02 6.342403104242286815e-01 7.145865726619409219e-01 3.671422004699707031e+00
3.240000000000000000e+02 7.139559169836673380e-01 6.330468230652909201e-01 3.660962581634521484e+00
3.250000000000000000e+02 6.362596250424266131e-01 7.120790710323657846e-01 3.670792102813720703e+00
3.260000000000000000e+02 7.131226787752452667e-01 6.337603114624774658e-01 3.660715579986572266e+00
3.270000000000000000e+02 6.339866498923845128e-01 7.118370659078031570e-01 3.670691013336181641e+00
3.280000000000000000e+02 7.123903842004499776e-01 6.319564991579671442e-01 3.661606073379516602e+00
3.290000000000000000e+02 6.333656486553056464e-01 7.118104350237239863e-01 3.670663595199584961e+00
3.300000000000000000e+02 7.129612648703803623e-01 6.371217400110161799e-01 3.661285400390625000e+00
3.310000000000000000e+02 6.345038463224459413e-01 7.123505347195420168e-01 3.671639442443847656e+00
3.320000000000000000e+02 7.155496581560111258e-01 6.330744706257934729e-01 3.661519050598144531e+00
3.330000000000000000e+02 6.359769529516793307e-01 7.091720369060444673e-01 3.672690391540527344e+00
3.340000000000000000e+02 7.158542502409321884e-01 6.327997541868234377e-01 3.662811517715454102e+00
3.350000000000000000e+02 6.356558709643496119e-01 7.130441010575592209e-01 3.673192024230957031e+00
3.360000000000000000e+02 7.147040242418758460e-01 6.367804151629857801e-01 3.663364410400390625e+00
3.370000000000000000e+02 6.370425661296496012e-01 7.127885397216193741e-01 3.674044609069824219e+00
3.380000000000000000e+02 7.158590870895505942e-01 6.327769306426759277e-01 3.663053512573242188e+00
3.390000000000000000e+02 6.381211126475433426e-01 7.093759155790448911e-01 3.674186468124389648e+00
3.400000000000000000e+02 7.155691142991014164e-01 6.335523882419722419e-01 3.664328575134277344e+00
3.410000000000000000e+02 6.356314661965379864e-01 7.130288135179976283e-01 3.673814535140991211e+00
3.420000000000000000e+02 7.135421950904450306e-01 6.360413438160477106e-01 3.661790609359741211e+00
3.430000000000000000e+02 6.324731885732043368e-01 7.138627787855784668e-01 3.676748037338256836e+00
3.440000000000000000e+02 7.116074489736031738e-01 6.361665940057318336e-01 3.662121534347534180e+00
3.450000000000000000e+02 6.346283668854227900e-01 7.155691960465210277e-01 3.677789449691772461e+00
3.460000000000000000e+02 7.134736762304025870e-01 6.370839319228042141e-01 3.661109447479248047e+00
3.470000000000000000e+02 6.366324777555615322e-01 7.124643714906947478e-01 3.677324056625366211e+00
3.480000000000000000e+02 7.152017574551862156e-01 6.374802270422137429e-01 3.662293910980224609e+00
3.490000000000000000e+02 6.379604245276238039e-01 7.153088254536573709e-01 3.676222562789916992e+00
3.500000000000000000e+02 7.139898992142162948e-01 6.381249178995048732e-01 3.660964965820312500e+00
3.510000000000000000e+02 6.371262830973766222e-01 7.171826625449809756e-01 3.675573587417602539e+00
3.520000000000000000e+02 7.146257386852377103e-01 6.391933737690217443e-01 3.660471439361572266e+00
3.530000000000000000e+02 6.379500975107754712e-01 7.152910802788676747e-01 3.676398992538452148e+00
3.540000000000000000e+02 7.161495425073280963e-01 6.358239710747956019e-01 3.662167549133300781e+00
3.550000000000000000e+02 6.367601487617827738e-01 7.110174024627642364e-01 3.674500942230224609e+00
3.560000000000000000e+02 7.149070081569057766e-01 6.327805866974069993e-01 3.663069009780883789e+00
3.570000000000000000e+02 6.343146335406936176e-01 7.111041395788251229e-01 3.673870563507080078e+00
3.580000000000000000e+02 7.131598749966869821e-01 6.345614464865076965e-01 3.661186933517456055e+00
3.590000000000000000e+02 6.346634852530548265e-01 7.122391286254516896e-01 3.672573089599609375e+00
3.600000000000000000e+02 7.093032271735042471e-01 6.325666904320043082e-01 3.661794424057006836e+00
3.610000000000000000e+02 6.327317393987299532e-01 7.153316847688964142e-01 3.672094106674194336e+00
3.620000000000000000e+02 7.135612097700607670e-01 6.351514951920516072e-01 3.660665512084960938e+00
3.630000000000000000e+02 6.348669955926478092e-01 7.137817696202800599e-01 3.671503543853759766e+00
3.640000000000000000e+02 7.129423551820269767e-01 6.347785047433406325e-01 3.661393404006958008e+00
3.650000000000000000e+02 6.346119591325509735e-01 7.142472274039315394e-01 3.673290967941284180e+00
3.660000000000000000e+02 7.150017603244450681e-01 6.361869486952709263e-01 3.661294460296630859e+00
3.670000000000000000e+02 6.357002260760545864e-01 7.120776447304706380e-01 3.672760009765625000e+00
3.680000000000000000e+02 7.138456720282768675e-01 6.320179188809473825e-01 3.661988973617553711e+00
3.690000000000000000e+02 6.348063506846854942e-01 7.131500417865298536e-01 3.671145439147949219e+00
3.700000000000000000e+02 7.140365726640197641e-01 6.342533497490222549e-01 3.662270545959472656e+00
3.710000000000000000e+02 6.334512953961092263e-01 7.144078919469096789e-01 3.672556400299072266e+00
3.720000000000000000e+02 7.131326404414992659e-01 6.351299795037369522e-01 3.661963939666748047e+00
3.730000000000000000e+02 6.382856142023709545e-01 7.125088608379680499e-01 3.670696973800659180e+00
3.740000000000000000e+02 7.145135461942900834e-01 6.340127519999546601e-01 3.663383960723876953e+00
3.750000000000000000e+02 6.383376895788813732e-01 7.131956934323322450e-01 3.671391487121582031e+00
3.760000000000000000e+02 7.174878017525991858e-01 6.360693024282499941e-01 3.663948059082031250e+00
3.770000000000000000e+02 6.399937907756602096e-01 7.137578978417238318e-01 3.671621084213256836e+00
3.780000000000000000e+02 7.175974166755975103e-01 6.321344462889956217e-01 3.662590980529785156e+00
3.790000000000000000e+02 6.377465952656057313e-01 7.135425647722497544e-01 3.670718431472778320e+00
3.800000000000000000e+02 7.185677035560797954e-01 6.319719245847269518e-01 3.661449432373046875e+00
3.810000000000000000e+02 6.400752609667258453e-01 7.097190837366988969e-01 3.670841455459594727e+00
3.820000000000000000e+02 7.176681800050466187e-01 6.330892127796075020e-01 3.662700891494750977e+00
3.830000000000000000e+02 6.376997943357636256e-01 7.127350661181407476e-01 3.669880390167236328e+00
3.840000000000000000e+02 7.136331703848970420e-01 6.361226811108667833e-01 3.660967588424682617e+00
3.850000000000000000e+02 6.373311455248019675e-01 7.140710892359120043e-01 3.672228097915649414e+00
3.860000000000000000e+02 7.128076959450819761e-01 6.359855527390128049e-01 3.660439491271972656e+00
3.870000000000000000e+02 6.367123257817821624e-01 7.130519466026437048e-01 3.673388957977294922e+00
3.880000000000000000e+02 7.155800163250000123e-01 6.342922634059547926e-01 3.661468982696533203e+00
3.890000000000000000e+02 6.426898511792721314e-01 7.104569037379204755e-01 3.672305107116699219e+00
3.900000000000000000e+02 7.208145754433202823e-01 6.332503212819091676e-01 3.663729429244995117e+00
3.910000000000000000e+02 6.450657449808381294e-01 7.131623998764686778e-01 3.671540498733520508e+00
3.920000000000000000e+02 7.211343801796326058e-01 6.321731584065433118e-01 3.665611505508422852e+00
3.930000000000000000e+02 6.415870909381745646e-01 7.111591013236578940e-01 3.672167539596557617e+00
3.940000000000000000e+02 7.215014467317686364e-01 6.324247766694659489e-01 3.664119005203247070e+00
3.950000000000000000e+02 6.433482620743323777e-01 7.105090255883417250e-01 3.670718431472778320e+00
3.960000000000000000e+02 7.233276247272024673e-01 6.320560688492645740e-01 3.665412425994873047e+00
3.970000000000000000e+02 6.438682857589290709e-01 7.095781259434084109e-01 3.670492887496948242e+00
3.980000000000000000e+02 7.218688416316038081e-01 6.317494420760834117e-01 3.664443969726562500e+00
