0.000000000000000000e+00 1.153534222557708461e-01 5.128803564351600008e-02 2.993009090423583984e+00
1.000000000000000000e+00 1.021213083508516889e-01 1.172291486661455190e-01 3.010268926620483398e+00
2.000000000000000000e+00 2.382131139071077541e-01 1.011422847841051409e-01 3.147644042968750000e+00
3.000000000000000000e+00 2.031602732581093140e-01 2.419370025962934712e-01 3.165340423583984375e+00
4.000000000000000000e+00 3.590937538454093692e-01 2.065905357805764564e-01 3.257214069366455078e+00
5.000000000000000000e+00 3.043588489071153425e-01 3.625141115798423685e-01 3.280390024185180664e+00
6.000000000000000000e+00 4.549704123647537179e-01 3.035618817714959561e-01 3.337635993957519531e+00
7.000000000000000000e+00 3.838772375672085402e-01 4.547108833404368555e-01 3.360227584838867188e+00
8.000000000000000000e+00 5.239971923155779532e-01 3.814134647900723762e-01 3.398769378662109375e+00
9.000000000000000000e+00 4.479059182199174316e-01 5.189332555012221571e-01 3.419295549392700195e+00
1.000000000000000000e+01 5.760700972828788347e-01 4.390311176414907757e-01 3.443764448165893555e+00
1.100000000000000000e+01 4.883921297775862258e-01 5.692975357119623991e-01 3.463564872741699219e+00
1.200000000000000000e+01 6.068332907930369391e-01 4.809719890656232177e-01 3.477171897888183594e+00
1.300000000000000000e+01 5.178242572879571126e-01 6.021901326902217022e-01 3.497274875640869141e+00
1.400000000000000000e+01 6.342753241489089699e-01 5.135184522341160740e-01 3.501087427139282227e+00
1.500000000000000000e+01 5.440588812104142358e-01 6.242210144524655835e-01 3.521684408187866211e+00
1.600000000000000000e+01 6.559118435757050891e-01 5.364856131007907925e-01 3.520378589630126953e+00
1.700000000000000000e+01 5.610132751341176949e-01 6.448768525715818933e-01 3.538909435272216797e+00
1.800000000000000000e+01 6.642329574030990669e-01 5.536190720873582771e-01 3.533693075180053711e+00
1.900000000000000000e+01 5.676241622886059046e-01 6.606294414012672256e-01 3.552807569503784180e+00
2.000000000000000000e+01 6.683785265910966444e-01 5.680980224332231598e-01 3.541125059127807617e+00
2.100000000000000000e+01 5.795822815074819223e-01 6.714374725463463367e-01 3.563386440277099609e+00
2.200000000000000000e+01 6.765086752065933018e-01 5.822859376289104549e-01 3.548753976821899414e+00
2.300000000000000000e+01 5.847035890703209393e-01 6.856802209316336105e-01 3.573600530624389648e+00
2.400000000000000000e+01 6.840441232084881751e-01 5.913610837359273287e-01 3.554548025131225586e+00
2.500000000000000000e+01 5.943827049278838093e-01 6.860208000406828877e-01 3.578698873519897461e+00
2.600000000000000000e+01 6.917649023670195962e-01 5.941998023268564300e-01 3.561488389968872070e+00
2.700000000000000000e+01 5.967335001925138105e-01 6.877495569333963443e-01 3.581243038177490234e+00
2.800000000000000000e+01 6.910669398670398200e-01 5.959369037837125571e-01 3.563884973526000977e+00
2.900000000000000000e+01 6.010960666097753258e-01 6.905967322991203305e-01 3.584744453430175781e+00
3.000000000000000000e+01 6.941424643661729954e-01 6.013109433720268404e-01 3.566771507263183594e+00
3.100000000000000000e+01 6.044100891631927208e-01 6.942637259593079646e-01 3.588531017303466797e+00
3.200000000000000000e+01 7.008740139659902502e-01 6.012643245963632532e-01 3.569051027297973633e+00
3.300000000000000000e+01 6.091403330581075526e-01 6.923064443576353311e-01 3.590355396270751953e+00
3.400000000000000000e+01 7.013164724002786121e-01 6.028026122070407888e-01 3.572064876556396484e+00
3.500000000000000000e+01 6.101042466277111220e-01 6.942428927788718562e-01 3.591749429702758789e+00
3.600000000000000000e+01 7.004912755528621693e-01 6.010938795492803965e-01 3.574090957641601562e+00
3.700000000000000000e+01 6.096220184850384971e-01 6.950080406108541942e-01 3.592208385467529297e+00
3.800000000000000000e+01 6.984467689299594939e-01 6.020805107723213867e-01 3.575554609298706055e+00
3.900000000000000000e+01 6.087123339563909052e-01 6.952415011292206737e-01 3.592932939529418945e+00
4.000000000000000000e+01 6.985868015203433590e-01 6.044052729626445686e-01 3.575421571731567383e+00
4.100000000000000000e+01 6.074463658296410662e-01 6.944200100447794899e-01 3.593907594680786133e+00
4.200000000000000000e+01 6.991280638432352257e-01 6.073099192063523555e-01 3.576246023178100586e+00
4.300000000000000000e+01 6.060206283710968256e-01 7.003524285811673078e-01 3.594904422760009766e+00
4.400000000000000000e+01 7.003883535719065412e-01 6.058321705864904150e-01 3.574576377868652344e+00
4.500000000000000000e+01 6.089641509372530903e-01 7.025147642718468921e-01 3.596028089523315430e+00
4.600000000000000000e+01 7.006968417398409255e-01 6.090679716617090067e-01 3.576083421707153320e+00
4.700000000000000000e+01 6.091210696140909597e-01 7.003209342234125723e-01 3.598031044006347656e+00
4.800000000000000000e+01 7.022049087205592954e-01 6.114482369797209493e-01 3.575921058654785156e+00
4.900000000000000000e+01 6.123151016998958918e-01 7.006153523085908441e-01 3.597618103027343750e+00
5.000000000000000000e+01 7.039216945774394718e-01 6.093753342780678928e-01 3.576322555541992188e+00
5.100000000000000000e+01 6.102685285296090001e-01 7.007274531385183636e-01 3.598104000091552734e+00
5.200000000000000000e+01 7.013800422687879177e-01 6.101577781220605123e-01 3.576162099838256836e+00
5.300000000000000000e+01 6.078576642669041297e-01 7.030903931673603280e-01 3.597909927368164062e+00
5.400000000000000000e+01 7.000786895427681955e-01 6.104964991367977101e-01 3.575608491897583008e+00
5.500000000000000000e+01 6.059922467895728637e-01 7.039229327674170200e-01 3.597798585891723633e+00
5.600000000000000000e+01 6.985484775083325992e-01 6.120516671431525113e-01 3.574723482131958008e+00
5.700000000000000000e+01 6.055668335940753710e-01 7.013280194038142845e-01 3.599777460098266602e+00
5.800000000000000000e+01 6.964606581069052726e-01 6.089820065974484997e-01 3.573674440383911133e+00
5.900000000000000000e+01 6.037881806308891264e-01 6.986722318761567907e-01 3.596854448318481445e+00
6.000000000000000000e+01 6.980180085073078855e-01 6.084924278308218026e-01 3.574426889419555664e+00
6.100000000000000000e+01 6.108989039843186752e-01 6.964805907322541012e-01 3.596645593643188477e+00
6.200000000000000000e+01 7.016004819404393356e-01 6.041034613848088597e-01 3.575620889663696289e+00
6.300000000000000000e+01 6.071872231059902703e-01 6.989525646008152293e-01 3.594094514846801758e+00
6.400000000000000000e+01 6.998125709957976337e-01 6.091565563492887803e-01 3.574553489685058594e+00
6.500000000000000000e+01 6.091593000220839604e-01 6.988805686828496455e-01 3.595447063446044922e+00
6.600000000000000000e+01 6.978090836451009693e-01 6.092495767437827725e-01 3.575726985931396484e+00
6.700000000000000000e+01 6.093354513578879139e-01 7.008272230866525732e-01 3.596235990524291992e+00
6.800000000000000000e+01 6.985162003731908431e-01 6.077995310830854869e-01 3.576544046401977539e+00
6.900000000000000000e+01 6.091426522374994157e-01 6.990706941329943858e-01 3.598196983337402344e+00
7.000000000000000000e+01 7.007165789473844830e-01 6.066834051540487271e-01 3.576416492462158203e+00
7.100000000000000000e+01 6.082365916459347988e-01 6.975166553596526819e-01 3.597892045974731445e+00
7.200000000000000000e+01 6.993102207845360851e-01 6.052454357813722430e-01 3.576159477233886719e+00
7.300000000000000000e+01 6.092817098554883515e-01 6.990188112973861889e-01 3.597933053970336914e+00
7.400000000000000000e+01 7.018858214380195859e-01 6.100898367353596585e-01 3.576693058013916016e+00
7.500000000000000000e+01 6.113129322791043263e-01 7.005622386874105212e-01 3.598804473876953125e+00
7.600000000000000000e+01 7.010143619384883173e-01 6.078608043587703236e-01 3.576038599014282227e+00
7.700000000000000000e+01 6.089496686626497679e-01 7.006603803909752237e-01 3.597127914428710938e+00
7.800000000000000000e+01 7.008936661843025995e-01 6.097820166964935673e-01 3.574825048446655273e+00
7.900000000000000000e+01 6.075941202940154939e-01 7.023125066728315158e-01 3.597519397735595703e+00
8.000000000000000000e+01 6.971826809859342777e-01 6.054628531486726528e-01 3.572318077087402344e+00
8.100000000000000000e+01 6.058568078936431567e-01 6.973738744185428162e-01 3.595468997955322266e+00
8.200000000000000000e+01 6.999251763103147006e-01 6.051604696857936228e-01 3.573214054107666016e+00
8.300000000000000000e+01 6.096047156997735916e-01 6.976051330499822845e-01 3.594277381896972656e+00
8.400000000000000000e+01 7.024488066986528390e-01 6.043367927230282044e-01 3.574187040328979492e+00
8.500000000000000000e+01 6.102382481017193383e-01 6.960208370883470552e-01 3.593450546264648438e+00
8.600000000000000000e+01 7.003309231125872669e-01 6.035873687697406176e-01 3.575291395187377930e+00
8.700000000000000000e+01 6.104611694990179638e-01 6.963881081421985364e-01 3.592911005020141602e+00
8.800000000000000000e+01 7.030072787896973763e-01 6.043000212190134945e-01 3.575090885162353516e+00
8.900000000000000000e+01 6.125355619697993026e-01 6.975826552773399802e-01 3.593307971954345703e+00
9.000000000000000000e+01 7.041172319295990745e-01 6.068063043009451762e-01 3.576391458511352539e+00
9.100000000000000000e+01 6.120289946820167692e-01 6.991858377071178410e-01 3.594397544860839844e+00
9.200000000000000000e+01 7.010331404819862833e-01 6.095427764550827021e-01 3.577033042907714844e+00
9.300000000000000000e+01 6.134854591706753180e-01 7.011207959025954617e-01 3.595799446105957031e+00
9.400000000000000000e+01 7.043692655024373916e-01 6.062226879250759426e-01 3.577488422393798828e+00
9.500000000000000000e+01 6.103896374202179009e-01 6.985871080151905277e-01 3.595316410064697266e+00
9.600000000000000000e+01 7.036230784127399662e-01 6.081472175269195812e-01 3.575927019119262695e+00
9.700000000000000000e+01 6.121335178086131368e-01 6.961037941428792619e-01 3.594479084014892578e+00
9.800000000000000000e+01 7.021241145223401370e-01 6.051986105567594976e-01 3.577024459838867188e+00
9.900000000000000000e+01 6.125904993616063665e-01 6.963178355316860246e-01 3.594817399978637695e+00
1.000000000000000000e+02 7.047789209926388354e-01 6.066169311470639425e-01 3.578151464462280273e+00
1.010000000000000000e+02 6.151263084754120536e-01 6.986873431496407605e-01 3.596661090850830078e+00
1.020000000000000000e+02 7.054154935397342063e-01 6.058189712274253402e-01 3.576843500137329102e+00
1.030000000000000000e+02 6.150543620997167560e-01 6.969621822084596241e-01 3.596846103668212891e+00
1.040000000000000000e+02 7.080136152081070167e-01 6.063269035278459063e-01 3.577663898468017578e+00
1.050000000000000000e+02 6.136380919959161240e-01 7.007928337189970325e-01 3.596249580383300781e+00
1.060000000000000000e+02 7.033424057811367147e-01 6.072821014893446945e-01 3.576261997222900391e+00
1.070000000000000000e+02 6.128575314754032277e-01 6.983657859610692409e-01 3.596222400665283203e+00
1.080000000000000000e+02 7.032343490611303594e-01 6.045412714772715468e-01 3.575502872467041016e+00
1.090000000000000000e+02 6.128596879280061582e-01 6.958493092846314010e-01 3.596004962921142578e+00
1.100000000000000000e+02 7.035775831247306211e-01 6.041894329231358718e-01 3.576107025146484375e+00
1.110000000000000000e+02 6.144346357301850858e-01 6.980539904680297392e-01 3.595234394073486328e+00
1.120000000000000000e+02 7.053163339654495712e-01 6.063010632358279972e-01 3.576124906539916992e+00
1.130000000000000000e+02 6.119232870951397674e-01 7.016431076708143921e-01 3.596087455749511719e+00
1.140000000000000000e+02 7.041879531916899193e-01 6.084220011883459955e-01 3.575628042221069336e+00
1.150000000000000000e+02 6.151292985419670734e-01 6.984117374190553784e-01 3.596745014190673828e+00
1.160000000000000000e+02 7.065679601086217732e-01 6.053358864746674062e-01 3.576463937759399414e+00
1.170000000000000000e+02 6.111484829550569708e-01 6.993036971260607748e-01 3.594495534896850586e+00
1.180000000000000000e+02 7.048953734065823706e-01 6.069609469080462505e-01 3.574788093566894531e+00
1.190000000000000000e+02 6.105114825417435886e-01 6.988587270003738805e-01 3.594799041748046875e+00
1.200000000000000000e+02 7.027127362347027617e-01 6.069691281547290318e-01 3.574269533157348633e+00
1.210000000000000000e+02 6.133690383062044837e-01 6.962877187767424481e-01 3.595550537109375000e+00
1.220000000000000000e+02 7.061464506598637003e-01 6.050707544185534026e-01 3.576972961425781250e+00
1.230000000000000000e+02 6.157022161263874249e-01 6.990530429588938111e-01 3.596011400222778320e+00
1.240000000000000000e+02 7.053374344755705128e-01 6.065979049760074071e-01 3.577637434005737305e+00
1.250000000000000000e+02 6.166711957388657517e-01 7.012794534087190002e-01 3.597700595855712891e+00
1.260000000000000000e+02 7.047976013297024833e-01 6.101712901327220884e-01 3.578135967254638672e+00
1.270000000000000000e+02 6.123473374959804705e-01 7.033942669326099795e-01 3.598504543304443359e+00
1.280000000000000000e+02 7.039859074216644474e-01 6.099256547913740611e-01 3.577594518661499023e+00
1.290000000000000000e+02 6.146157277842035915e-01 6.991945735086788627e-01 3.599852085113525391e+00
1.300000000000000000e+02 7.084450800167172435e-01 6.096504935333424413e-01 3.578135967254638672e+00
1.310000000000000000e+02 6.144308965426448221e-01 7.006146073104011496e-01 3.598283052444458008e+00
1.320000000000000000e+02 7.075296308197408512e-01 6.088883904098861821e-01 3.577741384506225586e+00
1.330000000000000000e+02 6.160729047131245917e-01 7.032792927830618934e-01 3.599129438400268555e+00
1.340000000000000000e+02 7.065599958265237346e-01 6.084784691687362690e-01 3.576709985733032227e+00
1.350000000000000000e+02 6.144428556736271085e-01 7.003459799796530882e-01 3.597851514816284180e+00
1.360000000000000000e+02 7.039275062684731132e-01 6.076289283458572443e-01 3.576763391494750977e+00
1.370000000000000000e+02 6.125042460693892465e-01 6.993723561821011403e-01 3.598305940628051758e+00
1.380000000000000000e+02 7.028592689298136520e-01 6.045197469908564214e-01 3.574708938598632812e+00
1.390000000000000000e+02 6.109885447634179068e-01 6.966574793233014651e-01 3.596230506896972656e+00
1.400000000000000000e+02 7.047555291375640074e-01 6.072334932647802663e-01 3.575204372406005859e+00
1.410000000000000000e+02 6.079241586648450602e-01 6.998762862629019921e-01 3.597024440765380859e+00
1.420000000000000000e+02 7.014884667126999318e-01 6.084660056365699399e-01 3.573085069656372070e+00
1.430000000000000000e+02 6.110444497635123540e-01 6.993732400968738494e-01 3.596916913986206055e+00
1.440000000000000000e+02 7.034630659248042317e-01 6.068753139948643849e-01 3.574689388275146484e+00
1.450000000000000000e+02 6.128038294234882111e-01 6.975890390850937317e-01 3.597063064575195312e+00
1.460000000000000000e+02 7.045656256507147885e-01 6.029823139104218965e-01 3.575006008148193359e+00
1.470000000000000000e+02 6.140107077454438622e-01 6.984322343133356759e-01 3.595264911651611328e+00
1.480000000000000000e+02 7.038683856265125494e-01 6.044607972000133334e-01 3.575916528701782227e+00
1.490000000000000000e+02 6.141888069199025191e-01 6.963832432183951759e-01 3.596043109893798828e+00
1.500000000000000000e+02 7.043051625401869353e-01 6.017908340153055313e-01 3.575642585754394531e+00
1.510000000000000000e+02 6.113268001887944836e-01 6.973913018808256536e-01 3.595007896423339844e+00
1.520000000000000000e+02 7.038550542978113667e-01 6.036887091212536083e-01 3.575726509094238281e+00
1.530000000000000000e+02 6.163793155125206757e-01 6.968992639577921144e-01 3.595349073410034180e+00
1.540000000000000000e+02 7.051631798273289009e-01 6.047953578948360720e-01 3.577761411666870117e+00
1.550000000000000000e+02 6.160148324225981353e-01 7.013602452574286827e-01 3.596210479736328125e+00
1.560000000000000000e+02 7.052044438744207167e-01 6.072647709851420883e-01 3.578118085861206055e+00
1.570000000000000000e+02 6.153416107349449771e-01 6.989946818580047294e-01 3.597071886062622070e+00
1.580000000000000000e+02 7.057828633809860586e-01 6.072374728897195206e-01 3.577745914459228516e+00
1.590000000000000000e+02 6.127022786998697068e-01 6.984008963126052683e-01 3.597006082534790039e+00
1.600000000000000000e+02 7.039190754931710092e-01 6.041042420856667094e-01 3.576807022094726562e+00
1.610000000000000000e+02 6.132749406816473403e-01 6.995793523298452499e-01 3.596955060958862305e+00
1.620000000000000000e+02 7.036961277196743803e-01 6.060610382994212619e-01 3.577346563339233398e+00
1.630000000000000000e+02 6.134104878382057313e-01 6.990212635491607207e-01 3.596376895904541016e+00
1.640000000000000000e+02 7.039361320754217166e-01 6.081857220805024777e-01 3.576369047164916992e+00
1.650000000000000000e+02 6.144385858506729026e-01 7.018215133027018160e-01 3.596622467041015625e+00
1.660000000000000000e+02 7.032645485936172003e-01 6.110201388499759689e-01 3.576176404953002930e+00
1.670000000000000000e+02 6.156046132172882102e-01 7.003821299296562053e-01 3.598134994506835938e+00
1.680000000000000000e+02 7.030065181857084733e-01 6.099669927451593088e-01 3.576482534408569336e+00
1.690000000000000000e+02 6.105311918426915563e-01 7.001681092552655139e-01 3.596944570541381836e+00
1.700000000000000000e+02 7.021655180186312517e-01 6.096383187678531268e-01 3.575225591659545898e+00
1.710000000000000000e+02 6.125791257660310185e-01 7.040130364789018991e-01 3.597085475921630859e+00
1.720000000000000000e+02 7.018163226501065166e-01 6.084965289087891360e-01 3.578186511993408203e+00
1.730000000000000000e+02 6.100036659127070493e-01 7.044147514770228158e-01 3.597509384155273438e+00
1.740000000000000000e+02 7.039716297354317032e-01 6.119292257087645126e-01 3.577526092529296875e+00
1.750000000000000000e+02 6.118605257416245280e-01 7.037480790036430012e-01 3.598526954650878906e+00
1.760000000000000000e+02 7.064105714905201117e-01 6.095727271369661970e-01 3.578099966049194336e+00
1.770000000000000000e+02 6.130720981984677520e-01 7.029623635245693114e-01 3.599124908447265625e+00
1.780000000000000000e+02 7.068379267389570675e-01 6.140646370834799139e-01 3.578546047210693359e+00
1.790000000000000000e+02 6.145280347462006576e-01 7.011059385273183953e-01 3.600431442260742188e+00
1.800000000000000000e+02 7.065503346658463801e-01 6.095033868331977134e-01 3.578645467758178711e+00
1.810000000000000000e+02 6.138673548380192413e-01 7.021490366930455140e-01 3.599040985107421875e+00
1.820000000000000000e+02 7.052876480241659918e-01 6.132656672963074929e-01 3.578511953353881836e+00
1.830000000000000000e+02 6.142528669214046833e-01 7.009504736907989919e-01 3.598941087722778320e+00
1.840000000000000000e+02 7.024194922573969713e-01 6.121817817671476591e-01 3.578444957733154297e+00
1.850000000000000000e+02 6.101096433130914765e-01 7.041130136875343171e-01 3.599731445312500000e+00
1.860000000000000000e+02 7.026167750016092395e-01 6.129078851971053732e-01 3.578505516052246094e+00
1.870000000000000000e+02 6.127983048042722203e-01 7.052251364490417229e-01 3.599112510681152344e+00
1.880000000000000000e+02 7.057641859742935786e-01 6.134556579733617676e-01 3.576746940612792969e+00
1.890000000000000000e+02 6.133432555151258070e-01 7.035391708307452419e-01 3.598289489746093750e+00
1.900000000000000000e+02 7.045852235947268616e-01 6.102757775059005629e-01 3.576997041702270508e+00
1.910000000000000000e+02 6.142216554623576297e-01 6.991954228633588952e-01 3.596871376037597656e+00
1.920000000000000000e+02 7.063981150049000179e-01 6.043948376768354391e-01 3.576787471771240234e+00
1.930000000000000000e+02 6.140309506819464636e-01 6.983356023272638824e-01 3.596348524093627930e+00
1.940000000000000000e+02 7.035554866415932862e-01 6.066716115444393820e-01 3.577856063842773438e+00
1.950000000000000000e+02 6.106644719812026612e-01 7.006878244311691706e-01 3.595202922821044922e+00
1.960000000000000000e+02 7.014361923266636545e-01 6.084320321078212634e-01 3.576303005218505859e+00
1.970000000000000000e+02 6.121391439268548673e-01 7.061111355673780343e-01 3.596815586090087891e+00
1.980000000000000000e+02 7.031812301128499421e-01 6.105270803767244292e-01 3.577517032623291016e+00
1.990000000000000000e+02 6.100098195979607452e-01 7.015986231060576950e-01 3.595521450042724609e+00
2.000000000000000000e+02 7.023292492308687018e-01 6.102254065383208026e-01 3.576939105987548828e+00
2.010000000000000000e+02 6.117953860094966778e-01 7.027889901647017545e-01 3.595461606979370117e+00
2.020000000000000000e+02 6.999979788642813894e-01 6.088522486481294793e-01 3.576809883117675781e+00
2.030000000000000000e+02 6.083073041479640786e-01 6.993731420563640278e-01 3.594779968261718750e+00
2.040000000000000000e+02 7.010895835386160568e-01 6.034260555761123967e-01 3.575562477111816406e+00
2.050000000000000000e+02 6.106297010991955654e-01 6.999981648272122214e-01 3.594384431838989258e+00
2.060000000000000000e+02 6.995183870917924818e-01 6.052110170749119833e-01 3.577094554901123047e+00
2.070000000000000000e+02 6.082135819456915282e-01 6.993234538198752626e-01 3.595463037490844727e+00
2.080000000000000000e+02 6.964259300577673173e-01 6.064535741305835392e-01 3.575655460357666016e+00
2.090000000000000000e+02 6.055315633004680897e-01 6.995366900547769218e-01 3.595150947570800781e+00
2.100000000000000000e+02 6.998986533051879677e-01 6.080371612519056557e-01 3.573807001113891602e+00
2.110000000000000000e+02 6.086669763133040201e-01 7.023657777889931175e-01 3.595596075057983398e+00
2.120000000000000000e+02 6.992753281407672050e-01 6.105901410619971603e-01 3.574176073074340820e+00
2.130000000000000000e+02 6.089829007356339918e-01 7.003293135815762405e-01 3.598229885101318359e+00
2.140000000000000000e+02 6.997579200731460780e-01 6.094501118722671640e-01 3.574626922607421875e+00
2.150000000000000000e+02 6.098232124759651596e-01 7.002315312430769101e-01 3.597214937210083008e+00
2.160000000000000000e+02 7.022863614595726833e-01 6.076664309076118542e-01 3.575588464736938477e+00
2.170000000000000000e+02 6.104750509853839047e-01 6.997019197418042902e-01 3.597258567810058594e+00
2.180000000000000000e+02 7.031277896749542622e-01 6.081720860069261825e-01 3.577056407928466797e+00
2.190000000000000000e+02 6.103199170059045997e-01 6.985569609983433015e-01 3.595091104507446289e+00
2.200000000000000000e+02 6.998759710767435971e-01 6.070535856152121656e-01 3.577944993972778320e+00
2.210000000000000000e+02 6.070663370761608668e-01 6.996044483801527880e-01 3.595386028289794922e+00
2.220000000000000000e+02 6.990714344416666393e-01 6.083718852958852619e-01 3.577423095703125000e+00
2.230000000000000000e+02 6.097346309933570074e-01 7.005320498236827786e-01 3.596751451492309570e+00
2.240000000000000000e+02 6.987859245201022418e-01 6.112905299500309697e-01 3.577397108078002930e+00
2.250000000000000000e+02 6.087306108748997691e-01 6.967252666484262669e-01 3.598170518875122070e+00
2.260000000000000000e+02 7.036680119366328645e-01 6.061764665563434962e-01 3.577734470367431641e+00
2.270000000000000000e+02 6.107272069623486122e-01 7.002730478470928777e-01 3.598347902297973633e+00
2.280000000000000000e+02 7.052899096611181529e-01 6.066129223719689545e-01 3.578581094741821289e+00
2.290000000000000000e+02 6.145864296614763633e-01 6.960599667684335135e-01 3.597222089767456055e+00
2.300000000000000000e+02 7.044447978231844765e-01 6.067440033472608629e-01 3.578716993331909180e+00
2.310000000000000000e+02 6.131058408572365170e-01 7.006400804229696577e-01 3.598890542984008789e+00
2.320000000000000000e+02 7.047259008970180316e-01 6.087666941456476577e-01 3.578365087509155273e+00
2.330000000000000000e+02 6.112976980409347005e-01 7.018034496454153004e-01 3.596964597702026367e+00
2.340000000000000000e+02 7.017780165988773966e-01 6.111779817810788495e-01 3.578774452209472656e+00
2.350000000000000000e+02 6.107458014689711723e-01 6.999530758372772832e-01 3.597889423370361328e+00
2.360000000000000000e+02 6.996084023808841756e-01 6.077880656996481612e-01 3.577717065811157227e+00
2.370000000000000000e+02 6.080441428888444522e-01 6.997771053941476138e-01 3.600354433059692383e+00
2.380000000000000000e+02 7.004713956318772139e-01 6.082808381579281054e-01 3.576700448989868164e+00
2.390000000000000000e+02 6.118739903412536707e-01 7.002520658593881508e-01 3.599340915679931641e+00
2.400000000000000000e+02 7.025655738766601877e-01 6.086627459854840883e-01 3.577229976654052734e+00
2.410000000000000000e+02 6.101120366069796574e-01 7.007838521981539781e-01 3.598939418792724609e+00
2.420000000000000000e+02 7.029716523258946470e-01 6.099275233917257344e-01 3.577687501907348633e+00
2.430000000000000000e+02 6.127976585060390669e-01 7.013416950463793320e-01 3.597563505172729492e+00
2.440000000000000000e+02 7.055804237724461192e-01 6.087220946739290151e-01 3.577976465225219727e+00
2.450000000000000000e+02 6.131722794682440414e-01 6.995345501066954075e-01 3.597424983978271484e+00
2.460000000000000000e+02 7.050693887689619688e-01 6.084223763064493529e-01 3.578672885894775391e+00
2.470000000000000000e+02 6.167744245155344363e-01 6.994344865251181931e-01 3.596438884735107422e+00
2.480000000000000000e+02 7.039119417902601761e-01 6.049271331617780412e-01 3.579303979873657227e+00
2.490000000000000000e+02 6.137616456597735359e-01 6.973477630383335679e-01 3.594702005386352539e+00
2.500000000000000000e+02 7.062414530390205281e-01 6.036580649114791086e-01 3.577316522598266602e+00
2.510000000000000000e+02 6.133444670295579160e-01 6.954562611985688481e-01 3.593368053436279297e+00
2.520000000000000000e+02 7.038829553412097040e-01 6.056877607399442365e-01 3.577643394470214844e+00
2.530000000000000000e+02 6.103810856396023610e-01 6.954741539740157963e-01 3.595949888229370117e+00
2.540000000000000000e+02 7.013650822722268252e-01 6.072414512890063065e-01 3.578125476837158203e+00
2.550000000000000000e+02 6.086230792951694557e-01 6.965603940207597544e-01 3.596059083938598633e+00
2.560000000000000000e+02 6.996012302742543598e-01 6.061426062951735805e-01 3.574316501617431641e+00
2.570000000000000000e+02 6.089180606893864756e-01 7.007590291533267735e-01 3.596782922744750977e+00
2.580000000000000000e+02 7.007439801331741824e-01 6.070266387212935877e-01 3.574657917022705078e+00
2.590000000000000000e+02 6.091488361839842991e-01 6.999375527756040993e-01 3.598038911819458008e+00
2.600000000000000000e+02 7.005976378931042525e-01 6.040279287236592909e-01 3.576016426086425781e+00
2.610000000000000000e+02 6.129546735139344005e-01 6.955131204202678052e-01 3.597869873046875000e+00
2.620000000000000000e+02 7.026101950419034736e-01 6.058285855788894114e-01 3.577287435531616211e+00
2.630000000000000000e+02 6.124867346539272228e-01 6.985654918258736856e-01 3.597646474838256836e+00
2.640000000000000000e+02 7.009290161640308048e-01 6.063362151864037930e-01 3.577496051788330078e+00
2.650000000000000000e+02 6.107923426295840397e-01 6.993912498863413818e-01 3.595844984054565430e+00
2.660000000000000000e+02 7.030129661858033341e-01 6.055350592678427901e-01 3.576942443847656250e+00
2.670000000000000000e+02 6.127241122653147576e-01 6.964565282164364435e-01 3.595342397689819336e+00
2.680000000000000000e+02 7.024422154149957409e-01 6.035868034459522802e-01 3.577567577362060547e+00
2.690000000000000000e+02 6.130879066428258639e-01 6.991404744621612100e-01 3.594452381134033203e+00
2.700000000000000000e+02 7.020272354682653981e-01 6.088537605846592315e-01 3.575371980667114258e+00
2.710000000000000000e+02 6.111340891997977254e-01 6.999326071089748691e-01 3.595498561859130859e+00
2.720000000000000000e+02 7.012704317950985144e-01 6.059447974847930185e-01 3.575531005859375000e+00
2.730000000000000000e+02 6.084452782978966301e-01 6.994441671241513614e-01 3.594805479049682617e+00
2.740000000000000000e+02 7.000626423620374128e-01 6.050531080408293461e-01 3.574845552444458008e+00
2.750000000000000000e+02 6.087652908819163322e-01 6.958795501988657151e-01 3.593312025070190430e+00
2.760000000000000000e+02 7.021590822897371131e-01 6.034507228311111193e-01 3.573426485061645508e+00
2.770000000000000000e+02 6.084500417213428713e-01 6.958891590652945824e-01 3.591793537139892578e+00
2.780000000000000000e+02 6.991099397364358703e-01 6.063621355716224404e-01 3.574343442916870117e+00
2.790000000000000000e+02 6.051762885138252113e-01 7.005282094935126880e-01 3.593324422836303711e+00
2.800000000000000000e+02 7.017822115567527996e-01 6.082534962188982375e-01 3.573158502578735352e+00
2.810000000000000000e+02 6.073374260190822493e-01 6.999991016029022406e-01 3.595072031021118164e+00
2.820000000000000000e+02 6.975278012914650771e-01 6.099601440563171550e-01 3.574213504791259766e+00
2.830000000000000000e+02 6.032638171150060957e-01 6.991577123016244899e-01 3.596691608428955078e+00
2.840000000000000000e+02 6.979282320285851160e-01 6.093644649886575948e-01 3.572483539581298828e+00
2.850000000000000000e+02 6.067896347897533404e-01 6.980575209144412874e-01 3.595191001892089844e+00
2.860000000000000000e+02 6.995384739118447603e-01 6.071456826471661739e-01 3.573822498321533203e+00
2.870000000000000000e+02 6.081843278940574082e-01 6.944200893899590277e-01 3.596256494522094727e+00
2.880000000000000000e+02 7.001406470033924023e-01 6.045594379582650557e-01 3.573630094528198242e+00
2.890000000000000000e+02 6.081155598484736524e-01 6.939196461343494216e-01 3.593650579452514648e+00
2.900000000000000000e+02 7.033229492289070350e-01 6.040890638154552406e-01 3.574031591415405273e+00
2.910000000000000000e+02 6.107053186963470326e-01 6.985184399463710836e-01 3.594910383224487305e+00
2.920000000000000000e+02 7.007463027042453163e-01 6.062840072141830738e-01 3.576191425323486328e+00
2.930000000000000000e+02 6.091658677270893607e-01 6.991898807391998538e-01 3.595896959304809570e+00
2.940000000000000000e+02 7.048006625544713799e-01 6.056816946739413954e-01 3.576196432113647461e+00
2.950000000000000000e+02 6.122017137959040456e-01 6.982542825444203460e-01 3.596068382263183594e+00
2.960000000000000000e+02 7.031954608519679351e-01 6.068450448807277686e-01 3.577264070510864258e+00
2.970000000000000000e+02 6.114340807082033757e-01 6.991086621170393700e-01 3.596025943756103516e+00
2.980000000000000000e+02 7.042030978440918521e-01 6.070068405494682962e-01 3.578052997589111328e+00
2.990000000000000000e+02 6.116457348454288345e-01 6.975143142187492096e-01 3.595921516418457031e+00
3.000000000000000000e+02 7.050130308179702876e-01 6.048137037027343510e-01 3.578577995300292969e+00
3.010000000000000000e+02 6.152495443730702229e-01 6.993153447212067109e-01 3.594477891921997070e+00
3.020000000000000000e+02 7.040381995296108864e-01 6.063095213938175521e-01 3.578536510467529297e+00
3.030000000000000000e+02 6.131814387571564717e-01 6.956815993955701716e-01 3.595608949661254883e+00
3.040000000000000000e+02 7.033327208705958400e-01 6.055022831102925274e-01 3.577536106109619141e+00
3.050000000000000000e+02 6.108523293203192983e-01 6.966479084981431757e-01 3.593888998031616211e+00
3.060000000000000000e+02 7.021566815484443502e-01 6.075698296016527333e-01 3.575844526290893555e+00
3.070000000000000000e+02 6.105592732339952811e-01 6.996946295373568381e-01 3.593895912170410156e+00
3.080000000000000000e+02 7.021237018588250001e-01 6.063022196604735958e-01 3.575463056564331055e+00
3.090000000000000000e+02 6.116296798013450831e-01 6.991524296850332165e-01 3.594793558120727539e+00
3.100000000000000000e+02 7.003098555390812052e-01 6.079118640877722024e-01 3.576019525527954102e+00
3.110000000000000000e+02 6.097632030614226206e-01 7.007793567925506562e-01 3.595864534378051758e+00
3.120000000000000000e+02 7.005763199091228355e-01 6.096959088788670433e-01 3.575007915496826172e+00
3.130000000000000000e+02 6.111042956933185888e-01 7.006398454864416481e-01 3.596528530120849609e+00
3.140000000000000000e+02 7.006212190248067850e-01 6.094459102278354523e-01 3.573945522308349609e+00
3.150000000000000000e+02 6.084140100699640952e-01 6.995382350781699232e-01 3.595643520355224609e+00
3.160000000000000000e+02 6.990649509324025068e-01 6.066171786413993017e-01 3.573048591613769531e+00
3.170000000000000000e+02 6.096454381866589500e-01 6.978634973518175189e-01 3.594529390335083008e+00
3.180000000000000000e+02 7.022810881829945062e-01 6.072850334351757029e-01 3.573287963867187500e+00
3.190000000000000000e+02 6.108072694733648333e-01 6.993070615119206801e-01 3.594443082809448242e+00
3.200000000000000000e+02 7.003662629915093918e-01 6.075085411142303604e-01 3.574088096618652344e+00
3.210000000000000000e+02 6.093083008423575420e-01 7.012455654848371855e-01 3.594458580017089844e+00
3.220000000000000000e+02 6.996857301277161767e-01 6.090461702388890730e-01 3.572596549987792969e+00
3.230000000000000000e+02 6.057277619403288460e-01 7.012923013614995593e-01 3.595752000808715820e+00
3.240000000000000000e+02 6.961811434206507387e-01 6.082505658282382210e-01 3.570761919021606445e+00
3.250000000000000000e+02 6.036747309065586542e-01 7.023800894529287353e-01 3.595389604568481445e+00
3.260000000000000000e+02 6.984669783150865285e-01 6.109555687907349819e-01 3.570137023925781250e+00
3.270000000000000000e+02 6.072492945152350163e-01 7.050087526797880200e-01 3.598053932189941406e+00
3.280000000000000000e+02 6.975529002948093193e-01 6.151258795959816394e-01 3.572693109512329102e+00
3.290000000000000000e+02 6.027509579519162441e-01 7.078252691268226426e-01 3.599556446075439453e+00
3.300000000000000000e+02 6.964335991174230855e-01 6.147640707752538569e-01 3.571584463119506836e+00
3.310000000000000000e+02 6.046658849417667625e-01 7.079571637458677014e-01 3.598858594894409180e+00
3.320000000000000000e+02 6.974676525760254986e-01 6.146289340709297777e-01 3.572974443435668945e+00
3.330000000000000000e+02 6.031488639721740430e-01 7.061178369788438935e-01 3.598329544067382812e+00
3.340000000000000000e+02 6.976023308644445642e-01 6.140052099936215146e-01 3.572650909423828125e+00
3.350000000000000000e+02 6.039959652232210763e-01 7.051975690689257226e-01 3.597800016403198242e+00
3.360000000000000000e+02 6.996534575637370912e-01 6.143002965043320440e-01 3.570863008499145508e+00
3.370000000000000000e+02 6.082544977837324174e-01 7.045510199174908061e-01 3.599061012268066406e+00
3.380000000000000000e+02 6.996115636209835342e-01 6.142403111987650988e-01 3.572191953659057617e+00
3.390000000000000000e+02 6.084593050327615771e-01 7.044778380045818578e-01 3.598536968231201172e+00
3.400000000000000000e+02 7.013700900455431819e-01 6.099782284449601910e-01 3.571990966796875000e+00
3.410000000000000000e+02 6.082396688863151990e-01 7.024242834770089150e-01 3.597896099090576172e+00
3.420000000000000000e+02 7.035091310425478639e-01 6.072858234201410355e-01 3.573625087738037109e+00
3.430000000000000000e+02 6.088703458895117215e-01 7.016033538766871525e-01 3.596047878265380859e+00
3.440000000000000000e+02 7.005709864436927559e-01 6.095109819183470723e-01 3.574199914932250977e+00
3.450000000000000000e+02 6.089242491181942052e-01 7.019630803652998630e-01 3.594635963439941406e+00
3.460000000000000000e+02 6.974904489925201068e-01 6.068924728644790045e-01 3.573573589324951172e+00
3.470000000000000000e+02 6.062548054955658738e-01 7.016857679425961836e-01 3.593235492706298828e+00
3.480000000000000000e+02 6.987858772247477201e-01 6.061808907281149850e-01 3.573622941970825195e+00
3.490000000000000000e+02 6.069736044544403741e-01 6.983730014373690231e-01 3.593053102493286133e+00
3.500000000000000000e+02 7.030667163971772160e-01 6.079656889126999753e-01 3.574805974960327148e+00
3.510000000000000000e+02 6.092617265142905580e-01 6.999202723502572221e-01 3.594265937805175781e+00
3.520000000000000000e+02 7.014967221777781425e-01 6.074378891147353965e-01 3.575704574584960938e+00
3.530000000000000000e+02 6.079014727983547139e-01 6.986625148685952080e-01 3.595130443572998047e+00
3.540000000000000000e+02 6.998721971831597388e-01 6.090400703321650067e-01 3.576235532760620117e+00
3.550000000000000000e+02 6.111926636292082105e-01 6.989828835832736509e-01 3.595705032348632812e+00
3.560000000000000000e+02 7.029444756272524852e-01 6.081270266246388001e-01 3.577441453933715820e+00
3.570000000000000000e+02 6.111159178647714851e-01 6.990254779396130047e-01 3.596577882766723633e+00
3.580000000000000000e+02 7.032998675784500886e-01 6.067041998252915569e-01 3.577430009841918945e+00
3.590000000000000000e+02 6.107634487322201045e-01 7.009620191913332743e-01 3.595216035842895508e+00
3.600000000000000000e+02 7.036533306533168108e-01 6.075914455746854737e-01 3.577847003936767578e+00
3.610000000000000000e+02 6.117578906296711194e-01 6.996465821613275793e-01 3.595942020416259766e+00
3.620000000000000000e+02 7.002373258256486821e-01 6.085847311869736487e-01 3.578744888305664062e+00
3.630000000000000000e+02 6.093900071334865665e-01 7.023515856851633155e-01 3.595596551895141602e+00
3.640000000000000000e+02 7.027364527648018999e-01 6.113536455673447279e-01 3.576801061630249023e+00
3.650000000000000000e+02 6.077935430786385318e-01 7.023464402560871678e-01 3.596278429031372070e+00
3.660000000000000000e+02 7.012499521024037064e-01 6.101950676081213665e-01 3.576288938522338867e+00
3.670000000000000000e+02 6.097877930722008788e-01 7.031016930025705269e-01 3.595560550689697266e+00
3.680000000000000000e+02 7.008624057288165288e-01 6.064826017455180462e-01 3.575938940048217773e+00
3.690000000000000000e+02 6.084015498277346445e-01 6.995040944687977991e-01 3.595365524291992188e+00
3.700000000000000000e+02 7.022860835110373845e-01 6.089964501840297029e-01 3.575695991516113281e+00
3.710000000000000000e+02 6.105195116033069747e-01 7.018453211939950087e-01 3.595087051391601562e+00
3.720000000000000000e+02 7.023055035216151376e-01 6.073099128237153810e-01 3.575978994369506836e+00
3.730000000000000000e+02 6.134105859643090852e-01 6.987116468414125148e-01 3.593442916870117188e+00
3.740000000000000000e+02 7.050471564534734892e-01 6.074082563699599868e-01 3.576963901519775391e+00
3.750000000000000000e+02 6.143529108597501898e-01 6.985418335877261464e-01 3.594038963317871094e+00
3.760000000000000000e+02 7.056655210921253252e-01 6.059747559537886907e-01 3.577713012695312500e+00
3.770000000000000000e+02 6.124061308835657691e-01 6.966692191363605957e-01 3.593520402908325195e+00
3.780000000000000000e+02 7.027607153950209407e-01 6.055538852283800511e-01 3.577468872070312500e+00
3.790000000000000000e+02 6.117096001493192992e-01 6.977869845693001061e-01 3.594395399093627930e+00
3.800000000000000000e+02 7.015770632520992311e-01 6.071794625053810179e-01 3.576863050460815430e+00
3.810000000000000000e+02 6.084642282027556970e-01 7.009787323782534774e-01 3.596741914749145508e+00
3.820000000000000000e+02 6.992822401075783345e-01 6.101896174130326811e-01 3.576563596725463867e+00
3.830000000000000000e+02 6.113838330517644692e-01 6.996419964905422617e-01 3.596352100372314453e+00
3.840000000000000000e+02 7.008915991607582718e-01 6.065434139224302745e-01 3.576409578323364258e+00
3.850000000000000000e+02 6.120883554589731101e-01 6.989497988894349811e-01 3.595314502716064453e+00
3.860000000000000000e+02 7.007670660565461507e-01 6.053822370389219110e-01 3.575529098510742188e+00
3.870000000000000000e+02 6.159440009145900063e-01 6.950288480334452235e-01 3.594302892684936523e+00
3.880000000000000000e+02 7.064784855388670515e-01 6.036670216977979564e-01 3.578221082687377930e+00
3.890000000000000000e+02 6.150398746737802957e-01 6.959787343005324756e-01 3.595982074737548828e+00
3.900000000000000000e+02 7.047513861646966804e-01 6.053148725258105101e-01 3.577649593353271484e+00
3.910000000000000000e+02 6.151413778157625023e-01 6.975117476139431894e-01 3.595614910125732422e+00
3.920000000000000000e+02 7.052404654476397416e-01 6.067692466291394471e-01 3.577517509460449219e+00
3.930000000000000000e+02 6.129013719230549384e-01 6.977594782895466530e-01 3.595180034637451172e+00
3.940000000000000000e+02 7.040376144616889986e-01 6.046778280079087020e-01 3.578007459640502930e+00
3.950000000000000000e+02 6.131595325835400567e-01 6.980547142404758265e-01 3.594543933868408203e+00
3.960000000000000000e+02 7.002504321179371383e-01 6.063466897715455994e-01 3.576068401336669922e+00
3.970000000000000000e+02 6.068723136902550719e-01 7.023793361115800993e-01 3.594333410263061523e+00
3.980000000000000000e+02 6.977256785175033338e-01 6.067470514241445345e-01 3.574191570281982422e+00
