0.000000000000000000e+00 1.202421209508542504e-01 5.099199213349794174e-02 2.982967376708984375e+00
1.000000000000000000e+00 1.084763040879361540e-01 1.203046020785635273e-01 3.005085945129394531e+00
2.000000000000000000e+00 2.524748996076134344e-01 1.053205973354800068e-01 3.136279106140136719e+00
3.000000000000000000e+00 2.165901609255563576e-01 2.549248256396992596e-01 3.157966375350952148e+00
4.000000000000000000e+00 3.828784170871825099e-01 2.117837677604852975e-01 3.243677377700805664e+00
5.000000000000000000e+00 3.225206420167406884e-01 3.776939248089022372e-01 3.265966415405273438e+00
6.000000000000000000e+00 4.770521132832291067e-01 3.116574028115523531e-01 3.321873426437377930e+00
7.000000000000000000e+00 4.003550790450419172e-01 4.696687361687667539e-01 3.341201543807983398e+00
8.000000000000000000e+00 5.418814547858797903e-01 3.888712013757087971e-01 3.378715991973876953e+00
9.000000000000000000e+00 4.557452806903488640e-01 5.365129284042188251e-01 3.397768497467041016e+00
1.000000000000000000e+01 5.882937841180836402e-01 4.512928239575726974e-01 3.418227434158325195e+00
1.100000000000000000e+01 4.930947211323254975e-01 5.823477218783178477e-01 3.441080093383789062e+00
1.200000000000000000e+01 6.165958114376155486e-01 4.866179282800598971e-01 3.447678565979003906e+00
1.300000000000000000e+01 5.210737124930603370e-01 6.119638191021822271e-01 3.469024896621704102e+00
1.400000000000000000e+01 6.439037891545289494e-01 5.176936326305956459e-01 3.469036579132080078e+00
1.500000000000000000e+01 5.472751915272273671e-01 6.342121305721422075e-01 3.491276502609252930e+00
1.600000000000000000e+01 6.604177735592188236e-01 5.392222023579491541e-01 3.485639572143554688e+00
1.700000000000000000e+01 5.627912838221148517e-01 6.535014385781154900e-01 3.507419586181640625e+00
1.800000000000000000e+01 6.690671555317493358e-01 5.510006664415872946e-01 3.496140956878662109e+00
1.900000000000000000e+01 5.692791248381080527e-01 6.620578130584564569e-01 3.517982006072998047e+00
2.000000000000000000e+01 6.774577593954962396e-01 5.611984554778630674e-01 3.504185438156127930e+00
2.100000000000000000e+01 5.753786218562281229e-01 6.707257199803829950e-01 3.526866436004638672e+00
2.200000000000000000e+01 6.818843746320663035e-01 5.731058572480921542e-01 3.509996414184570312e+00
2.300000000000000000e+01 5.856496867993146171e-01 6.707532383318897118e-01 3.533018589019775391e+00
2.400000000000000000e+01 6.874677569231646412e-01 5.740139048601031746e-01 3.516299962997436523e+00
2.500000000000000000e+01 5.855714977579739022e-01 6.787248388647411090e-01 3.536474466323852539e+00
2.600000000000000000e+01 6.892630071524203927e-01 5.783953397627480397e-01 3.519665956497192383e+00
2.700000000000000000e+01 5.914711790567618310e-01 6.788780645162424410e-01 3.540437936782836914e+00
2.800000000000000000e+01 6.938174504847556268e-01 5.847754348898960286e-01 3.522741556167602539e+00
2.900000000000000000e+01 5.956931539813175025e-01 6.815097593910781626e-01 3.543716430664062500e+00
3.000000000000000000e+01 6.944411426480070482e-01 5.836457831758730119e-01 3.525405406951904297e+00
3.100000000000000000e+01 5.938365361432981215e-01 6.872974270487649529e-01 3.544362545013427734e+00
3.200000000000000000e+01 6.934902330269675508e-01 5.872018389346054246e-01 3.523796558380126953e+00
3.300000000000000000e+01 5.971109878377388602e-01 6.866603016917033342e-01 3.545700073242187500e+00
3.400000000000000000e+01 6.937447967944310179e-01 5.886191682972254924e-01 3.524948596954345703e+00
3.500000000000000000e+01 5.932506476875769597e-01 6.891080004457295072e-01 3.546045541763305664e+00
3.600000000000000000e+01 6.932372188876226859e-01 5.903458296363746083e-01 3.526338100433349609e+00
3.700000000000000000e+01 5.932671364556444393e-01 6.901475707570987606e-01 3.547997474670410156e+00
3.800000000000000000e+01 6.953690793102137446e-01 5.876327188198487983e-01 3.525438547134399414e+00
3.900000000000000000e+01 5.942526447034014447e-01 6.896246903642090365e-01 3.548450946807861328e+00
4.000000000000000000e+01 6.957823969948472298e-01 5.913117946323852570e-01 3.527572393417358398e+00
4.100000000000000000e+01 5.962083964608815290e-01 6.898298762847580035e-01 3.549407005310058594e+00
4.200000000000000000e+01 6.962772052898826836e-01 5.893311104201552908e-01 3.527060031890869141e+00
4.300000000000000000e+01 5.959712177883496054e-01 6.886921060210501322e-01 3.549828052520751953e+00
4.400000000000000000e+01 6.966343520172421089e-01 5.874035438746885163e-01 3.525846958160400391e+00
4.500000000000000000e+01 5.955329621661306083e-01 6.858210571630775076e-01 3.548739910125732422e+00
4.600000000000000000e+01 6.955217526263010042e-01 5.876657075465395730e-01 3.527028560638427734e+00
4.700000000000000000e+01 5.982145696645221333e-01 6.866053275747669993e-01 3.548470020294189453e+00
4.800000000000000000e+01 6.937176321077640484e-01 5.874158090564947088e-01 3.527760505676269531e+00
4.900000000000000000e+01 5.938294700711430618e-01 6.846634147742052257e-01 3.548640489578247070e+00
5.000000000000000000e+01 6.945113353361284103e-01 5.860166886739065495e-01 3.526792526245117188e+00
5.100000000000000000e+01 5.945551184740275330e-01 6.841215859118779941e-01 3.551328897476196289e+00
5.200000000000000000e+01 6.936973145060830737e-01 5.865532895862610729e-01 3.527937412261962891e+00
5.300000000000000000e+01 5.970841764632444093e-01 6.875633751640263247e-01 3.551419496536254883e+00
5.400000000000000000e+01 6.958922134595870723e-01 5.899538681204883339e-01 3.528557538986206055e+00
5.500000000000000000e+01 5.988263974750579477e-01 6.877546842384569814e-01 3.552508592605590820e+00
5.600000000000000000e+01 6.973590042756101504e-01 5.903837881617610694e-01 3.529627561569213867e+00
5.700000000000000000e+01 5.996178862720823455e-01 6.896585724874652046e-01 3.550945520401000977e+00
5.800000000000000000e+01 6.971214057897612282e-01 5.922045026019909786e-01 3.529218435287475586e+00
5.900000000000000000e+01 6.000482324851569294e-01 6.920444481788678992e-01 3.550618886947631836e+00
6.000000000000000000e+01 7.001909446258884895e-01 5.949186453627582916e-01 3.531177997589111328e+00
6.100000000000000000e+01 5.991987723187776060e-01 6.926940378462674852e-01 3.551438570022583008e+00
6.200000000000000000e+01 6.966239840927562765e-01 5.937949429337248120e-01 3.531200408935546875e+00
6.300000000000000000e+01 5.953474154455017375e-01 6.915961794172450494e-01 3.552103519439697266e+00
6.400000000000000000e+01 6.936613708731524941e-01 5.907546661305060898e-01 3.529170036315917969e+00
6.500000000000000000e+01 5.979564881796578524e-01 6.898657905853768924e-01 3.550611495971679688e+00
6.600000000000000000e+01 6.937021397258171795e-01 5.925980570679042492e-01 3.530086040496826172e+00
6.700000000000000000e+01 5.928066228688282369e-01 6.933340314275440175e-01 3.550942897796630859e+00
6.800000000000000000e+01 6.932399955779366962e-01 5.911709137174628870e-01 3.530141592025756836e+00
6.900000000000000000e+01 5.926493444032747693e-01 6.899879395789064729e-01 3.550825595855712891e+00
7.000000000000000000e+01 6.928708911981072971e-01 5.912405877125124221e-01 3.528820991516113281e+00
7.100000000000000000e+01 5.964225076906737311e-01 6.904205665456215613e-01 3.551415920257568359e+00
7.200000000000000000e+01 6.940211687614173952e-01 5.906126828455346978e-01 3.530004978179931641e+00
7.300000000000000000e+01 5.963136536614379590e-01 6.949347918658559387e-01 3.551613092422485352e+00
7.400000000000000000e+01 6.941552997268428671e-01 5.952901175938984935e-01 3.531692504882812500e+00
7.500000000000000000e+01 5.988287971677643817e-01 6.932768602278944758e-01 3.553832054138183594e+00
7.600000000000000000e+01 6.983372479513274556e-01 5.944752786004060541e-01 3.530467033386230469e+00
7.700000000000000000e+01 5.979212248184011536e-01 6.923328638619939968e-01 3.553996562957763672e+00
7.800000000000000000e+01 6.950461795337358195e-01 5.918626660504384684e-01 3.531070947647094727e+00
7.900000000000000000e+01 5.983891227948685554e-01 6.894144484783341076e-01 3.552774906158447266e+00
8.000000000000000000e+01 6.962660958209749840e-01 5.907974826929870416e-01 3.530382394790649414e+00
8.100000000000000000e+01 5.989146513577171538e-01 6.898201989326576689e-01 3.551112413406372070e+00
8.200000000000000000e+01 6.962812479140140232e-01 5.937059177860006809e-01 3.531090974807739258e+00
8.300000000000000000e+01 5.967162883614965940e-01 6.924178027407231761e-01 3.551011562347412109e+00
8.400000000000000000e+01 6.939201410086748290e-01 5.964580672959777230e-01 3.528651952743530273e+00
8.500000000000000000e+01 5.962043864274026994e-01 6.908387387955082781e-01 3.551734447479248047e+00
8.600000000000000000e+01 6.969714458156660575e-01 5.939018571719935080e-01 3.529922485351562500e+00
8.700000000000000000e+01 5.979504086188004441e-01 6.870815754501993222e-01 3.551758050918579102e+00
8.800000000000000000e+01 6.976490837727962191e-01 5.879058449316505452e-01 3.528675556182861328e+00
8.900000000000000000e+01 5.992538549621058142e-01 6.853812194046480233e-01 3.551362037658691406e+00
9.000000000000000000e+01 7.004341891834647837e-01 5.885193085888527076e-01 3.529129028320312500e+00
9.100000000000000000e+01 5.984475319185916797e-01 6.863103902488806307e-01 3.550016403198242188e+00
9.200000000000000000e+01 6.991455782449523815e-01 5.898190599821279134e-01 3.529653072357177734e+00
9.300000000000000000e+01 5.979535352525165992e-01 6.883165758772795684e-01 3.549679994583129883e+00
9.400000000000000000e+01 6.943484521206376714e-01 5.933229056598187112e-01 3.530081510543823242e+00
9.500000000000000000e+01 5.928990589981266712e-01 6.903099100046339309e-01 3.551055908203125000e+00
9.600000000000000000e+01 6.937017715507225457e-01 5.917122145219734231e-01 3.526534557342529297e+00
9.700000000000000000e+01 5.927552234167391410e-01 6.899544465515327074e-01 3.549860000610351562e+00
9.800000000000000000e+01 6.935341125856819833e-01 5.932285856886990727e-01 3.525681972503662109e+00
9.900000000000000000e+01 5.917343663012105681e-01 6.922385880585791851e-01 3.549402952194213867e+00
1.000000000000000000e+02 6.901844431317198936e-01 5.931760792384821457e-01 3.525516033172607422e+00
1.010000000000000000e+02 5.901881402145340294e-01 6.924388462943702471e-01 3.550821542739868164e+00
1.020000000000000000e+02 6.894503678411628700e-01 5.929028290987240490e-01 3.526464939117431641e+00
1.030000000000000000e+02 5.902387010716179105e-01 6.919679970905618926e-01 3.550085067749023438e+00
1.040000000000000000e+02 6.905040637274330040e-01 5.891735554584824897e-01 3.527842044830322266e+00
1.050000000000000000e+02 5.962613015961625296e-01 6.909763923373268835e-01 3.549140930175781250e+00
1.060000000000000000e+02 6.945378252396431362e-01 5.933311610848045481e-01 3.528556585311889648e+00
1.070000000000000000e+02 5.952737754617585253e-01 6.914042235955754068e-01 3.551461935043334961e+00
1.080000000000000000e+02 6.935479004160759464e-01 5.917442971088380244e-01 3.529170989990234375e+00
1.090000000000000000e+02 5.950532584071712705e-01 6.888533055918907300e-01 3.551475524902343750e+00
1.100000000000000000e+02 6.952155144139199328e-01 5.892325897459084194e-01 3.529323577880859375e+00
1.110000000000000000e+02 5.943444269286625170e-01 6.921891192792699599e-01 3.550062417984008789e+00
1.120000000000000000e+02 6.934707117158915857e-01 5.919007043063817530e-01 3.527486085891723633e+00
1.130000000000000000e+02 5.945504932646947793e-01 6.925788544055564433e-01 3.551389455795288086e+00
1.140000000000000000e+02 6.940632327284325109e-01 5.945377833026493919e-01 3.527693033218383789e+00
1.150000000000000000e+02 5.955432695831333056e-01 6.913846014021772790e-01 3.550179958343505859e+00
1.160000000000000000e+02 6.928776021549591935e-01 5.915042661156914017e-01 3.528167486190795898e+00
1.170000000000000000e+02 5.964074741468134988e-01 6.890735555669710299e-01 3.550638437271118164e+00
1.180000000000000000e+02 6.943157669366841755e-01 5.922616853804033576e-01 3.529342889785766602e+00
1.190000000000000000e+02 5.914979263624784434e-01 6.937821771264006676e-01 3.551708459854125977e+00
1.200000000000000000e+02 6.910615380352106429e-01 5.943367074303178565e-01 3.528021574020385742e+00
1.210000000000000000e+02 5.933828332521083881e-01 6.914457435537560981e-01 3.552671909332275391e+00
1.220000000000000000e+02 6.915978809924607784e-01 5.922678860833540115e-01 3.529195547103881836e+00
1.230000000000000000e+02 5.941795395728491913e-01 6.900127948595567995e-01 3.551830053329467773e+00
1.240000000000000000e+02 6.918170465507761380e-01 5.958640538484938354e-01 3.529644489288330078e+00
1.250000000000000000e+02 5.941218846221172356e-01 6.934671569190243856e-01 3.553663492202758789e+00
1.260000000000000000e+02 6.942167967915360283e-01 5.986118412749051876e-01 3.529592990875244141e+00
1.270000000000000000e+02 5.955632279762540504e-01 6.982580687572084166e-01 3.553911924362182617e+00
1.280000000000000000e+02 6.962876653048599707e-01 5.951952992683078314e-01 3.529399394989013672e+00
1.290000000000000000e+02 5.984912425063472208e-01 6.916970088004380512e-01 3.553430557250976562e+00
1.300000000000000000e+02 6.959495206711150406e-01 5.915012796727947553e-01 3.530320882797241211e+00
1.310000000000000000e+02 5.982397497822128374e-01 6.885675813266244338e-01 3.552547931671142578e+00
1.320000000000000000e+02 6.964170832884453155e-01 5.901180324152581758e-01 3.531877517700195312e+00
1.330000000000000000e+02 5.999069179709434207e-01 6.898939495713184433e-01 3.552039384841918945e+00
1.340000000000000000e+02 6.952231961894987933e-01 5.923945217386968887e-01 3.531379938125610352e+00
1.350000000000000000e+02 6.006379829641730339e-01 6.926637141915699125e-01 3.553355455398559570e+00
1.360000000000000000e+02 6.998161994793427043e-01 5.932584580135359387e-01 3.531501531600952148e+00
1.370000000000000000e+02 6.000085840113965618e-01 6.872949290976052561e-01 3.552419900894165039e+00
1.380000000000000000e+02 6.991381255942612505e-01 5.876230136708402441e-01 3.532685041427612305e+00
1.390000000000000000e+02 5.978538103606351184e-01 6.877622810269702347e-01 3.550091981887817383e+00
1.400000000000000000e+02 6.977401532125365735e-01 5.870101502702291807e-01 3.530668020248413086e+00
1.410000000000000000e+02 5.985689762639987421e-01 6.865885181394641990e-01 3.550238609313964844e+00
1.420000000000000000e+02 6.981874392516965733e-01 5.869884360166817139e-01 3.530191898345947266e+00
1.430000000000000000e+02 6.020365124075289787e-01 6.864862956285919804e-01 3.549960374832153320e+00
1.440000000000000000e+02 6.984184335321146353e-01 5.895433925887433313e-01 3.531524896621704102e+00
1.450000000000000000e+02 6.019132236187777485e-01 6.873958827509009106e-01 3.549706935882568359e+00
1.460000000000000000e+02 6.996854401732893747e-01 5.862021406499370313e-01 3.532253503799438477e+00
1.470000000000000000e+02 5.990722098188134837e-01 6.880569243628750220e-01 3.549815416336059570e+00
1.480000000000000000e+02 6.970436767006848999e-01 5.909750013258852075e-01 3.530683994293212891e+00
1.490000000000000000e+02 5.994233988393614654e-01 6.873871029370183239e-01 3.552828550338745117e+00
1.500000000000000000e+02 6.980653687263591589e-01 5.892715351999520124e-01 3.531358003616333008e+00
1.510000000000000000e+02 5.987617808657869078e-01 6.853182648836796398e-01 3.551708459854125977e+00
1.520000000000000000e+02 6.977683946149861871e-01 5.894617213293832370e-01 3.530050516128540039e+00
1.530000000000000000e+02 5.973593577345015504e-01 6.859867213324730706e-01 3.551635503768920898e+00
1.540000000000000000e+02 6.932136211257220459e-01 5.911788795872001678e-01 3.528770923614501953e+00
1.550000000000000000e+02 5.958348722631163774e-01 6.929958378336547042e-01 3.551767587661743164e+00
1.560000000000000000e+02 6.944967853439342198e-01 5.939880778237566217e-01 3.527051925659179688e+00
1.570000000000000000e+02 5.969850927685819153e-01 6.902191220096018931e-01 3.551630020141601562e+00
1.580000000000000000e+02 6.981422732576773038e-01 5.901055899698942619e-01 3.528919935226440430e+00
1.590000000000000000e+02 5.965116396670869792e-01 6.882840660499471852e-01 3.551104545593261719e+00
1.600000000000000000e+02 6.969198703696899422e-01 5.915324994091738509e-01 3.530054092407226562e+00
1.610000000000000000e+02 5.971094533106879876e-01 6.911179768566927395e-01 3.551606416702270508e+00
1.620000000000000000e+02 6.938982020893350589e-01 5.900679832343753706e-01 3.529148578643798828e+00
1.630000000000000000e+02 5.947630067369241713e-01 6.893257651063433578e-01 3.550384521484375000e+00
1.640000000000000000e+02 6.937906406584065655e-01 5.906238348529072590e-01 3.528524875640869141e+00
1.650000000000000000e+02 5.984272964626252689e-01 6.920120857974261241e-01 3.550805568695068359e+00
1.660000000000000000e+02 6.987547745063094062e-01 5.886095005857174822e-01 3.529581069946289062e+00
1.670000000000000000e+02 5.973442273847389128e-01 6.903403765107370971e-01 3.550615072250366211e+00
1.680000000000000000e+02 6.956327628190949186e-01 5.920273431172794476e-01 3.529121398925781250e+00
1.690000000000000000e+02 5.967783944784625927e-01 6.913348414455483537e-01 3.551690101623535156e+00
1.700000000000000000e+02 6.958277205086593753e-01 5.953564238325823599e-01 3.528669595718383789e+00
1.710000000000000000e+02 5.972887297728229905e-01 6.928975814663551613e-01 3.552301406860351562e+00
1.720000000000000000e+02 6.947123314479907163e-01 5.955821941266363773e-01 3.527842044830322266e+00
1.730000000000000000e+02 5.988296187458829190e-01 6.938377880174066981e-01 3.551846981048583984e+00
1.740000000000000000e+02 6.962706311124323699e-01 5.927010660813106790e-01 3.529886484146118164e+00
1.750000000000000000e+02 5.962728560465750949e-01 6.918291762390857969e-01 3.550590515136718750e+00
1.760000000000000000e+02 6.989068266738580615e-01 5.909375569132905293e-01 3.529050588607788086e+00
1.770000000000000000e+02 5.977667010589681196e-01 6.920026506549925571e-01 3.550696372985839844e+00
1.780000000000000000e+02 6.987584035411487093e-01 5.921150088181300619e-01 3.529178380966186523e+00
1.790000000000000000e+02 6.004392904244104656e-01 6.907944688912763809e-01 3.551143884658813477e+00
1.800000000000000000e+02 6.984048559015912927e-01 5.920583388751585741e-01 3.528010606765747070e+00
1.810000000000000000e+02 6.011047675508445209e-01 6.934755034818778086e-01 3.550430059432983398e+00
1.820000000000000000e+02 7.009786661938148811e-01 5.891398964030601926e-01 3.529772996902465820e+00
1.830000000000000000e+02 6.007637972439556773e-01 6.918028494134911277e-01 3.550298452377319336e+00
1.840000000000000000e+02 6.981122772802444976e-01 5.930691140050535770e-01 3.530233383178710938e+00
1.850000000000000000e+02 5.983660480825537809e-01 6.917497698557359964e-01 3.553231954574584961e+00
1.860000000000000000e+02 6.970480692716375382e-01 5.944961757390737622e-01 3.532216548919677734e+00
1.870000000000000000e+02 5.991759345228966360e-01 6.967377198552436868e-01 3.552117109298706055e+00
1.880000000000000000e+02 6.956539742313327945e-01 5.951356261938069991e-01 3.529731988906860352e+00
1.890000000000000000e+02 5.963130984718977290e-01 6.952286114788762683e-01 3.552985906600952148e+00
1.900000000000000000e+02 6.938815725567155646e-01 5.944513166106781821e-01 3.525930404663085938e+00
1.910000000000000000e+02 5.956256034384778131e-01 6.935292694387671375e-01 3.552409887313842773e+00
1.920000000000000000e+02 6.950562424955727403e-01 5.916242844664180156e-01 3.526491403579711914e+00
1.930000000000000000e+02 5.990398569911836724e-01 6.923239358398310950e-01 3.552655458450317383e+00
1.940000000000000000e+02 6.997143036626428669e-01 5.883436564045855244e-01 3.527488946914672852e+00
1.950000000000000000e+02 5.968276442258855230e-01 6.871414333366774319e-01 3.550749063491821289e+00
1.960000000000000000e+02 6.966220366439721534e-01 5.874307577722356344e-01 3.526993989944458008e+00
1.970000000000000000e+02 6.010923439616782105e-01 6.875986648590527439e-01 3.549400568008422852e+00
1.980000000000000000e+02 6.962461830972923593e-01 5.878298347088630749e-01 3.529052972793579102e+00
1.990000000000000000e+02 5.994384375714487678e-01 6.893552609077091553e-01 3.549996376037597656e+00
2.000000000000000000e+02 6.950312652639299982e-01 5.912789683422393638e-01 3.529458999633789062e+00
2.010000000000000000e+02 5.966220907452988165e-01 6.871249899715947684e-01 3.550445556640625000e+00
2.020000000000000000e+02 6.980917023149746381e-01 5.908084181233748122e-01 3.528166055679321289e+00
2.030000000000000000e+02 6.000986794692129145e-01 6.918314659669705380e-01 3.550436019897460938e+00
2.040000000000000000e+02 6.992561826183494311e-01 5.905689981561240698e-01 3.529231548309326172e+00
2.050000000000000000e+02 6.005485491093621730e-01 6.896150734947263938e-01 3.549214601516723633e+00
2.060000000000000000e+02 6.977880287802512571e-01 5.901187954607560737e-01 3.528549909591674805e+00
2.070000000000000000e+02 5.983939920238670052e-01 6.893116009999614713e-01 3.550364494323730469e+00
2.080000000000000000e+02 6.994628621077713104e-01 5.909750109901243942e-01 3.529824495315551758e+00
2.090000000000000000e+02 5.969448496401671411e-01 6.897745352977255884e-01 3.549632072448730469e+00
2.100000000000000000e+02 6.960738582933680973e-01 5.892240289876828907e-01 3.529633998870849609e+00
2.110000000000000000e+02 5.966197496804073186e-01 6.877440712511937448e-01 3.550996065139770508e+00
2.120000000000000000e+02 6.956747719916647199e-01 5.893881024226658161e-01 3.528011560440063477e+00
2.130000000000000000e+02 5.954904560710577721e-01 6.876560720564900420e-01 3.550662517547607422e+00
2.140000000000000000e+02 6.915755636200607848e-01 5.910089506087775613e-01 3.527572393417358398e+00
2.150000000000000000e+02 5.977102554468370910e-01 6.896805506550478526e-01 3.552466392517089844e+00
2.160000000000000000e+02 6.980152795290899270e-01 5.887765337853807512e-01 3.528749942779541016e+00
2.170000000000000000e+02 6.004179709859863712e-01 6.871411312114714676e-01 3.552415609359741211e+00
2.180000000000000000e+02 6.984115194504459945e-01 5.892211800649781450e-01 3.528038501739501953e+00
2.190000000000000000e+02 5.994101411556859160e-01 6.877777079300215757e-01 3.550783872604370117e+00
2.200000000000000000e+02 6.972285316828912283e-01 5.868785375556260231e-01 3.528155565261840820e+00
2.210000000000000000e+02 5.997707581586573244e-01 6.898163136225683445e-01 3.549801588058471680e+00
2.220000000000000000e+02 6.981927845723205905e-01 5.903539707941877213e-01 3.527680873870849609e+00
2.230000000000000000e+02 5.985140182789407959e-01 6.897429528790585129e-01 3.550568103790283203e+00
2.240000000000000000e+02 6.965317523077282358e-01 5.910656947095229707e-01 3.527012109756469727e+00
2.250000000000000000e+02 5.982035787505489699e-01 6.913482999856919164e-01 3.551178455352783203e+00
2.260000000000000000e+02 6.935391714741450109e-01 5.943690440498597960e-01 3.528162479400634766e+00
2.270000000000000000e+02 5.992877676257175601e-01 6.897216031384891810e-01 3.552941083908081055e+00
2.280000000000000000e+02 6.978081115685218494e-01 5.893492117187483226e-01 3.528659582138061523e+00
2.290000000000000000e+02 5.984522739847406569e-01 6.874211894493851283e-01 3.552265405654907227e+00
2.300000000000000000e+02 6.981659490264611190e-01 5.933256667085892166e-01 3.529976606369018555e+00
2.310000000000000000e+02 5.972035698403301840e-01 6.888931131013773523e-01 3.552003383636474609e+00
2.320000000000000000e+02 6.950408404301697818e-01 5.901876122822067305e-01 3.529452085494995117e+00
2.330000000000000000e+02 5.986367390295133095e-01 6.873685976320598190e-01 3.551696538925170898e+00
2.340000000000000000e+02 6.937050350654307973e-01 5.901582850831319504e-01 3.527981519699096680e+00
2.350000000000000000e+02 5.979562631370735071e-01 6.886875473079839827e-01 3.553416013717651367e+00
2.360000000000000000e+02 6.943176071418880602e-01 5.912954728200341403e-01 3.527211904525756836e+00
2.370000000000000000e+02 5.974243003755832504e-01 6.894730155338646416e-01 3.551203966140747070e+00
2.380000000000000000e+02 6.975078127555139895e-01 5.886223926769571513e-01 3.528095483779907227e+00
2.390000000000000000e+02 5.999671850410797092e-01 6.892407305485037661e-01 3.549827098846435547e+00
2.400000000000000000e+02 7.003630261837719972e-01 5.899193824725481594e-01 3.528527975082397461e+00
2.410000000000000000e+02 5.985222751427354826e-01 6.885485706447076470e-01 3.550662517547607422e+00
2.420000000000000000e+02 7.001350642198186369e-01 5.926065333336012486e-01 3.529810428619384766e+00
2.430000000000000000e+02 6.012019088784521514e-01 6.882460070015378184e-01 3.551160573959350586e+00
2.440000000000000000e+02 7.022683178177357988e-01 5.858204656485410666e-01 3.529432535171508789e+00
2.450000000000000000e+02 6.011550311843472105e-01 6.886021328888354276e-01 3.548495054244995117e+00
2.460000000000000000e+02 7.009563135342019580e-01 5.887820771265855901e-01 3.528080940246582031e+00
2.470000000000000000e+02 5.997509093948938386e-01 6.903355838416781465e-01 3.548712968826293945e+00
2.480000000000000000e+02 6.974971575939268309e-01 5.887602684120376573e-01 3.528878450393676758e+00
2.490000000000000000e+02 5.987444962268509974e-01 6.837731568445313268e-01 3.549772500991821289e+00
2.500000000000000000e+02 6.985660838164688968e-01 5.866749889028259890e-01 3.528882026672363281e+00
2.510000000000000000e+02 5.973543811255934699e-01 6.870334103599186060e-01 3.550572872161865234e+00
2.520000000000000000e+02 6.985140557518082494e-01 5.902211291711024765e-01 3.529576539993286133e+00
2.530000000000000000e+02 5.979751630705775201e-01 6.877014828738782226e-01 3.551583051681518555e+00
2.540000000000000000e+02 6.966913705519414135e-01 5.877917372922027983e-01 3.529593944549560547e+00
2.550000000000000000e+02 5.979308582681961415e-01 6.888267084887322866e-01 3.550510406494140625e+00
2.560000000000000000e+02 6.987239971971269670e-01 5.889984406174620934e-01 3.529393434524536133e+00
2.570000000000000000e+02 5.995772442659241808e-01 6.869440983108725529e-01 3.550442934036254883e+00
2.580000000000000000e+02 7.031550017225378646e-01 5.906837247220689813e-01 3.528640985488891602e+00
2.590000000000000000e+02 6.012022025920358281e-01 6.887117861594944657e-01 3.550709009170532227e+00
2.600000000000000000e+02 6.990398173011492799e-01 5.892652762760445251e-01 3.527905941009521484e+00
2.610000000000000000e+02 6.008940524626045221e-01 6.885873867757238420e-01 3.549551963806152344e+00
2.620000000000000000e+02 6.998440755195806107e-01 5.907439694096795479e-01 3.528108596801757812e+00
2.630000000000000000e+02 6.011255812295832612e-01 6.941859335142369636e-01 3.551872014999389648e+00
2.640000000000000000e+02 6.999170301209980405e-01 5.920564321160375343e-01 3.528114080429077148e+00
2.650000000000000000e+02 5.975032711973541355e-01 6.943601472772895633e-01 3.553201913833618164e+00
2.660000000000000000e+02 6.975368857391692767e-01 5.932601570166686766e-01 3.527814388275146484e+00
2.670000000000000000e+02 5.988250458854496028e-01 6.921418360696823813e-01 3.553085088729858398e+00
2.680000000000000000e+02 6.970636492228843295e-01 5.896819511552127135e-01 3.526393413543701172e+00
2.690000000000000000e+02 5.953837868854171544e-01 6.904528329314515434e-01 3.552743434906005859e+00
2.700000000000000000e+02 6.965110302192779601e-01 5.905205422289905304e-01 3.528090000152587891e+00
2.710000000000000000e+02 5.961333678733041763e-01 6.907293074438560776e-01 3.551939964294433594e+00
2.720000000000000000e+02 6.942929386020435523e-01 5.915744168238670220e-01 3.528341531753540039e+00
2.730000000000000000e+02 5.952955742298794428e-01 6.911563003703443675e-01 3.553878068923950195e+00
2.740000000000000000e+02 6.955020630773900425e-01 5.945015092825995939e-01 3.529561996459960938e+00
2.750000000000000000e+02 5.947692352582401032e-01 6.933146567244123926e-01 3.553200960159301758e+00
2.760000000000000000e+02 6.961695203827634737e-01 5.954967720598766112e-01 3.527137041091918945e+00
2.770000000000000000e+02 5.978041076379337904e-01 6.951793215371103729e-01 3.554279565811157227e+00
2.780000000000000000e+02 7.001541014854596456e-01 5.948366753531119100e-01 3.528994083404541016e+00
2.790000000000000000e+02 6.036528126733522459e-01 6.934667606366442527e-01 3.553410053253173828e+00
2.800000000000000000e+02 7.053261495229784517e-01 5.933435640426569790e-01 3.532090425491333008e+00
2.810000000000000000e+02 6.081815557314010912e-01 6.918063616885031797e-01 3.553431510925292969e+00
2.820000000000000000e+02 7.052702629030506154e-01 5.930108055119499566e-01 3.531656980514526367e+00
2.830000000000000000e+02 6.043013196885371752e-01 6.920611394539866179e-01 3.551614999771118164e+00
2.840000000000000000e+02 7.025859203992137481e-01 5.906604123705786469e-01 3.531434059143066406e+00
2.850000000000000000e+02 6.044843133996685713e-01 6.876289716675707542e-01 3.551785469055175781e+00
2.860000000000000000e+02 7.035723350582899771e-01 5.900068008168715128e-01 3.531728982925415039e+00
2.870000000000000000e+02 6.055192860261298105e-01 6.911827821385428949e-01 3.551552057266235352e+00
2.880000000000000000e+02 7.012308381704359661e-01 5.913155972751993339e-01 3.530822038650512695e+00
2.890000000000000000e+02 6.030537656765976307e-01 6.880189844789831310e-01 3.551994562149047852e+00
2.900000000000000000e+02 7.012254646748876663e-01 5.901844393586762605e-01 3.530344009399414062e+00
2.910000000000000000e+02 6.050564010402941229e-01 6.916408735576762279e-01 3.551204442977905273e+00
2.920000000000000000e+02 7.010503988155639687e-01 5.931696950244608191e-01 3.530747413635253906e+00
2.930000000000000000e+02 6.018467250430060700e-01 6.908052532822408498e-01 3.553002595901489258e+00
2.940000000000000000e+02 7.013073464628039044e-01 5.928255291048011300e-01 3.530138015747070312e+00
2.950000000000000000e+02 5.996975632737672202e-01 6.910347247143086014e-01 3.552041530609130859e+00
2.960000000000000000e+02 6.962901434250331478e-01 5.893185308884623108e-01 3.528883457183837891e+00
2.970000000000000000e+02 5.963728029016127641e-01 6.911302284986671207e-01 3.550568580627441406e+00
2.980000000000000000e+02 6.955256921086290234e-01 5.920500942220054963e-01 3.527774572372436523e+00
2.990000000000000000e+02 5.977372805784997301e-01 6.891738194654417615e-01 3.551573991775512695e+00
3.000000000000000000e+02 6.989670717024841773e-01 5.893744796471233061e-01 3.528132438659667969e+00
3.010000000000000000e+02 5.988200203419692391e-01 6.908081154019634074e-01 3.550218582153320312e+00
3.020000000000000000e+02 6.978697557264308404e-01 5.896991496028485269e-01 3.528261423110961914e+00
3.030000000000000000e+02 5.988863568658312486e-01 6.895612903672313498e-01 3.549633026123046875e+00
3.040000000000000000e+02 6.965071520832639695e-01 5.907582222945402251e-01 3.526659965515136719e+00
3.050000000000000000e+02 5.965536595094843575e-01 6.914744373742142125e-01 3.549345016479492188e+00
3.060000000000000000e+02 6.970477070872472813e-01 5.898904194174169335e-01 3.526911973953247070e+00
3.070000000000000000e+02 5.972922873286480305e-01 6.914720393586246683e-01 3.550655603408813477e+00
3.080000000000000000e+02 6.946632415925141357e-01 5.949636149204345914e-01 3.528352499008178711e+00
3.090000000000000000e+02 5.969315751154989913e-01 6.916381990880982045e-01 3.553311586380004883e+00
3.100000000000000000e+02 6.969834531608574135e-01 5.943614203919641570e-01 3.528664588928222656e+00
3.110000000000000000e+02 5.996146819496741553e-01 6.906691948619110288e-01 3.551752567291259766e+00
3.120000000000000000e+02 7.002727929008830676e-01 5.916358394752250227e-01 3.529968023300170898e+00
3.130000000000000000e+02 5.989348302072801111e-01 6.912079936783626088e-01 3.551517963409423828e+00
3.140000000000000000e+02 6.958799701260366399e-01 5.922604980991982293e-01 3.529479503631591797e+00
3.150000000000000000e+02 5.987159334525685717e-01 6.923427390451248886e-01 3.552035570144653320e+00
3.160000000000000000e+02 7.003803202891394353e-01 5.942247576428266731e-01 3.530169010162353516e+00
3.170000000000000000e+02 5.977249093928311829e-01 6.913360366496016374e-01 3.554069519042968750e+00
3.180000000000000000e+02 6.977756522969901232e-01 5.942560179928023656e-01 3.529397010803222656e+00
3.190000000000000000e+02 5.995950053248352285e-01 6.944245925542923414e-01 3.550958871841430664e+00
3.200000000000000000e+02 6.996926594687070677e-01 5.939152023574102435e-01 3.528594970703125000e+00
3.210000000000000000e+02 5.993378660164667693e-01 6.918863721759808127e-01 3.551086425781250000e+00
3.220000000000000000e+02 6.996284605226008591e-01 5.889742995011932880e-01 3.530456542968750000e+00
3.230000000000000000e+02 6.021974197423856090e-01 6.872095374401411272e-01 3.551251888275146484e+00
3.240000000000000000e+02 7.003411692431178448e-01 5.865052999974891268e-01 3.531584978103637695e+00
3.250000000000000000e+02 6.012088238179855715e-01 6.888090910576060155e-01 3.549304485321044922e+00
3.260000000000000000e+02 7.031315226547530939e-01 5.902165737318884053e-01 3.530501604080200195e+00
3.270000000000000000e+02 6.042277992986166968e-01 6.887736604678580399e-01 3.549707889556884766e+00
3.280000000000000000e+02 6.987609243319043983e-01 5.875472117802781336e-01 3.532016515731811523e+00
3.290000000000000000e+02 6.008803268172218104e-01 6.861169859204423460e-01 3.548326969146728516e+00
3.300000000000000000e+02 6.985806885432821467e-01 5.895922823944851343e-01 3.530790090560913086e+00
3.310000000000000000e+02 5.987659649574108567e-01 6.880568311331890508e-01 3.549530982971191406e+00
3.320000000000000000e+02 7.000113494994804064e-01 5.923509375092407270e-01 3.530571937561035156e+00
3.330000000000000000e+02 5.984517898486666487e-01 6.887000134507129667e-01 3.550191879272460938e+00
3.340000000000000000e+02 6.938951912505353370e-01 5.907601569218507986e-01 3.529345512390136719e+00
3.350000000000000000e+02 5.975405597786420664e-01 6.889309569253441179e-01 3.550311565399169922e+00
3.360000000000000000e+02 6.944039888371065228e-01 5.907799688582068276e-01 3.528819084167480469e+00
3.370000000000000000e+02 5.956280448567534691e-01 6.871545618116023935e-01 3.549643993377685547e+00
3.380000000000000000e+02 6.950855263849323729e-01 5.863982853693618935e-01 3.529706001281738281e+00
3.390000000000000000e+02 5.978235538688682071e-01 6.848445078402235486e-01 3.548711538314819336e+00
3.400000000000000000e+02 6.950353642387435693e-01 5.867604664852237306e-01 3.530674457550048828e+00
3.410000000000000000e+02 5.956754678163073136e-01 6.882122327297409692e-01 3.550781011581420898e+00
3.420000000000000000e+02 6.942449862441774089e-01 5.915110318016278956e-01 3.528331041336059570e+00
3.430000000000000000e+02 5.960163768713125920e-01 6.894823875276907543e-01 3.550967454910278320e+00
3.440000000000000000e+02 6.950006897801165318e-01 5.898259036317304860e-01 3.528358936309814453e+00
3.450000000000000000e+02 5.979889706595639121e-01 6.880773286813860468e-01 3.550570487976074219e+00
3.460000000000000000e+02 6.961609322993168592e-01 5.886485442061536455e-01 3.529106378555297852e+00
3.470000000000000000e+02 5.969375368035375606e-01 6.880649278428333515e-01 3.550779581069946289e+00
3.480000000000000000e+02 6.969598388563780222e-01 5.895534570191093282e-01 3.529218912124633789e+00
3.490000000000000000e+02 5.946378225421958819e-01 6.889800062422194449e-01 3.550301551818847656e+00
3.500000000000000000e+02 6.943571529408311127e-01 5.897414049133481440e-01 3.527483463287353516e+00
3.510000000000000000e+02 5.926536033610597665e-01 6.918980623677656316e-01 3.551198482513427734e+00
3.520000000000000000e+02 6.944708695599033366e-01 5.927406247451176835e-01 3.527151584625244141e+00
3.530000000000000000e+02 5.915692535502319327e-01 6.910363042769580577e-01 3.553234100341796875e+00
3.540000000000000000e+02 6.937355922730473745e-01 5.922696768743388462e-01 3.525608062744140625e+00
3.550000000000000000e+02 5.898858443078278668e-01 6.909831504213327369e-01 3.551220893859863281e+00
3.560000000000000000e+02 6.937357305437373833e-01 5.919816639292093674e-01 3.524679422378540039e+00
3.570000000000000000e+02 5.908799648557109263e-01 6.924524571055215016e-01 3.550539016723632812e+00
3.580000000000000000e+02 6.914534017459846860e-01 5.940161716224193755e-01 3.524415969848632812e+00
3.590000000000000000e+02 5.902227752928359550e-01 6.894816610675147395e-01 3.551513910293579102e+00
3.600000000000000000e+02 6.902161495776666378e-01 5.898166347587187053e-01 3.524305105209350586e+00
3.610000000000000000e+02 5.920164981305122698e-01 6.891416421062018793e-01 3.551881551742553711e+00
3.620000000000000000e+02 6.942057459904132921e-01 5.907457072849942037e-01 3.526863098144531250e+00
3.630000000000000000e+02 5.943920888241805978e-01 6.874372660421727010e-01 3.549324989318847656e+00
3.640000000000000000e+02 6.905203043339268598e-01 5.878163142276743303e-01 3.527574062347412109e+00
3.650000000000000000e+02 5.923952116198291096e-01 6.893798759426144063e-01 3.549426555633544922e+00
3.660000000000000000e+02 6.920692802929002685e-01 5.878166776883330114e-01 3.528016567230224609e+00
3.670000000000000000e+02 5.936506668896525118e-01 6.898158371922445964e-01 3.549539566040039062e+00
3.680000000000000000e+02 6.929493602443939082e-01 5.913611552584210340e-01 3.528018474578857422e+00
3.690000000000000000e+02 5.963142862580458337e-01 6.880241044277753959e-01 3.550796985626220703e+00
3.700000000000000000e+02 6.955862852569254517e-01 5.925305228347628184e-01 3.529124975204467773e+00
3.710000000000000000e+02 5.951085052062653480e-01 6.901497388599028282e-01 3.551644563674926758e+00
3.720000000000000000e+02 6.967091995221620371e-01 5.907544042895116476e-01 3.528390884399414062e+00
3.730000000000000000e+02 5.985873884703329928e-01 6.906988484499003711e-01 3.551575899124145508e+00
3.740000000000000000e+02 6.988404003226383887e-01 5.886648298884133990e-01 3.528541088104248047e+00
3.750000000000000000e+02 5.974620490606808998e-01 6.887431202123265317e-01 3.550535917282104492e+00
3.760000000000000000e+02 6.980486398115115509e-01 5.864271522902516631e-01 3.527775049209594727e+00
3.770000000000000000e+02 6.002219995519881834e-01 6.890165522527026409e-01 3.547794103622436523e+00
3.780000000000000000e+02 6.987240474249467592e-01 5.886608669088273516e-01 3.529891490936279297e+00
3.790000000000000000e+02 6.007613338493377197e-01 6.868459788807717015e-01 3.548585891723632812e+00
3.800000000000000000e+02 7.006795016224026673e-01 5.839313000281716182e-01 3.528726100921630859e+00
3.810000000000000000e+02 6.003801925816660834e-01 6.840461232639489797e-01 3.548868894577026367e+00
3.820000000000000000e+02 6.988221086853524389e-01 5.851963265070352360e-01 3.530488967895507812e+00
3.830000000000000000e+02 5.982000528845945464e-01 6.840779493538293732e-01 3.548912048339843750e+00
3.840000000000000000e+02 6.979241369490504221e-01 5.870108069203308077e-01 3.530356407165527344e+00
3.850000000000000000e+02 5.953314869537122966e-01 6.847813413060753751e-01 3.548584461212158203e+00
3.860000000000000000e+02 6.935280608813452208e-01 5.883435470877782514e-01 3.529736042022705078e+00
3.870000000000000000e+02 5.951863153147380903e-01 6.883146227877291468e-01 3.549310445785522461e+00
3.880000000000000000e+02 6.950320576986956933e-01 5.886841451828630500e-01 3.528629064559936523e+00
3.890000000000000000e+02 5.968251686965473368e-01 6.926320777759004121e-01 3.550640106201171875e+00
3.900000000000000000e+02 6.951965165627655985e-01 5.925453593831491172e-01 3.529236555099487305e+00
3.910000000000000000e+02 5.949923477493528345e-01 6.902687732517348573e-01 3.552137374877929688e+00
3.920000000000000000e+02 6.948988003417742032e-01 5.925470305356039802e-01 3.528047561645507812e+00
3.930000000000000000e+02 6.015222183876844930e-01 6.907644860436427114e-01 3.552484035491943359e+00
3.940000000000000000e+02 6.951353025452770007e-01 5.901479803795588452e-01 3.529475927352905273e+00
3.950000000000000000e+02 5.958456001826527570e-01 6.890036460345949632e-01 3.551885604858398438e+00
3.960000000000000000e+02 6.949963867046803356e-01 5.890952415454148161e-01 3.528528928756713867e+00
3.970000000000000000e+02 5.965063280534975698e-01 6.881597757363492329e-01 3.548969984054565430e+00
3.980000000000000000e+02 6.963514973985115430e-01 5.928765098094439523e-01 3.528110027313232422e+00
