0.000000000000000000e+00 1.295577291001749343e-01 4.574314630188330150e-02 2.985686540603637695e+00
1.000000000000000000e+00 1.116025203988646047e-01 1.353524966661112383e-01 3.005678892135620117e+00
2.000000000000000000e+00 2.816330714464897467e-01 1.109189073260292563e-01 3.131524085998535156e+00
3.000000000000000000e+00 2.314874332365214893e-01 2.884473111003319490e-01 3.151714563369750977e+00
4.000000000000000000e+00 4.166846453546582674e-01 2.296591168596988086e-01 3.229510068893432617e+00
5.000000000000000000e+00 3.332857092869282445e-01 4.122932036937997369e-01 3.250499486923217773e+00
6.000000000000000000e+00 5.069701275538091023e-01 3.244091925810269617e-01 3.295179605484008789e+00
7.000000000000000000e+00 4.051604457653061875e-01 4.971588142236297303e-01 3.314322948455810547e+00
8.000000000000000000e+00 5.609511544691445639e-01 3.966121756415519339e-01 3.341450929641723633e+00
9.000000000000000000e+00 4.449493618846626641e-01 5.550847221635962780e-01 3.359837532043457031e+00
1.000000000000000000e+01 5.929905669003092683e-01 4.465155360274877250e-01 3.370084047317504883e+00
1.100000000000000000e+01 4.786100919855781344e-01 5.919326485710407759e-01 3.391366004943847656e+00
1.200000000000000000e+01 6.126833905157932358e-01 4.766260963980332721e-01 3.391522407531738281e+00
1.300000000000000000e+01 4.990263401529806409e-01 6.134389075744858255e-01 3.413057565689086914e+00
1.400000000000000000e+01 6.289077855482246848e-01 4.976325591823974603e-01 3.405982017517089844e+00
1.500000000000000000e+01 5.105751859567854156e-01 6.290928601885413807e-01 3.427613496780395508e+00
1.600000000000000000e+01 6.390430686830619322e-01 5.148512906921122179e-01 3.413456439971923828e+00
1.700000000000000000e+01 5.218570873126177068e-01 6.389742272773333287e-01 3.438747882843017578e+00
1.800000000000000000e+01 6.548490780373720233e-01 5.207629242884798115e-01 3.421953439712524414e+00
1.900000000000000000e+01 5.302221099800010773e-01 6.472371060364882078e-01 3.445753097534179688e+00
2.000000000000000000e+01 6.528200422710640494e-01 5.281574408678870736e-01 3.427495479583740234e+00
2.100000000000000000e+01 5.309412231246652958e-01 6.518299407469789752e-01 3.451018095016479492e+00
2.200000000000000000e+01 6.544092060699133739e-01 5.342436377237544942e-01 3.431710481643676758e+00
2.300000000000000000e+01 5.353086879743741422e-01 6.594995951327878858e-01 3.456219434738159180e+00
2.400000000000000000e+01 6.618556857532786886e-01 5.406680622127537639e-01 3.434331417083740234e+00
2.500000000000000000e+01 5.422052236118565238e-01 6.587096182564310398e-01 3.458576917648315430e+00
2.600000000000000000e+01 6.658805779501673072e-01 5.393850988376599487e-01 3.437022924423217773e+00
2.700000000000000000e+01 5.489877896071144736e-01 6.584979565903266163e-01 3.459204912185668945e+00
2.800000000000000000e+01 6.706211534522401596e-01 5.365370718462848521e-01 3.441878557205200195e+00
2.900000000000000000e+01 5.494528359876502677e-01 6.567797498488352481e-01 3.459376573562622070e+00
3.000000000000000000e+01 6.695953445134251725e-01 5.388379318065515955e-01 3.443032503128051758e+00
3.100000000000000000e+01 5.501359741485097876e-01 6.601840494181383523e-01 3.460222959518432617e+00
3.200000000000000000e+01 6.724581341250961408e-01 5.409951691770018556e-01 3.444099903106689453e+00
3.300000000000000000e+01 5.523559531834481007e-01 6.615678662926586240e-01 3.460828542709350586e+00
3.400000000000000000e+01 6.712922858848242580e-01 5.406085589635759581e-01 3.444880485534667969e+00
3.500000000000000000e+01 5.516203193620253797e-01 6.553985801689778956e-01 3.460943460464477539e+00
3.600000000000000000e+01 6.682339115393445272e-01 5.389979199241063945e-01 3.445102930068969727e+00
3.700000000000000000e+01 5.475243618965311976e-01 6.593956909466359706e-01 3.461971998214721680e+00
3.800000000000000000e+01 6.646302369275538524e-01 5.443441596239987357e-01 3.443418025970458984e+00
3.900000000000000000e+01 5.469464020966623430e-01 6.617345075915465058e-01 3.462963104248046875e+00
4.000000000000000000e+01 6.674828736741882373e-01 5.480668486986730592e-01 3.442373037338256836e+00
4.100000000000000000e+01 5.544636137839407120e-01 6.642902905699762384e-01 3.463394403457641602e+00
4.200000000000000000e+01 6.745193136765472719e-01 5.446520452029733894e-01 3.443996906280517578e+00
4.300000000000000000e+01 5.543416605742266245e-01 6.624580043124886908e-01 3.462107419967651367e+00
4.400000000000000000e+01 6.729216353306658460e-01 5.415448058760874428e-01 3.443772077560424805e+00
4.500000000000000000e+01 5.505820790585607138e-01 6.596371402444419774e-01 3.460790872573852539e+00
4.600000000000000000e+01 6.717977439734477141e-01 5.425520962472217823e-01 3.441926002502441406e+00
4.700000000000000000e+01 5.513202955906736369e-01 6.654055659388596888e-01 3.461244583129882812e+00
4.800000000000000000e+01 6.697610502696270673e-01 5.448724264332452938e-01 3.442356586456298828e+00
4.900000000000000000e+01 5.492860163521040562e-01 6.641678297679055598e-01 3.462307453155517578e+00
5.000000000000000000e+01 6.686546752169275631e-01 5.465490879677632474e-01 3.443974971771240234e+00
5.100000000000000000e+01 5.508119663878545680e-01 6.655990214805046490e-01 3.464653015136718750e+00
5.200000000000000000e+01 6.670316671482124926e-01 5.515649859741538208e-01 3.443862915039062500e+00
5.300000000000000000e+01 5.479645337983880538e-01 6.671774994958880045e-01 3.464763879776000977e+00
5.400000000000000000e+01 6.656804487732597142e-01 5.491301020425339852e-01 3.442348480224609375e+00
5.500000000000000000e+01 5.448706674867672684e-01 6.664254490614451854e-01 3.462498426437377930e+00
5.600000000000000000e+01 6.673722530541947862e-01 5.454424337658647648e-01 3.441397905349731445e+00
5.700000000000000000e+01 5.507753039986823529e-01 6.622498970711324651e-01 3.461045503616333008e+00
5.800000000000000000e+01 6.692895889422354472e-01 5.407208324478363082e-01 3.442594051361083984e+00
5.900000000000000000e+01 5.516555102759640450e-01 6.608819404394864483e-01 3.459465026855468750e+00
6.000000000000000000e+01 6.685140845860024772e-01 5.434283121427311292e-01 3.443583011627197266e+00
6.100000000000000000e+01 5.500704273886911633e-01 6.610537493982863166e-01 3.459779500961303711e+00
6.200000000000000000e+01 6.702688912381938868e-01 5.438641922579078303e-01 3.443470001220703125e+00
6.300000000000000000e+01 5.503002830790860722e-01 6.628650457274809504e-01 3.463078498840332031e+00
6.400000000000000000e+01 6.659996360567423945e-01 5.427609724629942622e-01 3.442609548568725586e+00
6.500000000000000000e+01 5.470001360563014892e-01 6.622670207718571733e-01 3.463654518127441406e+00
6.600000000000000000e+01 6.678371694949597481e-01 5.477303172303000789e-01 3.441541910171508789e+00
6.700000000000000000e+01 5.492874958753197756e-01 6.658859247479037569e-01 3.465349435806274414e+00
6.800000000000000000e+01 6.679147796752096244e-01 5.446924782325088810e-01 3.442411422729492188e+00
6.900000000000000000e+01 5.486394156906937436e-01 6.639049437780292218e-01 3.464086055755615234e+00
7.000000000000000000e+01 6.672716297457135237e-01 5.471619404545912113e-01 3.443788051605224609e+00
7.100000000000000000e+01 5.509368070836524467e-01 6.670703900159297151e-01 3.462832450866699219e+00
7.200000000000000000e+01 6.690902350785205011e-01 5.480611386752233249e-01 3.443351507186889648e+00
7.300000000000000000e+01 5.507196456738410184e-01 6.650178410393156048e-01 3.463080406188964844e+00
7.400000000000000000e+01 6.706339583696209194e-01 5.466340413378242280e-01 3.442109107971191406e+00
7.500000000000000000e+01 5.542655075462582515e-01 6.658737845944462386e-01 3.462399005889892578e+00
7.600000000000000000e+01 6.738829099482339657e-01 5.423752908563176378e-01 3.443197965621948242e+00
7.700000000000000000e+01 5.511397630945836790e-01 6.648619404515903053e-01 3.460611581802368164e+00
7.800000000000000000e+01 6.710113371741110999e-01 5.431066575165232058e-01 3.442046880722045898e+00
7.900000000000000000e+01 5.521243430425399890e-01 6.616444280732799443e-01 3.461440563201904297e+00
8.000000000000000000e+01 6.693109102141484579e-01 5.432168869147385726e-01 3.441306591033935547e+00
8.100000000000000000e+01 5.515366683071649678e-01 6.662282481572201487e-01 3.462270498275756836e+00
8.200000000000000000e+01 6.719440056929310012e-01 5.446035571236044204e-01 3.443204402923583984e+00
8.300000000000000000e+01 5.520093900582764279e-01 6.627785705627864399e-01 3.462384462356567383e+00
8.400000000000000000e+01 6.697597756140051262e-01 5.419910603870073951e-01 3.444328069686889648e+00
8.500000000000000000e+01 5.491162114467373900e-01 6.629067159432110445e-01 3.461045980453491211e+00
8.600000000000000000e+01 6.689424726398316423e-01 5.423870603537666035e-01 3.442760944366455078e+00
8.700000000000000000e+01 5.523066768476404542e-01 6.568268098275795719e-01 3.461319446563720703e+00
8.800000000000000000e+01 6.710033492567728519e-01 5.376955309868827193e-01 3.444041013717651367e+00
8.900000000000000000e+01 5.524238047130207718e-01 6.579122620852486669e-01 3.459493875503540039e+00
9.000000000000000000e+01 6.722880214555629896e-01 5.331926617737725582e-01 3.444249391555786133e+00
9.100000000000000000e+01 5.519354748281785072e-01 6.561836602544622865e-01 3.459745407104492188e+00
9.200000000000000000e+01 6.720212678133892226e-01 5.361291729634679593e-01 3.444462537765502930e+00
9.300000000000000000e+01 5.549855836607358039e-01 6.594628300640400509e-01 3.459491491317749023e+00
9.400000000000000000e+01 6.735642654183601197e-01 5.394074061834974732e-01 3.445901393890380859e+00
9.500000000000000000e+01 5.534753080480734333e-01 6.569483993710552028e-01 3.461432456970214844e+00
9.600000000000000000e+01 6.707809974180556356e-01 5.387336815313729099e-01 3.445040941238403320e+00
9.700000000000000000e+01 5.522981987620092514e-01 6.563932665085165929e-01 3.462928056716918945e+00
9.800000000000000000e+01 6.721342077102665513e-01 5.393036174930573301e-01 3.444058418273925781e+00
9.900000000000000000e+01 5.517625061243335294e-01 6.627383770460331114e-01 3.462174415588378906e+00
1.000000000000000000e+02 6.711022271645764592e-01 5.459053120810087867e-01 3.443644523620605469e+00
1.010000000000000000e+02 5.509367205614084106e-01 6.644533650976767181e-01 3.462644577026367188e+00
1.020000000000000000e+02 6.666370851829573896e-01 5.444936889919260725e-01 3.442967891693115234e+00
1.030000000000000000e+02 5.481069907593874024e-01 6.652156643079958354e-01 3.463083505630493164e+00
1.040000000000000000e+02 6.668179432161961406e-01 5.453002791758972956e-01 3.442121982574462891e+00
1.050000000000000000e+02 5.494109487207021747e-01 6.652761515588661023e-01 3.463476419448852539e+00
1.060000000000000000e+02 6.651883445918927995e-01 5.465414880763008743e-01 3.441063880920410156e+00
1.070000000000000000e+02 5.528557384570744748e-01 6.653200045780381933e-01 3.464036941528320312e+00
1.080000000000000000e+02 6.705158204765812036e-01 5.449872510204850640e-01 3.443239450454711914e+00
1.090000000000000000e+02 5.492472650226686293e-01 6.614064781392058334e-01 3.463403940200805664e+00
1.100000000000000000e+02 6.689143800455400468e-01 5.428916847102825960e-01 3.442101955413818359e+00
1.110000000000000000e+02 5.529645301244029421e-01 6.627110888687116619e-01 3.462515592575073242e+00
1.120000000000000000e+02 6.723495374327859153e-01 5.420780776677946999e-01 3.442729949951171875e+00
1.130000000000000000e+02 5.517133187170281117e-01 6.600596770311674133e-01 3.461733579635620117e+00
1.140000000000000000e+02 6.737162307913499015e-01 5.393305332355454729e-01 3.443295955657958984e+00
1.150000000000000000e+02 5.501487552918828960e-01 6.598916568101833580e-01 3.460464954376220703e+00
1.160000000000000000e+02 6.719946550733382207e-01 5.399595417719559309e-01 3.442574501037597656e+00
1.170000000000000000e+02 5.494614190930240394e-01 6.628464726792833162e-01 3.459840059280395508e+00
1.180000000000000000e+02 6.695619070819672780e-01 5.409351049598634109e-01 3.443096876144409180e+00
1.190000000000000000e+02 5.494344910537770632e-01 6.602125782684589161e-01 3.459898471832275391e+00
1.200000000000000000e+02 6.706701468994820114e-01 5.438053197906957958e-01 3.442281484603881836e+00
1.210000000000000000e+02 5.536371761431482241e-01 6.652629989781638775e-01 3.460131883621215820e+00
1.220000000000000000e+02 6.721000646998797068e-01 5.460881340735118661e-01 3.442689418792724609e+00
1.230000000000000000e+02 5.501193248411626602e-01 6.633826330795996595e-01 3.461539506912231445e+00
1.240000000000000000e+02 6.729528001036741980e-01 5.417382427456641780e-01 3.442064523696899414e+00
1.250000000000000000e+02 5.523067595459726364e-01 6.633281742682559656e-01 3.460941076278686523e+00
1.260000000000000000e+02 6.735029400401617572e-01 5.407846890493542835e-01 3.441266059875488281e+00
1.270000000000000000e+02 5.519059163572288540e-01 6.660897010755115755e-01 3.460253477096557617e+00
1.280000000000000000e+02 6.679376268149143092e-01 5.476354895827054703e-01 3.441541433334350586e+00
1.290000000000000000e+02 5.506508443953515020e-01 6.648672258037606753e-01 3.462991476058959961e+00
1.300000000000000000e+02 6.676758462355677493e-01 5.476773726153610911e-01 3.441900968551635742e+00
1.310000000000000000e+02 5.483631991262067906e-01 6.667340766439406874e-01 3.462548494338989258e+00
1.320000000000000000e+02 6.678335276217959304e-01 5.468906162876251420e-01 3.442818403244018555e+00
1.330000000000000000e+02 5.498823546946921548e-01 6.621240341535240548e-01 3.461764097213745117e+00
1.340000000000000000e+02 6.708025015570195926e-01 5.448149196875883282e-01 3.441977977752685547e+00
1.350000000000000000e+02 5.483084537799655100e-01 6.629973381654907794e-01 3.462203979492187500e+00
1.360000000000000000e+02 6.706208069636245828e-01 5.439993616219185313e-01 3.440516471862792969e+00
1.370000000000000000e+02 5.428573789061051924e-01 6.666270518167095593e-01 3.459982395172119141e+00
1.380000000000000000e+02 6.627074359290672234e-01 5.501373025532934058e-01 3.439871549606323242e+00
1.390000000000000000e+02 5.455887463754564015e-01 6.658792072894577085e-01 3.462779045104980469e+00
1.400000000000000000e+02 6.687206281117936690e-01 5.459147850322856321e-01 3.440637588500976562e+00
1.410000000000000000e+02 5.455545519282950506e-01 6.621055689217969498e-01 3.463294029235839844e+00
1.420000000000000000e+02 6.681147213918312566e-01 5.427888401443742294e-01 3.440725088119506836e+00
1.430000000000000000e+02 5.498467834821695321e-01 6.607150136287552877e-01 3.462531089782714844e+00
1.440000000000000000e+02 6.701837270037981353e-01 5.404435650120675838e-01 3.440744400024414062e+00
1.450000000000000000e+02 5.496827688819057034e-01 6.600096268670708755e-01 3.461200475692749023e+00
1.460000000000000000e+02 6.688664869630545073e-01 5.440748363997511827e-01 3.442028522491455078e+00
1.470000000000000000e+02 5.483974782734886144e-01 6.629497881868694487e-01 3.463145017623901367e+00
1.480000000000000000e+02 6.694098675108833829e-01 5.438322818940476422e-01 3.441508054733276367e+00
1.490000000000000000e+02 5.488587286253260311e-01 6.650323742623506229e-01 3.462704420089721680e+00
1.500000000000000000e+02 6.673573116221646062e-01 5.469991594715235550e-01 3.442228555679321289e+00
1.510000000000000000e+02 5.519882773977878854e-01 6.630988107994922887e-01 3.463104486465454102e+00
1.520000000000000000e+02 6.684172569409493336e-01 5.463166924916406098e-01 3.442548513412475586e+00
1.530000000000000000e+02 5.511064747936977870e-01 6.634117293716061958e-01 3.462812900543212891e+00
1.540000000000000000e+02 6.691319800839055087e-01 5.439758310735338664e-01 3.442528009414672852e+00
1.550000000000000000e+02 5.485297645920227394e-01 6.656337825877358672e-01 3.463498592376708984e+00
1.560000000000000000e+02 6.653361187824650136e-01 5.444334037258731218e-01 3.443466901779174805e+00
1.570000000000000000e+02 5.488962811163501376e-01 6.629593561228912524e-01 3.462974071502685547e+00
1.580000000000000000e+02 6.686186542902534669e-01 5.414654173218581557e-01 3.443309068679809570e+00
1.590000000000000000e+02 5.478843675301915406e-01 6.624499257735646518e-01 3.461420059204101562e+00
1.600000000000000000e+02 6.679509376889830596e-01 5.424758185317744008e-01 3.443744421005249023e+00
1.610000000000000000e+02 5.503602134629955733e-01 6.634384891908888804e-01 3.462826490402221680e+00
1.620000000000000000e+02 6.685407440072058671e-01 5.445212596955053552e-01 3.443520545959472656e+00
1.630000000000000000e+02 5.484039794340090923e-01 6.601355765440507506e-01 3.461946010589599609e+00
1.640000000000000000e+02 6.687731945006404333e-01 5.446782609826987809e-01 3.442130565643310547e+00
1.650000000000000000e+02 5.467795883149272340e-01 6.612239656093586992e-01 3.463445425033569336e+00
1.660000000000000000e+02 6.665427927635123595e-01 5.433890443894917599e-01 3.441601037979125977e+00
1.670000000000000000e+02 5.473169837166231844e-01 6.640029129108405703e-01 3.461807966232299805e+00
1.680000000000000000e+02 6.642196453233680797e-01 5.472013019155056446e-01 3.442374467849731445e+00
1.690000000000000000e+02 5.474225360583968580e-01 6.640481938994717837e-01 3.463219881057739258e+00
1.700000000000000000e+02 6.661100931772384603e-01 5.437228438046357581e-01 3.441303968429565430e+00
1.710000000000000000e+02 5.528842232682587010e-01 6.609623009027518759e-01 3.462547540664672852e+00
1.720000000000000000e+02 6.700060895857576915e-01 5.478548881786325930e-01 3.444738388061523438e+00
1.730000000000000000e+02 5.529041488142841798e-01 6.639668404076766173e-01 3.463482379913330078e+00
1.740000000000000000e+02 6.721726966744585585e-01 5.410776389570768341e-01 3.446132898330688477e+00
1.750000000000000000e+02 5.529825305433901939e-01 6.613968046605401829e-01 3.462286472320556641e+00
1.760000000000000000e+02 6.725936894671447064e-01 5.456854499760216415e-01 3.444839954376220703e+00
1.770000000000000000e+02 5.550900632848141392e-01 6.657327694563145437e-01 3.461619377136230469e+00
1.780000000000000000e+02 6.754998791980298956e-01 5.472995021327999865e-01 3.445621490478515625e+00
1.790000000000000000e+02 5.549494447759566462e-01 6.649273765212019294e-01 3.462647438049316406e+00
1.800000000000000000e+02 6.705187578562264994e-01 5.454832520809502761e-01 3.446860074996948242e+00
1.810000000000000000e+02 5.535055163408760803e-01 6.658414119693630839e-01 3.462664604187011719e+00
1.820000000000000000e+02 6.683633051385432511e-01 5.474921254873504894e-01 3.445184946060180664e+00
1.830000000000000000e+02 5.500896603418131692e-01 6.685804602491361992e-01 3.462151527404785156e+00
1.840000000000000000e+02 6.702982010951635816e-01 5.436469628628514128e-01 3.444906473159790039e+00
1.850000000000000000e+02 5.510170513086430910e-01 6.636524752516503867e-01 3.462392091751098633e+00
1.860000000000000000e+02 6.685132064504140104e-01 5.399964415728850664e-01 3.444168567657470703e+00
1.870000000000000000e+02 5.510523422803434990e-01 6.610407611346751366e-01 3.461530447006225586e+00
1.880000000000000000e+02 6.722632205886522883e-01 5.424546253766270310e-01 3.443095922470092773e+00
1.890000000000000000e+02 5.547613572343864652e-01 6.649296590039573962e-01 3.461816072463989258e+00
1.900000000000000000e+02 6.739578206192617937e-01 5.412789206850998625e-01 3.443084001541137695e+00
1.910000000000000000e+02 5.541771958059151792e-01 6.615149434801949058e-01 3.461209058761596680e+00
1.920000000000000000e+02 6.713728872975084361e-01 5.422517147436478613e-01 3.443635463714599609e+00
1.930000000000000000e+02 5.516063475343933042e-01 6.636217379418231088e-01 3.463108539581298828e+00
1.940000000000000000e+02 6.687131716698347939e-01 5.455536979516645291e-01 3.442504405975341797e+00
1.950000000000000000e+02 5.523404541447266558e-01 6.629428909116675817e-01 3.462967395782470703e+00
1.960000000000000000e+02 6.690055496009418290e-01 5.455877125910914005e-01 3.443786382675170898e+00
1.970000000000000000e+02 5.508723154407687561e-01 6.621632435543031159e-01 3.462455511093139648e+00
1.980000000000000000e+02 6.708919094886385270e-01 5.444438346802797923e-01 3.444561958312988281e+00
1.990000000000000000e+02 5.533064734181667443e-01 6.604726282824320283e-01 3.462076902389526367e+00
2.000000000000000000e+02 6.745909283437108162e-01 5.433463557792084231e-01 3.445203542709350586e+00
2.010000000000000000e+02 5.526070923372252697e-01 6.625314910101602894e-01 3.463668107986450195e+00
2.020000000000000000e+02 6.758146891029238601e-01 5.437337274095214168e-01 3.445153474807739258e+00
2.030000000000000000e+02 5.551512043372313077e-01 6.628482045004542300e-01 3.464209079742431641e+00
2.040000000000000000e+02 6.742098153252119586e-01 5.435388706268764469e-01 3.444241046905517578e+00
2.050000000000000000e+02 5.522148554759898076e-01 6.650087339304292522e-01 3.463507890701293945e+00
2.060000000000000000e+02 6.697945062491356127e-01 5.458444176301896489e-01 3.444120883941650391e+00
2.070000000000000000e+02 5.478455989216319821e-01 6.651747957283987711e-01 3.463745594024658203e+00
2.080000000000000000e+02 6.658466805916101183e-01 5.468353865500706901e-01 3.440473556518554688e+00
2.090000000000000000e+02 5.494668776526990817e-01 6.650101642315814354e-01 3.464268922805786133e+00
2.100000000000000000e+02 6.660864817496672252e-01 5.458088134002404557e-01 3.442190408706665039e+00
2.110000000000000000e+02 5.500044447448831919e-01 6.623751636547959842e-01 3.463989973068237305e+00
2.120000000000000000e+02 6.697227072832264705e-01 5.413113607483106549e-01 3.441917896270751953e+00
2.130000000000000000e+02 5.484400852190161046e-01 6.612646498219701963e-01 3.461787462234497070e+00
2.140000000000000000e+02 6.712062585631352052e-01 5.425966864697817638e-01 3.442235946655273438e+00
2.150000000000000000e+02 5.491796999841188631e-01 6.629352957562449911e-01 3.459522008895874023e+00
2.160000000000000000e+02 6.716130084215252705e-01 5.444225011261920599e-01 3.441552877426147461e+00
2.170000000000000000e+02 5.539110701221756639e-01 6.649058352148794482e-01 3.460279941558837891e+00
2.180000000000000000e+02 6.683138247741899907e-01 5.447967683301971897e-01 3.442389488220214844e+00
2.190000000000000000e+02 5.501855548342331481e-01 6.634828899774449784e-01 3.461380481719970703e+00
2.200000000000000000e+02 6.710819893418612514e-01 5.454594012214745158e-01 3.441365003585815430e+00
2.210000000000000000e+02 5.512313260318258967e-01 6.622509733505178575e-01 3.460738897323608398e+00
2.220000000000000000e+02 6.695315224932191223e-01 5.430640460541906744e-01 3.441684961318969727e+00
2.230000000000000000e+02 5.503141331678345072e-01 6.632538904871744245e-01 3.460309028625488281e+00
2.240000000000000000e+02 6.709956531202612151e-01 5.429593085111962258e-01 3.442692518234252930e+00
2.250000000000000000e+02 5.494824189621497768e-01 6.652035243684992771e-01 3.459294557571411133e+00
2.260000000000000000e+02 6.695753567437900955e-01 5.435799228461586363e-01 3.442312479019165039e+00
2.270000000000000000e+02 5.490180226351999426e-01 6.582677726471171109e-01 3.460207939147949219e+00
2.280000000000000000e+02 6.694509618732987777e-01 5.387624736632457001e-01 3.442193508148193359e+00
2.290000000000000000e+02 5.526472704256946145e-01 6.607730987586203364e-01 3.459256410598754883e+00
2.300000000000000000e+02 6.710613739368080921e-01 5.406311179986035276e-01 3.443052053451538086e+00
2.310000000000000000e+02 5.516771142970956499e-01 6.642288268049335587e-01 3.459892511367797852e+00
2.320000000000000000e+02 6.707383488255043158e-01 5.446793524384795360e-01 3.442435979843139648e+00
2.330000000000000000e+02 5.473088890304159682e-01 6.658245167800628250e-01 3.460927963256835938e+00
2.340000000000000000e+02 6.654555096564765959e-01 5.462299571142188448e-01 3.442035913467407227e+00
2.350000000000000000e+02 5.492860888426565058e-01 6.648592125533756558e-01 3.461894989013671875e+00
2.360000000000000000e+02 6.673506232072690114e-01 5.453278468274368462e-01 3.442528486251831055e+00
2.370000000000000000e+02 5.500626621696447227e-01 6.618267769939086831e-01 3.462748050689697266e+00
2.380000000000000000e+02 6.668922368878639206e-01 5.438719003565933852e-01 3.441803455352783203e+00
2.390000000000000000e+02 5.484960102438163343e-01 6.619310473246574622e-01 3.464107036590576172e+00
2.400000000000000000e+02 6.673704845272852015e-01 5.466400341177761746e-01 3.441302537918090820e+00
2.410000000000000000e+02 5.527423012386862844e-01 6.660741268281702432e-01 3.465773105621337891e+00
2.420000000000000000e+02 6.713935596422436758e-01 5.477068702626426422e-01 3.442487478256225586e+00
2.430000000000000000e+02 5.528078107108164163e-01 6.645205348748445262e-01 3.463638067245483398e+00
2.440000000000000000e+02 6.704862057566273181e-01 5.426985228241510972e-01 3.442296028137207031e+00
2.450000000000000000e+02 5.501550986406671395e-01 6.614086915653096810e-01 3.461421012878417969e+00
2.460000000000000000e+02 6.718480177017960298e-01 5.410828172134036773e-01 3.441271066665649414e+00
2.470000000000000000e+02 5.496965967488633975e-01 6.615184408833720831e-01 3.461478471755981445e+00
2.480000000000000000e+02 6.710359912851378006e-01 5.380554042128274927e-01 3.441508531570434570e+00
2.490000000000000000e+02 5.512509769259565928e-01 6.607070856576504614e-01 3.460138559341430664e+00
2.500000000000000000e+02 6.742694627147002295e-01 5.400779432041931116e-01 3.441649436950683594e+00
2.510000000000000000e+02 5.562528442780870774e-01 6.600081054000060954e-01 3.459568023681640625e+00
2.520000000000000000e+02 6.726348214594258801e-01 5.432568555899973672e-01 3.442884445190429688e+00
2.530000000000000000e+02 5.550330689496646430e-01 6.629803945864474191e-01 3.460757970809936523e+00
2.540000000000000000e+02 6.750885885366576522e-01 5.438629410697976008e-01 3.442478418350219727e+00
2.550000000000000000e+02 5.572311528162138261e-01 6.630890430494223997e-01 3.462350606918334961e+00
2.560000000000000000e+02 6.712848056063505098e-01 5.435290522929441259e-01 3.444802522659301758e+00
2.570000000000000000e+02 5.533274648079146152e-01 6.613987669269170144e-01 3.462191104888916016e+00
2.580000000000000000e+02 6.729451541552387006e-01 5.464615150234206631e-01 3.443948984146118164e+00
2.590000000000000000e+02 5.535961617331457418e-01 6.635095316937310583e-01 3.463237047195434570e+00
2.600000000000000000e+02 6.718801229895574600e-01 5.469299077188141123e-01 3.444464445114135742e+00
2.610000000000000000e+02 5.530573894713367578e-01 6.643522484387577309e-01 3.463399410247802734e+00
2.620000000000000000e+02 6.741137996268085075e-01 5.419959640029770043e-01 3.444563388824462891e+00
2.630000000000000000e+02 5.575822852913483452e-01 6.593265120635382059e-01 3.463782072067260742e+00
2.640000000000000000e+02 6.775201077535509819e-01 5.395085634794636320e-01 3.444497108459472656e+00
2.650000000000000000e+02 5.554436556806305880e-01 6.644873255469871953e-01 3.461169481277465820e+00
2.660000000000000000e+02 6.735290611843942621e-01 5.438320424248372920e-01 3.444629907608032227e+00
2.670000000000000000e+02 5.557221593327886788e-01 6.639603409924231814e-01 3.462017059326171875e+00
2.680000000000000000e+02 6.714585884252833869e-01 5.464223822576693701e-01 3.445837974548339844e+00
2.690000000000000000e+02 5.516327675861312230e-01 6.679273684601430006e-01 3.464076519012451172e+00
2.700000000000000000e+02 6.714533530715337539e-01 5.477441777026480496e-01 3.443490505218505859e+00
2.710000000000000000e+02 5.512318460366838480e-01 6.677769239207435037e-01 3.465533971786499023e+00
2.720000000000000000e+02 6.693918228012776250e-01 5.498035702700345695e-01 3.444941520690917969e+00
2.730000000000000000e+02 5.504725896464561785e-01 6.675879172582716015e-01 3.466183900833129883e+00
2.740000000000000000e+02 6.727129054570468725e-01 5.438249716966837566e-01 3.445551872253417969e+00
2.750000000000000000e+02 5.513057348435205229e-01 6.630378744809112268e-01 3.463214397430419922e+00
2.760000000000000000e+02 6.674302741108540937e-01 5.460508784314235253e-01 3.444575548171997070e+00
2.770000000000000000e+02 5.477048200104736031e-01 6.674362698467604105e-01 3.462651014328002930e+00
2.780000000000000000e+02 6.689824869015069675e-01 5.449165656296510729e-01 3.442857980728149414e+00
2.790000000000000000e+02 5.508524550153034438e-01 6.646489133227028168e-01 3.463272094726562500e+00
2.800000000000000000e+02 6.701944044495160568e-01 5.426844194570683566e-01 3.443739891052246094e+00
2.810000000000000000e+02 5.514374792063638786e-01 6.629363466361749557e-01 3.462647914886474609e+00
2.820000000000000000e+02 6.692149307761176003e-01 5.430525867302055110e-01 3.443961381912231445e+00
2.830000000000000000e+02 5.476924232884240462e-01 6.616798572721029892e-01 3.463063001632690430e+00
2.840000000000000000e+02 6.682903922703704591e-01 5.442655990587653703e-01 3.443072557449340820e+00
2.850000000000000000e+02 5.510978496792696690e-01 6.606715445543360765e-01 3.462613582611083984e+00
2.860000000000000000e+02 6.671677939446470917e-01 5.413740655430494542e-01 3.443020582199096680e+00
2.870000000000000000e+02 5.482555112075294668e-01 6.601853078671512387e-01 3.460942983627319336e+00
2.880000000000000000e+02 6.672437392525157884e-01 5.436838542296285048e-01 3.441596031188964844e+00
2.890000000000000000e+02 5.511250766618341901e-01 6.643836482595496529e-01 3.462656974792480469e+00
2.900000000000000000e+02 6.740435927561944096e-01 5.467405758786035852e-01 3.441330432891845703e+00
2.910000000000000000e+02 5.520925617702951982e-01 6.645815194792716873e-01 3.463699102401733398e+00
2.920000000000000000e+02 6.668525816185263411e-01 5.440429246223247306e-01 3.441666603088378906e+00
2.930000000000000000e+02 5.455158108343348689e-01 6.635905427781002563e-01 3.463526010513305664e+00
2.940000000000000000e+02 6.666069314608493723e-01 5.434713002192149700e-01 3.440200090408325195e+00
2.950000000000000000e+02 5.481682599172927883e-01 6.622876287984332810e-01 3.461265087127685547e+00
2.960000000000000000e+02 6.646999912110451714e-01 5.435149412559588944e-01 3.441655874252319336e+00
2.970000000000000000e+02 5.463372318595781651e-01 6.621463243919959440e-01 3.461548089981079102e+00
2.980000000000000000e+02 6.654127075806843816e-01 5.452314956141989244e-01 3.441052913665771484e+00
2.990000000000000000e+02 5.456700867472948913e-01 6.658444182638657560e-01 3.462442874908447266e+00
3.000000000000000000e+02 6.650227168587320437e-01 5.469521104081084273e-01 3.440423011779785156e+00
3.010000000000000000e+02 5.431679556244586315e-01 6.687302152495252505e-01 3.463386058807373047e+00
3.020000000000000000e+02 6.640545410142262295e-01 5.501550961602488243e-01 3.440435409545898438e+00
3.030000000000000000e+02 5.450043215542711428e-01 6.694471541032090967e-01 3.463607072830200195e+00
3.040000000000000000e+02 6.632098926638106962e-01 5.487511467761185813e-01 3.440746545791625977e+00
3.050000000000000000e+02 5.457875742334328262e-01 6.662141748785463946e-01 3.464587926864624023e+00
3.060000000000000000e+02 6.664280492227665498e-01 5.454808350087942959e-01 3.442114591598510742e+00
3.070000000000000000e+02 5.492528771253829545e-01 6.677178123744678118e-01 3.462943553924560547e+00
3.080000000000000000e+02 6.655764572519728972e-01 5.482719348529864201e-01 3.442914485931396484e+00
3.090000000000000000e+02 5.491622036332707291e-01 6.661357004662936676e-01 3.464200496673583984e+00
3.100000000000000000e+02 6.697034197935947120e-01 5.435385836004830162e-01 3.442524433135986328e+00
3.110000000000000000e+02 5.517628165197695500e-01 6.635615630046639568e-01 3.463156461715698242e+00
3.120000000000000000e+02 6.704448113132216447e-01 5.421362210140507898e-01 3.441973447799682617e+00
3.130000000000000000e+02 5.494212551723071103e-01 6.643230086319544814e-01 3.463419914245605469e+00
3.140000000000000000e+02 6.654210055200919793e-01 5.435250714776158620e-01 3.440688610076904297e+00
3.150000000000000000e+02 5.485256165327109246e-01 6.637642776061635219e-01 3.462231397628784180e+00
3.160000000000000000e+02 6.641685746274652580e-01 5.453724377195121598e-01 3.441872596740722656e+00
3.170000000000000000e+02 5.460358525618355108e-01 6.649363609901149941e-01 3.462005376815795898e+00
3.180000000000000000e+02 6.671509250886277220e-01 5.445862323010206563e-01 3.441661596298217773e+00
3.190000000000000000e+02 5.457575196712053378e-01 6.648651897232787933e-01 3.462291479110717773e+00
3.200000000000000000e+02 6.613931004560812399e-01 5.464367793496628378e-01 3.441937923431396484e+00
3.210000000000000000e+02 5.457477534656929308e-01 6.634028013878476848e-01 3.462874889373779297e+00
3.220000000000000000e+02 6.676708273583507047e-01 5.449784203572134444e-01 3.442787885665893555e+00
3.230000000000000000e+02 5.496119806422344878e-01 6.642345816667480918e-01 3.462766885757446289e+00
3.240000000000000000e+02 6.699538884551560214e-01 5.427840523266149741e-01 3.442234039306640625e+00
3.250000000000000000e+02 5.530514131953877532e-01 6.645575375650738525e-01 3.462326049804687500e+00
3.260000000000000000e+02 6.724079421836620662e-01 5.418827828984770223e-01 3.443582534790039062e+00
3.270000000000000000e+02 5.496735333459646933e-01 6.626665936187079442e-01 3.463030099868774414e+00
3.280000000000000000e+02 6.690192634700899976e-01 5.463935249742623013e-01 3.442667961120605469e+00
3.290000000000000000e+02 5.477269641645863274e-01 6.651918679787650612e-01 3.463577032089233398e+00
3.300000000000000000e+02 6.684293421444476024e-01 5.471738824074592333e-01 3.441627979278564453e+00
3.310000000000000000e+02 5.485717875682556421e-01 6.678564161423912182e-01 3.463627099990844727e+00
3.320000000000000000e+02 6.692716143400102569e-01 5.491295169925816122e-01 3.442828416824340820e+00
3.330000000000000000e+02 5.450646186947391003e-01 6.694220824858102548e-01 3.465358495712280273e+00
3.340000000000000000e+02 6.659193889214672923e-01 5.488474087611335817e-01 3.440438985824584961e+00
3.350000000000000000e+02 5.469549835238204372e-01 6.648494447804130791e-01 3.464454412460327148e+00
3.360000000000000000e+02 6.662654062035839875e-01 5.479146299006546483e-01 3.440405607223510742e+00
3.370000000000000000e+02 5.431996318827563286e-01 6.696886353437802031e-01 3.465130090713500977e+00
3.380000000000000000e+02 6.671148962529488413e-01 5.492837169905392392e-01 3.440960884094238281e+00
3.390000000000000000e+02 5.483446147885984168e-01 6.693890804738930056e-01 3.465382575988769531e+00
3.400000000000000000e+02 6.678211591456678642e-01 5.501358696639816470e-01 3.442236423492431641e+00
3.410000000000000000e+02 5.497599564906769931e-01 6.651119427212952573e-01 3.465929985046386719e+00
3.420000000000000000e+02 6.653233369740878533e-01 5.457218366633348472e-01 3.443665981292724609e+00
3.430000000000000000e+02 5.421614677411490391e-01 6.662077231919090181e-01 3.464227914810180664e+00
3.440000000000000000e+02 6.679455670373449783e-01 5.495366901598861542e-01 3.441435575485229492e+00
3.450000000000000000e+02 5.483004432096814096e-01 6.642850098759220945e-01 3.464077949523925781e+00
3.460000000000000000e+02 6.671731436226761014e-01 5.443730762523728561e-01 3.442444562911987305e+00
3.470000000000000000e+02 5.497079710853716161e-01 6.625787673665439748e-01 3.463405609130859375e+00
3.480000000000000000e+02 6.652740837334392143e-01 5.462181133482465478e-01 3.443302392959594727e+00
3.490000000000000000e+02 5.455591357664176799e-01 6.647652298723577546e-01 3.462845563888549805e+00
3.500000000000000000e+02 6.648795026288892851e-01 5.434350378868816334e-01 3.442029476165771484e+00
3.510000000000000000e+02 5.458696184199822721e-01 6.650522228927172597e-01 3.460595607757568359e+00
3.520000000000000000e+02 6.662727655042181008e-01 5.465129370472244785e-01 3.440985918045043945e+00
3.530000000000000000e+02 5.504149447113190208e-01 6.629270339062951489e-01 3.461251020431518555e+00
3.540000000000000000e+02 6.661302302778223661e-01 5.436370090172948366e-01 3.440822601318359375e+00
3.550000000000000000e+02 5.491756599799316740e-01 6.623084445632045902e-01 3.460463047027587891e+00
3.560000000000000000e+02 6.696089341806757966e-01 5.433859245330688870e-01 3.440520524978637695e+00
3.570000000000000000e+02 5.478916608402284449e-01 6.616242869166669704e-01 3.460892915725708008e+00
3.580000000000000000e+02 6.687728858915529262e-01 5.432427936819673731e-01 3.440645933151245117e+00
3.590000000000000000e+02 5.455714526752053484e-01 6.640841224032392187e-01 3.460758924484252930e+00
3.600000000000000000e+02 6.683378505810319004e-01 5.460182594303134573e-01 3.441102981567382812e+00
3.610000000000000000e+02 5.472398621993364021e-01 6.646640103101163488e-01 3.461908578872680664e+00
3.620000000000000000e+02 6.684951875235781715e-01 5.452570798607740965e-01 3.441354513168334961e+00
3.630000000000000000e+02 5.464145466002526819e-01 6.654107045890469418e-01 3.462820529937744141e+00
3.640000000000000000e+02 6.691552620202363411e-01 5.472164259333432978e-01 3.441116094589233398e+00
3.650000000000000000e+02 5.501079117192506640e-01 6.663606012670584278e-01 3.463391542434692383e+00
3.660000000000000000e+02 6.680354862643427261e-01 5.458334384786763804e-01 3.441771030426025391e+00
3.670000000000000000e+02 5.492228184367615729e-01 6.653788066134360690e-01 3.461397886276245117e+00
3.680000000000000000e+02 6.682402562576076344e-01 5.464902989321460680e-01 3.441584110260009766e+00
3.690000000000000000e+02 5.477964713840114408e-01 6.654805769358591583e-01 3.464526414871215820e+00
3.700000000000000000e+02 6.695166363640142615e-01 5.472896559903297486e-01 3.441091537475585938e+00
3.710000000000000000e+02 5.490622621538170378e-01 6.684076043890175844e-01 3.464206933975219727e+00
3.720000000000000000e+02 6.691631792678104373e-01 5.503797137687217456e-01 3.441473007202148438e+00
3.730000000000000000e+02 5.509372007024195828e-01 6.657260230307183724e-01 3.465792417526245117e+00
3.740000000000000000e+02 6.702304660214765120e-01 5.484166968986868840e-01 3.442764997482299805e+00
3.750000000000000000e+02 5.516774264341504086e-01 6.661851332595151165e-01 3.464364051818847656e+00
3.760000000000000000e+02 6.724559808677450512e-01 5.459932110290406371e-01 3.441442966461181641e+00
3.770000000000000000e+02 5.495509402316365311e-01 6.681969817959027003e-01 3.463802576065063477e+00
3.780000000000000000e+02 6.698898559116936990e-01 5.460322928419952815e-01 3.441526889801025391e+00
3.790000000000000000e+02 5.522443979658983038e-01 6.661318560375835141e-01 3.465086936950683594e+00
3.800000000000000000e+02 6.695985393370972316e-01 5.484355022653240042e-01 3.442723035812377930e+00
3.810000000000000000e+02 5.488345878191732696e-01 6.712109927720014690e-01 3.464973926544189453e+00
3.820000000000000000e+02 6.657019728306338147e-01 5.497440775297065541e-01 3.443012952804565430e+00
3.830000000000000000e+02 5.460268798115832656e-01 6.694019290032093839e-01 3.464953422546386719e+00
3.840000000000000000e+02 6.663799135107638660e-01 5.489506293904782286e-01 3.441947460174560547e+00
3.850000000000000000e+02 5.457757070111185493e-01 6.693502521161477370e-01 3.466121912002563477e+00
3.860000000000000000e+02 6.662630868677295037e-01 5.501788432752738878e-01 3.442017555236816406e+00
3.870000000000000000e+02 5.513108611353058075e-01 6.690988621672447900e-01 3.466900110244750977e+00
3.880000000000000000e+02 6.723794171753522120e-01 5.500058798571407781e-01 3.443003416061401367e+00
3.890000000000000000e+02 5.517478405149368603e-01 6.694026178421306206e-01 3.465255498886108398e+00
3.900000000000000000e+02 6.685563538963074093e-01 5.482143941327980441e-01 3.442416429519653320e+00
3.910000000000000000e+02 5.453792785926012687e-01 6.676432916618325608e-01 3.465025424957275391e+00
3.920000000000000000e+02 6.667303054080735425e-01 5.473429948654117139e-01 3.440077066421508789e+00
3.930000000000000000e+02 5.485497395724688863e-01 6.663648073378846126e-01 3.464526414871215820e+00
3.940000000000000000e+02 6.667970043880075970e-01 5.450524067431188335e-01 3.441262006759643555e+00
3.950000000000000000e+02 5.474382987835354486e-01 6.667092543901861346e-01 3.463160037994384766e+00
3.960000000000000000e+02 6.667592907132291469e-01 5.470856943159988495e-01 3.441183567047119141e+00
3.970000000000000000e+02 5.465026840008031517e-01 6.637622641276818003e-01 3.462644577026367188e+00
3.980000000000000000e+02 6.679450623067634263e-01 5.464226465327738369e-01 3.440916061401367188e+00
