0.000000000000000000e+00 1.403333711787086713e-01 4.496128767931399650e-02 2.991834402084350586e+00
1.000000000000000000e+00 1.177619675320260711e-01 1.454429846608318588e-01 2.999402046203613281e+00
2.000000000000000000e+00 3.131358326513727919e-01 1.183213591258061720e-01 3.136059045791625977e+00
3.000000000000000000e+00 2.389901733742308965e-01 3.154452464824580860e-01 3.140567064285278320e+00
4.000000000000000000e+00 4.414177112549105275e-01 2.389943838211653071e-01 3.223994970321655273e+00
5.000000000000000000e+00 3.363077553939772257e-01 4.393549202391305863e-01 3.229835510253906250e+00
6.000000000000000000e+00 5.242427719369313621e-01 3.353263309424516780e-01 3.279761075973510742e+00
7.000000000000000000e+00 4.003893046314641602e-01 5.178112670139902729e-01 3.286972522735595703e+00
8.000000000000000000e+00 5.686884181192711774e-01 3.971314069872597385e-01 3.317407608032226562e+00
9.000000000000000000e+00 4.409137326070272644e-01 5.602193604357242895e-01 3.323709964752197266e+00
1.000000000000000000e+01 5.986161365184664573e-01 4.310271001640715860e-01 3.343461036682128906e+00
1.100000000000000000e+01 4.635258945498182404e-01 5.882785865633453071e-01 3.344347000122070312e+00
1.200000000000000000e+01 6.117722523032487203e-01 4.559996914835358073e-01 3.358058929443359375e+00
1.300000000000000000e+01 4.789769876960766060e-01 6.085734202986262664e-01 3.359397411346435547e+00
1.400000000000000000e+01 6.225105999743990592e-01 4.739237294944120271e-01 3.366344451904296875e+00
1.500000000000000000e+01 4.857068569479479625e-01 6.215089286846252614e-01 3.370771884918212891e+00
1.600000000000000000e+01 6.258499272301740746e-01 4.865540729964966116e-01 3.372812986373901367e+00
1.700000000000000000e+01 4.926834945240057828e-01 6.283879009398152249e-01 3.377647876739501953e+00
1.800000000000000000e+01 6.347088469886347228e-01 4.950764902946584445e-01 3.377073526382446289e+00
1.900000000000000000e+01 4.941725552078135575e-01 6.335991297872600736e-01 3.383688926696777344e+00
2.000000000000000000e+01 6.346264964026752109e-01 4.952375342194264563e-01 3.379116535186767578e+00
2.100000000000000000e+01 5.023448424504234344e-01 6.371934738343164595e-01 3.385329961776733398e+00
2.200000000000000000e+01 6.382271851027594423e-01 5.031467144619673482e-01 3.381947040557861328e+00
2.300000000000000000e+01 5.004181005400761828e-01 6.362055833267838967e-01 3.387049913406372070e+00
2.400000000000000000e+01 6.404625618063514159e-01 5.001634455995508377e-01 3.384485483169555664e+00
2.500000000000000000e+01 5.093915218806760459e-01 6.368400284126281008e-01 3.387198448181152344e+00
2.600000000000000000e+01 6.429147749026148384e-01 5.045251285330504265e-01 3.386518955230712891e+00
2.700000000000000000e+01 5.031293455046954577e-01 6.421569517569020169e-01 3.389541387557983398e+00
2.800000000000000000e+01 6.401836380706599217e-01 5.045614781659568671e-01 3.385713577270507812e+00
2.900000000000000000e+01 5.066284104392898557e-01 6.406833058651327795e-01 3.390124082565307617e+00
3.000000000000000000e+01 6.467860463890847678e-01 5.028480756127032825e-01 3.386733531951904297e+00
3.100000000000000000e+01 5.062194524219556513e-01 6.427134193040563437e-01 3.389889955520629883e+00
3.200000000000000000e+01 6.437681265130328345e-01 5.054317069457784362e-01 3.386301040649414062e+00
3.300000000000000000e+01 5.058422224125059818e-01 6.447404186410445881e-01 3.389281511306762695e+00
3.400000000000000000e+01 6.431793623142512129e-01 5.049818127267506895e-01 3.385870456695556641e+00
3.500000000000000000e+01 5.050176421899840173e-01 6.447887445066532441e-01 3.390757083892822266e+00
3.600000000000000000e+01 6.444862875116741385e-01 5.050766454627626523e-01 3.385373592376708984e+00
3.700000000000000000e+01 5.068229196233546840e-01 6.452016989554724136e-01 3.390913486480712891e+00
3.800000000000000000e+01 6.465567097977333866e-01 5.066374280692675924e-01 3.385113000869750977e+00
3.900000000000000000e+01 5.107672928551512115e-01 6.451343829211575454e-01 3.392716884613037109e+00
4.000000000000000000e+01 6.422257602245489139e-01 5.098766264301445306e-01 3.386827945709228516e+00
4.100000000000000000e+01 5.079382114494603861e-01 6.427934315736222315e-01 3.391914606094360352e+00
4.200000000000000000e+01 6.433088017047274842e-01 5.084821635977786469e-01 3.387768983840942383e+00
4.300000000000000000e+01 5.069496353030457092e-01 6.488198957143980206e-01 3.391452074050903320e+00
4.400000000000000000e+01 6.416380510805091975e-01 5.102654640343580184e-01 3.386734008789062500e+00
4.500000000000000000e+01 5.065660240814006121e-01 6.461305058353552511e-01 3.392203092575073242e+00
4.600000000000000000e+01 6.396121932244532848e-01 5.073222599923703502e-01 3.385932922363281250e+00
4.700000000000000000e+01 5.014506748126603686e-01 6.427806830440359054e-01 3.392159938812255859e+00
4.800000000000000000e+01 6.377177273127645485e-01 5.077120913151390580e-01 3.386631488800048828e+00
4.900000000000000000e+01 5.040302083376133613e-01 6.415247799444032673e-01 3.391333103179931641e+00
5.000000000000000000e+01 6.433332418140140785e-01 5.090829010291153534e-01 3.387942552566528320e+00
5.100000000000000000e+01 5.054746392344040551e-01 6.430371585196280604e-01 3.390819549560546875e+00
5.200000000000000000e+01 6.417804831677291766e-01 5.082756328507566090e-01 3.387598037719726562e+00
5.300000000000000000e+01 5.053109668564415013e-01 6.432080350259818946e-01 3.390564918518066406e+00
5.400000000000000000e+01 6.414297510434477934e-01 5.056786528130989833e-01 3.386615514755249023e+00
5.500000000000000000e+01 5.053467423883891696e-01 6.417043828912821768e-01 3.391068458557128906e+00
5.600000000000000000e+01 6.422200151288466330e-01 5.025218174197723098e-01 3.386118888854980469e+00
5.700000000000000000e+01 5.055372752628013444e-01 6.415159457744955551e-01 3.390087604522705078e+00
5.800000000000000000e+01 6.447357211293761603e-01 5.017768297522925414e-01 3.385734081268310547e+00
5.900000000000000000e+01 5.037547649606970435e-01 6.405158004142026407e-01 3.389592409133911133e+00
6.000000000000000000e+01 6.400768097464326623e-01 5.054412661888659786e-01 3.385352373123168945e+00
6.100000000000000000e+01 5.041293534624547990e-01 6.467090654757791102e-01 3.390373945236206055e+00
6.200000000000000000e+01 6.436942467716386673e-01 5.078633639756789941e-01 3.385699510574340820e+00
6.300000000000000000e+01 5.045152054018029464e-01 6.444427423262564236e-01 3.392916917800903320e+00
6.400000000000000000e+01 6.440188551288137386e-01 5.045001142961536011e-01 3.386705398559570312e+00
6.500000000000000000e+01 5.044616538338225764e-01 6.422718747510849369e-01 3.393104553222656250e+00
6.600000000000000000e+01 6.432438228919798995e-01 5.025816246581926716e-01 3.387228488922119141e+00
6.700000000000000000e+01 5.070546947560550244e-01 6.418965796669071633e-01 3.391326904296875000e+00
6.800000000000000000e+01 6.446582603885635532e-01 5.057497595527394862e-01 3.387856006622314453e+00
6.900000000000000000e+01 5.058829058846898707e-01 6.436720025194919703e-01 3.391484022140502930e+00
7.000000000000000000e+01 6.423894318318389418e-01 5.054523306572106245e-01 3.384975910186767578e+00
7.100000000000000000e+01 5.037321638810277058e-01 6.443574367896853783e-01 3.391459465026855469e+00
7.200000000000000000e+01 6.398239490925194950e-01 5.075350004125245285e-01 3.386452436447143555e+00
7.300000000000000000e+01 5.057542447510897654e-01 6.459645996523044609e-01 3.391706466674804688e+00
7.400000000000000000e+01 6.418378001456159776e-01 5.064491410315912212e-01 3.386595964431762695e+00
7.500000000000000000e+01 5.060768660772467786e-01 6.432221564009111825e-01 3.390737056732177734e+00
7.600000000000000000e+01 6.417831188178050317e-01 5.069015106907706070e-01 3.387542486190795898e+00
7.700000000000000000e+01 5.063234822948349256e-01 6.444810548727774036e-01 3.391633033752441406e+00
7.800000000000000000e+01 6.409941405310053408e-01 5.064652653306301877e-01 3.387085914611816406e+00
7.900000000000000000e+01 5.044815872649712762e-01 6.473963871258362479e-01 3.391534090042114258e+00
8.000000000000000000e+01 6.435610367926101194e-01 5.106587057638367622e-01 3.386843442916870117e+00
8.100000000000000000e+01 5.043353647616385382e-01 6.443488324601576167e-01 3.392103910446166992e+00
8.200000000000000000e+01 6.416387658018765094e-01 5.072415111953536559e-01 3.385897874832153320e+00
8.300000000000000000e+01 5.064047547722988485e-01 6.465411979376876062e-01 3.392236948013305664e+00
8.400000000000000000e+01 6.437710442110027298e-01 5.115464273091414604e-01 3.385817527770996094e+00
8.500000000000000000e+01 5.058889184875884348e-01 6.475445702154892791e-01 3.393804550170898438e+00
8.600000000000000000e+01 6.474585038853216679e-01 5.078305656007675584e-01 3.387538433074951172e+00
8.700000000000000000e+01 5.093772901505614348e-01 6.507253370579623164e-01 3.393463373184204102e+00
8.800000000000000000e+01 6.452313168162490120e-01 5.100316729004238381e-01 3.387516498565673828e+00
8.900000000000000000e+01 5.111044482795866761e-01 6.448027510603410173e-01 3.391877889633178711e+00
9.000000000000000000e+01 6.477573057600861661e-01 5.058950144033338425e-01 3.388477087020874023e+00
9.100000000000000000e+01 5.085310939859993828e-01 6.474720814726313556e-01 3.390900373458862305e+00
9.200000000000000000e+01 6.441100185873910311e-01 5.074213473388432538e-01 3.387523889541625977e+00
9.300000000000000000e+01 5.079886818036607465e-01 6.462433665156681606e-01 3.390456438064575195e+00
9.400000000000000000e+01 6.432975146754814633e-01 5.077478940298565391e-01 3.388161897659301758e+00
9.500000000000000000e+01 5.058322235989332061e-01 6.465619112646741051e-01 3.392169475555419922e+00
9.600000000000000000e+01 6.428206762465372703e-01 5.083578691470627131e-01 3.387171030044555664e+00
9.700000000000000000e+01 5.046025928387071202e-01 6.426362005846339986e-01 3.391614913940429688e+00
9.800000000000000000e+01 6.427668451491950208e-01 5.041533496812014015e-01 3.387523412704467773e+00
9.900000000000000000e+01 5.063960702191444563e-01 6.435711902484546609e-01 3.390218973159790039e+00
1.000000000000000000e+02 6.407830364288247260e-01 5.047563681354370058e-01 3.387885093688964844e+00
1.010000000000000000e+02 5.057194135381639644e-01 6.443582236360153592e-01 3.391045570373535156e+00
1.020000000000000000e+02 6.423708346237680944e-01 5.065481682709750411e-01 3.387242078781127930e+00
1.030000000000000000e+02 5.068535057958535317e-01 6.438223299393101007e-01 3.391481399536132812e+00
1.040000000000000000e+02 6.432371558725333838e-01 5.078241897517756787e-01 3.387001037597656250e+00
1.050000000000000000e+02 5.094110602831638523e-01 6.440944769037224571e-01 3.392490386962890625e+00
1.060000000000000000e+02 6.480606855066751715e-01 5.072064488654187686e-01 3.388314485549926758e+00
1.070000000000000000e+02 5.103364618335733960e-01 6.438384711991480547e-01 3.392533063888549805e+00
1.080000000000000000e+02 6.450007381414546437e-01 5.073371539989998125e-01 3.387963056564331055e+00
1.090000000000000000e+02 5.068240822170608784e-01 6.442375423765003273e-01 3.392706394195556641e+00
1.100000000000000000e+02 6.461847517211426473e-01 5.077300726281405163e-01 3.387497425079345703e+00
1.110000000000000000e+02 5.088309613167675272e-01 6.487171631044649223e-01 3.391644954681396484e+00
1.120000000000000000e+02 6.465909796976296864e-01 5.073400837396968566e-01 3.388048887252807617e+00
1.130000000000000000e+02 5.094842023919371465e-01 6.474090402432771674e-01 3.392059564590454102e+00
1.140000000000000000e+02 6.449072761016643174e-01 5.102429929212997095e-01 3.389028072357177734e+00
1.150000000000000000e+02 5.093242727315422380e-01 6.457189299681902472e-01 3.393314599990844727e+00
1.160000000000000000e+02 6.467322617232136306e-01 5.090618129416500937e-01 3.388830423355102539e+00
1.170000000000000000e+02 5.086080544144719884e-01 6.431118563319869752e-01 3.392844438552856445e+00
1.180000000000000000e+02 6.450802675927368446e-01 5.104991162550799322e-01 3.387220382690429688e+00
1.190000000000000000e+02 5.086107897614560169e-01 6.447010232719277978e-01 3.392778396606445312e+00
1.200000000000000000e+02 6.484083412815746517e-01 5.063140797106808755e-01 3.388103008270263672e+00
1.210000000000000000e+02 5.124582797273911083e-01 6.449730836684682833e-01 3.392855882644653320e+00
1.220000000000000000e+02 6.478054823524126427e-01 5.072458245457573955e-01 3.387820482254028320e+00
1.230000000000000000e+02 5.113781255872623666e-01 6.436196637099473872e-01 3.393039464950561523e+00
1.240000000000000000e+02 6.458813471094716485e-01 5.036293098570194804e-01 3.388451099395751953e+00
1.250000000000000000e+02 5.078151595994674361e-01 6.404168227107113198e-01 3.390825510025024414e+00
1.260000000000000000e+02 6.471360597435477091e-01 5.021586520258666253e-01 3.386772394180297852e+00
1.270000000000000000e+02 5.106404277762670585e-01 6.398225188191071222e-01 3.388675451278686523e+00
1.280000000000000000e+02 6.474048738642320666e-01 4.988572887840695969e-01 3.387460470199584961e+00
1.290000000000000000e+02 5.114451501013708157e-01 6.405794441877045164e-01 3.387650489807128906e+00
1.300000000000000000e+02 6.478944894970063428e-01 5.016393093648953139e-01 3.387825489044189453e+00
1.310000000000000000e+02 5.090227592802971657e-01 6.409121831315980344e-01 3.390098094940185547e+00
1.320000000000000000e+02 6.443334591125556843e-01 5.065109197443660172e-01 3.388691425323486328e+00
1.330000000000000000e+02 5.068268259116557317e-01 6.435745098023264443e-01 3.391017913818359375e+00
1.340000000000000000e+02 6.444144064948594819e-01 5.064542426155397292e-01 3.387551069259643555e+00
1.350000000000000000e+02 5.070147721714555189e-01 6.470672234525117750e-01 3.391642093658447266e+00
1.360000000000000000e+02 6.437148765985166721e-01 5.072158055353858108e-01 3.387897014617919922e+00
1.370000000000000000e+02 5.098322909889289045e-01 6.483014003254968793e-01 3.393079996109008789e+00
1.380000000000000000e+02 6.472131741222395540e-01 5.119584657201483591e-01 3.389086961746215820e+00
1.390000000000000000e+02 5.117143552238903048e-01 6.446704580637014903e-01 3.393244981765747070e+00
1.400000000000000000e+02 6.455261498604611958e-01 5.066843810972668782e-01 3.389229536056518555e+00
1.410000000000000000e+02 5.080108749031814197e-01 6.417726153551367441e-01 3.391223430633544922e+00
1.420000000000000000e+02 6.473914456799803041e-01 5.074703023885521747e-01 3.389347553253173828e+00
1.430000000000000000e+02 5.128688009813091586e-01 6.431982558008220163e-01 3.391376495361328125e+00
1.440000000000000000e+02 6.494784574465248816e-01 5.091853790712815853e-01 3.391273498535156250e+00
1.450000000000000000e+02 5.131823330792287807e-01 6.414040716259920005e-01 3.393919944763183594e+00
1.460000000000000000e+02 6.492115901344741591e-01 5.053147103530094553e-01 3.391323566436767578e+00
1.470000000000000000e+02 5.119089625230590634e-01 6.410543774330529354e-01 3.393387079238891602e+00
1.480000000000000000e+02 6.464062819481514177e-01 5.059070993389915838e-01 3.389257907867431641e+00
1.490000000000000000e+02 5.121090467476324681e-01 6.446188702470249110e-01 3.392673969268798828e+00
1.500000000000000000e+02 6.458564219966085318e-01 5.091347979668096047e-01 3.388863086700439453e+00
1.510000000000000000e+02 5.079673031960495466e-01 6.460225099980887453e-01 3.391894578933715820e+00
1.520000000000000000e+02 6.451192449807078289e-01 5.080474492223037153e-01 3.388532400131225586e+00
1.530000000000000000e+02 5.067383830054500438e-01 6.470548199640756559e-01 3.392615556716918945e+00
1.540000000000000000e+02 6.413871230962724379e-01 5.071939030960312955e-01 3.387274503707885742e+00
1.550000000000000000e+02 5.075499397080024400e-01 6.477592297399836774e-01 3.392739534378051758e+00
1.560000000000000000e+02 6.441098707188479544e-01 5.117781267977705717e-01 3.387701511383056641e+00
1.570000000000000000e+02 5.047188917301638211e-01 6.467174154543233744e-01 3.393120527267456055e+00
1.580000000000000000e+02 6.458317911825441904e-01 5.098261618538083573e-01 3.386577606201171875e+00
1.590000000000000000e+02 5.105406014633583345e-01 6.474775583830935100e-01 3.391844987869262695e+00
1.600000000000000000e+02 6.447025151366629903e-01 5.118143141591358081e-01 3.387645483016967773e+00
1.610000000000000000e+02 5.079677178078316757e-01 6.513026402239859847e-01 3.393774509429931641e+00
1.620000000000000000e+02 6.423801910647797264e-01 5.109180903665681006e-01 3.386734485626220703e+00
1.630000000000000000e+02 5.055263074828557635e-01 6.469454757782290288e-01 3.393695592880249023e+00
1.640000000000000000e+02 6.409910755815430017e-01 5.079172762980050937e-01 3.386043548583984375e+00
1.650000000000000000e+02 5.047797696924996025e-01 6.456200371789242443e-01 3.393249511718750000e+00
1.660000000000000000e+02 6.432420268993206403e-01 5.084724705497926101e-01 3.386130094528198242e+00
1.670000000000000000e+02 5.040742324597726753e-01 6.473999270788132199e-01 3.392405033111572266e+00
1.680000000000000000e+02 6.408082822857290584e-01 5.102934292231199320e-01 3.385329484939575195e+00
1.690000000000000000e+02 5.038956423373178728e-01 6.463500505156496434e-01 3.393813610076904297e+00
1.700000000000000000e+02 6.428268848404471436e-01 5.107502600114171010e-01 3.385737419128417969e+00
1.710000000000000000e+02 5.039943830196406127e-01 6.474814146421363770e-01 3.392699956893920898e+00
1.720000000000000000e+02 6.409155538272613972e-01 5.074628185587962692e-01 3.385785579681396484e+00
1.730000000000000000e+02 5.035610559460106384e-01 6.460288327280799825e-01 3.392648458480834961e+00
1.740000000000000000e+02 6.429675755812357396e-01 5.116860536266111259e-01 3.387332439422607422e+00
1.750000000000000000e+02 5.059642852121775114e-01 6.463851620420603128e-01 3.394012928009033203e+00
1.760000000000000000e+02 6.423283585802134210e-01 5.075713565211719125e-01 3.386799097061157227e+00
1.770000000000000000e+02 5.037544165457550349e-01 6.493919942487715868e-01 3.393819570541381836e+00
1.780000000000000000e+02 6.428376456332006716e-01 5.108312077075292112e-01 3.386724472045898438e+00
1.790000000000000000e+02 5.069062296718350735e-01 6.478926118654815269e-01 3.394427061080932617e+00
1.800000000000000000e+02 6.425722588186042472e-01 5.050380738362412192e-01 3.387628555297851562e+00
1.810000000000000000e+02 5.056997561331605384e-01 6.445536529576399998e-01 3.392204523086547852e+00
1.820000000000000000e+02 6.416926887658344070e-01 5.102486714047462790e-01 3.386342048645019531e+00
1.830000000000000000e+02 5.048031064949595192e-01 6.459521449383189839e-01 3.392925977706909180e+00
1.840000000000000000e+02 6.442200614642501488e-01 5.083239369298934163e-01 3.385453939437866211e+00
1.850000000000000000e+02 5.034585220641220049e-01 6.476886143053258715e-01 3.391482591629028320e+00
1.860000000000000000e+02 6.432450366691523369e-01 5.069822262035053040e-01 3.385506391525268555e+00
1.870000000000000000e+02 5.067211573704887284e-01 6.439937607868497782e-01 3.391652107238769531e+00
1.880000000000000000e+02 6.424677881534589519e-01 5.027120740581362268e-01 3.384719610214233398e+00
1.890000000000000000e+02 5.055630976119956932e-01 6.421304641605420915e-01 3.390768051147460938e+00
1.900000000000000000e+02 6.410678077328979541e-01 5.063064735607587519e-01 3.386158943176269531e+00
1.910000000000000000e+02 5.047289917215707078e-01 6.447005289611867918e-01 3.392848014831542969e+00
1.920000000000000000e+02 6.424061816472966813e-01 5.045609628077674103e-01 3.385929107666015625e+00
1.930000000000000000e+02 5.048482116752450732e-01 6.388110350489356604e-01 3.392155408859252930e+00
1.940000000000000000e+02 6.405057426700361267e-01 5.064155421402427582e-01 3.387384891510009766e+00
1.950000000000000000e+02 5.041607030744275075e-01 6.403567372062325402e-01 3.392445087432861328e+00
1.960000000000000000e+02 6.389443388141355928e-01 5.026180813607695752e-01 3.385867595672607422e+00
1.970000000000000000e+02 5.024809817619585450e-01 6.433283684308157557e-01 3.391297101974487305e+00
1.980000000000000000e+02 6.398481191197946671e-01 5.034091918287755263e-01 3.385186433792114258e+00
1.990000000000000000e+02 5.004133385093074704e-01 6.381687200315713238e-01 3.390507936477661133e+00
2.000000000000000000e+02 6.426192430958449497e-01 5.038436485294015554e-01 3.385074377059936523e+00
2.010000000000000000e+02 5.066851422091923629e-01 6.399334526320716865e-01 3.389471054077148438e+00
2.020000000000000000e+02 6.467992205284708307e-01 5.001414819180655114e-01 3.385129451751708984e+00
2.030000000000000000e+02 5.071432382429249541e-01 6.347431495876262320e-01 3.388401985168457031e+00
2.040000000000000000e+02 6.418875792939613412e-01 5.010133193000373408e-01 3.384937047958374023e+00
2.050000000000000000e+02 5.052909838121392161e-01 6.430863187899417133e-01 3.388597965240478516e+00
2.060000000000000000e+02 6.447880042355615959e-01 5.043243953329890061e-01 3.384865999221801758e+00
2.070000000000000000e+02 5.097499059893713103e-01 6.430185403631430985e-01 3.390286922454833984e+00
2.080000000000000000e+02 6.461108544373874718e-01 5.018636399853771968e-01 3.386955022811889648e+00
2.090000000000000000e+02 5.093833693092504333e-01 6.422068470688055974e-01 3.389739513397216797e+00
2.100000000000000000e+02 6.434950709408620018e-01 5.041244965907110132e-01 3.387149095535278320e+00
2.110000000000000000e+02 5.092497859446292185e-01 6.419458857342457136e-01 3.390575408935546875e+00
2.120000000000000000e+02 6.434509030840613875e-01 5.062214831273059712e-01 3.387012958526611328e+00
2.130000000000000000e+02 5.056164892187429150e-01 6.411590434478966483e-01 3.391252040863037109e+00
2.140000000000000000e+02 6.435755650826808782e-01 5.000232362887550019e-01 3.385639429092407227e+00
2.150000000000000000e+02 4.997739283788738551e-01 6.406208809025453199e-01 3.388849973678588867e+00
2.160000000000000000e+02 6.412275290012173778e-01 5.025520451309308800e-01 3.383969068527221680e+00
2.170000000000000000e+02 5.036350934154123493e-01 6.417245288629703781e-01 3.390967607498168945e+00
2.180000000000000000e+02 6.422593432670831159e-01 5.030196141522925712e-01 3.384670495986938477e+00
2.190000000000000000e+02 5.043947068182510485e-01 6.436580819739484705e-01 3.389652490615844727e+00
2.200000000000000000e+02 6.430069841976050471e-01 5.045648560115301162e-01 3.386499881744384766e+00
2.210000000000000000e+02 5.074164665143255926e-01 6.405477424031364997e-01 3.390821456909179688e+00
2.220000000000000000e+02 6.440263526547006512e-01 5.086103231376194467e-01 3.387922525405883789e+00
2.230000000000000000e+02 5.071106603457212758e-01 6.446091294638091052e-01 3.391462087631225586e+00
2.240000000000000000e+02 6.412133173829478450e-01 5.081099083120292903e-01 3.387782096862792969e+00
2.250000000000000000e+02 5.079035475186903792e-01 6.415128205082264445e-01 3.392529010772705078e+00
2.260000000000000000e+02 6.444331385900545772e-01 5.042757538073391332e-01 3.387907505035400391e+00
2.270000000000000000e+02 5.065372295052703588e-01 6.409439878593915507e-01 3.391129970550537109e+00
2.280000000000000000e+02 6.443434259020260901e-01 5.038022316360127872e-01 3.387345075607299805e+00
2.290000000000000000e+02 5.080318514124153584e-01 6.405087891891347862e-01 3.390352010726928711e+00
2.300000000000000000e+02 6.444833967706786737e-01 5.028861428323464500e-01 3.387679100036621094e+00
2.310000000000000000e+02 5.035040471716420996e-01 6.431642004969209125e-01 3.389661073684692383e+00
2.320000000000000000e+02 6.422967538732746728e-01 5.093223320844075808e-01 3.386571884155273438e+00
2.330000000000000000e+02 5.043460139922569807e-01 6.460780694137779889e-01 3.392630577087402344e+00
2.340000000000000000e+02 6.425561964151973449e-01 5.085135529170198287e-01 3.385216474533081055e+00
2.350000000000000000e+02 5.033020246110847529e-01 6.463782873953675123e-01 3.390984535217285156e+00
2.360000000000000000e+02 6.429179268142837245e-01 5.061941706868264834e-01 3.385875940322875977e+00
2.370000000000000000e+02 5.030975593601496598e-01 6.468311073600647720e-01 3.389576911926269531e+00
2.380000000000000000e+02 6.420018743853093124e-01 5.044420225089267795e-01 3.385354995727539062e+00
2.390000000000000000e+02 5.038596186989330317e-01 6.396390559379873109e-01 3.389539003372192383e+00
2.400000000000000000e+02 6.412619852905633300e-01 5.045607844445585410e-01 3.386570930480957031e+00
2.410000000000000000e+02 5.013805966803456249e-01 6.377001917702699307e-01 3.390722990036010742e+00
2.420000000000000000e+02 6.401065162337308267e-01 5.006657911148899576e-01 3.386221408843994141e+00
2.430000000000000000e+02 5.026546065797093954e-01 6.420464570783777081e-01 3.390161037445068359e+00
2.440000000000000000e+02 6.402089841952378624e-01 5.068328324021461606e-01 3.385339498519897461e+00
2.450000000000000000e+02 5.061671822354885109e-01 6.432055837354535566e-01 3.392635583877563477e+00
2.460000000000000000e+02 6.439318658734720646e-01 5.063639494555823850e-01 3.387758016586303711e+00
2.470000000000000000e+02 5.070970904451406192e-01 6.430318772428077478e-01 3.392520904541015625e+00
2.480000000000000000e+02 6.415694447241009346e-01 5.082566051130159579e-01 3.387886524200439453e+00
2.490000000000000000e+02 5.056234301751821869e-01 6.454829591468134176e-01 3.393117427825927734e+00
2.500000000000000000e+02 6.453706047826011094e-01 5.036701734418181919e-01 3.387651920318603516e+00
2.510000000000000000e+02 5.068859679266369822e-01 6.412680937280776927e-01 3.390960931777954102e+00
2.520000000000000000e+02 6.427504823648281240e-01 5.034948500815377148e-01 3.386805534362792969e+00
2.530000000000000000e+02 5.091000937331655596e-01 6.431220984813518227e-01 3.391649007797241211e+00
2.540000000000000000e+02 6.462261188314247784e-01 5.066712716200587607e-01 3.387320995330810547e+00
2.550000000000000000e+02 5.092845852725256250e-01 6.457086356558426887e-01 3.391839981079101562e+00
2.560000000000000000e+02 6.460035864239359604e-01 5.097055248459357868e-01 3.388353586196899414e+00
2.570000000000000000e+02 5.076461190707232118e-01 6.466866997467223266e-01 3.392975091934204102e+00
2.580000000000000000e+02 6.441891062405872281e-01 5.054203044465899186e-01 3.387140989303588867e+00
2.590000000000000000e+02 5.059910932549945839e-01 6.422973356763622688e-01 3.392512559890747070e+00
2.600000000000000000e+02 6.479855345477911754e-01 5.031139908750038581e-01 3.386627435684204102e+00
2.610000000000000000e+02 5.094875593925988211e-01 6.400273482242198053e-01 3.391412973403930664e+00
2.620000000000000000e+02 6.445296632282897509e-01 5.050866358882513119e-01 3.387599468231201172e+00
2.630000000000000000e+02 5.093395751822415995e-01 6.427992377108525668e-01 3.391192436218261719e+00
2.640000000000000000e+02 6.440538202473690133e-01 5.061865871290379681e-01 3.387296438217163086e+00
2.650000000000000000e+02 5.058068915066682436e-01 6.426457424017252285e-01 3.392130374908447266e+00
2.660000000000000000e+02 6.451720798782393240e-01 5.042857675557760322e-01 3.385810375213623047e+00
2.670000000000000000e+02 5.044831056548690906e-01 6.401210402103753028e-01 3.391373872756958008e+00
2.680000000000000000e+02 6.417860544399309752e-01 5.065371084783585331e-01 3.386703491210937500e+00
2.690000000000000000e+02 5.045468897493969873e-01 6.429045894309735054e-01 3.391766071319580078e+00
2.700000000000000000e+02 6.402880012594175385e-01 5.066562585220559800e-01 3.386412382125854492e+00
2.710000000000000000e+02 5.026448711425112181e-01 6.426608156582940268e-01 3.390768051147460938e+00
2.720000000000000000e+02 6.435991003301551050e-01 5.076420765527848156e-01 3.386408090591430664e+00
2.730000000000000000e+02 5.050888288951975724e-01 6.470715336719579103e-01 3.391295909881591797e+00
2.740000000000000000e+02 6.452425802017541789e-01 5.098436052122052864e-01 3.387061595916748047e+00
2.750000000000000000e+02 5.051400300675382704e-01 6.479928147092764990e-01 3.392868041992187500e+00
2.760000000000000000e+02 6.452223102167705671e-01 5.102494032401569957e-01 3.385407447814941406e+00
2.770000000000000000e+02 5.053806191760480404e-01 6.448136112464251113e-01 3.392609596252441406e+00
2.780000000000000000e+02 6.466436170844767073e-01 5.120714500132188540e-01 3.385689973831176758e+00
2.790000000000000000e+02 5.089431287792222092e-01 6.452898823033719200e-01 3.393771886825561523e+00
2.800000000000000000e+02 6.443853491419559987e-01 5.084031124058204787e-01 3.386662006378173828e+00
2.810000000000000000e+02 5.107736602593389019e-01 6.451649486567536673e-01 3.394128084182739258e+00
2.820000000000000000e+02 6.461128954368920985e-01 5.057344791959330621e-01 3.387966394424438477e+00
2.830000000000000000e+02 5.098008718890619795e-01 6.432235346726664638e-01 3.393158435821533203e+00
2.840000000000000000e+02 6.448605986275575130e-01 5.051964502792901657e-01 3.387827873229980469e+00
2.850000000000000000e+02 5.094390919284161878e-01 6.394115463207218353e-01 3.392050981521606445e+00
2.860000000000000000e+02 6.454904500079666763e-01 5.066309712833203527e-01 3.388251543045043945e+00
2.870000000000000000e+02 5.076373304604373526e-01 6.402569867655698577e-01 3.392021894454956055e+00
2.880000000000000000e+02 6.458960963271775935e-01 5.040375092449307370e-01 3.387993097305297852e+00
2.890000000000000000e+02 5.127502764231581800e-01 6.406568638175323960e-01 3.391208410263061523e+00
2.900000000000000000e+02 6.520018499218199759e-01 5.031852853080933663e-01 3.389680385589599609e+00
2.910000000000000000e+02 5.112448725652090076e-01 6.425435537871115876e-01 3.390856027603149414e+00
2.920000000000000000e+02 6.497199168727767482e-01 5.029032841729375036e-01 3.390208005905151367e+00
2.930000000000000000e+02 5.096001524950173334e-01 6.393809713407917483e-01 3.389554500579833984e+00
2.940000000000000000e+02 6.461249557592412263e-01 5.053109026168375317e-01 3.389560461044311523e+00
2.950000000000000000e+02 5.078870355611065923e-01 6.412745928847725096e-01 3.392452955245971680e+00
2.960000000000000000e+02 6.443455761365156631e-01 5.046111812689035858e-01 3.388334512710571289e+00
2.970000000000000000e+02 5.100858552137991220e-01 6.427023251219262656e-01 3.392548561096191406e+00
2.980000000000000000e+02 6.450470190463372111e-01 5.053350148488590099e-01 3.390656948089599609e+00
2.990000000000000000e+02 5.113346693454620118e-01 6.396326787903066080e-01 3.391690492630004883e+00
3.000000000000000000e+02 6.458890021393456360e-01 5.044752531446873300e-01 3.388452053070068359e+00
3.010000000000000000e+02 5.071725623637494129e-01 6.439138635770998986e-01 3.391875505447387695e+00
3.020000000000000000e+02 6.474548569857373481e-01 5.051757829799858879e-01 3.387089014053344727e+00
3.030000000000000000e+02 5.082586212526690739e-01 6.397479326177296644e-01 3.390898466110229492e+00
3.040000000000000000e+02 6.479062574984304490e-01 5.008826031532618295e-01 3.386502504348754883e+00
3.050000000000000000e+02 5.133735441756533957e-01 6.405139956870155027e-01 3.390931606292724609e+00
3.060000000000000000e+02 6.468354197126521266e-01 5.042660490680527241e-01 3.389137983322143555e+00
3.070000000000000000e+02 5.088082933126277796e-01 6.431121803458103026e-01 3.391938924789428711e+00
3.080000000000000000e+02 6.442050126160239198e-01 5.109271018867664882e-01 3.389508008956909180e+00
3.090000000000000000e+02 5.064485396174226439e-01 6.481130933623341361e-01 3.392761945724487305e+00
3.100000000000000000e+02 6.436467791168800634e-01 5.108553835664391141e-01 3.387831926345825195e+00
3.110000000000000000e+02 5.067762003181394137e-01 6.451575073990899467e-01 3.393127441406250000e+00
3.120000000000000000e+02 6.461106063397460408e-01 5.048079065189560177e-01 3.388590574264526367e+00
3.130000000000000000e+02 5.100029893516853097e-01 6.406901170069042584e-01 3.391783475875854492e+00
3.140000000000000000e+02 6.502508559508640706e-01 5.048075315033494492e-01 3.390989065170288086e+00
3.150000000000000000e+02 5.111450440067538681e-01 6.414869655903322476e-01 3.393255949020385742e+00
3.160000000000000000e+02 6.464289321531988541e-01 5.047679545088531450e-01 3.391036510467529297e+00
3.170000000000000000e+02 5.100402076453020017e-01 6.447046040954199642e-01 3.392452001571655273e+00
3.180000000000000000e+02 6.469709611682368244e-01 5.028313265408469457e-01 3.389182567596435547e+00
3.190000000000000000e+02 5.077821977520742269e-01 6.406343626736165087e-01 3.391189098358154297e+00
3.200000000000000000e+02 6.447832419537073978e-01 5.018633048601297553e-01 3.388836383819580078e+00
3.210000000000000000e+02 5.080681092193392034e-01 6.414649902627366229e-01 3.390223026275634766e+00
3.220000000000000000e+02 6.450977869332924497e-01 5.061866418555229785e-01 3.388840913772583008e+00
3.230000000000000000e+02 5.067094987562753561e-01 6.410471698513212635e-01 3.391855001449584961e+00
3.240000000000000000e+02 6.432935502593387644e-01 5.087602714760665057e-01 3.385705471038818359e+00
3.250000000000000000e+02 5.081153203193450318e-01 6.413986056978223660e-01 3.391293525695800781e+00
3.260000000000000000e+02 6.430944131486459048e-01 5.086684213159273771e-01 3.389237880706787109e+00
3.270000000000000000e+02 5.051424008705739377e-01 6.457823496412281594e-01 3.393312454223632812e+00
3.280000000000000000e+02 6.442274149056277377e-01 5.079463056991988523e-01 3.387979507446289062e+00
3.290000000000000000e+02 5.079008529966761998e-01 6.402667371534178642e-01 3.393192052841186523e+00
3.300000000000000000e+02 6.470466139533833649e-01 5.039572889188543847e-01 3.387713909149169922e+00
3.310000000000000000e+02 5.079539298226972699e-01 6.434671939531997342e-01 3.392194509506225586e+00
3.320000000000000000e+02 6.460707764475982495e-01 5.074686691945849981e-01 3.387870073318481445e+00
3.330000000000000000e+02 5.069567693407485143e-01 6.483403952903777911e-01 3.393825531005859375e+00
3.340000000000000000e+02 6.429183608651303228e-01 5.107780721651290490e-01 3.387044429779052734e+00
3.350000000000000000e+02 5.081551054150659219e-01 6.463538861426468829e-01 3.393723487854003906e+00
3.360000000000000000e+02 6.451234148914681832e-01 5.062753200420092581e-01 3.387629032135009766e+00
3.370000000000000000e+02 5.061192053262237867e-01 6.407617999218170324e-01 3.393229007720947266e+00
3.380000000000000000e+02 6.442513308874372457e-01 5.068233271870515866e-01 3.387484073638916016e+00
3.390000000000000000e+02 5.048880913409018456e-01 6.421342158449204751e-01 3.392251491546630859e+00
3.400000000000000000e+02 6.397109525497721716e-01 5.038000813800463940e-01 3.386457920074462891e+00
3.410000000000000000e+02 5.045289530209884354e-01 6.392477009301215096e-01 3.390865564346313477e+00
3.420000000000000000e+02 6.420457469471168022e-01 5.048400959313921188e-01 3.386126995086669922e+00
3.430000000000000000e+02 5.043870769392752029e-01 6.436413708749083584e-01 3.390629053115844727e+00
3.440000000000000000e+02 6.416258478239186269e-01 5.050590538447495836e-01 3.386128902435302734e+00
3.450000000000000000e+02 5.063611670182384117e-01 6.418949098220032567e-01 3.391855955123901367e+00
3.460000000000000000e+02 6.429207744966876081e-01 5.061326931653882255e-01 3.387408018112182617e+00
3.470000000000000000e+02 5.021398143570822148e-01 6.415645794036429761e-01 3.391561031341552734e+00
3.480000000000000000e+02 6.424641432195667967e-01 5.037124664070866675e-01 3.385108947753906250e+00
3.490000000000000000e+02 5.050712515202924191e-01 6.434686220311597316e-01 3.390924453735351562e+00
3.500000000000000000e+02 6.443221867371997647e-01 5.046852764769740318e-01 3.385646104812622070e+00
3.510000000000000000e+02 5.077468387902651648e-01 6.449255824996792397e-01 3.391265392303466797e+00
3.520000000000000000e+02 6.451156194225323715e-01 5.070810314481862813e-01 3.387547969818115234e+00
3.530000000000000000e+02 5.051793291683145393e-01 6.467668508346853251e-01 3.391596078872680664e+00
3.540000000000000000e+02 6.427806940301737937e-01 5.079038628821404000e-01 3.387181520462036133e+00
3.550000000000000000e+02 5.100327011857189730e-01 6.406216281065132412e-01 3.393944025039672852e+00
3.560000000000000000e+02 6.462697046242207310e-01 5.063218060896815809e-01 3.388964414596557617e+00
3.570000000000000000e+02 5.073322823402328652e-01 6.422297840910781153e-01 3.393681526184082031e+00
3.580000000000000000e+02 6.472078889974576255e-01 5.050365733128279189e-01 3.387255907058715820e+00
3.590000000000000000e+02 5.094489425301063079e-01 6.438190852595827574e-01 3.393939971923828125e+00
3.600000000000000000e+02 6.445523742584905458e-01 5.049554140602187102e-01 3.388813018798828125e+00
3.610000000000000000e+02 5.048155072300810620e-01 6.403464010161683539e-01 3.393939495086669922e+00
3.620000000000000000e+02 6.425544827001624659e-01 5.000141392235346594e-01 3.387935400009155273e+00
3.630000000000000000e+02 5.069562092663422170e-01 6.394933383305827501e-01 3.392451047897338867e+00
3.640000000000000000e+02 6.403905823978457423e-01 5.055530263959717718e-01 3.387492418289184570e+00
3.650000000000000000e+02 5.085377148511025513e-01 6.416105866971237859e-01 3.392349004745483398e+00
3.660000000000000000e+02 6.392402949444483395e-01 5.086257292532908592e-01 3.388398408889770508e+00
3.670000000000000000e+02 5.036879153711391055e-01 6.462175973209820512e-01 3.394515514373779297e+00
3.680000000000000000e+02 6.400419211394989816e-01 5.101889828391211745e-01 3.386738061904907227e+00
3.690000000000000000e+02 5.025914620808790145e-01 6.458973909421750204e-01 3.393873929977416992e+00
3.700000000000000000e+02 6.432545537233934629e-01 5.106082883786696724e-01 3.387492895126342773e+00
3.710000000000000000e+02 5.114587718152012741e-01 6.458669211058079007e-01 3.393483400344848633e+00
3.720000000000000000e+02 6.482821277363605139e-01 5.062898270739564222e-01 3.389294385910034180e+00
3.730000000000000000e+02 5.089447965655556905e-01 6.433811362137816792e-01 3.392547607421875000e+00
3.740000000000000000e+02 6.442786492310795810e-01 5.048929473402616885e-01 3.388020992279052734e+00
3.750000000000000000e+02 5.067228046583301948e-01 6.418591672255472558e-01 3.392252922058105469e+00
3.760000000000000000e+02 6.456414493159577939e-01 5.030322372379124607e-01 3.387485027313232422e+00
3.770000000000000000e+02 5.075645821852465822e-01 6.414103396551230629e-01 3.391744375228881836e+00
3.780000000000000000e+02 6.414576529991299347e-01 5.045434835572398802e-01 3.388020992279052734e+00
3.790000000000000000e+02 5.076649978443960043e-01 6.473662334971911347e-01 3.392704963684082031e+00
3.800000000000000000e+02 6.424103546079312776e-01 5.082298627604837638e-01 3.388114452362060547e+00
3.810000000000000000e+02 5.054237600032811528e-01 6.442262499443297541e-01 3.393610477447509766e+00
3.820000000000000000e+02 6.445437089290100285e-01 5.024332640336125477e-01 3.389904499053955078e+00
3.830000000000000000e+02 5.069341300620704427e-01 6.424897526164844441e-01 3.391712903976440430e+00
3.840000000000000000e+02 6.426808202671129289e-01 5.034945524777831860e-01 3.389722585678100586e+00
3.850000000000000000e+02 5.069556139826931762e-01 6.387016654588592024e-01 3.390594482421875000e+00
3.860000000000000000e+02 6.453374788019280439e-01 5.016698223197227913e-01 3.388397455215454102e+00
3.870000000000000000e+02 5.067092411151503661e-01 6.396502647289319388e-01 3.390486955642700195e+00
3.880000000000000000e+02 6.494584094919082506e-01 5.026950507519241107e-01 3.387945413589477539e+00
3.890000000000000000e+02 5.108008354205753054e-01 6.395430173062378598e-01 3.390387058258056641e+00
3.900000000000000000e+02 6.505808462197087971e-01 5.048101917276313078e-01 3.388056039810180664e+00
3.910000000000000000e+02 5.144069261654941050e-01 6.430926506630604278e-01 3.390506505966186523e+00
3.920000000000000000e+02 6.509150189276551313e-01 5.016160841038883600e-01 3.388595104217529297e+00
3.930000000000000000e+02 5.191485848697552363e-01 6.401835625692948728e-01 3.391191005706787109e+00
3.940000000000000000e+02 6.502510841326034630e-01 5.060462141225769983e-01 3.389857530593872070e+00
3.950000000000000000e+02 5.116361775261670797e-01 6.404906493124280509e-01 3.392666101455688477e+00
3.960000000000000000e+02 6.456382895809225086e-01 5.037730048032518226e-01 3.389647006988525391e+00
3.970000000000000000e+02 5.092307788419798698e-01 6.384906226288574738e-01 3.393654584884643555e+00
3.980000000000000000e+02 6.457575333014138330e-01 5.030266020562550455e-01 3.389549016952514648e+00
