0.000000000000000000e+00 1.408615438579126911e-01 3.875586454118556262e-02 2.997172594070434570e+00
1.000000000000000000e+00 1.148930274469148888e-01 1.525850039760862920e-01 3.001209497451782227e+00
2.000000000000000000e+00 3.176416776194977976e-01 1.183586409773788040e-01 3.132406949996948242e+00
3.000000000000000000e+00 2.357546295920414647e-01 3.294307646633760078e-01 3.137055397033691406e+00
4.000000000000000000e+00 4.415811034423917647e-01 2.372780428817671539e-01 3.215602874755859375e+00
5.000000000000000000e+00 3.254348585109489433e-01 4.452234192622108178e-01 3.220990896224975586e+00
6.000000000000000000e+00 5.173980061602899694e-01 3.271144967712565355e-01 3.265819072723388672e+00
7.000000000000000000e+00 3.801186523579530019e-01 5.171953681280719861e-01 3.270390987396240234e+00
8.000000000000000000e+00 5.548659307463813528e-01 3.785277234920019773e-01 3.296294927597045898e+00
9.000000000000000000e+00 4.148081833974597288e-01 5.522874775761064114e-01 3.299632072448730469e+00
1.000000000000000000e+01 5.817767887669017535e-01 4.113724386781054121e-01 3.316970586776733398e+00
1.100000000000000000e+01 4.387180013865552564e-01 5.763580934152852109e-01 3.318748950958251953e+00
1.200000000000000000e+01 5.985562869108327355e-01 4.286822974030267686e-01 3.330920457839965820e+00
1.300000000000000000e+01 4.511120695358382116e-01 5.947901722379123068e-01 3.331374406814575195e+00
1.400000000000000000e+01 6.047122725433655699e-01 4.454040218420128316e-01 3.338966608047485352e+00
1.500000000000000000e+01 4.582307290771525099e-01 6.052030647399248009e-01 3.342063903808593750e+00
1.600000000000000000e+01 6.126302246919131944e-01 4.559282791367431087e-01 3.344691991806030273e+00
1.700000000000000000e+01 4.605107820543086206e-01 6.102103474934407190e-01 3.347954511642456055e+00
1.800000000000000000e+01 6.102588958023115184e-01 4.608087585514584750e-01 3.347094058990478516e+00
1.900000000000000000e+01 4.628598131657162273e-01 6.114358916415864043e-01 3.350841999053955078e+00
2.000000000000000000e+01 6.154524963628491552e-01 4.644288455665290249e-01 3.348536968231201172e+00
2.100000000000000000e+01 4.655144411513383318e-01 6.122433646369010996e-01 3.353439092636108398e+00
2.200000000000000000e+01 6.132849652803531448e-01 4.655848781095229261e-01 3.350464105606079102e+00
2.300000000000000000e+01 4.653707905716727433e-01 6.193173063213767149e-01 3.354140043258666992e+00
2.400000000000000000e+01 6.156848284405882499e-01 4.694739308658243404e-01 3.349900960922241211e+00
2.500000000000000000e+01 4.685724824513882170e-01 6.228942377362375327e-01 3.356129884719848633e+00
2.600000000000000000e+01 6.143157356506295796e-01 4.695384589289163801e-01 3.351249456405639648e+00
2.700000000000000000e+01 4.679834769615189849e-01 6.191566737104921003e-01 3.355197906494140625e+00
2.800000000000000000e+01 6.191137532468047322e-01 4.697478422817832344e-01 3.351722955703735352e+00
2.900000000000000000e+01 4.688441207535591904e-01 6.194087502791156830e-01 3.356653928756713867e+00
3.000000000000000000e+01 6.279374534365269600e-01 4.677011925758270405e-01 3.351866483688354492e+00
3.100000000000000000e+01 4.749462756045824130e-01 6.206867642715719890e-01 3.355141401290893555e+00
3.200000000000000000e+01 6.246396357268425570e-01 4.696611441985018565e-01 3.352736473083496094e+00
3.300000000000000000e+01 4.744595608297310640e-01 6.202759276351718087e-01 3.354689598083496094e+00
3.400000000000000000e+01 6.274893808582905352e-01 4.681533098055576381e-01 3.354125499725341797e+00
3.500000000000000000e+01 4.746202479943942287e-01 6.192078652850810938e-01 3.355834007263183594e+00
3.600000000000000000e+01 6.256129255488647178e-01 4.702310086109607878e-01 3.353868007659912109e+00
3.700000000000000000e+01 4.746054041619987007e-01 6.176386820733696936e-01 3.356226444244384766e+00
3.800000000000000000e+01 6.239855765703781199e-01 4.732278968545225450e-01 3.354078531265258789e+00
3.900000000000000000e+01 4.757515131893738647e-01 6.201205643609118967e-01 3.357523918151855469e+00
4.000000000000000000e+01 6.249759680188364808e-01 4.686190583777546381e-01 3.353209018707275391e+00
4.100000000000000000e+01 4.763797779387060061e-01 6.172738102204808897e-01 3.357285976409912109e+00
4.200000000000000000e+01 6.263128165635489797e-01 4.657678205214377254e-01 3.354361534118652344e+00
4.300000000000000000e+01 4.757645999251509106e-01 6.170734311376928627e-01 3.356398582458496094e+00
4.400000000000000000e+01 6.287317581662781318e-01 4.671853267515818087e-01 3.353125095367431641e+00
4.500000000000000000e+01 4.775912815107468123e-01 6.203123244935868641e-01 3.355700969696044922e+00
4.600000000000000000e+01 6.272972964923383410e-01 4.667468755911707845e-01 3.354485988616943359e+00
4.700000000000000000e+01 4.793125482930661319e-01 6.137569756622205386e-01 3.355292081832885742e+00
4.800000000000000000e+01 6.322784538607066906e-01 4.655950461943640373e-01 3.355217456817626953e+00
4.900000000000000000e+01 4.795296562766684922e-01 6.136355527112864472e-01 3.353907108306884766e+00
5.000000000000000000e+01 6.240183735060880199e-01 4.676310114518211214e-01 3.354963064193725586e+00
5.100000000000000000e+01 4.717490904022623166e-01 6.196200886246966411e-01 3.354559421539306641e+00
5.200000000000000000e+01 6.207605712356606409e-01 4.685541978152445997e-01 3.353091955184936523e+00
5.300000000000000000e+01 4.701477852435450577e-01 6.185626704038714729e-01 3.355272054672241211e+00
5.400000000000000000e+01 6.243677636310650536e-01 4.685431194165465829e-01 3.353421926498413086e+00
5.500000000000000000e+01 4.714464216714593925e-01 6.198134268241493050e-01 3.356134891510009766e+00
5.600000000000000000e+01 6.235575930466641381e-01 4.697189553470463852e-01 3.353841543197631836e+00
5.700000000000000000e+01 4.747363292429575554e-01 6.170447458034047372e-01 3.356447935104370117e+00
5.800000000000000000e+01 6.230365117003796582e-01 4.656661827170296419e-01 3.354240894317626953e+00
5.900000000000000000e+01 4.729226180885059971e-01 6.129752577930268620e-01 3.354563951492309570e+00
6.000000000000000000e+01 6.215369534865918810e-01 4.667420519969585069e-01 3.352668046951293945e+00
6.100000000000000000e+01 4.740646603004042281e-01 6.156668835972162190e-01 3.354479551315307617e+00
6.200000000000000000e+01 6.253429902965599307e-01 4.656808114715295654e-01 3.352978944778442383e+00
6.300000000000000000e+01 4.714652642738152988e-01 6.137843092224229968e-01 3.354398012161254883e+00
6.400000000000000000e+01 6.236467236887479615e-01 4.678062026266342488e-01 3.351483583450317383e+00
6.500000000000000000e+01 4.685575400194635365e-01 6.189789843641783085e-01 3.354607105255126953e+00
6.600000000000000000e+01 6.160141632004582091e-01 4.662776454632097667e-01 3.350677013397216797e+00
6.700000000000000000e+01 4.727266646656116400e-01 6.151874719748253728e-01 3.355798006057739258e+00
6.800000000000000000e+01 6.210798151066426742e-01 4.671355313208749860e-01 3.351769924163818359e+00
6.900000000000000000e+01 4.694385684195642727e-01 6.187034785257974345e-01 3.356164455413818359e+00
7.000000000000000000e+01 6.195014217066587836e-01 4.686057815470807686e-01 3.352459430694580078e+00
7.100000000000000000e+01 4.723083418833993186e-01 6.208320815394392511e-01 3.356603384017944336e+00
7.200000000000000000e+01 6.212177916175939396e-01 4.706890283471417136e-01 3.355122089385986328e+00
7.300000000000000000e+01 4.760541696658012745e-01 6.157889144892332300e-01 3.355818986892700195e+00
7.400000000000000000e+01 6.232013130039709692e-01 4.651662711336127520e-01 3.355932474136352539e+00
7.500000000000000000e+01 4.769745339570939380e-01 6.173802340033937019e-01 3.354401588439941406e+00
7.600000000000000000e+01 6.246002023693606464e-01 4.675552487421808512e-01 3.355648517608642578e+00
7.700000000000000000e+01 4.783004746388449524e-01 6.192635966541806258e-01 3.354403972625732422e+00
7.800000000000000000e+01 6.284382811950801617e-01 4.710598571170587223e-01 3.357031106948852539e+00
7.900000000000000000e+01 4.786604929745529313e-01 6.164577948027963883e-01 3.355990409851074219e+00
8.000000000000000000e+01 6.308815374339130644e-01 4.677167429170966950e-01 3.356278419494628906e+00
8.100000000000000000e+01 4.777598036708360918e-01 6.141213649390013796e-01 3.354998588562011719e+00
8.200000000000000000e+01 6.225538139909101432e-01 4.678436197721076995e-01 3.355794429779052734e+00
8.300000000000000000e+01 4.720025727222411649e-01 6.148795048838734401e-01 3.354186058044433594e+00
8.400000000000000000e+01 6.200124047770733116e-01 4.634232085846644034e-01 3.355334043502807617e+00
8.500000000000000000e+01 4.691092272335676272e-01 6.177860991662499357e-01 3.353752374649047852e+00
8.600000000000000000e+01 6.245964887674024801e-01 4.644162500414826256e-01 3.353569984436035156e+00
8.700000000000000000e+01 4.744085374873848182e-01 6.162396149040003657e-01 3.353466987609863281e+00
8.800000000000000000e+01 6.253168640401383094e-01 4.682660787400382274e-01 3.354831457138061523e+00
8.900000000000000000e+01 4.742190497119102011e-01 6.160800775049378730e-01 3.355072021484375000e+00
9.000000000000000000e+01 6.258318880401564366e-01 4.642790678397009652e-01 3.354101419448852539e+00
9.100000000000000000e+01 4.752014978718407945e-01 6.184403592977487651e-01 3.354048967361450195e+00
9.200000000000000000e+01 6.252425066926607933e-01 4.687303070613638156e-01 3.353034019470214844e+00
9.300000000000000000e+01 4.715283346413101095e-01 6.172062320968910720e-01 3.355608463287353516e+00
9.400000000000000000e+01 6.236730795010611006e-01 4.695097395060841561e-01 3.352227926254272461e+00
9.500000000000000000e+01 4.765826726430572036e-01 6.203731102143160703e-01 3.355587959289550781e+00
9.600000000000000000e+01 6.280133036678545722e-01 4.687301150832577923e-01 3.354703903198242188e+00
9.700000000000000000e+01 4.779476513179830022e-01 6.165411030185360408e-01 3.356099605560302734e+00
9.800000000000000000e+01 6.228411417866581701e-01 4.655515303789630743e-01 3.355259895324707031e+00
9.900000000000000000e+01 4.735583174313046650e-01 6.168954172212215425e-01 3.355252027511596680e+00
1.000000000000000000e+02 6.216910058028515262e-01 4.657714547040525677e-01 3.353150606155395508e+00
1.010000000000000000e+02 4.712781582023534699e-01 6.153287391653375904e-01 3.354119062423706055e+00
1.020000000000000000e+02 6.222537626305915115e-01 4.660740378972086373e-01 3.353492975234985352e+00
1.030000000000000000e+02 4.708739645801623963e-01 6.198746005140415294e-01 3.354921102523803711e+00
1.040000000000000000e+02 6.214663458599590795e-01 4.684499818107167868e-01 3.351907968521118164e+00
1.050000000000000000e+02 4.692512443546602019e-01 6.213220899150538878e-01 3.355327606201171875e+00
1.060000000000000000e+02 6.167917106926664728e-01 4.756489417175312484e-01 3.350954055786132812e+00
1.070000000000000000e+02 4.671347552648748014e-01 6.265559724022503607e-01 3.357961416244506836e+00
1.080000000000000000e+02 6.187647409787254693e-01 4.769406677009723206e-01 3.350753545761108398e+00
1.090000000000000000e+02 4.696380560394170511e-01 6.224869966176904690e-01 3.357131004333496094e+00
1.100000000000000000e+02 6.209756877453661561e-01 4.710678054891020983e-01 3.352566957473754883e+00
1.110000000000000000e+02 4.691712955171957189e-01 6.225329718148396863e-01 3.355921506881713867e+00
1.120000000000000000e+02 6.175207495209809050e-01 4.722233531661105821e-01 3.350975990295410156e+00
1.130000000000000000e+02 4.724198551600676810e-01 6.231551246039168657e-01 3.355204582214355469e+00
1.140000000000000000e+02 6.230591630118402779e-01 4.758099403090289559e-01 3.352998495101928711e+00
1.150000000000000000e+02 4.715920373756029016e-01 6.256366753490676391e-01 3.356487035751342773e+00
1.160000000000000000e+02 6.212861857469347271e-01 4.803110651159780975e-01 3.353338479995727539e+00
1.170000000000000000e+02 4.724263438737297816e-01 6.291102483309557458e-01 3.359522104263305664e+00
1.180000000000000000e+02 6.218507628675671306e-01 4.821022423853051908e-01 3.353283882141113281e+00
1.190000000000000000e+02 4.721420840155140519e-01 6.294082241530759569e-01 3.360366582870483398e+00
1.200000000000000000e+02 6.204544572160137772e-01 4.748231925723646607e-01 3.352749586105346680e+00
1.210000000000000000e+02 4.681553381080352794e-01 6.238319080284752127e-01 3.358637571334838867e+00
1.220000000000000000e+02 6.183325742725130914e-01 4.764649310830677553e-01 3.351353883743286133e+00
1.230000000000000000e+02 4.691881771410986168e-01 6.262823245156143859e-01 3.357382535934448242e+00
1.240000000000000000e+02 6.163544854007767526e-01 4.754450309138629205e-01 3.351285934448242188e+00
1.250000000000000000e+02 4.677828859980092124e-01 6.233541841814203011e-01 3.357747554779052734e+00
1.260000000000000000e+02 6.180075315344638609e-01 4.733764411535155148e-01 3.351980924606323242e+00
1.270000000000000000e+02 4.701347892521501870e-01 6.250670479117259593e-01 3.357205390930175781e+00
1.280000000000000000e+02 6.180550239277751157e-01 4.758438275424013986e-01 3.352491378784179688e+00
1.290000000000000000e+02 4.694459818485572367e-01 6.256381706094897854e-01 3.358319997787475586e+00
1.300000000000000000e+02 6.211137036586986682e-01 4.782872972118702992e-01 3.352258920669555664e+00
1.310000000000000000e+02 4.694009356233028174e-01 6.250658436603934165e-01 3.358934879302978516e+00
1.320000000000000000e+02 6.226404875110780335e-01 4.747185383424372129e-01 3.351608037948608398e+00
1.330000000000000000e+02 4.711014370973720111e-01 6.223182767826822559e-01 3.358474969863891602e+00
1.340000000000000000e+02 6.208331143232908023e-01 4.722657161319971375e-01 3.352545499801635742e+00
1.350000000000000000e+02 4.710755804044407524e-01 6.219349472571262805e-01 3.357753515243530273e+00
1.360000000000000000e+02 6.212364216139496520e-01 4.718551936243881584e-01 3.353227376937866211e+00
1.370000000000000000e+02 4.702240407730397531e-01 6.229190396218408088e-01 3.356868505477905273e+00
1.380000000000000000e+02 6.218223747347109143e-01 4.724377633982271840e-01 3.352283477783203125e+00
1.390000000000000000e+02 4.679184576861825096e-01 6.243950661883377329e-01 3.356788396835327148e+00
1.400000000000000000e+02 6.233215709535915305e-01 4.722491947324567452e-01 3.352035045623779297e+00
1.410000000000000000e+02 4.712864036833214199e-01 6.197186936258723966e-01 3.357939958572387695e+00
1.420000000000000000e+02 6.219051177901536720e-01 4.705455667937118447e-01 3.353234052658081055e+00
1.430000000000000000e+02 4.691771838481912371e-01 6.200341591078439851e-01 3.356369018554687500e+00
1.440000000000000000e+02 6.200404680391445877e-01 4.696181716875589829e-01 3.351039886474609375e+00
1.450000000000000000e+02 4.770081746110897414e-01 6.172532143395427218e-01 3.356902599334716797e+00
1.460000000000000000e+02 6.257182660742235392e-01 4.640937504250164936e-01 3.354558944702148438e+00
1.470000000000000000e+02 4.783277962993630061e-01 6.127936522410725173e-01 3.355437994003295898e+00
1.480000000000000000e+02 6.243074706752786973e-01 4.657379918438780964e-01 3.355352878570556641e+00
1.490000000000000000e+02 4.707070556131308092e-01 6.136919231195799851e-01 3.354830503463745117e+00
1.500000000000000000e+02 6.206860385068155850e-01 4.668332692659485361e-01 3.353262424468994141e+00
1.510000000000000000e+02 4.716692967096907108e-01 6.184250674497827616e-01 3.355597019195556641e+00
1.520000000000000000e+02 6.214274426591368528e-01 4.704901254648134468e-01 3.353487014770507812e+00
1.530000000000000000e+02 4.754445987764198689e-01 6.198181720332237576e-01 3.357328414916992188e+00
1.540000000000000000e+02 6.220217740570789244e-01 4.740950070992628329e-01 3.355116605758666992e+00
1.550000000000000000e+02 4.709757028925868894e-01 6.258844131457833582e-01 3.357705593109130859e+00
1.560000000000000000e+02 6.214993772603212285e-01 4.742315816156980612e-01 3.352658987045288086e+00
1.570000000000000000e+02 4.712612776171353213e-01 6.202937857753199058e-01 3.356404066085815430e+00
1.580000000000000000e+02 6.181086351741769125e-01 4.716235389169366465e-01 3.351875543594360352e+00
1.590000000000000000e+02 4.678198907380657356e-01 6.245062656016214797e-01 3.357295036315917969e+00
1.600000000000000000e+02 6.180481779086430816e-01 4.757891351215329245e-01 3.351339578628540039e+00
1.610000000000000000e+02 4.738295407582360230e-01 6.233240219679941907e-01 3.357722043991088867e+00
1.620000000000000000e+02 6.205606623443274961e-01 4.760703701425257894e-01 3.354712486267089844e+00
1.630000000000000000e+02 4.735680079318720925e-01 6.203231934634645395e-01 3.357807874679565430e+00
1.640000000000000000e+02 6.257286860176851651e-01 4.710389845775200812e-01 3.354194402694702148e+00
1.650000000000000000e+02 4.745539965950900108e-01 6.186403475175963340e-01 3.357475042343139648e+00
1.660000000000000000e+02 6.194950847174951480e-01 4.714909865698782565e-01 3.354188919067382812e+00
1.670000000000000000e+02 4.750661002060551641e-01 6.203539616757930419e-01 3.356257438659667969e+00
1.680000000000000000e+02 6.236121264200833458e-01 4.715205159037774152e-01 3.353996515274047852e+00
1.690000000000000000e+02 4.726543971560578927e-01 6.184112912922002936e-01 3.356530904769897461e+00
1.700000000000000000e+02 6.179155753747033186e-01 4.707258221332931147e-01 3.354056596755981445e+00
1.710000000000000000e+02 4.694178656825160889e-01 6.222195586555419045e-01 3.356103420257568359e+00
1.720000000000000000e+02 6.240939604318710421e-01 4.704090825584570368e-01 3.352354049682617188e+00
1.730000000000000000e+02 4.725900479057693615e-01 6.170144806540949212e-01 3.355623960494995117e+00
1.740000000000000000e+02 6.240159272345080499e-01 4.674588061353323609e-01 3.353455066680908203e+00
1.750000000000000000e+02 4.759083420768952521e-01 6.148404342976719894e-01 3.356840610504150391e+00
1.760000000000000000e+02 6.210174363096595540e-01 4.674201262343646857e-01 3.354150533676147461e+00
1.770000000000000000e+02 4.722188174829066720e-01 6.169679735308699620e-01 3.356436014175415039e+00
1.780000000000000000e+02 6.237861900020995609e-01 4.681894032363529412e-01 3.352858066558837891e+00
1.790000000000000000e+02 4.693436591069804487e-01 6.168703720420239955e-01 3.355028390884399414e+00
1.800000000000000000e+02 6.235899785027152475e-01 4.699762107256162391e-01 3.351542472839355469e+00
1.810000000000000000e+02 4.762192606822731600e-01 6.183805035310810938e-01 3.356277942657470703e+00
1.820000000000000000e+02 6.218462312353728594e-01 4.663715729262442600e-01 3.354388952255249023e+00
1.830000000000000000e+02 4.742624977311865608e-01 6.170304096113979897e-01 3.355082988739013672e+00
1.840000000000000000e+02 6.256475996446082544e-01 4.706410540842795309e-01 3.355176925659179688e+00
1.850000000000000000e+02 4.745189973760409741e-01 6.205243475247951279e-01 3.356079578399658203e+00
1.860000000000000000e+02 6.221279768389297304e-01 4.706571588805276707e-01 3.353957891464233398e+00
1.870000000000000000e+02 4.683870438940383463e-01 6.262609054457503044e-01 3.356750011444091797e+00
1.880000000000000000e+02 6.152281817790414831e-01 4.731629817589694809e-01 3.351844549179077148e+00
1.890000000000000000e+02 4.694579302294589196e-01 6.268071470579854587e-01 3.358011484146118164e+00
1.900000000000000000e+02 6.177656359340182313e-01 4.724487845493701710e-01 3.351540565490722656e+00
1.910000000000000000e+02 4.679035978168007981e-01 6.266145445061317432e-01 3.357039928436279297e+00
1.920000000000000000e+02 6.207174389283207638e-01 4.750410557502201536e-01 3.351335048675537109e+00
1.930000000000000000e+02 4.681396127085160619e-01 6.233154680045966956e-01 3.357714414596557617e+00
1.940000000000000000e+02 6.200009270627109270e-01 4.736268905099642046e-01 3.350545883178710938e+00
1.950000000000000000e+02 4.659397371906539576e-01 6.239253167124801935e-01 3.355983018875122070e+00
1.960000000000000000e+02 6.201361641309329764e-01 4.740325537740173178e-01 3.350594997406005859e+00
1.970000000000000000e+02 4.693399558388678949e-01 6.227632850902770079e-01 3.356826543807983398e+00
1.980000000000000000e+02 6.233454443834511860e-01 4.720768565797672234e-01 3.352111577987670898e+00
1.990000000000000000e+02 4.686584202848532721e-01 6.244249735543351276e-01 3.356486558914184570e+00
2.000000000000000000e+02 6.192627146227387414e-01 4.730131302683638905e-01 3.351833105087280273e+00
2.010000000000000000e+02 4.706833842212336805e-01 6.222398361565998348e-01 3.357992410659790039e+00
2.020000000000000000e+02 6.215209957364355997e-01 4.703468140852199442e-01 3.351293563842773438e+00
2.030000000000000000e+02 4.700064233737781816e-01 6.208552051220109780e-01 3.357228994369506836e+00
2.040000000000000000e+02 6.221121094259617346e-01 4.700614405155634223e-01 3.351542949676513672e+00
2.050000000000000000e+02 4.714369928570161239e-01 6.152231298253302283e-01 3.356138467788696289e+00
2.060000000000000000e+02 6.234441356948827728e-01 4.678442049557697824e-01 3.351884603500366211e+00
2.070000000000000000e+02 4.735049207531030202e-01 6.179937176976240121e-01 3.355776071548461914e+00
2.080000000000000000e+02 6.226412867594399714e-01 4.697966976275577689e-01 3.353261470794677734e+00
2.090000000000000000e+02 4.745834144721709502e-01 6.160820073141290987e-01 3.355662584304809570e+00
2.100000000000000000e+02 6.206242423750923942e-01 4.670608623203277299e-01 3.355184555053710938e+00
2.110000000000000000e+02 4.697748060056270436e-01 6.193532766955662794e-01 3.355515956878662109e+00
2.120000000000000000e+02 6.209988390423950566e-01 4.719568644853076034e-01 3.352686405181884766e+00
2.130000000000000000e+02 4.737494083969576164e-01 6.173892876917943529e-01 3.357111930847167969e+00
2.140000000000000000e+02 6.206259279386456829e-01 4.708579044017747184e-01 3.354214429855346680e+00
2.150000000000000000e+02 4.738445520509231845e-01 6.198367907300917912e-01 3.356887102127075195e+00
2.160000000000000000e+02 6.197378460665505795e-01 4.727244139606257556e-01 3.354978561401367188e+00
2.170000000000000000e+02 4.781799841447464394e-01 6.191324587611959362e-01 3.357556104660034180e+00
2.180000000000000000e+02 6.264289115626564541e-01 4.667722858879046477e-01 3.354868412017822266e+00
2.190000000000000000e+02 4.774855013022243355e-01 6.191175201350658241e-01 3.355117082595825195e+00
2.200000000000000000e+02 6.279928417116332762e-01 4.675974984039497628e-01 3.354458093643188477e+00
2.210000000000000000e+02 4.734106125220990391e-01 6.197632475275459685e-01 3.356236457824707031e+00
2.220000000000000000e+02 6.229593866038558581e-01 4.716557459560794530e-01 3.353456497192382812e+00
2.230000000000000000e+02 4.731525879665789414e-01 6.213383306363949865e-01 3.357389926910400391e+00
2.240000000000000000e+02 6.237409208526089044e-01 4.711575168289017790e-01 3.354178905487060547e+00
2.250000000000000000e+02 4.716771506231532407e-01 6.187201325920492767e-01 3.357084512710571289e+00
2.260000000000000000e+02 6.240235887980217777e-01 4.687255629858698702e-01 3.354001045227050781e+00
2.270000000000000000e+02 4.717323130568545353e-01 6.217947303410841231e-01 3.355721473693847656e+00
2.280000000000000000e+02 6.264493784506574015e-01 4.709295708586398455e-01 3.352834463119506836e+00
2.290000000000000000e+02 4.749021947912031028e-01 6.207781082897423364e-01 3.357774972915649414e+00
2.300000000000000000e+02 6.272678788876389078e-01 4.702130641834026958e-01 3.353763103485107422e+00
2.310000000000000000e+02 4.773965257329391143e-01 6.214763111695397191e-01 3.356642961502075195e+00
2.320000000000000000e+02 6.258191404984903006e-01 4.712878708212703271e-01 3.354592561721801758e+00
2.330000000000000000e+02 4.752060550333761513e-01 6.217769413847968885e-01 3.356745004653930664e+00
2.340000000000000000e+02 6.227168468310795291e-01 4.702199444197487921e-01 3.353002548217773438e+00
2.350000000000000000e+02 4.701652049315330761e-01 6.174026729663268931e-01 3.356569528579711914e+00
2.360000000000000000e+02 6.263351330564694841e-01 4.659325083091111486e-01 3.352949380874633789e+00
2.370000000000000000e+02 4.739850420542658926e-01 6.169967578988937440e-01 3.354861021041870117e+00
2.380000000000000000e+02 6.248416861809193978e-01 4.723733341822686227e-01 3.353328943252563477e+00
2.390000000000000000e+02 4.734052780734488985e-01 6.222340884010545414e-01 3.357434034347534180e+00
2.400000000000000000e+02 6.282315111104395111e-01 4.699746261487023902e-01 3.352592468261718750e+00
2.410000000000000000e+02 4.767354716592023256e-01 6.204527719005010766e-01 3.355623483657836914e+00
2.420000000000000000e+02 6.269178702931491598e-01 4.666660357728549258e-01 3.354274511337280273e+00
2.430000000000000000e+02 4.785719870277500565e-01 6.197129510905067251e-01 3.355964422225952148e+00
2.440000000000000000e+02 6.248317217150156644e-01 4.696013654481112076e-01 3.355271577835083008e+00
2.450000000000000000e+02 4.780484168883176732e-01 6.168570267129233065e-01 3.357105970382690430e+00
2.460000000000000000e+02 6.266509564155904322e-01 4.675100437220146010e-01 3.354718923568725586e+00
2.470000000000000000e+02 4.760264471721064594e-01 6.172629319859697095e-01 3.357295036315917969e+00
2.480000000000000000e+02 6.213279703635034013e-01 4.722322498038617478e-01 3.354203462600708008e+00
2.490000000000000000e+02 4.730510844118471780e-01 6.236670682477415406e-01 3.358268499374389648e+00
2.500000000000000000e+02 6.201278707251882683e-01 4.753705979701888240e-01 3.355283021926879883e+00
2.510000000000000000e+02 4.736264127591884865e-01 6.270014607736621448e-01 3.359100580215454102e+00
2.520000000000000000e+02 6.205143581540425446e-01 4.733042329888020316e-01 3.354851484298706055e+00
2.530000000000000000e+02 4.683163308382334300e-01 6.211774794598414751e-01 3.358309507369995117e+00
2.540000000000000000e+02 6.156242190168329520e-01 4.738038106905340108e-01 3.352839946746826172e+00
2.550000000000000000e+02 4.697644185519356808e-01 6.174429728059481759e-01 3.357907533645629883e+00
2.560000000000000000e+02 6.196398839074415132e-01 4.675786068533872020e-01 3.352441549301147461e+00
2.570000000000000000e+02 4.709525341636669471e-01 6.173803662233033895e-01 3.356921911239624023e+00
2.580000000000000000e+02 6.200343830858424665e-01 4.723139303487075558e-01 3.353608608245849609e+00
2.590000000000000000e+02 4.698455382525327240e-01 6.195092072328474142e-01 3.356796979904174805e+00
2.600000000000000000e+02 6.197029337499473378e-01 4.688958462924336934e-01 3.352402448654174805e+00
2.610000000000000000e+02 4.738620448270587371e-01 6.184969835234636060e-01 3.356548547744750977e+00
2.620000000000000000e+02 6.221758207916284755e-01 4.662438050036570303e-01 3.352960586547851562e+00
2.630000000000000000e+02 4.707866197611484949e-01 6.153520859392589415e-01 3.355903387069702148e+00
2.640000000000000000e+02 6.215303268295978567e-01 4.678374005241631162e-01 3.352873563766479492e+00
2.650000000000000000e+02 4.738994858465012672e-01 6.191577314008318567e-01 3.356626033782958984e+00
2.660000000000000000e+02 6.240229949523981023e-01 4.675450293171534155e-01 3.354181528091430664e+00
2.670000000000000000e+02 4.746082085104865178e-01 6.156032664841138979e-01 3.355756998062133789e+00
2.680000000000000000e+02 6.213443289683411308e-01 4.711912347640738741e-01 3.353087902069091797e+00
2.690000000000000000e+02 4.719411026944982379e-01 6.189303948356119633e-01 3.357517957687377930e+00
2.700000000000000000e+02 6.174334804191076165e-01 4.718159758918936131e-01 3.351459980010986328e+00
2.710000000000000000e+02 4.649198423183070750e-01 6.203967005549895219e-01 3.356900453567504883e+00
2.720000000000000000e+02 6.164819946236111958e-01 4.741332585310228942e-01 3.350799560546875000e+00
2.730000000000000000e+02 4.708871534612781296e-01 6.225016536537387735e-01 3.356301546096801758e+00
2.740000000000000000e+02 6.179481908815039892e-01 4.719739025086094331e-01 3.351531028747558594e+00
2.750000000000000000e+02 4.653962620809347639e-01 6.225050585740747877e-01 3.356217384338378906e+00
2.760000000000000000e+02 6.149296792619896035e-01 4.746426038964925431e-01 3.349644422531127930e+00
2.770000000000000000e+02 4.678828531010453262e-01 6.234716417299979163e-01 3.358166456222534180e+00
2.780000000000000000e+02 6.186121892285534329e-01 4.725735938748238940e-01 3.351484060287475586e+00
2.790000000000000000e+02 4.692666426062125917e-01 6.212166557176291848e-01 3.356768608093261719e+00
2.800000000000000000e+02 6.213250404835539698e-01 4.732409370403005688e-01 3.353117942810058594e+00
2.810000000000000000e+02 4.701053204015316900e-01 6.224107922976720442e-01 3.357156038284301758e+00
2.820000000000000000e+02 6.198327244407983994e-01 4.728050815080794833e-01 3.351643562316894531e+00
2.830000000000000000e+02 4.660367454732523562e-01 6.244753895262086241e-01 3.357276916503906250e+00
2.840000000000000000e+02 6.186892709807515489e-01 4.784049089894453211e-01 3.351047515869140625e+00
2.850000000000000000e+02 4.705864846870645435e-01 6.244267181590912319e-01 3.359375476837158203e+00
2.860000000000000000e+02 6.225583636826227396e-01 4.725196642883472409e-01 3.352248907089233398e+00
2.870000000000000000e+02 4.720112790150974846e-01 6.223371417710351627e-01 3.357304096221923828e+00
2.880000000000000000e+02 6.228531173977833735e-01 4.703641467563097756e-01 3.352561473846435547e+00
2.890000000000000000e+02 4.764794958179949802e-01 6.179889217115126510e-01 3.356562376022338867e+00
2.900000000000000000e+02 6.253390950096019418e-01 4.667171145627457829e-01 3.353087425231933594e+00
2.910000000000000000e+02 4.722937211111318812e-01 6.199738652380354376e-01 3.354855060577392578e+00
2.920000000000000000e+02 6.266830408751984383e-01 4.694834444646500682e-01 3.353554487228393555e+00
2.930000000000000000e+02 4.770307063611243237e-01 6.228918993953486138e-01 3.356560945510864258e+00
2.940000000000000000e+02 6.279550507795806924e-01 4.655875065831033832e-01 3.353457927703857422e+00
2.950000000000000000e+02 4.756097552017600205e-01 6.180659930068811425e-01 3.355858087539672852e+00
2.960000000000000000e+02 6.290573774940823037e-01 4.690363378439896813e-01 3.353483438491821289e+00
2.970000000000000000e+02 4.754702510560749329e-01 6.192139702245926802e-01 3.355366468429565430e+00
2.980000000000000000e+02 6.250968035719691729e-01 4.732265653419654994e-01 3.353718042373657227e+00
2.990000000000000000e+02 4.738801645947474106e-01 6.197715797653113867e-01 3.357321500778198242e+00
3.000000000000000000e+02 6.252286795535971775e-01 4.689453228384216632e-01 3.353123903274536133e+00
3.010000000000000000e+02 4.734626146481443199e-01 6.177008842667071065e-01 3.354959487915039062e+00
3.020000000000000000e+02 6.252341901747240360e-01 4.686610668816190706e-01 3.353039979934692383e+00
3.030000000000000000e+02 4.747811489445765698e-01 6.187477787846836774e-01 3.354245424270629883e+00
3.040000000000000000e+02 6.235294855163149297e-01 4.689136246116296647e-01 3.352883577346801758e+00
3.050000000000000000e+02 4.754536919742930468e-01 6.181281375824543289e-01 3.355752468109130859e+00
3.060000000000000000e+02 6.233892747937123113e-01 4.727656909688554565e-01 3.351822376251220703e+00
3.070000000000000000e+02 4.701854468788941310e-01 6.235369583321823672e-01 3.357326984405517578e+00
3.080000000000000000e+02 6.201454758907875009e-01 4.745033076578351605e-01 3.352370023727416992e+00
3.090000000000000000e+02 4.762524334616274335e-01 6.208838477739098138e-01 3.356738567352294922e+00
3.100000000000000000e+02 6.240765444958603636e-01 4.685251851235303078e-01 3.354530572891235352e+00
3.110000000000000000e+02 4.774528768732892448e-01 6.209008152156999527e-01 3.356191396713256836e+00
3.120000000000000000e+02 6.245972503513985696e-01 4.663076483652906501e-01 3.355056524276733398e+00
3.130000000000000000e+02 4.748156854921924408e-01 6.141962680231991545e-01 3.354791402816772461e+00
3.140000000000000000e+02 6.276740168501858674e-01 4.633632401096797193e-01 3.353691577911376953e+00
3.150000000000000000e+02 4.743468233769936870e-01 6.181187979743881789e-01 3.355092525482177734e+00
3.160000000000000000e+02 6.241384833483052397e-01 4.694808886355039124e-01 3.353639602661132812e+00
3.170000000000000000e+02 4.766231016936930409e-01 6.203778095932263037e-01 3.357076883316040039e+00
3.180000000000000000e+02 6.250518455505753579e-01 4.705855853480757078e-01 3.353431463241577148e+00
3.190000000000000000e+02 4.733010415899835954e-01 6.199005989318869814e-01 3.355578899383544922e+00
3.200000000000000000e+02 6.234600507298535543e-01 4.719817027998263748e-01 3.353178501129150391e+00
3.210000000000000000e+02 4.745886848416792647e-01 6.190892665533144212e-01 3.355689048767089844e+00
3.220000000000000000e+02 6.206925721603854251e-01 4.722648234364026365e-01 3.353520393371582031e+00
3.230000000000000000e+02 4.707809659200914432e-01 6.252038601877680790e-01 3.355520009994506836e+00
3.240000000000000000e+02 6.202750685872506775e-01 4.748750366414609125e-01 3.353420019149780273e+00
3.250000000000000000e+02 4.723991917610417812e-01 6.223426211975904287e-01 3.356256484985351562e+00
3.260000000000000000e+02 6.193517083078934338e-01 4.724085767361497767e-01 3.354072093963623047e+00
3.270000000000000000e+02 4.719618177312111529e-01 6.245083314168407007e-01 3.355675935745239258e+00
3.280000000000000000e+02 6.235223176619966168e-01 4.725074390729147034e-01 3.354382991790771484e+00
3.290000000000000000e+02 4.735355406359748054e-01 6.225812898542878449e-01 3.357371568679809570e+00
3.300000000000000000e+02 6.222546461627823655e-01 4.741747208675676784e-01 3.354073047637939453e+00
3.310000000000000000e+02 4.752448680175919149e-01 6.174232511262391920e-01 3.357813596725463867e+00
3.320000000000000000e+02 6.217603107733719048e-01 4.704661354414950147e-01 3.355103492736816406e+00
3.330000000000000000e+02 4.723703602567070337e-01 6.156906262700174715e-01 3.356847047805786133e+00
3.340000000000000000e+02 6.252529172637090182e-01 4.726448124339768797e-01 3.354919910430908203e+00
3.350000000000000000e+02 4.720772818205717924e-01 6.249696912748371469e-01 3.356668949127197266e+00
3.360000000000000000e+02 6.189798139804364441e-01 4.750174902140873456e-01 3.352024555206298828e+00
3.370000000000000000e+02 4.665618114363828672e-01 6.237823896676426561e-01 3.357198476791381836e+00
3.380000000000000000e+02 6.209293050496965671e-01 4.732984260694333423e-01 3.350734949111938477e+00
3.390000000000000000e+02 4.732673702521950077e-01 6.209176912126600500e-01 3.358004093170166016e+00
3.400000000000000000e+02 6.238237895408287326e-01 4.695338086854838888e-01 3.351221561431884766e+00
3.410000000000000000e+02 4.689829069902933800e-01 6.199034027564785942e-01 3.356472015380859375e+00
3.420000000000000000e+02 6.196580906474394856e-01 4.686374032347369600e-01 3.352166414260864258e+00
3.430000000000000000e+02 4.698869130891187296e-01 6.197993588117913788e-01 3.354887485504150391e+00
3.440000000000000000e+02 6.185264059707188400e-01 4.698512666829220974e-01 3.352019071578979492e+00
3.450000000000000000e+02 4.662596235199292227e-01 6.224169638529158943e-01 3.354691028594970703e+00
3.460000000000000000e+02 6.176313817409239126e-01 4.753143066730103339e-01 3.351157903671264648e+00
3.470000000000000000e+02 4.676663245477366559e-01 6.265003764148453502e-01 3.356790542602539062e+00
3.480000000000000000e+02 6.172485235293728723e-01 4.766713362911835228e-01 3.352230072021484375e+00
3.490000000000000000e+02 4.706099644670020954e-01 6.258509154139538788e-01 3.357441902160644531e+00
3.500000000000000000e+02 6.171468559309234436e-01 4.770468037804007078e-01 3.353739023208618164e+00
3.510000000000000000e+02 4.732263876039542461e-01 6.268746756873977422e-01 3.357002019882202148e+00
3.520000000000000000e+02 6.219771068462146557e-01 4.717056153589226364e-01 3.354230880737304688e+00
3.530000000000000000e+02 4.741966325479169964e-01 6.224474015699684726e-01 3.357191085815429688e+00
3.540000000000000000e+02 6.248436422031184989e-01 4.718145703977899563e-01 3.355078458786010742e+00
3.550000000000000000e+02 4.740943724751255917e-01 6.235542577251730334e-01 3.355461597442626953e+00
3.560000000000000000e+02 6.273310921075231361e-01 4.753156657387366812e-01 3.354856014251708984e+00
3.570000000000000000e+02 4.740578042429334227e-01 6.225315110153343268e-01 3.355765104293823242e+00
3.580000000000000000e+02 6.244568679365045671e-01 4.737349256510140494e-01 3.353983402252197266e+00
3.590000000000000000e+02 4.732905059123274083e-01 6.222948582869156642e-01 3.355802536010742188e+00
3.600000000000000000e+02 6.210052810184651939e-01 4.727177870664136528e-01 3.353101968765258789e+00
3.610000000000000000e+02 4.716304439044324281e-01 6.240751320406090485e-01 3.355690002441406250e+00
3.620000000000000000e+02 6.200235596577678976e-01 4.731940777554656807e-01 3.351999521255493164e+00
3.630000000000000000e+02 4.712391512684483974e-01 6.215054188642619160e-01 3.357409000396728516e+00
3.640000000000000000e+02 6.200371082221212138e-01 4.709918378193467814e-01 3.352398872375488281e+00
3.650000000000000000e+02 4.713078997629638889e-01 6.204599465967608474e-01 3.356729984283447266e+00
3.660000000000000000e+02 6.195252485461991698e-01 4.715318952046106959e-01 3.351533412933349609e+00
3.670000000000000000e+02 4.698301741296791456e-01 6.189137701778979483e-01 3.355522394180297852e+00
3.680000000000000000e+02 6.187772551859153092e-01 4.692059808445906977e-01 3.351783037185668945e+00
3.690000000000000000e+02 4.709932691998853782e-01 6.210930286098069741e-01 3.357219457626342773e+00
3.700000000000000000e+02 6.218602421192592766e-01 4.754405520746902147e-01 3.352205514907836914e+00
3.710000000000000000e+02 4.745562147042776679e-01 6.220588090946030935e-01 3.358608484268188477e+00
3.720000000000000000e+02 6.277098585350263660e-01 4.749394772209011295e-01 3.352319002151489258e+00
3.730000000000000000e+02 4.733321301459130215e-01 6.250634201884237573e-01 3.358184576034545898e+00
3.740000000000000000e+02 6.245881583204330179e-01 4.732224518542720859e-01 3.353517532348632812e+00
3.750000000000000000e+02 4.732003517652349500e-01 6.216891312450876228e-01 3.357465982437133789e+00
3.760000000000000000e+02 6.215668226736658086e-01 4.706522177306262655e-01 3.353778600692749023e+00
3.770000000000000000e+02 4.692663044496768743e-01 6.173030326433103232e-01 3.356193542480468750e+00
3.780000000000000000e+02 6.180606642949547647e-01 4.723533667095017874e-01 3.353002548217773438e+00
3.790000000000000000e+02 4.683245402320193040e-01 6.196630958052700144e-01 3.356939554214477539e+00
3.800000000000000000e+02 6.190982328384591060e-01 4.699310119716378908e-01 3.352415084838867188e+00
3.810000000000000000e+02 4.729406879218036597e-01 6.198743706747379401e-01 3.355135440826416016e+00
3.820000000000000000e+02 6.251800626282213447e-01 4.665622419882259342e-01 3.352495908737182617e+00
3.830000000000000000e+02 4.689133139760264801e-01 6.221816532198466421e-01 3.356060028076171875e+00
3.840000000000000000e+02 6.198150867288156896e-01 4.745374458469521772e-01 3.351757526397705078e+00
3.850000000000000000e+02 4.691459276242355703e-01 6.232016787178705775e-01 3.355416536331176758e+00
3.860000000000000000e+02 6.198736220547534925e-01 4.722121963024742408e-01 3.350749015808105469e+00
3.870000000000000000e+02 4.676225554359580983e-01 6.238734407463384368e-01 3.355172872543334961e+00
3.880000000000000000e+02 6.200373771504936737e-01 4.685732188066111248e-01 3.351289033889770508e+00
3.890000000000000000e+02 4.719772017828922084e-01 6.150570846814986670e-01 3.355547428131103516e+00
3.900000000000000000e+02 6.239475663052310717e-01 4.660195052383647729e-01 3.353061437606811523e+00
3.910000000000000000e+02 4.760928083149791878e-01 6.194124810826133753e-01 3.353639602661132812e+00
3.920000000000000000e+02 6.234541368729550337e-01 4.667986544859689668e-01 3.354298591613769531e+00
3.930000000000000000e+02 4.732932560991627291e-01 6.151671676555775514e-01 3.354562997817993164e+00
3.940000000000000000e+02 6.238720932869893376e-01 4.665625575283707249e-01 3.352804422378540039e+00
3.950000000000000000e+02 4.741541501225353117e-01 6.163295238755832628e-01 3.355857610702514648e+00
3.960000000000000000e+02 6.257881755993414119e-01 4.697041870649277806e-01 3.354550600051879883e+00
3.970000000000000000e+02 4.727283078819342621e-01 6.214247281001645806e-01 3.357090950012207031e+00
3.980000000000000000e+02 6.202818743991869166e-01 4.696695228098473618e-01 3.353314876556396484e+00
