0.000000000000000000e+00 1.462720481241019943e-01 3.894419937670695608e-02 3.007383584976196289e+00
1.000000000000000000e+00 1.166783708584407386e-01 1.585425986862176728e-01 3.003668069839477539e+00
2.000000000000000000e+00 3.242780948148957787e-01 1.180165313710274805e-01 3.142232418060302734e+00
3.000000000000000000e+00 2.403965419379787694e-01 3.319096040340445697e-01 3.136091470718383789e+00
4.000000000000000000e+00 4.549796528255765637e-01 2.414210683960364423e-01 3.222018003463745117e+00
5.000000000000000000e+00 3.276073156842664869e-01 4.470215066022997230e-01 3.215792417526245117e+00
6.000000000000000000e+00 5.222156177081909156e-01 3.273854975481625962e-01 3.271533012390136719e+00
7.000000000000000000e+00 3.821357693783689058e-01 5.170553066248849694e-01 3.264643430709838867e+00
8.000000000000000000e+00 5.587220565524690929e-01 3.777362129638108801e-01 3.301747560501098633e+00
9.000000000000000000e+00 4.093299045739970388e-01 5.574968010290163312e-01 3.294568538665771484e+00
1.000000000000000000e+01 5.775148844599305997e-01 4.108010514159926574e-01 3.318063974380493164e+00
1.100000000000000000e+01 4.301873854154385501e-01 5.800117672061477769e-01 3.312480926513671875e+00
1.200000000000000000e+01 5.953364390669683148e-01 4.289411358922050055e-01 3.328851938247680664e+00
1.300000000000000000e+01 4.397862528911684610e-01 5.916084507255969793e-01 3.323317527770996094e+00
1.400000000000000000e+01 6.009848639000865411e-01 4.369454414368426076e-01 3.336517095565795898e+00
1.500000000000000000e+01 4.474853914640882224e-01 5.977416036342406702e-01 3.329206943511962891e+00
1.600000000000000000e+01 6.042719536313509998e-01 4.444649141803762582e-01 3.341274023056030273e+00
1.700000000000000000e+01 4.521828243431564309e-01 6.014800747987595342e-01 3.334178447723388672e+00
1.800000000000000000e+01 6.104335744277650244e-01 4.501835655252789947e-01 3.343703985214233398e+00
1.900000000000000000e+01 4.557537020482299583e-01 6.078315944275057836e-01 3.338324069976806641e+00
2.000000000000000000e+01 6.127610274794252909e-01 4.573880853718911288e-01 3.344937086105346680e+00
2.100000000000000000e+01 4.593815404364782196e-01 6.102906654928019758e-01 3.340678453445434570e+00
2.200000000000000000e+01 6.132129619672267440e-01 4.574819262793776709e-01 3.348675966262817383e+00
2.300000000000000000e+01 4.598458748583273970e-01 6.117088234793373047e-01 3.341804027557373047e+00
2.400000000000000000e+01 6.126678132702838564e-01 4.541963799179086214e-01 3.348422527313232422e+00
2.500000000000000000e+01 4.551916812909181376e-01 6.091156652566119822e-01 3.339895009994506836e+00
2.600000000000000000e+01 6.083015317354801832e-01 4.586100539427815370e-01 3.347009897232055664e+00
2.700000000000000000e+01 4.532306012003976536e-01 6.127989318073115976e-01 3.340862512588500977e+00
2.800000000000000000e+01 6.099790491176450002e-01 4.608429406745069845e-01 3.345097064971923828e+00
2.900000000000000000e+01 4.557560788305766719e-01 6.122607380081782624e-01 3.341510534286499023e+00
3.000000000000000000e+01 6.125212854014325803e-01 4.607788549339042472e-01 3.346795082092285156e+00
3.100000000000000000e+01 4.566825159227305697e-01 6.192056166227206671e-01 3.340972900390625000e+00
3.200000000000000000e+01 6.118819152488755853e-01 4.605240066079502315e-01 3.346399545669555664e+00
3.300000000000000000e+01 4.588473667485895024e-01 6.134353080700254424e-01 3.341428041458129883e+00
3.400000000000000000e+01 6.135854996657280624e-01 4.570787229114037231e-01 3.346452951431274414e+00
3.500000000000000000e+01 4.582861066131334038e-01 6.123184320758199295e-01 3.339360952377319336e+00
3.600000000000000000e+01 6.148208727235148219e-01 4.603357236472301328e-01 3.348680019378662109e+00
3.700000000000000000e+01 4.636753892872935712e-01 6.127755507443383154e-01 3.341331005096435547e+00
3.800000000000000000e+01 6.122901721108836570e-01 4.621600459375386771e-01 3.349901437759399414e+00
3.900000000000000000e+01 4.583569352671246211e-01 6.160765539904450305e-01 3.343437433242797852e+00
4.000000000000000000e+01 6.104126345089957439e-01 4.646232259427777733e-01 3.349347591400146484e+00
4.100000000000000000e+01 4.564779229766743884e-01 6.151404103709680049e-01 3.342065095901489258e+00
4.200000000000000000e+01 6.110681607363063206e-01 4.628616237787359644e-01 3.347846508026123047e+00
4.300000000000000000e+01 4.596197050184447352e-01 6.140313199561929780e-01 3.341485977172851562e+00
4.400000000000000000e+01 6.130909807749098661e-01 4.579948840605750360e-01 3.348342895507812500e+00
4.500000000000000000e+01 4.542782415853764411e-01 6.108250374389686543e-01 3.339584589004516602e+00
4.600000000000000000e+01 6.077430306439358665e-01 4.563617798155205629e-01 3.346968889236450195e+00
4.700000000000000000e+01 4.572329700189903257e-01 6.155619249522439329e-01 3.339631080627441406e+00
4.800000000000000000e+01 6.132547782535143766e-01 4.558998679901343776e-01 3.346157073974609375e+00
4.900000000000000000e+01 4.608701181775158306e-01 6.116903476672818085e-01 3.340532541275024414e+00
5.000000000000000000e+01 6.162230696432294819e-01 4.579944226427092313e-01 3.346453905105590820e+00
5.100000000000000000e+01 4.568689467327011200e-01 6.146423793258951607e-01 3.340986490249633789e+00
5.200000000000000000e+01 6.124725421068608622e-01 4.590620061756493508e-01 3.346312999725341797e+00
5.300000000000000000e+01 4.562875229942567334e-01 6.118716920896650757e-01 3.340640544891357422e+00
5.400000000000000000e+01 6.173371734987691539e-01 4.589188766047479495e-01 3.347057580947875977e+00
5.500000000000000000e+01 4.577248315245232568e-01 6.164108499603047076e-01 3.340411424636840820e+00
5.600000000000000000e+01 6.153131107307853176e-01 4.585160010273993669e-01 3.346982955932617188e+00
5.700000000000000000e+01 4.564563980151213896e-01 6.095951363374482179e-01 3.341203451156616211e+00
5.800000000000000000e+01 6.122567279037314236e-01 4.560845202476485616e-01 3.346617937088012695e+00
5.900000000000000000e+01 4.579039964094953619e-01 6.102697411729803845e-01 3.340265035629272461e+00
6.000000000000000000e+01 6.103233427342041884e-01 4.533483783481131457e-01 3.346774101257324219e+00
6.100000000000000000e+01 4.569193697768938467e-01 6.112780829831117035e-01 3.339683055877685547e+00
6.200000000000000000e+01 6.094189569921171223e-01 4.588364049719102500e-01 3.346998929977416992e+00
6.300000000000000000e+01 4.540212691330093864e-01 6.165795070189831195e-01 3.340859413146972656e+00
6.400000000000000000e+01 6.102039741017835084e-01 4.609248986207943877e-01 3.345758438110351562e+00
6.500000000000000000e+01 4.548538126187464115e-01 6.129801908521420595e-01 3.341158390045166016e+00
6.600000000000000000e+01 6.104763926912247785e-01 4.566081099225003381e-01 3.347635507583618164e+00
6.700000000000000000e+01 4.524524674444451722e-01 6.166908734493833366e-01 3.339713573455810547e+00
6.800000000000000000e+01 6.122883560889915699e-01 4.606522886881407319e-01 3.346740961074829102e+00
6.900000000000000000e+01 4.569900713154282923e-01 6.156213071180346441e-01 3.342401504516601562e+00
7.000000000000000000e+01 6.144142253086555261e-01 4.620232682952662429e-01 3.345783472061157227e+00
7.100000000000000000e+01 4.570900133320850434e-01 6.147872825048060763e-01 3.342835426330566406e+00
7.200000000000000000e+01 6.096113455395000269e-01 4.642921747900797258e-01 3.345561981201171875e+00
7.300000000000000000e+01 4.564195716871382591e-01 6.142129891748507875e-01 3.344215393066406250e+00
7.400000000000000000e+01 6.116114355042095996e-01 4.621127948900725091e-01 3.346421957015991211e+00
7.500000000000000000e+01 4.583332431422106334e-01 6.179426718734091217e-01 3.343038558959960938e+00
7.600000000000000000e+01 6.120834187604415888e-01 4.638954112324960577e-01 3.346893548965454102e+00
7.700000000000000000e+01 4.570346395046268051e-01 6.160060046420268165e-01 3.342442035675048828e+00
7.800000000000000000e+01 6.118166296588137820e-01 4.669218166639759193e-01 3.348036050796508789e+00
7.900000000000000000e+01 4.587577450604104490e-01 6.189742204586148322e-01 3.344253540039062500e+00
8.000000000000000000e+01 6.110000028456621379e-01 4.600912583858594029e-01 3.347636938095092773e+00
8.100000000000000000e+01 4.571768798141856993e-01 6.159831293218889225e-01 3.342288970947265625e+00
8.200000000000000000e+01 6.134719505210631807e-01 4.613787170411168814e-01 3.348419427871704102e+00
8.300000000000000000e+01 4.573920221519282014e-01 6.113477492334331576e-01 3.342894554138183594e+00
8.400000000000000000e+01 6.172038148691669779e-01 4.546529098746202591e-01 3.349748373031616211e+00
8.500000000000000000e+01 4.623133194352188613e-01 6.103815150312765780e-01 3.341274499893188477e+00
8.600000000000000000e+01 6.186527301327446882e-01 4.588745006201680465e-01 3.350182056427001953e+00
8.700000000000000000e+01 4.616853714616085957e-01 6.108033973881579204e-01 3.341937541961669922e+00
8.800000000000000000e+01 6.154700122647122074e-01 4.597325733917905777e-01 3.348587989807128906e+00
8.900000000000000000e+01 4.615537034317235277e-01 6.127692107248423614e-01 3.342913389205932617e+00
9.000000000000000000e+01 6.149474126407946661e-01 4.585821121518928178e-01 3.348646879196166992e+00
9.100000000000000000e+01 4.581685809689952094e-01 6.114052391159406907e-01 3.341798067092895508e+00
9.200000000000000000e+01 6.139893303863142027e-01 4.588136883843448310e-01 3.346463441848754883e+00
9.300000000000000000e+01 4.560580135136251823e-01 6.151111702896119304e-01 3.340925455093383789e+00
9.400000000000000000e+01 6.192906128087791728e-01 4.610529515906930942e-01 3.346427917480468750e+00
9.500000000000000000e+01 4.603620102091230959e-01 6.169777695152603991e-01 3.341646909713745117e+00
9.600000000000000000e+01 6.141523154949750651e-01 4.615037144879983733e-01 3.348099470138549805e+00
9.700000000000000000e+01 4.587265634251627699e-01 6.185629467488344968e-01 3.341474056243896484e+00
9.800000000000000000e+01 6.147884546926294380e-01 4.623055811527557735e-01 3.346116542816162109e+00
9.900000000000000000e+01 4.535400196864777245e-01 6.119050248956587890e-01 3.342213392257690430e+00
1.000000000000000000e+02 6.094640184799708926e-01 4.580823017147235832e-01 3.345535039901733398e+00
1.010000000000000000e+02 4.522316560935696894e-01 6.116728760092753348e-01 3.341931581497192383e+00
1.020000000000000000e+02 6.062705469885160126e-01 4.568184926447315108e-01 3.345609426498413086e+00
1.030000000000000000e+02 4.497307908170477542e-01 6.133555728801654006e-01 3.341628074645996094e+00
1.040000000000000000e+02 6.059403527812513568e-01 4.565922173068237555e-01 3.344488382339477539e+00
1.050000000000000000e+02 4.533171209721196804e-01 6.146206961524542933e-01 3.340578079223632812e+00
1.060000000000000000e+02 6.061468642529886930e-01 4.604130561627423068e-01 3.345597505569458008e+00
1.070000000000000000e+02 4.518214970309434864e-01 6.104190397814771574e-01 3.341608524322509766e+00
1.080000000000000000e+02 6.119489010761747227e-01 4.562983737315444155e-01 3.345613956451416016e+00
1.090000000000000000e+02 4.590625308437153995e-01 6.120144030283234393e-01 3.340493440628051758e+00
1.100000000000000000e+02 6.167624619862022151e-01 4.569553481600932554e-01 3.347180604934692383e+00
1.110000000000000000e+02 4.620643411483097984e-01 6.175587991730623338e-01 3.340319395065307617e+00
1.120000000000000000e+02 6.150758006821054336e-01 4.609435581889350098e-01 3.346551418304443359e+00
1.130000000000000000e+02 4.630316937011602629e-01 6.180723438950324056e-01 3.341152429580688477e+00
1.140000000000000000e+02 6.206607402707040588e-01 4.588209983917079793e-01 3.349765539169311523e+00
1.150000000000000000e+02 4.666512925270658863e-01 6.128628634471182668e-01 3.339855909347534180e+00
1.160000000000000000e+02 6.188544802296122027e-01 4.560603144040784596e-01 3.350347042083740234e+00
1.170000000000000000e+02 4.604676619497053425e-01 6.148757958874084828e-01 3.339971542358398438e+00
1.180000000000000000e+02 6.135669325391245321e-01 4.561451834280029760e-01 3.348024606704711914e+00
1.190000000000000000e+02 4.594032547603276728e-01 6.114192367671298367e-01 3.340752601623535156e+00
1.200000000000000000e+02 6.111138282301533664e-01 4.565788655036006061e-01 3.348455429077148438e+00
1.210000000000000000e+02 4.597841334493342758e-01 6.108714017930677587e-01 3.341808080673217773e+00
1.220000000000000000e+02 6.101460450326449125e-01 4.572569188037106103e-01 3.347337007522583008e+00
1.230000000000000000e+02 4.540782514911155254e-01 6.099899199876467337e-01 3.341388463973999023e+00
1.240000000000000000e+02 6.105714307349965342e-01 4.532570321680478020e-01 3.345998525619506836e+00
1.250000000000000000e+02 4.563598635214952681e-01 6.108931908568083768e-01 3.340559005737304688e+00
1.260000000000000000e+02 6.086905896014120909e-01 4.578508168513429344e-01 3.347427606582641602e+00
1.270000000000000000e+02 4.531315205717474370e-01 6.115972770664933611e-01 3.341803073883056641e+00
1.280000000000000000e+02 6.086595337085678459e-01 4.594084579013345548e-01 3.345755100250244141e+00
1.290000000000000000e+02 4.536575262691970312e-01 6.153175485077920781e-01 3.341681957244873047e+00
1.300000000000000000e+02 6.084703646897086093e-01 4.601898537783225551e-01 3.345952033996582031e+00
1.310000000000000000e+02 4.527827889432574637e-01 6.149223479792995661e-01 3.341817378997802734e+00
1.320000000000000000e+02 6.089133979306975419e-01 4.601765881555187065e-01 3.344989061355590820e+00
1.330000000000000000e+02 4.520619985907081695e-01 6.176754667783908026e-01 3.342640876770019531e+00
1.340000000000000000e+02 6.100793546924417887e-01 4.628247748951745955e-01 3.344720602035522461e+00
1.350000000000000000e+02 4.562787145127856769e-01 6.153414172581985753e-01 3.343218088150024414e+00
1.360000000000000000e+02 6.126258372067346913e-01 4.602361212430584603e-01 3.344708919525146484e+00
1.370000000000000000e+02 4.530182597307307879e-01 6.143605657401448594e-01 3.341482877731323242e+00
1.380000000000000000e+02 6.113484403113624843e-01 4.566584582102044543e-01 3.344575405120849609e+00
1.390000000000000000e+02 4.560216957275255445e-01 6.090478218431761848e-01 3.340324401855468750e+00
1.400000000000000000e+02 6.139102835775789302e-01 4.572331752602963317e-01 3.344022512435913086e+00
1.410000000000000000e+02 4.565129705059280951e-01 6.139838766140203186e-01 3.339874982833862305e+00
1.420000000000000000e+02 6.065852679830113781e-01 4.596288950480294511e-01 3.344527482986450195e+00
1.430000000000000000e+02 4.532789555898696365e-01 6.148226270183329012e-01 3.341485977172851562e+00
1.440000000000000000e+02 6.089033816623568018e-01 4.588085436168682918e-01 3.345345973968505859e+00
1.450000000000000000e+02 4.501737089517230395e-01 6.138453227023350500e-01 3.341236591339111328e+00
1.460000000000000000e+02 6.043021090572220366e-01 4.558899599642773359e-01 3.344521045684814453e+00
1.470000000000000000e+02 4.508308291716288663e-01 6.116420207190920166e-01 3.340811014175415039e+00
1.480000000000000000e+02 6.098090919562406675e-01 4.546493637896603657e-01 3.345710039138793945e+00
1.490000000000000000e+02 4.574593849192772899e-01 6.099451387083248965e-01 3.339030027389526367e+00
1.500000000000000000e+02 6.153344365776522995e-01 4.571460868461394433e-01 3.348435878753662109e+00
1.510000000000000000e+02 4.628998815868639038e-01 6.108790417944139906e-01 3.341901540756225586e+00
1.520000000000000000e+02 6.154479130915535556e-01 4.561897539274084035e-01 3.349611520767211914e+00
1.530000000000000000e+02 4.624042005657852950e-01 6.139091600122480452e-01 3.339884042739868164e+00
1.540000000000000000e+02 6.170361897816817320e-01 4.559074081863009886e-01 3.348464965820312500e+00
1.550000000000000000e+02 4.610674488858926834e-01 6.124166172834363264e-01 3.340363025665283203e+00
1.560000000000000000e+02 6.151304300003872516e-01 4.549524898526181582e-01 3.348736047744750977e+00
1.570000000000000000e+02 4.604321261314028302e-01 6.100138013778327872e-01 3.339938879013061523e+00
1.580000000000000000e+02 6.134031637611679910e-01 4.578266155409702054e-01 3.348009109497070312e+00
1.590000000000000000e+02 4.577014937263518823e-01 6.143767582881554112e-01 3.340394973754882812e+00
1.600000000000000000e+02 6.153367339088058330e-01 4.588367286038437243e-01 3.347204446792602539e+00
1.610000000000000000e+02 4.593064325529284120e-01 6.156760886036558578e-01 3.340579032897949219e+00
1.620000000000000000e+02 6.130156230890810853e-01 4.614112039088148487e-01 3.346186399459838867e+00
1.630000000000000000e+02 4.584899730124564199e-01 6.152733561887600011e-01 3.341081380844116211e+00
1.640000000000000000e+02 6.142254512348390705e-01 4.578444736858107711e-01 3.345458030700683594e+00
1.650000000000000000e+02 4.577792944777093198e-01 6.145081690366044347e-01 3.340846061706542969e+00
1.660000000000000000e+02 6.132810077566033247e-01 4.549672771912625646e-01 3.346755027770996094e+00
1.670000000000000000e+02 4.563843498924242126e-01 6.115697260142709535e-01 3.339871406555175781e+00
1.680000000000000000e+02 6.180829221381516358e-01 4.560773809588988814e-01 3.345483064651489258e+00
1.690000000000000000e+02 4.644290547076290743e-01 6.087050942818824639e-01 3.340420961380004883e+00
1.700000000000000000e+02 6.207483766662679203e-01 4.548549625852742473e-01 3.348299503326416016e+00
1.710000000000000000e+02 4.631069905433771172e-01 6.123012452104974468e-01 3.338848590850830078e+00
1.720000000000000000e+02 6.174610687814726662e-01 4.549614609763371065e-01 3.348113059997558594e+00
1.730000000000000000e+02 4.612424220959428500e-01 6.086786218841748752e-01 3.339646577835083008e+00
1.740000000000000000e+02 6.140023891877917084e-01 4.548792905561274136e-01 3.347445011138916016e+00
1.750000000000000000e+02 4.603354931219730828e-01 6.093073951267715671e-01 3.339085578918457031e+00
1.760000000000000000e+02 6.104105830381918452e-01 4.599600510098224015e-01 3.347449541091918945e+00
1.770000000000000000e+02 4.543177800847090775e-01 6.122355690689698093e-01 3.340321540832519531e+00
1.780000000000000000e+02 6.094490561862341282e-01 4.545930913746453750e-01 3.345576524734497070e+00
1.790000000000000000e+02 4.570724952481823311e-01 6.105814320294836728e-01 3.339693069458007812e+00
1.800000000000000000e+02 6.142470178968765238e-01 4.548439400622431572e-01 3.345010042190551758e+00
1.810000000000000000e+02 4.584759170554846275e-01 6.111539749519099285e-01 3.339913606643676758e+00
1.820000000000000000e+02 6.154233355622443780e-01 4.526275054383867569e-01 3.346260070800781250e+00
1.830000000000000000e+02 4.598787004283882984e-01 6.096083471291451339e-01 3.339097499847412109e+00
1.840000000000000000e+02 6.141010419177105328e-01 4.528732905908072204e-01 3.347361087799072266e+00
1.850000000000000000e+02 4.585961257064843366e-01 6.076913010518210090e-01 3.339487075805664062e+00
1.860000000000000000e+02 6.130536180799137647e-01 4.560891560460994532e-01 3.347443580627441406e+00
1.870000000000000000e+02 4.567765257037494919e-01 6.142839382479827748e-01 3.341382980346679688e+00
1.880000000000000000e+02 6.103108875812758294e-01 4.620435421528439335e-01 3.347079038619995117e+00
1.890000000000000000e+02 4.584840794909661454e-01 6.175848834019326272e-01 3.342459917068481445e+00
1.900000000000000000e+02 6.139860358046987932e-01 4.609491200316489512e-01 3.347726583480834961e+00
1.910000000000000000e+02 4.639990245620851939e-01 6.144928583243708387e-01 3.342720031738281250e+00
1.920000000000000000e+02 6.156240001341285462e-01 4.625463984513009108e-01 3.350085496902465820e+00
1.930000000000000000e+02 4.603212069210246837e-01 6.142760909504098032e-01 3.342948436737060547e+00
1.940000000000000000e+02 6.170036639273708268e-01 4.577798229272586616e-01 3.348164081573486328e+00
1.950000000000000000e+02 4.605975148967905719e-01 6.124845159122785931e-01 3.341439485549926758e+00
1.960000000000000000e+02 6.155964206176448572e-01 4.593988690752606185e-01 3.347916603088378906e+00
1.970000000000000000e+02 4.583598743955523691e-01 6.152796207540344176e-01 3.341702461242675781e+00
1.980000000000000000e+02 6.173320264291722870e-01 4.580398833852827867e-01 3.347228050231933594e+00
1.990000000000000000e+02 4.580042087813741558e-01 6.134171264471997009e-01 3.341551542282104492e+00
2.000000000000000000e+02 6.126910281300770311e-01 4.575086016691852775e-01 3.346596002578735352e+00
2.010000000000000000e+02 4.561774751298324215e-01 6.137741583308325977e-01 3.341130018234252930e+00
2.020000000000000000e+02 6.097929806313580059e-01 4.574268753246650832e-01 3.345866441726684570e+00
2.030000000000000000e+02 4.550062584630491513e-01 6.140609809028988453e-01 3.341619491577148438e+00
2.040000000000000000e+02 6.117059354856232423e-01 4.591038639730789517e-01 3.345508098602294922e+00
2.050000000000000000e+02 4.563276516233684132e-01 6.132161053088799330e-01 3.341227054595947266e+00
2.060000000000000000e+02 6.086786780722912571e-01 4.543465062507134888e-01 3.346315383911132812e+00
2.070000000000000000e+02 4.501083680951935007e-01 6.146433518224515558e-01 3.340621471405029297e+00
2.080000000000000000e+02 6.049371886322280067e-01 4.632852181488104071e-01 3.344831943511962891e+00
2.090000000000000000e+02 4.517858713940293147e-01 6.176101516256516932e-01 3.343151092529296875e+00
2.100000000000000000e+02 6.139750993281415381e-01 4.601132408090493064e-01 3.344835042953491211e+00
2.110000000000000000e+02 4.565377880377162190e-01 6.151729286067558755e-01 3.341660499572753906e+00
2.120000000000000000e+02 6.112490067549334327e-01 4.641401727142297484e-01 3.345665931701660156e+00
2.130000000000000000e+02 4.601752216918388316e-01 6.142147237838637697e-01 3.343272447586059570e+00
2.140000000000000000e+02 6.102066653647062466e-01 4.626289029338470082e-01 3.348246574401855469e+00
2.150000000000000000e+02 4.603081850026149446e-01 6.117143375389048066e-01 3.341343879699707031e+00
2.160000000000000000e+02 6.157020604057874547e-01 4.590965921445318010e-01 3.348052024841308594e+00
2.170000000000000000e+02 4.598271846683154584e-01 6.104975883789166557e-01 3.341427087783813477e+00
2.180000000000000000e+02 6.147350392411925490e-01 4.577096058535916612e-01 3.347974061965942383e+00
2.190000000000000000e+02 4.589755025398380428e-01 6.162480202040203636e-01 3.341132879257202148e+00
2.200000000000000000e+02 6.158171271236685396e-01 4.607773659292159207e-01 3.347759962081909180e+00
2.210000000000000000e+02 4.613696984345864727e-01 6.120693226991692493e-01 3.341748952865600586e+00
2.220000000000000000e+02 6.135231003730345911e-01 4.601270271641829113e-01 3.348581552505493164e+00
2.230000000000000000e+02 4.591375979995981349e-01 6.145280535115994480e-01 3.341661930084228516e+00
2.240000000000000000e+02 6.121317838492714714e-01 4.553154745887697530e-01 3.347835063934326172e+00
2.250000000000000000e+02 4.561842054093767640e-01 6.143575112439849661e-01 3.340776920318603516e+00
2.260000000000000000e+02 6.123554015412723261e-01 4.619241799796453551e-01 3.347915410995483398e+00
2.270000000000000000e+02 4.567011169519815117e-01 6.172794645064804131e-01 3.342280387878417969e+00
2.280000000000000000e+02 6.078233595392892319e-01 4.625827179735201300e-01 3.346549034118652344e+00
2.290000000000000000e+02 4.558736772346778654e-01 6.150925647157632348e-01 3.344173431396484375e+00
2.300000000000000000e+02 6.114328577886872784e-01 4.585140019985985971e-01 3.345966100692749023e+00
2.310000000000000000e+02 4.538472477622372270e-01 6.121797770385174475e-01 3.340647459030151367e+00
2.320000000000000000e+02 6.062179725919255580e-01 4.590872883502383206e-01 3.344863891601562500e+00
2.330000000000000000e+02 4.533982769647360578e-01 6.153131333978583140e-01 3.340117931365966797e+00
2.340000000000000000e+02 6.100513101145887962e-01 4.589494179867394386e-01 3.346285581588745117e+00
2.350000000000000000e+02 4.552008791667975784e-01 6.132783686133846945e-01 3.340525388717651367e+00
2.360000000000000000e+02 6.085305751515661665e-01 4.579256710414772447e-01 3.346076965332031250e+00
2.370000000000000000e+02 4.566039176524376852e-01 6.121552962946563703e-01 3.339524984359741211e+00
2.380000000000000000e+02 6.144297131652886046e-01 4.580633815130984998e-01 3.346363067626953125e+00
2.390000000000000000e+02 4.612290380362999431e-01 6.089651868708720883e-01 3.338340520858764648e+00
2.400000000000000000e+02 6.129355681647454812e-01 4.583127660771143530e-01 3.347439527511596680e+00
2.410000000000000000e+02 4.571860032930273321e-01 6.070159506755633538e-01 3.339682102203369141e+00
2.420000000000000000e+02 6.142681549447457368e-01 4.550219690173695763e-01 3.346630573272705078e+00
2.430000000000000000e+02 4.614948653578390680e-01 6.129098440225795308e-01 3.340154886245727539e+00
2.440000000000000000e+02 6.153601005355360254e-01 4.551350728788957078e-01 3.347551107406616211e+00
2.450000000000000000e+02 4.620633462266564573e-01 6.094652945796333876e-01 3.338397502899169922e+00
2.460000000000000000e+02 6.147670798118854973e-01 4.564951404835358439e-01 3.348020553588867188e+00
2.470000000000000000e+02 4.603739301859525734e-01 6.100571990234768815e-01 3.339392423629760742e+00
2.480000000000000000e+02 6.102340664540764070e-01 4.577549562464097721e-01 3.347332477569580078e+00
2.490000000000000000e+02 4.519523724522196972e-01 6.114168190664156510e-01 3.339513540267944336e+00
2.500000000000000000e+02 6.049919499624001329e-01 4.601277005854602642e-01 3.345458030700683594e+00
2.510000000000000000e+02 4.516589717685127181e-01 6.116194877027414378e-01 3.341068506240844727e+00
2.520000000000000000e+02 6.087220191100174427e-01 4.591862328235280510e-01 3.344083547592163086e+00
2.530000000000000000e+02 4.510374024479886779e-01 6.147790767358402020e-01 3.342274904251098633e+00
2.540000000000000000e+02 6.072312578422542906e-01 4.634747994486069778e-01 3.345268964767456055e+00
2.550000000000000000e+02 4.528324121503641275e-01 6.141860554825931962e-01 3.341018915176391602e+00
2.560000000000000000e+02 6.093192046238037340e-01 4.583632711075686927e-01 3.344686508178710938e+00
2.570000000000000000e+02 4.550864213674771785e-01 6.162469691869874033e-01 3.340703487396240234e+00
2.580000000000000000e+02 6.105200105162670310e-01 4.582097216552560304e-01 3.344386100769042969e+00
2.590000000000000000e+02 4.550873881033493662e-01 6.158535801548790101e-01 3.340291976928710938e+00
2.600000000000000000e+02 6.106541568766211681e-01 4.590271812774410209e-01 3.345000028610229492e+00
2.610000000000000000e+02 4.544310079235447941e-01 6.122713264987305060e-01 3.341361522674560547e+00
2.620000000000000000e+02 6.097246824364068729e-01 4.600672262422921266e-01 3.345567464828491211e+00
2.630000000000000000e+02 4.545082898643595382e-01 6.139407679309407673e-01 3.341914415359497070e+00
2.640000000000000000e+02 6.103339067480705316e-01 4.603436537828737851e-01 3.347053050994873047e+00
2.650000000000000000e+02 4.536558604071271317e-01 6.106207024096769187e-01 3.341492414474487305e+00
2.660000000000000000e+02 6.114851460044340437e-01 4.576243569451241000e-01 3.345065593719482422e+00
2.670000000000000000e+02 4.561925140040101745e-01 6.091342636327995441e-01 3.341054439544677734e+00
2.680000000000000000e+02 6.130448774775240084e-01 4.559911801558391153e-01 3.346184492111206055e+00
2.690000000000000000e+02 4.571961232048459278e-01 6.077819171950267219e-01 3.340116024017333984e+00
2.700000000000000000e+02 6.110833678491225385e-01 4.539436636871562181e-01 3.345255374908447266e+00
2.710000000000000000e+02 4.596188678835320118e-01 6.086794366057255434e-01 3.338294982910156250e+00
2.720000000000000000e+02 6.128904470933315141e-01 4.567475748686374293e-01 3.346922397613525391e+00
2.730000000000000000e+02 4.561093802508217609e-01 6.119710723380422657e-01 3.339360475540161133e+00
2.740000000000000000e+02 6.105226063471692610e-01 4.550784549668463463e-01 3.346324443817138672e+00
2.750000000000000000e+02 4.574097019804011510e-01 6.086307871088822985e-01 3.338784456253051758e+00
2.760000000000000000e+02 6.115087167195202289e-01 4.541573283125221461e-01 3.346167087554931641e+00
2.770000000000000000e+02 4.564287407569583288e-01 6.097542100391907249e-01 3.339014530181884766e+00
2.780000000000000000e+02 6.128295789946994754e-01 4.541881715363122463e-01 3.346041440963745117e+00
2.790000000000000000e+02 4.543497353790464932e-01 6.063436431328900200e-01 3.339369535446166992e+00
2.800000000000000000e+02 6.122059976349152333e-01 4.572435030918536869e-01 3.345259904861450195e+00
2.810000000000000000e+02 4.579644851999518651e-01 6.125823896206340491e-01 3.342170953750610352e+00
2.820000000000000000e+02 6.127129486747707743e-01 4.564947552184785429e-01 3.347951889038085938e+00
2.830000000000000000e+02 4.591915873037545337e-01 6.135321823484916059e-01 3.342112064361572266e+00
2.840000000000000000e+02 6.129468802052787657e-01 4.575437009131688160e-01 3.347940444946289062e+00
2.850000000000000000e+02 4.610017578068372202e-01 6.120577458766216505e-01 3.342290878295898438e+00
2.860000000000000000e+02 6.135785586994634278e-01 4.608579004450054639e-01 3.348349094390869141e+00
2.870000000000000000e+02 4.620023239443792340e-01 6.166026394034015423e-01 3.342170000076293945e+00
2.880000000000000000e+02 6.155319842499973326e-01 4.607231255699987815e-01 3.347496986389160156e+00
2.890000000000000000e+02 4.613919151535313956e-01 6.147484676854930719e-01 3.341159582138061523e+00
2.900000000000000000e+02 6.147738594346403573e-01 4.573644278512893346e-01 3.347662448883056641e+00
2.910000000000000000e+02 4.568012617643263940e-01 6.129207241412303331e-01 3.340462923049926758e+00
2.920000000000000000e+02 6.130051066938640991e-01 4.581876838194624546e-01 3.347713470458984375e+00
2.930000000000000000e+02 4.554664587425634181e-01 6.154705793926339430e-01 3.340492486953735352e+00
2.940000000000000000e+02 6.102237495707760750e-01 4.590722019506587870e-01 3.346252918243408203e+00
2.950000000000000000e+02 4.556273463672807500e-01 6.174616826848052797e-01 3.340545415878295898e+00
2.960000000000000000e+02 6.100343920494245564e-01 4.572485613757774070e-01 3.345494985580444336e+00
2.970000000000000000e+02 4.582776660057553686e-01 6.124303374674900935e-01 3.340371608734130859e+00
2.980000000000000000e+02 6.161576421925560876e-01 4.585663210000476275e-01 3.345866918563842773e+00
2.990000000000000000e+02 4.575221280536821977e-01 6.140046995329142554e-01 3.340149402618408203e+00
3.000000000000000000e+02 6.125242537828697875e-01 4.623250086931986469e-01 3.345568418502807617e+00
3.010000000000000000e+02 4.588607581213582920e-01 6.111673722822977828e-01 3.342159986495971680e+00
3.020000000000000000e+02 6.157774533235913506e-01 4.561334594018841559e-01 3.346940517425537109e+00
3.030000000000000000e+02 4.600296435146514762e-01 6.129730409503084676e-01 3.341553449630737305e+00
3.040000000000000000e+02 6.112553738591711694e-01 4.548007816463037756e-01 3.348875999450683594e+00
3.050000000000000000e+02 4.568544871117570794e-01 6.110410672624038142e-01 3.340676069259643555e+00
3.060000000000000000e+02 6.107266905459439732e-01 4.580708544822316708e-01 3.347175598144531250e+00
3.070000000000000000e+02 4.613765385903770277e-01 6.132893605879874421e-01 3.339786052703857422e+00
3.080000000000000000e+02 6.161003747596597302e-01 4.571772663117295021e-01 3.348208427429199219e+00
3.090000000000000000e+02 4.604164363189791609e-01 6.100203215950634750e-01 3.339622974395751953e+00
3.100000000000000000e+02 6.148523808611904284e-01 4.582923850287051182e-01 3.349314928054809570e+00
3.110000000000000000e+02 4.600223719659823907e-01 6.117027769057857833e-01 3.339950561523437500e+00
3.120000000000000000e+02 6.135866180591231789e-01 4.573987527788233587e-01 3.349015474319458008e+00
3.130000000000000000e+02 4.615317688973488153e-01 6.146321332025701523e-01 3.340816974639892578e+00
3.140000000000000000e+02 6.165970246901586460e-01 4.583456984648981436e-01 3.348933935165405273e+00
3.150000000000000000e+02 4.566793116673434350e-01 6.123121813195374630e-01 3.341126441955566406e+00
3.160000000000000000e+02 6.099394014485888249e-01 4.591453545117595847e-01 3.346915483474731445e+00
3.170000000000000000e+02 4.549934176085283499e-01 6.127672767370722084e-01 3.341495513916015625e+00
3.180000000000000000e+02 6.139167879452618326e-01 4.602317719336466717e-01 3.345241069793701172e+00
3.190000000000000000e+02 4.591567720967956734e-01 6.114180235227448801e-01 3.342667102813720703e+00
3.200000000000000000e+02 6.172008429690684084e-01 4.553709385600052117e-01 3.346002578735351562e+00
3.210000000000000000e+02 4.601358827273500651e-01 6.091520963079534168e-01 3.340389490127563477e+00
3.220000000000000000e+02 6.115677205665841498e-01 4.537140598879002007e-01 3.346786975860595703e+00
3.230000000000000000e+02 4.527814096769643415e-01 6.134295551413497805e-01 3.341338872909545898e+00
3.240000000000000000e+02 6.065329501520726474e-01 4.586398105453093343e-01 3.346107006072998047e+00
3.250000000000000000e+02 4.547408838244267892e-01 6.155845361594513010e-01 3.340436458587646484e+00
3.260000000000000000e+02 6.113837937148085544e-01 4.554808865862078338e-01 3.346546888351440430e+00
3.270000000000000000e+02 4.549273235407335081e-01 6.122800748244004998e-01 3.339359045028686523e+00
3.280000000000000000e+02 6.131220941027052396e-01 4.572359286774123621e-01 3.346011877059936523e+00
3.290000000000000000e+02 4.538066946445273309e-01 6.121168637315826944e-01 3.340403079986572266e+00
3.300000000000000000e+02 6.098396044976431840e-01 4.565838762351009938e-01 3.346163511276245117e+00
3.310000000000000000e+02 4.523711822915124081e-01 6.078621715344195708e-01 3.340329885482788086e+00
3.320000000000000000e+02 6.069011989987355138e-01 4.566865832836625172e-01 3.344739913940429688e+00
3.330000000000000000e+02 4.511602618047959590e-01 6.139721383057085147e-01 3.339747905731201172e+00
3.340000000000000000e+02 6.089095031454494489e-01 4.577168198111668529e-01 3.343920946121215820e+00
3.350000000000000000e+02 4.538523144661139597e-01 6.149594274454786014e-01 3.339824438095092773e+00
3.360000000000000000e+02 6.102138411078334990e-01 4.578025720290205269e-01 3.344908475875854492e+00
3.370000000000000000e+02 4.526630725773524988e-01 6.159179025383217931e-01 3.340958595275878906e+00
3.380000000000000000e+02 6.099103874391395008e-01 4.602697817323825880e-01 3.344894409179687500e+00
3.390000000000000000e+02 4.574961835167232205e-01 6.121582701940823101e-01 3.340726375579833984e+00
3.400000000000000000e+02 6.114966887039600119e-01 4.555113350967111563e-01 3.344949007034301758e+00
3.410000000000000000e+02 4.638483913403104175e-01 6.078092495079817636e-01 3.340167522430419922e+00
3.420000000000000000e+02 6.135983045909976230e-01 4.517715907061599645e-01 3.346561908721923828e+00
3.430000000000000000e+02 4.590448468088770828e-01 6.079086785268213999e-01 3.339006900787353516e+00
3.440000000000000000e+02 6.186080163174955127e-01 4.550196339573399640e-01 3.347278594970703125e+00
3.450000000000000000e+02 4.616900555508277604e-01 6.093773284932737511e-01 3.339411020278930664e+00
3.460000000000000000e+02 6.152230966314095051e-01 4.527069060268986700e-01 3.348107576370239258e+00
3.470000000000000000e+02 4.615433003862322026e-01 6.060187646982763132e-01 3.339432954788208008e+00
3.480000000000000000e+02 6.136261023500306777e-01 4.526864505859468646e-01 3.348114013671875000e+00
3.490000000000000000e+02 4.610505628042331772e-01 6.074047072384824997e-01 3.339085578918457031e+00
3.500000000000000000e+02 6.139408111612590924e-01 4.534311073969752304e-01 3.348148584365844727e+00
3.510000000000000000e+02 4.612610735866109479e-01 6.068624491722964809e-01 3.340002059936523438e+00
3.520000000000000000e+02 6.161940510939712956e-01 4.497921978994942060e-01 3.348288059234619141e+00
3.530000000000000000e+02 4.633847454088081408e-01 6.036299523708871240e-01 3.338704109191894531e+00
3.540000000000000000e+02 6.140187825014123968e-01 4.505775788161678896e-01 3.347833395004272461e+00
3.550000000000000000e+02 4.620630805339697722e-01 6.084563167901090308e-01 3.338133096694946289e+00
3.560000000000000000e+02 6.162654415473151071e-01 4.542753552852534238e-01 3.348308563232421875e+00
3.570000000000000000e+02 4.625869295413562732e-01 6.084326746832788846e-01 3.339222431182861328e+00
3.580000000000000000e+02 6.131629476783261312e-01 4.559924166507978160e-01 3.349281549453735352e+00
3.590000000000000000e+02 4.592474030485844128e-01 6.096249720435868991e-01 3.339170932769775391e+00
3.600000000000000000e+02 6.168036099472322675e-01 4.519299085675820837e-01 3.347241401672363281e+00
3.610000000000000000e+02 4.605079276323564841e-01 6.083105085874711548e-01 3.339135408401489258e+00
3.620000000000000000e+02 6.165085269295829118e-01 4.561207877017286472e-01 3.347744941711425781e+00
3.630000000000000000e+02 4.613222150520375209e-01 6.152334856215658787e-01 3.341742515563964844e+00
3.640000000000000000e+02 6.137530280332774701e-01 4.569238481610833902e-01 3.347600936889648438e+00
3.650000000000000000e+02 4.562932923200028745e-01 6.145245099272617084e-01 3.341273546218872070e+00
3.660000000000000000e+02 6.094363118604341212e-01 4.591174979833939629e-01 3.348323106765747070e+00
3.670000000000000000e+02 4.560305540288725479e-01 6.172135207089904929e-01 3.342717409133911133e+00
3.680000000000000000e+02 6.147473250661547040e-01 4.658826051873531382e-01 3.346599102020263672e+00
3.690000000000000000e+02 4.565882517150656184e-01 6.187098572219157377e-01 3.342979907989501953e+00
3.700000000000000000e+02 6.113007409510663459e-01 4.602700430122634856e-01 3.346146106719970703e+00
3.710000000000000000e+02 4.537326228376974968e-01 6.119953404504847594e-01 3.342487096786499023e+00
3.720000000000000000e+02 6.099307377561836718e-01 4.617162246437691020e-01 3.346818447113037109e+00
3.730000000000000000e+02 4.557882778997174866e-01 6.136636997286777362e-01 3.342152595520019531e+00
3.740000000000000000e+02 6.076432792908587066e-01 4.593940409626234844e-01 3.347122907638549805e+00
3.750000000000000000e+02 4.549884381279381551e-01 6.170417842525899310e-01 3.342732429504394531e+00
3.760000000000000000e+02 6.079061091992459254e-01 4.614133666405388912e-01 3.347058534622192383e+00
3.770000000000000000e+02 4.569310785811809272e-01 6.178180357805508338e-01 3.341768503189086914e+00
3.780000000000000000e+02 6.108646419801363470e-01 4.601885006052769955e-01 3.346611499786376953e+00
3.790000000000000000e+02 4.548564951197772710e-01 6.164312604295030251e-01 3.341344594955444336e+00
3.800000000000000000e+02 6.070475493524895017e-01 4.625401037750908606e-01 3.347253561019897461e+00
3.810000000000000000e+02 4.541124174818418346e-01 6.159974098977619716e-01 3.342327594757080078e+00
3.820000000000000000e+02 6.111341922074871036e-01 4.603429268836590205e-01 3.346334457397460938e+00
3.830000000000000000e+02 4.552635661317693816e-01 6.179681458575450037e-01 3.341850996017456055e+00
3.840000000000000000e+02 6.103185117347686983e-01 4.608997915600513973e-01 3.345716953277587891e+00
3.850000000000000000e+02 4.567972370025745743e-01 6.162061256740735127e-01 3.341163396835327148e+00
3.860000000000000000e+02 6.103513724900766491e-01 4.621243479621822137e-01 3.345935583114624023e+00
3.870000000000000000e+02 4.565210689836349256e-01 6.201535061387246639e-01 3.341172933578491211e+00
3.880000000000000000e+02 6.048307243759852847e-01 4.682784373618328333e-01 3.344904422760009766e+00
3.890000000000000000e+02 4.500657535480946381e-01 6.240685263945442429e-01 3.342355489730834961e+00
3.900000000000000000e+02 6.044221209627954616e-01 4.632029320274428930e-01 3.343702554702758789e+00
3.910000000000000000e+02 4.521931510242053198e-01 6.174514402245443456e-01 3.341289043426513672e+00
3.920000000000000000e+02 6.091047311037310896e-01 4.609796105731127080e-01 3.343849897384643555e+00
3.930000000000000000e+02 4.557025071007843042e-01 6.158904345243401135e-01 3.341747522354125977e+00
3.940000000000000000e+02 6.078846295621612716e-01 4.580590854095915043e-01 3.345644474029541016e+00
3.950000000000000000e+02 4.529530662543118646e-01 6.109146774091173127e-01 3.341629505157470703e+00
3.960000000000000000e+02 6.091939725385167037e-01 4.588885681258327298e-01 3.344836950302124023e+00
3.970000000000000000e+02 4.564512226776215598e-01 6.114700766401635068e-01 3.341188430786132812e+00
3.980000000000000000e+02 6.075783467780301317e-01 4.590600443805379349e-01 3.345777034759521484e+00
