0.000000000000000000e+00 1.592944192737270892e-01 3.518447629663089271e-02 3.013041973114013672e+00
1.000000000000000000e+00 1.214343099001295168e-01 1.686130599813701336e-01 2.989865064620971680e+00
2.000000000000000000e+00 3.378598257160633223e-01 1.186011436140678721e-01 3.139918565750122070e+00
3.000000000000000000e+00 2.371312795576222821e-01 3.413914359382653196e-01 3.114999532699584961e+00
4.000000000000000000e+00 4.533493683912042105e-01 2.358381939796287408e-01 3.212652921676635742e+00
5.000000000000000000e+00 3.171623874582842895e-01 4.490007783481358428e-01 3.187388896942138672e+00
6.000000000000000000e+00 5.142035608819391923e-01 3.156766952401464654e-01 3.255443096160888672e+00
7.000000000000000000e+00 3.645862233861755786e-01 5.162564140243862676e-01 3.230020046234130859e+00
8.000000000000000000e+00 5.488491313970838004e-01 3.616243291159684237e-01 3.281411886215209961e+00
9.000000000000000000e+00 3.868185578163538252e-01 5.534506212504101130e-01 3.255611896514892578e+00
1.000000000000000000e+01 5.638211736456097967e-01 3.934800607848594201e-01 3.295834541320800781e+00
1.100000000000000000e+01 4.034951366649154325e-01 5.755077128077724646e-01 3.271334886550903320e+00
1.200000000000000000e+01 5.783734464662384500e-01 4.143760076506049495e-01 3.304720878601074219e+00
1.300000000000000000e+01 4.136202353212571903e-01 5.836440019643724941e-01 3.281075000762939453e+00
1.400000000000000000e+01 5.824449610411398526e-01 4.208272821748939019e-01 3.310045957565307617e+00
1.500000000000000000e+01 4.201857674577383350e-01 5.931756379167670845e-01 3.285961389541625977e+00
1.600000000000000000e+01 5.890924730240995055e-01 4.291209989824719129e-01 3.313785076141357422e+00
1.700000000000000000e+01 4.239841242675667643e-01 5.966802604262053666e-01 3.289170503616333008e+00
1.800000000000000000e+01 5.909938876286079390e-01 4.261355678051957918e-01 3.315385103225708008e+00
1.900000000000000000e+01 4.264735180004291526e-01 5.942688804446616402e-01 3.290833473205566406e+00
2.000000000000000000e+01 5.908022830900223621e-01 4.290641898861463077e-01 3.316552400588989258e+00
2.100000000000000000e+01 4.252356821032747258e-01 5.932246736535102816e-01 3.291295528411865234e+00
2.200000000000000000e+01 5.877663695820974921e-01 4.273639602257391923e-01 3.318270921707153320e+00
2.300000000000000000e+01 4.243203390324994939e-01 5.949545879615029120e-01 3.290832996368408203e+00
2.400000000000000000e+01 5.916672254872150649e-01 4.305044737955630585e-01 3.317698955535888672e+00
2.500000000000000000e+01 4.258445317972209820e-01 5.995809953858529662e-01 3.291162014007568359e+00
2.600000000000000000e+01 5.932355206308439488e-01 4.313574291425621432e-01 3.317602396011352539e+00
2.700000000000000000e+01 4.285983556792997695e-01 5.971875605315042357e-01 3.291718006134033203e+00
2.800000000000000000e+01 5.915510065937125139e-01 4.326102644549638110e-01 3.318963050842285156e+00
2.900000000000000000e+01 4.261789627670859448e-01 5.999751033720633897e-01 3.292408466339111328e+00
3.000000000000000000e+01 5.865638611855300555e-01 4.313527234643149133e-01 3.319622516632080078e+00
3.100000000000000000e+01 4.268708616051357096e-01 6.014119359608323112e-01 3.292537450790405273e+00
3.200000000000000000e+01 5.892927707216699673e-01 4.335931588617856769e-01 3.318653106689453125e+00
3.300000000000000000e+01 4.243011555008843194e-01 5.948112405519315748e-01 3.292746067047119141e+00
3.400000000000000000e+01 5.922698866372438919e-01 4.324973110988015734e-01 3.317269563674926758e+00
3.500000000000000000e+01 4.284208048737489505e-01 5.963571332420628535e-01 3.291681528091430664e+00
3.600000000000000000e+01 5.930264715933523112e-01 4.312534965082689409e-01 3.317748546600341797e+00
3.700000000000000000e+01 4.275931701960939968e-01 5.967180802780374105e-01 3.293333530426025391e+00
3.800000000000000000e+01 5.934624593513604385e-01 4.287405813910660224e-01 3.318887472152709961e+00
3.900000000000000000e+01 4.263653646611544334e-01 5.915510443735182422e-01 3.292417526245117188e+00
4.000000000000000000e+01 5.934215970458041056e-01 4.242598559321569263e-01 3.318511962890625000e+00
4.100000000000000000e+01 4.248383499797889207e-01 5.889756648749613355e-01 3.290993452072143555e+00
4.200000000000000000e+01 5.928597133266180208e-01 4.257355677170178709e-01 3.317259073257446289e+00
4.300000000000000000e+01 4.272184049612527956e-01 5.902322668297083075e-01 3.289916038513183594e+00
4.400000000000000000e+01 5.932355248115513957e-01 4.304569105120696904e-01 3.316901922225952148e+00
4.500000000000000000e+01 4.246547993659043896e-01 5.937888920873666265e-01 3.291477918624877930e+00
4.600000000000000000e+01 5.907902348915696766e-01 4.282754770613981243e-01 3.316528081893920898e+00
4.700000000000000000e+01 4.275575929418237164e-01 5.943654801075365368e-01 3.292893409729003906e+00
4.800000000000000000e+01 5.971799481352577654e-01 4.342173801491668872e-01 3.318819522857666016e+00
4.900000000000000000e+01 4.331842182977367339e-01 5.972056613519955981e-01 3.293915987014770508e+00
5.000000000000000000e+01 5.935771058376763110e-01 4.306149426053225704e-01 3.320046901702880859e+00
5.100000000000000000e+01 4.300048525028023483e-01 5.954035557406786028e-01 3.293639898300170898e+00
5.200000000000000000e+01 5.924625557222034100e-01 4.337216468335702846e-01 3.320198059082031250e+00
5.300000000000000000e+01 4.290859202630347702e-01 6.006358564306794046e-01 3.294610023498535156e+00
5.400000000000000000e+01 5.894319637319090921e-01 4.378044435850558802e-01 3.321070909500122070e+00
5.500000000000000000e+01 4.273447366040225015e-01 5.982313596757654617e-01 3.295276403427124023e+00
5.600000000000000000e+01 5.913003257325447626e-01 4.353487651386587221e-01 3.320441961288452148e+00
5.700000000000000000e+01 4.264561245892856678e-01 6.011408467796124366e-01 3.295887470245361328e+00
5.800000000000000000e+01 5.912666729925802889e-01 4.349416544487379466e-01 3.318559885025024414e+00
5.900000000000000000e+01 4.265543519631354030e-01 6.017432501949812051e-01 3.295262098312377930e+00
6.000000000000000000e+01 5.901123938817421921e-01 4.384023792476322567e-01 3.318176507949829102e+00
6.100000000000000000e+01 4.306782493733241624e-01 6.039929079802546230e-01 3.295776605606079102e+00
6.200000000000000000e+01 5.940315778209559472e-01 4.377437049309484962e-01 3.318789005279541016e+00
6.300000000000000000e+01 4.307191919172065342e-01 6.009829341256270885e-01 3.295795917510986328e+00
6.400000000000000000e+01 5.929055280598330979e-01 4.312957693270417225e-01 3.319622993469238281e+00
6.500000000000000000e+01 4.303628799330431187e-01 6.006053071347744465e-01 3.293926477432250977e+00
6.600000000000000000e+01 5.956129609774997169e-01 4.345770350188977726e-01 3.319324016571044922e+00
6.700000000000000000e+01 4.279197030276208347e-01 6.011935942174183589e-01 3.293233394622802734e+00
6.800000000000000000e+01 5.921762692451252308e-01 4.401827134150852472e-01 3.318820476531982422e+00
6.900000000000000000e+01 4.258429656454797985e-01 6.037641663367103728e-01 3.294733524322509766e+00
7.000000000000000000e+01 5.915418789538949840e-01 4.358449201415711127e-01 3.317187070846557617e+00
7.100000000000000000e+01 4.234632244459645145e-01 6.020346173765621645e-01 3.293396949768066406e+00
7.200000000000000000e+01 5.892900394239906081e-01 4.368541455182699540e-01 3.316663503646850586e+00
7.300000000000000000e+01 4.250328054986000081e-01 6.007750295095456439e-01 3.294676542282104492e+00
7.400000000000000000e+01 5.917643390025040251e-01 4.322767982942524734e-01 3.316763401031494141e+00
7.500000000000000000e+01 4.309478052933511383e-01 5.928087299624645867e-01 3.293534517288208008e+00
7.600000000000000000e+01 5.979068022937038540e-01 4.254129766624753506e-01 3.319854974746704102e+00
7.700000000000000000e+01 4.291997160431281211e-01 5.942614467622285845e-01 3.291863441467285156e+00
7.800000000000000000e+01 5.917912945155126003e-01 4.340316316148315479e-01 3.318618535995483398e+00
7.900000000000000000e+01 4.265707122291397813e-01 5.975270103905768737e-01 3.292512416839599609e+00
8.000000000000000000e+01 5.920479240143977639e-01 4.324671267045616108e-01 3.317707538604736328e+00
8.100000000000000000e+01 4.262912399941701236e-01 5.990036832541897338e-01 3.293086051940917969e+00
8.200000000000000000e+01 5.906508221856175966e-01 4.331145620877747682e-01 3.318471908569335938e+00
8.300000000000000000e+01 4.264785001892944516e-01 5.962221303728196808e-01 3.293278455734252930e+00
8.400000000000000000e+01 5.897658130061219639e-01 4.363948981635649704e-01 3.319292068481445312e+00
8.500000000000000000e+01 4.250518813704626808e-01 6.013335184183657978e-01 3.294574022293090820e+00
8.600000000000000000e+01 5.917028797656144201e-01 4.337724604241605664e-01 3.318556547164916992e+00
8.700000000000000000e+01 4.237312722134610743e-01 6.024714523243230868e-01 3.294312477111816406e+00
8.800000000000000000e+01 5.911090915719242611e-01 4.349544328850377117e-01 3.317007541656494141e+00
8.900000000000000000e+01 4.226291615541422075e-01 6.011592684370649087e-01 3.294355392456054688e+00
9.000000000000000000e+01 5.888095581436127990e-01 4.360144539874433733e-01 3.316239595413208008e+00
9.100000000000000000e+01 4.228513523218914716e-01 5.989018398815550981e-01 3.294383049011230469e+00
9.200000000000000000e+01 5.867174271572761501e-01 4.342982245338585234e-01 3.315932035446166992e+00
9.300000000000000000e+01 4.199984651352359766e-01 6.016283942586310163e-01 3.293768405914306641e+00
9.400000000000000000e+01 5.879006402755220240e-01 4.368658616077324419e-01 3.316035032272338867e+00
9.500000000000000000e+01 4.266155464716697709e-01 6.009945581858870955e-01 3.294581890106201172e+00
9.600000000000000000e+01 5.898804685178642426e-01 4.349365220680212474e-01 3.317679882049560547e+00
9.700000000000000000e+01 4.248828309669449577e-01 5.989322171338313794e-01 3.295314550399780273e+00
9.800000000000000000e+01 5.879625484490262899e-01 4.349829560296122888e-01 3.318037033081054688e+00
9.900000000000000000e+01 4.208015384667531111e-01 5.989081758892484952e-01 3.294174909591674805e+00
1.000000000000000000e+02 5.877014347764130120e-01 4.342463103011244829e-01 3.316740036010742188e+00
1.010000000000000000e+02 4.201898827082054533e-01 6.063599091511948647e-01 3.294815063476562500e+00
1.020000000000000000e+02 5.915405387984892238e-01 4.363581186274742563e-01 3.315223932266235352e+00
1.030000000000000000e+02 4.253647526668368206e-01 6.026116399970353754e-01 3.295275926589965820e+00
1.040000000000000000e+02 5.929654066480196661e-01 4.332786779461088034e-01 3.317925453186035156e+00
1.050000000000000000e+02 4.326073993184825217e-01 5.962765939741327959e-01 3.294102430343627930e+00
1.060000000000000000e+02 5.991059501386526431e-01 4.366644799034511415e-01 3.319173097610473633e+00
1.070000000000000000e+02 4.288433480421168231e-01 5.976856700440306147e-01 3.295500040054321289e+00
1.080000000000000000e+02 5.963731161322477492e-01 4.308930688354191685e-01 3.319032907485961914e+00
1.090000000000000000e+02 4.300905217012841453e-01 5.949849525047279375e-01 3.294935941696166992e+00
1.100000000000000000e+02 5.931409996819912989e-01 4.322882100766354263e-01 3.318393468856811523e+00
1.110000000000000000e+02 4.262035706433469628e-01 5.975992442711594022e-01 3.294246435165405273e+00
1.120000000000000000e+02 5.942820474900347705e-01 4.316796654313128090e-01 3.317564010620117188e+00
1.130000000000000000e+02 4.278398223697439939e-01 5.982189077479843631e-01 3.295439958572387695e+00
1.140000000000000000e+02 5.960325079043093943e-01 4.344530420636154022e-01 3.318288087844848633e+00
1.150000000000000000e+02 4.351359067603393083e-01 5.948925973491037134e-01 3.295128583908081055e+00
1.160000000000000000e+02 6.015145856202959163e-01 4.322211023886825543e-01 3.320799589157104492e+00
1.170000000000000000e+02 4.352380615199049063e-01 5.984219224518136926e-01 3.294240474700927734e+00
1.180000000000000000e+02 5.964997209011110302e-01 4.312617648923408598e-01 3.320043087005615234e+00
1.190000000000000000e+02 4.324663346740337255e-01 6.014790080629616176e-01 3.293463945388793945e+00
1.200000000000000000e+02 5.922729313440978638e-01 4.361029071588979344e-01 3.319737911224365234e+00
1.210000000000000000e+02 4.284902665339630490e-01 6.030656120898520989e-01 3.295618057250976562e+00
1.220000000000000000e+02 5.925054396489499720e-01 4.322559980701388693e-01 3.319253444671630859e+00
1.230000000000000000e+02 4.269961849475265581e-01 6.015246048194623496e-01 3.293524026870727539e+00
1.240000000000000000e+02 5.931099100313017569e-01 4.355296640842777900e-01 3.319561481475830078e+00
1.250000000000000000e+02 4.274616686778902608e-01 6.012694704837104887e-01 3.294673919677734375e+00
1.260000000000000000e+02 5.942192764012204087e-01 4.368406374101556633e-01 3.318567037582397461e+00
1.270000000000000000e+02 4.310102641413454672e-01 6.018463823550141978e-01 3.295045375823974609e+00
1.280000000000000000e+02 5.944101177294365268e-01 4.350892822072432997e-01 3.319828033447265625e+00
1.290000000000000000e+02 4.283966298507337900e-01 5.999361829703780957e-01 3.293665409088134766e+00
1.300000000000000000e+02 5.923842485631932719e-01 4.313663738724096697e-01 3.317363977432250977e+00
1.310000000000000000e+02 4.276188520569539908e-01 5.945054190159224650e-01 3.293189048767089844e+00
1.320000000000000000e+02 5.920798483884697205e-01 4.287497284100880712e-01 3.317656517028808594e+00
1.330000000000000000e+02 4.274462929228829977e-01 5.953588310285629071e-01 3.292995452880859375e+00
1.340000000000000000e+02 5.917264590243935807e-01 4.293166583193299135e-01 3.319414377212524414e+00
1.350000000000000000e+02 4.283607193460370333e-01 5.956019592813190933e-01 3.291237592697143555e+00
1.360000000000000000e+02 5.913340767979804458e-01 4.292618550645530551e-01 3.319145917892456055e+00
1.370000000000000000e+02 4.298070536818560106e-01 5.961964342357649604e-01 3.292104482650756836e+00
1.380000000000000000e+02 5.953383636578150062e-01 4.273630772198434014e-01 3.319475412368774414e+00
1.390000000000000000e+02 4.360291882713511757e-01 5.927444128395084055e-01 3.291945934295654297e+00
1.400000000000000000e+02 6.029560169227315969e-01 4.280258584311854020e-01 3.320910930633544922e+00
1.410000000000000000e+02 4.353691607877584469e-01 5.945494348164053200e-01 3.291985988616943359e+00
1.420000000000000000e+02 5.971882235157777163e-01 4.291307250018656649e-01 3.321934938430786133e+00
1.430000000000000000e+02 4.314166299611540412e-01 5.935507067290946015e-01 3.291722059249877930e+00
1.440000000000000000e+02 5.944690358153810195e-01 4.327452244906591083e-01 3.319305419921875000e+00
1.450000000000000000e+02 4.339384208092642026e-01 5.913049176091212944e-01 3.292394876480102539e+00
1.460000000000000000e+02 5.963509414209693382e-01 4.318348887387200574e-01 3.320748090744018555e+00
1.470000000000000000e+02 4.326891574175373290e-01 5.975061530763307038e-01 3.292140007019042969e+00
1.480000000000000000e+02 6.014416126459100065e-01 4.329871730567144694e-01 3.320187091827392578e+00
1.490000000000000000e+02 4.322017357469880028e-01 5.971821480012513561e-01 3.293207883834838867e+00
1.500000000000000000e+02 6.008306595699792751e-01 4.343569004070683137e-01 3.319652557373046875e+00
1.510000000000000000e+02 4.345300274396423634e-01 5.965286499463252623e-01 3.293824434280395508e+00
1.520000000000000000e+02 6.005528566007420910e-01 4.327202390615533800e-01 3.322376012802124023e+00
1.530000000000000000e+02 4.351899361125997068e-01 5.966302370278437905e-01 3.294114589691162109e+00
1.540000000000000000e+02 5.955018280952948384e-01 4.309275830175499644e-01 3.321012496948242188e+00
1.550000000000000000e+02 4.290517915142759153e-01 5.945421716368695098e-01 3.293040037155151367e+00
1.560000000000000000e+02 5.941330784463788595e-01 4.307351888157500142e-01 3.319089412689208984e+00
1.570000000000000000e+02 4.275374681807191379e-01 5.974006584047452106e-01 3.292170524597167969e+00
1.580000000000000000e+02 5.948772291230168818e-01 4.340861479457056582e-01 3.319511413574218750e+00
1.590000000000000000e+02 4.269469726685850008e-01 6.013329345155711270e-01 3.292279481887817383e+00
1.600000000000000000e+02 5.935926434999967416e-01 4.345748850568120214e-01 3.318817377090454102e+00
1.610000000000000000e+02 4.286381802795246054e-01 5.986583761036750051e-01 3.294171094894409180e+00
1.620000000000000000e+02 5.937443911268466268e-01 4.325037779972741303e-01 3.318870067596435547e+00
1.630000000000000000e+02 4.282592374075375186e-01 5.972430022364576541e-01 3.293277025222778320e+00
1.640000000000000000e+02 5.991378090369032794e-01 4.319499126386449062e-01 3.318146944046020508e+00
1.650000000000000000e+02 4.318841551901504427e-01 5.917900072739388229e-01 3.292968034744262695e+00
1.660000000000000000e+02 5.952713597522965028e-01 4.290701299183690698e-01 3.318645477294921875e+00
1.670000000000000000e+02 4.285291537595408706e-01 5.921573029529494381e-01 3.293197393417358398e+00
1.680000000000000000e+02 5.902148604806107812e-01 4.289420173070801479e-01 3.317279577255249023e+00
1.690000000000000000e+02 4.281738115830620028e-01 5.925845651037741080e-01 3.292338609695434570e+00
1.700000000000000000e+02 5.941590203211212229e-01 4.301397146750580158e-01 3.318419456481933594e+00
1.710000000000000000e+02 4.283021755388411456e-01 5.974897557639591295e-01 3.292988538742065430e+00
1.720000000000000000e+02 5.983376582692854218e-01 4.297296284844099312e-01 3.318192005157470703e+00
1.730000000000000000e+02 4.323033542799860074e-01 5.915756708059924929e-01 3.292074918746948242e+00
1.740000000000000000e+02 5.937035919703969045e-01 4.272985195620431220e-01 3.318739891052246094e+00
1.750000000000000000e+02 4.295440756410953131e-01 5.903748380263146300e-01 3.291591882705688477e+00
1.760000000000000000e+02 5.936125816639740149e-01 4.266790291869520524e-01 3.318577527999877930e+00
1.770000000000000000e+02 4.269362885378055195e-01 5.946209003202254095e-01 3.292664051055908203e+00
1.780000000000000000e+02 5.876180882417849638e-01 4.293097054050536432e-01 3.318002462387084961e+00
1.790000000000000000e+02 4.270195147841527317e-01 5.939441786746616492e-01 3.293138980865478516e+00
1.800000000000000000e+02 5.922236199594677064e-01 4.287008476079823271e-01 3.318608045578002930e+00
1.810000000000000000e+02 4.267397930432449971e-01 5.957738282427011978e-01 3.292129993438720703e+00
1.820000000000000000e+02 5.911970520621355751e-01 4.344651919349759583e-01 3.317750930786132812e+00
1.830000000000000000e+02 4.263982530597767995e-01 6.013299149086831497e-01 3.294094085693359375e+00
1.840000000000000000e+02 5.914445247308759424e-01 4.308721896565447795e-01 3.319411039352416992e+00
1.850000000000000000e+02 4.279378825955584276e-01 5.996260674998826756e-01 3.292567968368530273e+00
1.860000000000000000e+02 5.912490844057373129e-01 4.360483693681862505e-01 3.319168567657470703e+00
1.870000000000000000e+02 4.280413198132515529e-01 5.996244012755441721e-01 3.294224977493286133e+00
1.880000000000000000e+02 5.945759158101894259e-01 4.357263497342146463e-01 3.319032907485961914e+00
1.890000000000000000e+02 4.307573176980531993e-01 5.973920820070974802e-01 3.293457984924316406e+00
1.900000000000000000e+02 5.918750283974837378e-01 4.305729519717472753e-01 3.320162534713745117e+00
1.910000000000000000e+02 4.258170684803481154e-01 5.988019984477427338e-01 3.292680978775024414e+00
1.920000000000000000e+02 5.909110494779378220e-01 4.325084696733841327e-01 3.319787025451660156e+00
1.930000000000000000e+02 4.277858567457594186e-01 5.977512850957418244e-01 3.291424036026000977e+00
1.940000000000000000e+02 5.921355760273393498e-01 4.322859818324872871e-01 3.319221973419189453e+00
1.950000000000000000e+02 4.242184554156077647e-01 5.968956110394959547e-01 3.293236494064331055e+00
1.960000000000000000e+02 5.885806451213827506e-01 4.318699658591473312e-01 3.318450450897216797e+00
1.970000000000000000e+02 4.237091533629651630e-01 5.986202056647798031e-01 3.293651580810546875e+00
1.980000000000000000e+02 5.909968630839478321e-01 4.356025144039396557e-01 3.317305088043212891e+00
1.990000000000000000e+02 4.267286136092519611e-01 6.028093794965484475e-01 3.294117927551269531e+00
2.000000000000000000e+02 5.884052148211816879e-01 4.354765444405089836e-01 3.318751573562622070e+00
2.010000000000000000e+02 4.238495110660182585e-01 6.028022716521063140e-01 3.294261455535888672e+00
2.020000000000000000e+02 5.926169122719746607e-01 4.362446478648878689e-01 3.317928075790405273e+00
2.030000000000000000e+02 4.250601871528093545e-01 5.989231011838467289e-01 3.295509099960327148e+00
2.040000000000000000e+02 5.946977862470369525e-01 4.336098944307675285e-01 3.319252014160156250e+00
2.050000000000000000e+02 4.279246407315712708e-01 6.022219552926527664e-01 3.293639421463012695e+00
2.060000000000000000e+02 5.918578681267266939e-01 4.349152942844448089e-01 3.319184541702270508e+00
2.070000000000000000e+02 4.234458055728632653e-01 6.007443698984342717e-01 3.293895006179809570e+00
2.080000000000000000e+02 5.870739371456747957e-01 4.344805098873795735e-01 3.317707538604736328e+00
2.090000000000000000e+02 4.243628999378197264e-01 5.989378795521825838e-01 3.294454097747802734e+00
2.100000000000000000e+02 5.886502446475651018e-01 4.343760737986029907e-01 3.318979024887084961e+00
2.110000000000000000e+02 4.264350063642164401e-01 6.005421229457253984e-01 3.293267965316772461e+00
2.120000000000000000e+02 5.947002339167609675e-01 4.291229766728547612e-01 3.319396495819091797e+00
2.130000000000000000e+02 4.300978181502777553e-01 5.909525647537174908e-01 3.293042421340942383e+00
2.140000000000000000e+02 5.932060069966516025e-01 4.291037058363116330e-01 3.319041490554809570e+00
2.150000000000000000e+02 4.272310780289079735e-01 5.926064393994540103e-01 3.292561054229736328e+00
2.160000000000000000e+02 5.905078304047015614e-01 4.301714828584365380e-01 3.318892478942871094e+00
2.170000000000000000e+02 4.283544521652472570e-01 5.936234050521316252e-01 3.293314456939697266e+00
2.180000000000000000e+02 5.859063421670915872e-01 4.363506846615934354e-01 3.319297075271606445e+00
2.190000000000000000e+02 4.266023014765665811e-01 5.946370392520771153e-01 3.293987989425659180e+00
2.200000000000000000e+02 5.912708095855536694e-01 4.271402284182249098e-01 3.319294929504394531e+00
2.210000000000000000e+02 4.304420548277707037e-01 5.931738454786665837e-01 3.291974544525146484e+00
2.220000000000000000e+02 5.987760812915695618e-01 4.298590299732257258e-01 3.320013523101806641e+00
2.230000000000000000e+02 4.297012605103713856e-01 5.962584340444766484e-01 3.293170452117919922e+00
2.240000000000000000e+02 5.932898342275246817e-01 4.326341443393156849e-01 3.320360898971557617e+00
2.250000000000000000e+02 4.348419393174052239e-01 5.941705849950568163e-01 3.294720411300659180e+00
2.260000000000000000e+02 5.987485453367588084e-01 4.313327595158650274e-01 3.322326421737670898e+00
2.270000000000000000e+02 4.319127960497392005e-01 5.967545429624804276e-01 3.293791055679321289e+00
2.280000000000000000e+02 5.975358897882028231e-01 4.277144104371133349e-01 3.320663452148437500e+00
2.290000000000000000e+02 4.325070939801165526e-01 5.919139472702918958e-01 3.290744066238403320e+00
2.300000000000000000e+02 5.942376753697986569e-01 4.310259035359432778e-01 3.321607589721679688e+00
2.310000000000000000e+02 4.305762554229387029e-01 5.998760913540510664e-01 3.292970895767211914e+00
2.320000000000000000e+02 5.932668339817598335e-01 4.352635416098467047e-01 3.320789098739624023e+00
2.330000000000000000e+02 4.268576408097878860e-01 5.998976154137103389e-01 3.294290542602539062e+00
2.340000000000000000e+02 5.945327610669813856e-01 4.342012277662956055e-01 3.319567441940307617e+00
2.350000000000000000e+02 4.272529597973444559e-01 5.988596328993466278e-01 3.294280529022216797e+00
2.360000000000000000e+02 5.963026046632509125e-01 4.341072028863780519e-01 3.318648099899291992e+00
2.370000000000000000e+02 4.328109499881537814e-01 6.006023632987673722e-01 3.294031381607055664e+00
2.380000000000000000e+02 5.967808577161938244e-01 4.289421321710348289e-01 3.320997953414916992e+00
2.390000000000000000e+02 4.358898420339126223e-01 5.970087296867758742e-01 3.292428493499755859e+00
2.400000000000000000e+02 5.999948082418459228e-01 4.305662746725763546e-01 3.320822477340698242e+00
2.410000000000000000e+02 4.334287014154245554e-01 5.958293370534816225e-01 3.292368888854980469e+00
2.420000000000000000e+02 5.966779154498874638e-01 4.303567215186060446e-01 3.319292545318603516e+00
2.430000000000000000e+02 4.324615695742007881e-01 5.963905472323638435e-01 3.293119907379150391e+00
2.440000000000000000e+02 5.976118735547475413e-01 4.298317737995932530e-01 3.319473505020141602e+00
2.450000000000000000e+02 4.318295902638463191e-01 5.937118194821717765e-01 3.293074607849121094e+00
2.460000000000000000e+02 5.952409432461095440e-01 4.310125636379383285e-01 3.320604085922241211e+00
2.470000000000000000e+02 4.333352291522348798e-01 5.944274036405853279e-01 3.294856548309326172e+00
2.480000000000000000e+02 5.970146477952611441e-01 4.299155560290779943e-01 3.322170019149780273e+00
2.490000000000000000e+02 4.331933348668534078e-01 5.940110120021317996e-01 3.294327974319458008e+00
2.500000000000000000e+02 5.947032404257802662e-01 4.299336025439257636e-01 3.321328401565551758e+00
2.510000000000000000e+02 4.264821905983579575e-01 5.916602331734289733e-01 3.292321443557739258e+00
2.520000000000000000e+02 5.915578042755350596e-01 4.285664750920967214e-01 3.318566083908081055e+00
2.530000000000000000e+02 4.272299440198820131e-01 5.942537899956300551e-01 3.290695905685424805e+00
2.540000000000000000e+02 5.949997047906908643e-01 4.265824742116281487e-01 3.319136381149291992e+00
2.550000000000000000e+02 4.272432266958203217e-01 5.946845874235422436e-01 3.291052103042602539e+00
2.560000000000000000e+02 5.925947400419498967e-01 4.316645573801309310e-01 3.318685054779052734e+00
2.570000000000000000e+02 4.272610181988645284e-01 5.972508824325234444e-01 3.292950391769409180e+00
2.580000000000000000e+02 5.919088865194214177e-01 4.305346345829415000e-01 3.319791555404663086e+00
2.590000000000000000e+02 4.281388247391880175e-01 5.960425657831236457e-01 3.293133974075317383e+00
2.600000000000000000e+02 5.924676363273616575e-01 4.341106153975028970e-01 3.320133447647094727e+00
2.610000000000000000e+02 4.327073692832292262e-01 5.990848114710933814e-01 3.293695449829101562e+00
2.620000000000000000e+02 5.973092676617697272e-01 4.319591996153746560e-01 3.320672512054443359e+00
2.630000000000000000e+02 4.326088846653325382e-01 5.959461164400157163e-01 3.292258024215698242e+00
2.640000000000000000e+02 5.964117835535824863e-01 4.308558407146479974e-01 3.320054531097412109e+00
2.650000000000000000e+02 4.282722414306835979e-01 5.933605513096676942e-01 3.293653011322021484e+00
2.660000000000000000e+02 5.960557776157875409e-01 4.305453015535170014e-01 3.319135427474975586e+00
2.670000000000000000e+02 4.336043756017567974e-01 5.978209777243262968e-01 3.293775081634521484e+00
2.680000000000000000e+02 5.968096165741305636e-01 4.368707580851062811e-01 3.319494962692260742e+00
2.690000000000000000e+02 4.296943528167890269e-01 6.001715928244956144e-01 3.294914484024047852e+00
2.700000000000000000e+02 5.970421011131388234e-01 4.347046647287433063e-01 3.319714546203613281e+00
2.710000000000000000e+02 4.291463591616576645e-01 5.980797612195457580e-01 3.293834924697875977e+00
2.720000000000000000e+02 5.955356277729096925e-01 4.332948086802928533e-01 3.318253517150878906e+00
2.730000000000000000e+02 4.301201642422841087e-01 5.953905131620970126e-01 3.294116973876953125e+00
2.740000000000000000e+02 5.949159902073287709e-01 4.317745351352523797e-01 3.319328546524047852e+00
2.750000000000000000e+02 4.267798736963024919e-01 5.940911737934271297e-01 3.293349027633666992e+00
2.760000000000000000e+02 5.978203684017068253e-01 4.300375363142681095e-01 3.317203998565673828e+00
2.770000000000000000e+02 4.306247178920071805e-01 5.992356635227066297e-01 3.292433023452758789e+00
2.780000000000000000e+02 5.950353591358420458e-01 4.312687672135090411e-01 3.318120956420898438e+00
2.790000000000000000e+02 4.269652047201021317e-01 5.969595963534997107e-01 3.293601036071777344e+00
2.800000000000000000e+02 5.900811633188882688e-01 4.338852997977697967e-01 3.316694498062133789e+00
2.810000000000000000e+02 4.212507988448904728e-01 5.987921862196836642e-01 3.294376373291015625e+00
2.820000000000000000e+02 5.851168462350093691e-01 4.299776033880709503e-01 3.316063404083251953e+00
2.830000000000000000e+02 4.243444211064976157e-01 5.959953706962257680e-01 3.293671607971191406e+00
2.840000000000000000e+02 5.901016171917247144e-01 4.330529215921151143e-01 3.316784381866455078e+00
2.850000000000000000e+02 4.233752422936224447e-01 5.966152904232171483e-01 3.294392108917236328e+00
2.860000000000000000e+02 5.880765920573789440e-01 4.314512851923204551e-01 3.318671941757202148e+00
2.870000000000000000e+02 4.226415505573388187e-01 5.970431596369838445e-01 3.293217897415161133e+00
2.880000000000000000e+02 5.859664821492303055e-01 4.327496426580341726e-01 3.319339990615844727e+00
2.890000000000000000e+02 4.235721169694093291e-01 6.009462086314235618e-01 3.293465375900268555e+00
2.900000000000000000e+02 5.909883383071958818e-01 4.322334223348374693e-01 3.318239927291870117e+00
2.910000000000000000e+02 4.255929871260450414e-01 5.968626751041660183e-01 3.293968915939331055e+00
2.920000000000000000e+02 5.887008753923573812e-01 4.304394298088546345e-01 3.318124532699584961e+00
2.930000000000000000e+02 4.211160666987976975e-01 5.975065687007417026e-01 3.292371511459350586e+00
2.940000000000000000e+02 5.913339816753209188e-01 4.328578162263268525e-01 3.316552877426147461e+00
2.950000000000000000e+02 4.275149665476051797e-01 6.025096813998587209e-01 3.293296098709106445e+00
2.960000000000000000e+02 5.950679097362877590e-01 4.297901910425870886e-01 3.317203521728515625e+00
2.970000000000000000e+02 4.275372847624577255e-01 5.939245880424447455e-01 3.292690992355346680e+00
2.980000000000000000e+02 5.937084334842636091e-01 4.317623330081695188e-01 3.317650556564331055e+00
2.990000000000000000e+02 4.272803024830091889e-01 5.957884207002455135e-01 3.293858528137207031e+00
3.000000000000000000e+02 5.878607263272299654e-01 4.339705142159812068e-01 3.318784475326538086e+00
3.010000000000000000e+02 4.231106234381847853e-01 5.974629799644691763e-01 3.293375968933105469e+00
3.020000000000000000e+02 5.911581303838044921e-01 4.305190113705976707e-01 3.317468881607055664e+00
3.030000000000000000e+02 4.249530294434427646e-01 5.961360907097323913e-01 3.292031049728393555e+00
3.040000000000000000e+02 5.918540898045900889e-01 4.269551422553030107e-01 3.316643953323364258e+00
3.050000000000000000e+02 4.268683963128522274e-01 5.938667380432374188e-01 3.290262937545776367e+00
3.060000000000000000e+02 5.925567442257035911e-01 4.321162956818873080e-01 3.316063404083251953e+00
3.070000000000000000e+02 4.270267312083684819e-01 5.968244729285417938e-01 3.291450023651123047e+00
3.080000000000000000e+02 5.910697802203820350e-01 4.305189509745762644e-01 3.318103551864624023e+00
3.090000000000000000e+02 4.281199257859562013e-01 5.924750098168551915e-01 3.291159391403198242e+00
3.100000000000000000e+02 5.903976125169223543e-01 4.298529428789083506e-01 3.318408489227294922e+00
3.110000000000000000e+02 4.233675124394620792e-01 5.936129529727615095e-01 3.291332006454467773e+00
3.120000000000000000e+02 5.891917034041590506e-01 4.304351672380264393e-01 3.316904544830322266e+00
3.130000000000000000e+02 4.284648743823151196e-01 5.968527686371205565e-01 3.292460441589355469e+00
3.140000000000000000e+02 5.901389294438424971e-01 4.306193066711155870e-01 3.317206382751464844e+00
3.150000000000000000e+02 4.245111566093568434e-01 5.958746645101893336e-01 3.293303489685058594e+00
3.160000000000000000e+02 5.935618623883357481e-01 4.318798303156614615e-01 3.317159414291381836e+00
3.170000000000000000e+02 4.303273546567441543e-01 5.973048950729208384e-01 3.293163061141967773e+00
3.180000000000000000e+02 5.930920104091367273e-01 4.363206018805871889e-01 3.317960023880004883e+00
3.190000000000000000e+02 4.248243454694110577e-01 5.990273763130508078e-01 3.294141530990600586e+00
3.200000000000000000e+02 5.878465963763801483e-01 4.344117928256887029e-01 3.317401885986328125e+00
3.210000000000000000e+02 4.265932896378518135e-01 5.995093530390336323e-01 3.293947935104370117e+00
3.220000000000000000e+02 5.912571254776779472e-01 4.354328589670000138e-01 3.319057941436767578e+00
3.230000000000000000e+02 4.278055987191397569e-01 5.999148292704925556e-01 3.294500589370727539e+00
3.240000000000000000e+02 5.910732876312098094e-01 4.337640516240294786e-01 3.319006919860839844e+00
3.250000000000000000e+02 4.254839332664704377e-01 5.953589369411990129e-01 3.294485569000244141e+00
3.260000000000000000e+02 5.923910932967521026e-01 4.326844369905667453e-01 3.318921089172363281e+00
3.270000000000000000e+02 4.249007399268878160e-01 5.981465734208006868e-01 3.293350458145141602e+00
3.280000000000000000e+02 5.913579973482087082e-01 4.355181152920397092e-01 3.318850517272949219e+00
3.290000000000000000e+02 4.265872056372799759e-01 5.994948484336519723e-01 3.292897939682006836e+00
3.300000000000000000e+02 5.916716458376589660e-01 4.315812795956737724e-01 3.318823099136352539e+00
3.310000000000000000e+02 4.269404428801648055e-01 6.000205098765249989e-01 3.293251991271972656e+00
3.320000000000000000e+02 5.912944384838271228e-01 4.382101004178461934e-01 3.319164037704467773e+00
3.330000000000000000e+02 4.330030588835146466e-01 6.066396381247086689e-01 3.294728994369506836e+00
3.340000000000000000e+02 5.974112842370246090e-01 4.420826984124086589e-01 3.319665908813476562e+00
3.350000000000000000e+02 4.319117856390161103e-01 6.065129782205767039e-01 3.296579599380493164e+00
3.360000000000000000e+02 5.943143967440706055e-01 4.401895005054269894e-01 3.319664001464843750e+00
3.370000000000000000e+02 4.281331075134738873e-01 6.020684850798351251e-01 3.295789003372192383e+00
3.380000000000000000e+02 5.919874686217532211e-01 4.386576975429110625e-01 3.320228099822998047e+00
3.390000000000000000e+02 4.290295487133066743e-01 6.021382913097289569e-01 3.295867443084716797e+00
3.400000000000000000e+02 5.922167438651430027e-01 4.337378238174888212e-01 3.320572376251220703e+00
3.410000000000000000e+02 4.301489872647470958e-01 5.986948613387685914e-01 3.294532060623168945e+00
3.420000000000000000e+02 5.970526766041621691e-01 4.360311018080548218e-01 3.320003509521484375e+00
3.430000000000000000e+02 4.283842465553991952e-01 6.011710901079927449e-01 3.294812917709350586e+00
3.440000000000000000e+02 5.927137695796464989e-01 4.364157806861969635e-01 3.318995952606201172e+00
3.450000000000000000e+02 4.257385863988352170e-01 6.029600776385812821e-01 3.293246984481811523e+00
3.460000000000000000e+02 5.899509689456206019e-01 4.344450271971500577e-01 3.318039417266845703e+00
3.470000000000000000e+02 4.238518045039524340e-01 6.004470822054541745e-01 3.293982982635498047e+00
3.480000000000000000e+02 5.906042569104548168e-01 4.311671610832996659e-01 3.317215442657470703e+00
3.490000000000000000e+02 4.280339137749652467e-01 6.006277232913801445e-01 3.292730093002319336e+00
3.500000000000000000e+02 5.953814712043797863e-01 4.319654574181845952e-01 3.319031953811645508e+00
3.510000000000000000e+02 4.296422680111339765e-01 5.950593839722828626e-01 3.293524503707885742e+00
3.520000000000000000e+02 5.933617653051300733e-01 4.366762250361514441e-01 3.320137500762939453e+00
3.530000000000000000e+02 4.280637560739970482e-01 6.017604543876592382e-01 3.293768882751464844e+00
3.540000000000000000e+02 5.944591751740665453e-01 4.366500476433091138e-01 3.318284988403320312e+00
3.550000000000000000e+02 4.262970999723307286e-01 6.004973447431865008e-01 3.294802904129028320e+00
3.560000000000000000e+02 5.928639448530881317e-01 4.312760171715880886e-01 3.318859577178955078e+00
3.570000000000000000e+02 4.299926892626719788e-01 5.943751416621195771e-01 3.293464422225952148e+00
3.580000000000000000e+02 5.900531072053424309e-01 4.304679832719647270e-01 3.319635391235351562e+00
3.590000000000000000e+02 4.265927730269320484e-01 5.919181267179921546e-01 3.292275428771972656e+00
3.600000000000000000e+02 5.937201504107437744e-01 4.359662514787788767e-01 3.319558382034301758e+00
3.610000000000000000e+02 4.279236115481092617e-01 6.001680717507082985e-01 3.293909072875976562e+00
3.620000000000000000e+02 5.947769424785752657e-01 4.329302802222309010e-01 3.318582534790039062e+00
3.630000000000000000e+02 4.300920139720913471e-01 5.970002509456222572e-01 3.293786048889160156e+00
3.640000000000000000e+02 5.937478973321774767e-01 4.311266352372954969e-01 3.318588018417358398e+00
3.650000000000000000e+02 4.276887661106651972e-01 6.014434340285688130e-01 3.292746543884277344e+00
3.660000000000000000e+02 5.944255928362590646e-01 4.343033321589982454e-01 3.318537950515747070e+00
3.670000000000000000e+02 4.305420725800000459e-01 5.995190275295698701e-01 3.293524026870727539e+00
3.680000000000000000e+02 5.940579501334986023e-01 4.356123016014908922e-01 3.319582939147949219e+00
3.690000000000000000e+02 4.291537089816498396e-01 5.997847490389199843e-01 3.292559385299682617e+00
3.700000000000000000e+02 5.931212323134916753e-01 4.336214786815512645e-01 3.319241046905517578e+00
3.710000000000000000e+02 4.244903967199603612e-01 5.976649905366029358e-01 3.293855905532836914e+00
3.720000000000000000e+02 5.925261842186547723e-01 4.330182554412974061e-01 3.316878557205200195e+00
3.730000000000000000e+02 4.234201876825877120e-01 5.935556515699370594e-01 3.292365074157714844e+00
3.740000000000000000e+02 5.906229330311754122e-01 4.312573441445122779e-01 3.317131042480468750e+00
3.750000000000000000e+02 4.271027533521471464e-01 5.957071731832742634e-01 3.292376518249511719e+00
3.760000000000000000e+02 5.935956205959576071e-01 4.281358831483175753e-01 3.318834543228149414e+00
3.770000000000000000e+02 4.309968772335067144e-01 5.941495102740995682e-01 3.292119503021240234e+00
3.780000000000000000e+02 5.970775412139308624e-01 4.304117700654652712e-01 3.319008588790893555e+00
3.790000000000000000e+02 4.260486540633713348e-01 5.965628947175016794e-01 3.293390989303588867e+00
3.800000000000000000e+02 5.937566550942996457e-01 4.307691925183714243e-01 3.318243503570556641e+00
3.810000000000000000e+02 4.291714720253725357e-01 5.969685732179108584e-01 3.291602373123168945e+00
3.820000000000000000e+02 5.969396012923041672e-01 4.311412366721837364e-01 3.317920923233032227e+00
3.830000000000000000e+02 4.310510635638591381e-01 5.934564898690666279e-01 3.291625022888183594e+00
3.840000000000000000e+02 5.936231434778864724e-01 4.293148231771749535e-01 3.319799423217773438e+00
3.850000000000000000e+02 4.297354590653411632e-01 5.926488923286774568e-01 3.291982889175415039e+00
3.860000000000000000e+02 5.944264772062001212e-01 4.288204006250608824e-01 3.319800376892089844e+00
3.870000000000000000e+02 4.316446138004508826e-01 5.928142489722929565e-01 3.291719913482666016e+00
3.880000000000000000e+02 5.945320858708473821e-01 4.268271730485780902e-01 3.318514585494995117e+00
3.890000000000000000e+02 4.273719841921914675e-01 5.912473529098770664e-01 3.292472600936889648e+00
3.900000000000000000e+02 5.895118842989183205e-01 4.283045679786896542e-01 3.319020032882690430e+00
3.910000000000000000e+02 4.277156785619049550e-01 5.888161787650709744e-01 3.293482542037963867e+00
3.920000000000000000e+02 5.913236928233724932e-01 4.211785787743819176e-01 3.319395065307617188e+00
3.930000000000000000e+02 4.303872614377372008e-01 5.891762658490472537e-01 3.290608406066894531e+00
3.940000000000000000e+02 5.930747767797622805e-01 4.270863736589826098e-01 3.318751096725463867e+00
3.950000000000000000e+02 4.259307874403224226e-01 5.931681551964064214e-01 3.290503025054931641e+00
3.960000000000000000e+02 5.903943890328022803e-01 4.302296553349978514e-01 3.318697452545166016e+00
3.970000000000000000e+02 4.287423674091520587e-01 5.960876832897190614e-01 3.293585062026977539e+00
3.980000000000000000e+02 5.953765956842339557e-01 4.341778042123661807e-01 3.320636510848999023e+00
