0.000000000000000000e+00 1.605639964769775274e-01 3.496661464277851100e-02 2.998584508895874023e+00
1.000000000000000000e+00 1.218798432380889391e-01 1.683018095701519223e-01 2.994357109069824219e+00
2.000000000000000000e+00 3.464112523132908406e-01 1.192317341894649635e-01 3.125374078750610352e+00
3.000000000000000000e+00 2.407405450933451097e-01 3.437311995403939391e-01 3.121503591537475586e+00
4.000000000000000000e+00 4.584031493844175076e-01 2.343581124508887781e-01 3.195836544036865234e+00
5.000000000000000000e+00 3.150239552948981281e-01 4.482673408003231552e-01 3.191699504852294922e+00
6.000000000000000000e+00 5.128508035496207595e-01 3.107798410584273197e-01 3.234708070755004883e+00
7.000000000000000000e+00 3.579869711913923336e-01 5.100705987294873456e-01 3.232353448867797852e+00
8.000000000000000000e+00 5.466584219999173211e-01 3.540615022442126780e-01 3.257164955139160156e+00
9.000000000000000000e+00 3.854712343987667378e-01 5.433001957047698394e-01 3.255868911743164062e+00
1.000000000000000000e+01 5.671142884007701612e-01 3.781276091964000940e-01 3.270628452301025391e+00
1.100000000000000000e+01 3.989616961897358149e-01 5.578253654824643082e-01 3.268988609313964844e+00
1.200000000000000000e+01 5.745505980080473085e-01 3.926343202475359728e-01 3.279597043991088867e+00
1.300000000000000000e+01 4.050649221250682830e-01 5.731709917779554964e-01 3.277620553970336914e+00
1.400000000000000000e+01 5.827476869783154712e-01 4.034517999326769910e-01 3.283603429794311523e+00
1.500000000000000000e+01 4.119995349001194240e-01 5.768927130597565345e-01 3.282166957855224609e+00
1.600000000000000000e+01 5.826912164566273589e-01 4.069610373209892606e-01 3.286608457565307617e+00
1.700000000000000000e+01 4.134476858018263923e-01 5.783888594576991338e-01 3.284200906753540039e+00
1.800000000000000000e+01 5.837853716841601148e-01 4.084503945972170480e-01 3.288394927978515625e+00
1.900000000000000000e+01 4.173686799075327358e-01 5.769615498697375777e-01 3.284334897994995117e+00
2.000000000000000000e+01 5.873157714615412361e-01 4.063528328385129784e-01 3.290179491043090820e+00
2.100000000000000000e+01 4.196192463545143081e-01 5.747389187068742133e-01 3.284744977951049805e+00
2.200000000000000000e+01 5.894502120436055925e-01 4.060565513393629700e-01 3.290909051895141602e+00
2.300000000000000000e+01 4.209803383536389054e-01 5.765629984268471064e-01 3.285485506057739258e+00
2.400000000000000000e+01 5.889424002406383751e-01 4.096356417643458592e-01 3.292249917984008789e+00
2.500000000000000000e+01 4.195489036829352369e-01 5.844576792811758681e-01 3.286422491073608398e+00
2.600000000000000000e+01 5.891362573813823111e-01 4.123862901338103404e-01 3.290996074676513672e+00
2.700000000000000000e+01 4.200047316187802138e-01 5.813579773373537263e-01 3.286446571350097656e+00
2.800000000000000000e+01 5.891827446260260448e-01 4.137166339680969918e-01 3.291059017181396484e+00
2.900000000000000000e+01 4.156454242854376591e-01 5.846101234532584678e-01 3.287456989288330078e+00
3.000000000000000000e+01 5.866923555403220636e-01 4.162935225000377604e-01 3.290178060531616211e+00
3.100000000000000000e+01 4.176755162698008728e-01 5.852590660985143023e-01 3.289067029953002930e+00
3.200000000000000000e+01 5.892373095036458341e-01 4.169230955950177231e-01 3.291115522384643555e+00
3.300000000000000000e+01 4.130884652238394072e-01 5.847874228784877282e-01 3.289300441741943359e+00
3.400000000000000000e+01 5.832796441562095868e-01 4.159328899605297392e-01 3.288722038269042969e+00
3.500000000000000000e+01 4.143835469866485877e-01 5.882229250925735675e-01 3.290202379226684570e+00
3.600000000000000000e+01 5.837694631682710522e-01 4.180126343037188774e-01 3.288966894149780273e+00
3.700000000000000000e+01 4.163297615035234100e-01 5.883618407533789396e-01 3.289818048477172852e+00
3.800000000000000000e+01 5.829826767411395716e-01 4.203842478719855835e-01 3.289445877075195312e+00
3.900000000000000000e+01 4.175631453428241824e-01 5.881245369511354237e-01 3.291640996932983398e+00
4.000000000000000000e+01 5.856918748779912365e-01 4.170910870337966037e-01 3.290601968765258789e+00
4.100000000000000000e+01 4.188894209219359288e-01 5.899633670527182350e-01 3.290477514266967773e+00
4.200000000000000000e+01 5.870312865762784549e-01 4.210378041060507393e-01 3.291711568832397461e+00
4.300000000000000000e+01 4.195404018818588154e-01 5.909601762089863319e-01 3.292135477066040039e+00
4.400000000000000000e+01 5.854503201275362834e-01 4.201998788419928355e-01 3.292152881622314453e+00
4.500000000000000000e+01 4.139458726399932176e-01 5.905170752020713065e-01 3.290441036224365234e+00
4.600000000000000000e+01 5.829095879951876613e-01 4.200769955261935973e-01 3.290374994277954102e+00
4.700000000000000000e+01 4.110915520869749540e-01 5.911421331915612809e-01 3.289548873901367188e+00
4.800000000000000000e+01 5.813768624301343113e-01 4.213262199210235370e-01 3.289748907089233398e+00
4.900000000000000000e+01 4.141676700387421084e-01 5.878045307890505944e-01 3.291658878326416016e+00
5.000000000000000000e+01 5.859266508068172730e-01 4.171715042963385356e-01 3.290390491485595703e+00
5.100000000000000000e+01 4.173687899957829184e-01 5.861539201027299306e-01 3.290567874908447266e+00
5.200000000000000000e+01 5.905757061536629493e-01 4.198690011344169970e-01 3.291474103927612305e+00
5.300000000000000000e+01 4.194211358657145006e-01 5.870872635659836192e-01 3.290856599807739258e+00
5.400000000000000000e+01 5.871501091486031054e-01 4.164752488659537177e-01 3.290258407592773438e+00
5.500000000000000000e+01 4.164801369951442456e-01 5.834871249691511164e-01 3.290327072143554688e+00
5.600000000000000000e+01 5.861504754277261364e-01 4.166205013338406538e-01 3.289078474044799805e+00
5.700000000000000000e+01 4.136658960176469724e-01 5.851985203644081146e-01 3.289714097976684570e+00
5.800000000000000000e+01 5.837557908876074286e-01 4.175854643943247568e-01 3.289536952972412109e+00
5.900000000000000000e+01 4.171877489984327503e-01 5.869282003751813415e-01 3.290270090103149414e+00
6.000000000000000000e+01 5.902172433515963101e-01 4.206581156586923220e-01 3.290283441543579102e+00
6.100000000000000000e+01 4.177450574824880802e-01 5.915116215418474432e-01 3.291540384292602539e+00
6.200000000000000000e+01 5.878996878252210623e-01 4.211295878039052476e-01 3.290380477905273438e+00
6.300000000000000000e+01 4.156337459822053160e-01 5.888730683238785346e-01 3.292790412902832031e+00
6.400000000000000000e+01 5.824069419088417909e-01 4.205997368481961818e-01 3.290771484375000000e+00
6.500000000000000000e+01 4.142271065794883023e-01 5.868357639165523443e-01 3.290606021881103516e+00
6.600000000000000000e+01 5.850657388524871383e-01 4.168703289730849026e-01 3.290163516998291016e+00
6.700000000000000000e+01 4.115817564138212759e-01 5.861601997854889445e-01 3.288690567016601562e+00
6.800000000000000000e+01 5.872227957172738710e-01 4.142668540207443129e-01 3.289511442184448242e+00
6.900000000000000000e+01 4.172484802411299265e-01 5.849717895497960063e-01 3.288189888000488281e+00
7.000000000000000000e+01 5.809442310162938883e-01 4.183651433381591067e-01 3.291423082351684570e+00
7.100000000000000000e+01 4.148414395371410324e-01 5.867129479396714364e-01 3.289472103118896484e+00
7.200000000000000000e+01 5.858993728201641327e-01 4.135260776757888057e-01 3.289433002471923828e+00
7.300000000000000000e+01 4.145542125747058160e-01 5.831330406856468640e-01 3.288475990295410156e+00
7.400000000000000000e+01 5.829393800745977794e-01 4.147689434447080492e-01 3.289409875869750977e+00
7.500000000000000000e+01 4.141091540632842460e-01 5.893371490516217115e-01 3.289170026779174805e+00
7.600000000000000000e+01 5.847659987225014566e-01 4.190565168732561241e-01 3.289406061172485352e+00
7.700000000000000000e+01 4.152729786710806503e-01 5.903213757447509646e-01 3.289884567260742188e+00
7.800000000000000000e+01 5.870415693632431431e-01 4.190863183056112162e-01 3.289656877517700195e+00
7.900000000000000000e+01 4.143614892471635947e-01 5.868893091756439695e-01 3.291071891784667969e+00
8.000000000000000000e+01 5.842762707220020557e-01 4.150566056463210751e-01 3.290364503860473633e+00
8.100000000000000000e+01 4.163220492849916687e-01 5.835104105083194215e-01 3.290041446685791016e+00
8.200000000000000000e+01 5.882156187635930733e-01 4.157087267778150630e-01 3.290556907653808594e+00
8.300000000000000000e+01 4.205643490547036900e-01 5.890342567716035926e-01 3.289797544479370117e+00
8.400000000000000000e+01 5.915277227198756371e-01 4.140033939289706755e-01 3.291419029235839844e+00
8.500000000000000000e+01 4.209816552478616858e-01 5.844979513482667643e-01 3.290150880813598633e+00
8.600000000000000000e+01 5.869145443936487627e-01 4.189375586772656201e-01 3.291974544525146484e+00
8.700000000000000000e+01 4.160588926927742959e-01 5.869848756911031362e-01 3.291151046752929688e+00
8.800000000000000000e+01 5.904289715686333873e-01 4.134208536596122863e-01 3.291193962097167969e+00
8.900000000000000000e+01 4.186400109707839046e-01 5.839614987962290504e-01 3.289247512817382812e+00
9.000000000000000000e+01 5.900887309736743136e-01 4.129765261570008117e-01 3.291954040527343750e+00
9.100000000000000000e+01 4.203315638594877224e-01 5.831762336606992614e-01 3.288619041442871094e+00
9.200000000000000000e+01 5.895082743010103821e-01 4.148464764956885098e-01 3.291497468948364258e+00
9.300000000000000000e+01 4.162621658999066110e-01 5.876450495320070244e-01 3.289274454116821289e+00
9.400000000000000000e+01 5.877194233527059941e-01 4.163967609098351841e-01 3.289626598358154297e+00
9.500000000000000000e+01 4.158413056629496896e-01 5.853674790063974065e-01 3.288208484649658203e+00
9.600000000000000000e+01 5.828509225316405029e-01 4.189566195028157081e-01 3.289869546890258789e+00
9.700000000000000000e+01 4.145861553808813937e-01 5.894586406341965068e-01 3.289880514144897461e+00
9.800000000000000000e+01 5.844328382602284044e-01 4.178178943462855788e-01 3.289356946945190430e+00
9.900000000000000000e+01 4.126574826810439633e-01 5.883430300136487379e-01 3.288887500762939453e+00
1.000000000000000000e+02 5.842898750275682396e-01 4.144534836365172392e-01 3.288349390029907227e+00
1.010000000000000000e+02 4.134023289813597568e-01 5.841821451178541569e-01 3.288908481597900391e+00
1.020000000000000000e+02 5.831308670595867216e-01 4.181491515833847816e-01 3.289252519607543945e+00
1.030000000000000000e+02 4.103869008707322075e-01 5.872684132558775305e-01 3.290009498596191406e+00
1.040000000000000000e+02 5.794856118508513454e-01 4.223546580943055018e-01 3.288812875747680664e+00
1.050000000000000000e+02 4.090717414735777213e-01 5.917553773867207934e-01 3.292608499526977539e+00
1.060000000000000000e+02 5.792195896422294155e-01 4.219880040796487597e-01 3.288208007812500000e+00
1.070000000000000000e+02 4.100597832585332614e-01 5.940981960898328307e-01 3.290932416915893555e+00
1.080000000000000000e+02 5.792695693453953076e-01 4.203433453034176037e-01 3.288492441177368164e+00
1.090000000000000000e+02 4.155943827144573666e-01 5.898809233751876047e-01 3.292007923126220703e+00
1.100000000000000000e+02 5.866112858898788751e-01 4.211950229564603854e-01 3.291090488433837891e+00
1.110000000000000000e+02 4.181804096102313406e-01 5.870954769191568667e-01 3.291235446929931641e+00
1.120000000000000000e+02 5.899975402921376899e-01 4.195617576517828851e-01 3.291598081588745117e+00
1.130000000000000000e+02 4.130129092188862261e-01 5.911084095996927967e-01 3.290294885635375977e+00
1.140000000000000000e+02 5.806728964060348108e-01 4.217508083125114937e-01 3.289572000503540039e+00
1.150000000000000000e+02 4.117628596840414712e-01 5.926282681629214677e-01 3.290677070617675781e+00
1.160000000000000000e+02 5.833997261968174586e-01 4.221114306363893953e-01 3.288728475570678711e+00
1.170000000000000000e+02 4.122076823655569378e-01 5.878276036997047704e-01 3.289698600769042969e+00
1.180000000000000000e+02 5.789970388952888625e-01 4.141153067309280567e-01 3.288163423538208008e+00
1.190000000000000000e+02 4.157379124535025561e-01 5.848685823153797481e-01 3.288091421127319336e+00
1.200000000000000000e+02 5.865729736087431645e-01 4.130180999369825745e-01 3.288752079010009766e+00
1.210000000000000000e+02 4.163968490501351316e-01 5.846618825657914353e-01 3.287347555160522461e+00
1.220000000000000000e+02 5.857631089082557807e-01 4.151725757684757157e-01 3.290145874023437500e+00
1.230000000000000000e+02 4.207747066018318050e-01 5.840102868908504385e-01 3.288368940353393555e+00
1.240000000000000000e+02 5.898005754079481688e-01 4.133004450706977417e-01 3.291723012924194336e+00
1.250000000000000000e+02 4.210768878362444734e-01 5.853486350515619829e-01 3.288367509841918945e+00
1.260000000000000000e+02 5.875968731101124387e-01 4.130763887669776091e-01 3.291686534881591797e+00
1.270000000000000000e+02 4.167679793120291909e-01 5.845725519488277344e-01 3.288485050201416016e+00
1.280000000000000000e+02 5.858410033674972262e-01 4.157487160848484797e-01 3.289757013320922852e+00
1.290000000000000000e+02 4.161812554100011718e-01 5.867300883345325513e-01 3.288931608200073242e+00
1.300000000000000000e+02 5.860164456833554247e-01 4.174817585246944907e-01 3.290019989013671875e+00
1.310000000000000000e+02 4.183956979299677803e-01 5.873172813586419183e-01 3.288969516754150391e+00
1.320000000000000000e+02 5.871979003559681942e-01 4.168513417535321675e-01 3.290667057037353516e+00
1.330000000000000000e+02 4.173208733044522778e-01 5.842089957954060830e-01 3.289448499679565430e+00
1.340000000000000000e+02 5.888621618805984781e-01 4.149811085022557244e-01 3.290579080581665039e+00
1.350000000000000000e+02 4.187666869921258805e-01 5.833932525253688883e-01 3.288704395294189453e+00
1.360000000000000000e+02 5.866554815336187945e-01 4.165384711260920469e-01 3.291121006011962891e+00
1.370000000000000000e+02 4.158236971807150462e-01 5.862535013999732314e-01 3.289124488830566406e+00
1.380000000000000000e+02 5.853529058414975728e-01 4.174782797824656555e-01 3.289855957031250000e+00
1.390000000000000000e+02 4.166486921460353932e-01 5.865185845591144309e-01 3.291207551956176758e+00
1.400000000000000000e+02 5.881732882395019901e-01 4.156882148359146711e-01 3.288800477981567383e+00
1.410000000000000000e+02 4.208902574278554076e-01 5.830276126175422124e-01 3.289318084716796875e+00
1.420000000000000000e+02 5.888943254797125437e-01 4.125212850655491370e-01 3.290109395980834961e+00
1.430000000000000000e+02 4.188401502863324244e-01 5.852447261332184292e-01 3.288881540298461914e+00
1.440000000000000000e+02 5.885111782983416528e-01 4.152337138074012612e-01 3.290043592453002930e+00
1.450000000000000000e+02 4.208541112111748861e-01 5.856430874583394841e-01 3.289572000503540039e+00
1.460000000000000000e+02 5.888292880288651387e-01 4.151058137642806289e-01 3.291087388992309570e+00
1.470000000000000000e+02 4.196585807286863368e-01 5.871034139234275750e-01 3.288534879684448242e+00
1.480000000000000000e+02 5.919234333425256178e-01 4.147282411797009183e-01 3.290437459945678711e+00
1.490000000000000000e+02 4.221681309209074917e-01 5.839808749655555076e-01 3.289252042770385742e+00
1.500000000000000000e+02 5.870234425420353119e-01 4.113702738447442275e-01 3.291285514831542969e+00
1.510000000000000000e+02 4.211780212175208482e-01 5.810323848141473180e-01 3.288110971450805664e+00
1.520000000000000000e+02 5.888381945924308081e-01 4.138691702197769273e-01 3.292474508285522461e+00
1.530000000000000000e+02 4.177778474012439069e-01 5.844265425316358398e-01 3.289145946502685547e+00
1.540000000000000000e+02 5.889772305346402392e-01 4.132735692465496213e-01 3.291584014892578125e+00
1.550000000000000000e+02 4.194559461937185096e-01 5.804802744186491337e-01 3.288626909255981445e+00
1.560000000000000000e+02 5.857678771086084479e-01 4.159520104160630005e-01 3.290824413299560547e+00
1.570000000000000000e+02 4.144486274113748370e-01 5.863730030653567793e-01 3.289977073669433594e+00
1.580000000000000000e+02 5.850648884247324766e-01 4.141505867859944789e-01 3.289347887039184570e+00
1.590000000000000000e+02 4.166485925857212891e-01 5.837905298943721899e-01 3.288759469985961914e+00
1.600000000000000000e+02 5.849114322848968373e-01 4.130488991893894180e-01 3.290312528610229492e+00
1.610000000000000000e+02 4.131364653072794879e-01 5.811461561046858959e-01 3.289532899856567383e+00
1.620000000000000000e+02 5.849863760592513007e-01 4.156777325796647271e-01 3.289642095565795898e+00
1.630000000000000000e+02 4.153202419775487431e-01 5.877280657679404552e-01 3.290092468261718750e+00
1.640000000000000000e+02 5.871055671418240474e-01 4.197219362793542241e-01 3.290878057479858398e+00
1.650000000000000000e+02 4.186997872939862697e-01 5.866250289500262172e-01 3.291067600250244141e+00
1.660000000000000000e+02 5.882017487898171249e-01 4.184393878450111681e-01 3.291728973388671875e+00
1.670000000000000000e+02 4.210935595363071715e-01 5.912182204005114183e-01 3.290722608566284180e+00
1.680000000000000000e+02 5.883845719972001787e-01 4.191398098309989662e-01 3.291934490203857422e+00
1.690000000000000000e+02 4.220580094744545430e-01 5.891490924677155183e-01 3.291249513626098633e+00
1.700000000000000000e+02 5.895894548243046929e-01 4.152358028525502398e-01 3.292617082595825195e+00
1.710000000000000000e+02 4.186533538510276431e-01 5.869722726188741913e-01 3.290720462799072266e+00
1.720000000000000000e+02 5.889154831864911177e-01 4.206690891597388293e-01 3.292906999588012695e+00
1.730000000000000000e+02 4.190694592930566120e-01 5.857853075413793631e-01 3.291742086410522461e+00
1.740000000000000000e+02 5.922763770755884449e-01 4.149458706343941983e-01 3.290269374847412109e+00
1.750000000000000000e+02 4.175636155565870533e-01 5.886116669279251035e-01 3.289159536361694336e+00
1.760000000000000000e+02 5.831702679179364690e-01 4.234631103409878805e-01 3.290584087371826172e+00
1.770000000000000000e+02 4.195054525261266432e-01 5.846958693851438404e-01 3.291534900665283203e+00
1.780000000000000000e+02 5.855299512028114828e-01 4.183773873448150549e-01 3.290882110595703125e+00
1.790000000000000000e+02 4.192681245261213330e-01 5.854676955716955344e-01 3.289348602294921875e+00
1.800000000000000000e+02 5.909125830650058253e-01 4.164492395859170082e-01 3.291858434677124023e+00
1.810000000000000000e+02 4.230294705396741017e-01 5.839015981984890802e-01 3.290289878845214844e+00
1.820000000000000000e+02 5.892780807786137665e-01 4.180906629653212692e-01 3.293655395507812500e+00
1.830000000000000000e+02 4.136140979341280666e-01 5.852974272710671499e-01 3.288629531860351562e+00
1.840000000000000000e+02 5.839537996515865581e-01 4.128801980077138611e-01 3.289356946945190430e+00
1.850000000000000000e+02 4.132748194154927113e-01 5.831664418730504451e-01 3.288177490234375000e+00
1.860000000000000000e+02 5.867574573157455786e-01 4.145732438775547313e-01 3.289062500000000000e+00
1.870000000000000000e+02 4.147954305786117346e-01 5.836988804611368264e-01 3.288512468338012695e+00
1.880000000000000000e+02 5.857282065317666042e-01 4.202452176681462648e-01 3.288657426834106445e+00
1.890000000000000000e+02 4.153014277464587289e-01 5.874869635437285353e-01 3.290829896926879883e+00
1.900000000000000000e+02 5.846747271540742030e-01 4.161749882828706393e-01 3.289377927780151367e+00
1.910000000000000000e+02 4.146240751374690725e-01 5.880643319323385354e-01 3.290089607238769531e+00
1.920000000000000000e+02 5.817011645219973826e-01 4.175763486450595474e-01 3.288803100585937500e+00
1.930000000000000000e+02 4.096882743524937753e-01 5.830844707009231742e-01 3.290622949600219727e+00
1.940000000000000000e+02 5.827007524293590368e-01 4.136776136346967947e-01 3.288061380386352539e+00
1.950000000000000000e+02 4.139677722080390421e-01 5.836915625896121895e-01 3.289651393890380859e+00
1.960000000000000000e+02 5.835773918981854713e-01 4.186146755805523201e-01 3.289787054061889648e+00
1.970000000000000000e+02 4.137510396411732683e-01 5.908342718370901414e-01 3.291082382202148438e+00
1.980000000000000000e+02 5.825371338181056791e-01 4.233608774170165012e-01 3.289731502532958984e+00
1.990000000000000000e+02 4.100162367435005173e-01 5.942317764644348133e-01 3.291694879531860352e+00
2.000000000000000000e+02 5.844128604912526281e-01 4.180508693184924462e-01 3.287199974060058594e+00
2.010000000000000000e+02 4.150910009383236843e-01 5.897740118138459220e-01 3.289756536483764648e+00
2.020000000000000000e+02 5.864227718048294902e-01 4.182303289130856472e-01 3.288299083709716797e+00
2.030000000000000000e+02 4.158425930463371945e-01 5.866518906638178432e-01 3.288432598114013672e+00
2.040000000000000000e+02 5.890337808745329529e-01 4.139448398594458012e-01 3.289674520492553711e+00
2.050000000000000000e+02 4.199500251206395585e-01 5.859756090258235739e-01 3.288490533828735352e+00
2.060000000000000000e+02 5.891484689312174172e-01 4.187866764940879061e-01 3.289613008499145508e+00
2.070000000000000000e+02 4.157841688923887280e-01 5.879512236850034101e-01 3.289534568786621094e+00
2.080000000000000000e+02 5.848484663603805700e-01 4.155908806414425061e-01 3.290153503417968750e+00
2.090000000000000000e+02 4.169419904011418265e-01 5.884537886264095130e-01 3.289393424987792969e+00
2.100000000000000000e+02 5.871041761277558946e-01 4.180363558431524629e-01 3.290453910827636719e+00
2.110000000000000000e+02 4.178583867502279059e-01 5.879645340207949600e-01 3.289727449417114258e+00
2.120000000000000000e+02 5.908928659308435583e-01 4.146122480503635632e-01 3.291509389877319336e+00
2.130000000000000000e+02 4.204869521767418683e-01 5.828051717403417431e-01 3.288544416427612305e+00
2.140000000000000000e+02 5.860491463011127111e-01 4.199584505569659010e-01 3.292152881622314453e+00
2.150000000000000000e+02 4.180877387429077774e-01 5.880163678431165053e-01 3.289705991744995117e+00
2.160000000000000000e+02 5.915816138152871773e-01 4.191123074393379166e-01 3.291753530502319336e+00
2.170000000000000000e+02 4.197326113017389448e-01 5.910610964326835637e-01 3.290482044219970703e+00
2.180000000000000000e+02 5.890863044946625937e-01 4.190033931061187267e-01 3.291106462478637695e+00
2.190000000000000000e+02 4.214504720603908239e-01 5.894870976389503525e-01 3.290859937667846680e+00
2.200000000000000000e+02 5.902897368557606939e-01 4.156997922393807499e-01 3.292207479476928711e+00
2.210000000000000000e+02 4.192019166389054918e-01 5.827759874116575922e-01 3.290791511535644531e+00
2.220000000000000000e+02 5.892370088966846220e-01 4.160048349421393010e-01 3.291323900222778320e+00
2.230000000000000000e+02 4.207903145298235725e-01 5.805973145759621978e-01 3.290745496749877930e+00
2.240000000000000000e+02 5.894630965846154869e-01 4.109813044737172238e-01 3.292195081710815430e+00
2.250000000000000000e+02 4.178871081044076008e-01 5.797512625199378045e-01 3.288155555725097656e+00
2.260000000000000000e+02 5.840293694067111296e-01 4.109021472729741942e-01 3.289844036102294922e+00
2.270000000000000000e+02 4.141905679528638529e-01 5.870559210844423781e-01 3.287949085235595703e+00
2.280000000000000000e+02 5.842216395957970931e-01 4.154383606114810390e-01 3.289953947067260742e+00
2.290000000000000000e+02 4.159624703941812718e-01 5.882910878244592690e-01 3.290221452713012695e+00
2.300000000000000000e+02 5.815431224392779708e-01 4.221605258513694836e-01 3.289321422576904297e+00
2.310000000000000000e+02 4.163194352333389747e-01 5.907022816670738363e-01 3.290613412857055664e+00
2.320000000000000000e+02 5.870768032709029471e-01 4.207323094070964387e-01 3.290346384048461914e+00
2.330000000000000000e+02 4.191927919044017292e-01 5.859103136995814642e-01 3.290317535400390625e+00
2.340000000000000000e+02 5.878919184107895823e-01 4.176353351083200161e-01 3.291110992431640625e+00
2.350000000000000000e+02 4.145090942852135418e-01 5.841691035403039356e-01 3.290058374404907227e+00
2.360000000000000000e+02 5.849717436408390370e-01 4.169139046227363088e-01 3.290189981460571289e+00
2.370000000000000000e+02 4.191795157382517401e-01 5.879827603333293018e-01 3.289456605911254883e+00
2.380000000000000000e+02 5.883143758028684944e-01 4.195201578599710435e-01 3.292323589324951172e+00
2.390000000000000000e+02 4.171616456150318286e-01 5.906027816695752497e-01 3.290848970413208008e+00
2.400000000000000000e+02 5.869510658985412910e-01 4.203896619206272667e-01 3.290770530700683594e+00
2.410000000000000000e+02 4.190458982253976172e-01 5.841483417334638606e-01 3.290828943252563477e+00
2.420000000000000000e+02 5.863248548545720862e-01 4.156617299122470910e-01 3.290323495864868164e+00
2.430000000000000000e+02 4.212061297248787528e-01 5.824763191742186041e-01 3.289169073104858398e+00
2.440000000000000000e+02 5.909125246333301051e-01 4.133989351053687922e-01 3.291152000427246094e+00
2.450000000000000000e+02 4.169457697862086754e-01 5.833175382391805330e-01 3.288928985595703125e+00
2.460000000000000000e+02 5.812798144046887883e-01 4.138903519034418665e-01 3.289986610412597656e+00
2.470000000000000000e+02 4.149754833290481559e-01 5.857397310474470320e-01 3.288172960281372070e+00
2.480000000000000000e+02 5.827776817531379328e-01 4.158873818734931671e-01 3.289839029312133789e+00
2.490000000000000000e+02 4.112742688534162250e-01 5.863638686426928537e-01 3.289474010467529297e+00
2.500000000000000000e+02 5.836002976246752461e-01 4.196118538108222218e-01 3.287412405014038086e+00
2.510000000000000000e+02 4.165460595970686408e-01 5.886061215312413664e-01 3.291091918945312500e+00
2.520000000000000000e+02 5.867451078685033128e-01 4.204597141479766709e-01 3.289387941360473633e+00
2.530000000000000000e+02 4.192120217258013537e-01 5.862390177870634433e-01 3.290626525878906250e+00
2.540000000000000000e+02 5.887968183601154371e-01 4.180453298048217303e-01 3.290673017501831055e+00
2.550000000000000000e+02 4.176400432176227695e-01 5.841102375184871187e-01 3.290016412734985352e+00
2.560000000000000000e+02 5.880627658211295961e-01 4.172923769483446454e-01 3.290818929672241211e+00
2.570000000000000000e+02 4.189048102011768138e-01 5.873206362974621175e-01 3.290087938308715820e+00
2.580000000000000000e+02 5.876244440655822299e-01 4.179238971804398184e-01 3.291908025741577148e+00
2.590000000000000000e+02 4.165207493830094809e-01 5.887872272723663203e-01 3.289435386657714844e+00
2.600000000000000000e+02 5.867887269774131331e-01 4.163957967461741072e-01 3.290400028228759766e+00
2.610000000000000000e+02 4.207877567108883610e-01 5.838096348719319373e-01 3.289885044097900391e+00
2.620000000000000000e+02 5.877921486167823062e-01 4.143247694302485962e-01 3.291855096817016602e+00
2.630000000000000000e+02 4.181386503680544764e-01 5.865269758184312732e-01 3.288378477096557617e+00
2.640000000000000000e+02 5.873364218469124820e-01 4.238778935003350568e-01 3.289753437042236328e+00
2.650000000000000000e+02 4.190576070051637569e-01 5.864413312071252715e-01 3.290982007980346680e+00
2.660000000000000000e+02 5.894938944517774670e-01 4.150711369007076268e-01 3.290318965911865234e+00
2.670000000000000000e+02 4.211166991992211228e-01 5.834722569203740772e-01 3.288074493408203125e+00
2.680000000000000000e+02 5.888911868439363761e-01 4.120367461236534856e-01 3.291588544845581055e+00
2.690000000000000000e+02 4.186761469098140287e-01 5.828681615023911800e-01 3.287268400192260742e+00
2.700000000000000000e+02 5.894389943939305487e-01 4.103927343642224668e-01 3.290170907974243164e+00
2.710000000000000000e+02 4.179150287441547595e-01 5.836869404561770835e-01 3.286086082458496094e+00
2.720000000000000000e+02 5.890791979250862287e-01 4.086631433537325497e-01 3.290351390838623047e+00
2.730000000000000000e+02 4.169614484707473978e-01 5.835580537600447704e-01 3.284374475479125977e+00
2.740000000000000000e+02 5.859455167566266498e-01 4.146913402841816976e-01 3.290297508239746094e+00
2.750000000000000000e+02 4.163113135758726435e-01 5.841637226586068321e-01 3.288487434387207031e+00
2.760000000000000000e+02 5.823799218298456593e-01 4.119795135672296715e-01 3.289026975631713867e+00
2.770000000000000000e+02 4.161935426393031934e-01 5.841037717514380168e-01 3.287150382995605469e+00
2.780000000000000000e+02 5.892328411750528128e-01 4.184342754081962212e-01 3.290513038635253906e+00
2.790000000000000000e+02 4.163000972485135232e-01 5.860154705663582764e-01 3.288440942764282227e+00
2.800000000000000000e+02 5.881151170747596080e-01 4.152283806923041665e-01 3.289189577102661133e+00
2.810000000000000000e+02 4.181712098458681415e-01 5.861892670676599471e-01 3.288021087646484375e+00
2.820000000000000000e+02 5.905804004019347131e-01 4.155622385742805402e-01 3.291550874710083008e+00
2.830000000000000000e+02 4.215312238600031902e-01 5.858840359499901673e-01 3.288280010223388672e+00
2.840000000000000000e+02 5.894817497756491553e-01 4.172031963702054758e-01 3.291712522506713867e+00
2.850000000000000000e+02 4.171802793876415727e-01 5.869269991418998300e-01 3.288845539093017578e+00
2.860000000000000000e+02 5.878902877140262939e-01 4.176472031208369184e-01 3.290159940719604492e+00
2.870000000000000000e+02 4.220403771973411100e-01 5.875440429274202403e-01 3.289536952972412109e+00
2.880000000000000000e+02 5.902890532117482936e-01 4.190167940236472210e-01 3.291032075881958008e+00
2.890000000000000000e+02 4.193228597699084625e-01 5.829930762658567245e-01 3.290140390396118164e+00
2.900000000000000000e+02 5.868009866918464379e-01 4.173439489971539351e-01 3.291513919830322266e+00
2.910000000000000000e+02 4.150606569564344039e-01 5.885280984986605013e-01 3.291046380996704102e+00
2.920000000000000000e+02 5.847651310862124197e-01 4.223042035014848428e-01 3.290827512741088867e+00
2.930000000000000000e+02 4.142086898177161358e-01 5.926744196438882284e-01 3.291810035705566406e+00
2.940000000000000000e+02 5.830549145202671424e-01 4.215252892958610276e-01 3.292229413986206055e+00
2.950000000000000000e+02 4.154144472612705252e-01 5.895395089715175230e-01 3.292150497436523438e+00
2.960000000000000000e+02 5.851316145696346949e-01 4.239854767220249676e-01 3.291357517242431641e+00
2.970000000000000000e+02 4.118822602095112972e-01 5.926851689249935662e-01 3.291054964065551758e+00
2.980000000000000000e+02 5.851287900007349219e-01 4.195946961935035913e-01 3.289469957351684570e+00
2.990000000000000000e+02 4.161161296783745800e-01 5.843565392571017370e-01 3.289198875427246094e+00
3.000000000000000000e+02 5.814501102678848454e-01 4.149024780348692931e-01 3.290206909179687500e+00
3.010000000000000000e+02 4.123180224707027608e-01 5.848456321324831952e-01 3.288407087326049805e+00
3.020000000000000000e+02 5.828413771450269287e-01 4.166160921122817884e-01 3.290417432785034180e+00
3.030000000000000000e+02 4.197453237577983831e-01 5.832237841932803590e-01 3.289721012115478516e+00
3.040000000000000000e+02 5.895646518048307527e-01 4.163612515695220839e-01 3.291383028030395508e+00
3.050000000000000000e+02 4.228610996159711810e-01 5.861960608757884605e-01 3.288440942764282227e+00
3.060000000000000000e+02 5.849333468890344223e-01 4.131623455478330986e-01 3.293170928955078125e+00
3.070000000000000000e+02 4.195939999463590975e-01 5.829519226701810330e-01 3.288809537887573242e+00
3.080000000000000000e+02 5.869485981962424548e-01 4.147134019430737117e-01 3.289865016937255859e+00
3.090000000000000000e+02 4.160159424524065841e-01 5.856369670052340437e-01 3.289337396621704102e+00
3.100000000000000000e+02 5.886218119970805240e-01 4.138575213800774755e-01 3.288969993591308594e+00
3.110000000000000000e+02 4.166506486568714029e-01 5.876516954833869155e-01 3.289218902587890625e+00
3.120000000000000000e+02 5.843759315913414909e-01 4.176194281151229259e-01 3.289524555206298828e+00
3.130000000000000000e+02 4.112553539035849193e-01 5.909129659798185719e-01 3.288367509841918945e+00
3.140000000000000000e+02 5.831672088181607538e-01 4.183375590397729882e-01 3.288512468338012695e+00
3.150000000000000000e+02 4.134780676062394522e-01 5.909021136218097769e-01 3.289004564285278320e+00
3.160000000000000000e+02 5.839169189553951034e-01 4.176293660879399350e-01 3.288824081420898438e+00
3.170000000000000000e+02 4.151377691549327231e-01 5.917533979460162241e-01 3.289968490600585938e+00
3.180000000000000000e+02 5.911709115964782768e-01 4.133119898067112996e-01 3.289477586746215820e+00
3.190000000000000000e+02 4.180967027366884192e-01 5.838670171718862711e-01 3.287167549133300781e+00
3.200000000000000000e+02 5.884688903326371623e-01 4.157876805690025601e-01 3.290129423141479492e+00
3.210000000000000000e+02 4.183969702911926603e-01 5.845196873635908341e-01 3.289347410202026367e+00
3.220000000000000000e+02 5.867760057292412679e-01 4.134601824538106096e-01 3.290848016738891602e+00
3.230000000000000000e+02 4.159095736978054569e-01 5.818536775263651872e-01 3.288321495056152344e+00
3.240000000000000000e+02 5.901320841945314477e-01 4.097952120063664827e-01 3.290796041488647461e+00
3.250000000000000000e+02 4.220060024177582081e-01 5.780940836929741034e-01 3.287286520004272461e+00
3.260000000000000000e+02 5.915946825651503538e-01 4.101102734034420272e-01 3.292697429656982422e+00
3.270000000000000000e+02 4.206960519929761055e-01 5.794357421148436105e-01 3.288296937942504883e+00
3.280000000000000000e+02 5.897795875349977068e-01 4.107228185876747872e-01 3.293759107589721680e+00
3.290000000000000000e+02 4.178645236824000131e-01 5.811364557701859113e-01 3.287325382232666016e+00
3.300000000000000000e+02 5.824846906841310012e-01 4.141480520471108040e-01 3.292387008666992188e+00
3.310000000000000000e+02 4.184854002610094437e-01 5.813067193337502214e-01 3.287183523178100586e+00
3.320000000000000000e+02 5.823684390695005320e-01 4.147758885058085432e-01 3.291959524154663086e+00
3.330000000000000000e+02 4.191139889129564255e-01 5.828132032267255846e-01 3.288423538208007812e+00
3.340000000000000000e+02 5.894981538589848524e-01 4.152927334361247724e-01 3.292546987533569336e+00
3.350000000000000000e+02 4.205516641820920554e-01 5.854074404917810615e-01 3.288747072219848633e+00
3.360000000000000000e+02 5.912734398585713924e-01 4.196591330333303005e-01 3.292091608047485352e+00
3.370000000000000000e+02 4.192244481862529848e-01 5.850397640321558512e-01 3.289597511291503906e+00
3.380000000000000000e+02 5.894845336361645982e-01 4.173144314666787369e-01 3.291078567504882812e+00
3.390000000000000000e+02 4.205010869248378413e-01 5.839681802718642567e-01 3.288418054580688477e+00
3.400000000000000000e+02 5.885605331963933429e-01 4.168044122207474333e-01 3.291759490966796875e+00
3.410000000000000000e+02 4.186667091024895981e-01 5.891886053815758029e-01 3.289120435714721680e+00
3.420000000000000000e+02 5.851617697446219735e-01 4.217260580844425233e-01 3.291346073150634766e+00
3.430000000000000000e+02 4.172748690526376647e-01 5.938264963492079218e-01 3.290381908416748047e+00
3.440000000000000000e+02 5.867085275662102806e-01 4.208669730875406745e-01 3.290481567382812500e+00
3.450000000000000000e+02 4.179879547663495343e-01 5.861786376718690628e-01 3.291991472244262695e+00
3.460000000000000000e+02 5.862037935888227969e-01 4.170556116854750028e-01 3.291898488998413086e+00
3.470000000000000000e+02 4.199600315135205708e-01 5.838924169932164787e-01 3.290503978729248047e+00
3.480000000000000000e+02 5.850077928074391975e-01 4.178599864050562829e-01 3.292241096496582031e+00
3.490000000000000000e+02 4.158024314081728012e-01 5.891677380163815592e-01 3.291316509246826172e+00
3.500000000000000000e+02 5.840945844713278934e-01 4.228656783486860471e-01 3.290712594985961914e+00
3.510000000000000000e+02 4.155148230578700197e-01 5.924020235733171713e-01 3.292085409164428711e+00
3.520000000000000000e+02 5.867035577988456430e-01 4.206047523012586553e-01 3.290399074554443359e+00
3.530000000000000000e+02 4.134850927736066772e-01 5.900329627864456805e-01 3.290705919265747070e+00
3.540000000000000000e+02 5.888275992008148441e-01 4.212340940816503010e-01 3.288899421691894531e+00
3.550000000000000000e+02 4.166029746044620508e-01 5.901696441297562545e-01 3.291464090347290039e+00
3.560000000000000000e+02 5.873570251717450397e-01 4.213053926014581063e-01 3.290511608123779297e+00
3.570000000000000000e+02 4.154157970113049325e-01 5.896658936594324496e-01 3.291560888290405273e+00
3.580000000000000000e+02 5.814944478449995957e-01 4.197464541117700842e-01 3.289499044418334961e+00
3.590000000000000000e+02 4.162912253687149899e-01 5.893450512844324862e-01 3.290843009948730469e+00
3.600000000000000000e+02 5.849423252352980995e-01 4.171208028451611760e-01 3.289598464965820312e+00
3.610000000000000000e+02 4.119008755125421750e-01 5.858968209179621356e-01 3.289719581604003906e+00
3.620000000000000000e+02 5.862542467733782292e-01 4.171665113583727935e-01 3.288649082183837891e+00
3.630000000000000000e+02 4.179291706977378840e-01 5.856740406956431055e-01 3.290810108184814453e+00
3.640000000000000000e+02 5.879328335790621196e-01 4.166356929212351456e-01 3.291863918304443359e+00
3.650000000000000000e+02 4.186761859086254867e-01 5.852951902532979034e-01 3.289894104003906250e+00
3.660000000000000000e+02 5.858955001005610175e-01 4.155569045877414713e-01 3.290726900100708008e+00
3.670000000000000000e+02 4.170620528313540021e-01 5.825991816355028385e-01 3.290750026702880859e+00
3.680000000000000000e+02 5.878538030749286269e-01 4.144162080387105984e-01 3.291214466094970703e+00
3.690000000000000000e+02 4.182049093743465118e-01 5.862651248521975056e-01 3.289466381072998047e+00
3.700000000000000000e+02 5.859864839407225023e-01 4.179986046197363136e-01 3.291023015975952148e+00
3.710000000000000000e+02 4.156498224838807154e-01 5.883945991929305785e-01 3.288650512695312500e+00
3.720000000000000000e+02 5.871702120457577001e-01 4.165968818863765022e-01 3.291348934173583984e+00
3.730000000000000000e+02 4.191407495551144335e-01 5.826807119941712632e-01 3.288713455200195312e+00
3.740000000000000000e+02 5.902710684086408532e-01 4.143259287494332477e-01 3.291347503662109375e+00
3.750000000000000000e+02 4.199967408954324299e-01 5.845012319205050710e-01 3.288322448730468750e+00
3.760000000000000000e+02 5.894904452314864152e-01 4.178863187977455151e-01 3.291095972061157227e+00
3.770000000000000000e+02 4.169128218337907477e-01 5.890660833831995458e-01 3.289253950119018555e+00
3.780000000000000000e+02 5.845297674508854735e-01 4.196458737300474140e-01 3.290271520614624023e+00
3.790000000000000000e+02 4.144219312673218525e-01 5.875505092869977020e-01 3.290792942047119141e+00
3.800000000000000000e+02 5.844902298965760634e-01 4.187329633432848031e-01 3.288980960845947266e+00
3.810000000000000000e+02 4.151897298718593143e-01 5.854196522627982402e-01 3.290776968002319336e+00
3.820000000000000000e+02 5.856093719878165960e-01 4.165316900510689924e-01 3.288406610488891602e+00
3.830000000000000000e+02 4.169779080348409717e-01 5.832425075568781203e-01 3.289644479751586914e+00
3.840000000000000000e+02 5.847938946769769553e-01 4.128407997784885874e-01 3.290251016616821289e+00
3.850000000000000000e+02 4.137337275196111830e-01 5.844568031950199138e-01 3.287360906600952148e+00
3.860000000000000000e+02 5.873051224594433295e-01 4.145926638153669130e-01 3.289262056350708008e+00
3.870000000000000000e+02 4.161577802567928974e-01 5.854161105306913138e-01 3.288479566574096680e+00
3.880000000000000000e+02 5.885197372700922136e-01 4.172921684989129854e-01 3.291154384613037109e+00
3.890000000000000000e+02 4.225000743386326252e-01 5.886588291647660842e-01 3.289587020874023438e+00
3.900000000000000000e+02 5.901637757673037221e-01 4.172392778295236915e-01 3.291515588760375977e+00
3.910000000000000000e+02 4.219805131903099360e-01 5.876831408670843970e-01 3.289567947387695312e+00
3.920000000000000000e+02 5.892386792293724529e-01 4.198123273526944144e-01 3.291432380676269531e+00
3.930000000000000000e+02 4.173626101850604897e-01 5.902082531043463254e-01 3.290791988372802734e+00
3.940000000000000000e+02 5.867260777330174371e-01 4.140619046531640035e-01 3.290015935897827148e+00
3.950000000000000000e+02 4.158370632992193783e-01 5.847191668339871695e-01 3.288738012313842773e+00
3.960000000000000000e+02 5.858445404118192146e-01 4.119062676130463285e-01 3.288524389266967773e+00
3.970000000000000000e+02 4.183780066949225884e-01 5.841281175960344463e-01 3.288152933120727539e+00
3.980000000000000000e+02 5.852157613317060525e-01 4.123705758871387683e-01 3.289760589599609375e+00
