0.000000000000000000e+00 1.664151582530340734e-01 3.457484795236318714e-02 2.997349500656127930e+00
1.000000000000000000e+00 1.205372181475484888e-01 1.814840497205512937e-01 2.998013019561767578e+00
2.000000000000000000e+00 3.472614528847481341e-01 1.262196859303602314e-01 3.117207527160644531e+00
3.000000000000000000e+00 2.337748396626702085e-01 3.616841497954315088e-01 3.120310544967651367e+00
4.000000000000000000e+00 4.563467069435576118e-01 2.364710923426136258e-01 3.183348417282104492e+00
5.000000000000000000e+00 3.064556851701301099e-01 4.577422280373386054e-01 3.185159921646118164e+00
6.000000000000000000e+00 5.101509622851945203e-01 3.093703570765046762e-01 3.219494104385375977e+00
7.000000000000000000e+00 3.442351757486649122e-01 5.099578550023302626e-01 3.220872879028320312e+00
8.000000000000000000e+00 5.383952951173713863e-01 3.446346565900710313e-01 3.240692377090454102e+00
9.000000000000000000e+00 3.651090480738889421e-01 5.419215462855496712e-01 3.240734577178955078e+00
1.000000000000000000e+01 5.479619241998479051e-01 3.683870927931127692e-01 3.251126050949096680e+00
1.100000000000000000e+01 3.734011822436176797e-01 5.577271441453381939e-01 3.251233100891113281e+00
1.200000000000000000e+01 5.563067385408960730e-01 3.793974462979332052e-01 3.256851434707641602e+00
1.300000000000000000e+01 3.798152270534790875e-01 5.606249267442406925e-01 3.257306098937988281e+00
1.400000000000000000e+01 5.636894214117597057e-01 3.846849479058159216e-01 3.261689424514770508e+00
1.500000000000000000e+01 3.830161165486850039e-01 5.644640662351664284e-01 3.260806083679199219e+00
1.600000000000000000e+01 5.670172288615973333e-01 3.895148171764714617e-01 3.262995004653930664e+00
1.700000000000000000e+01 3.900169042417369614e-01 5.682960658703929413e-01 3.263226509094238281e+00
1.800000000000000000e+01 5.681114584090697361e-01 3.889138161428394858e-01 3.265413045883178711e+00
1.900000000000000000e+01 3.928977420230360673e-01 5.695970883355673253e-01 3.263458490371704102e+00
2.000000000000000000e+01 5.723377276963660387e-01 3.903248177355868043e-01 3.266561985015869141e+00
2.100000000000000000e+01 3.954516484779208585e-01 5.668491573572398412e-01 3.265068054199218750e+00
2.200000000000000000e+01 5.675612920826115237e-01 3.942097352353235440e-01 3.267900943756103516e+00
2.300000000000000000e+01 3.894556911591018911e-01 5.720314161246509155e-01 3.264712572097778320e+00
2.400000000000000000e+01 5.685225607495006939e-01 3.930098651939938348e-01 3.266629934310913086e+00
2.500000000000000000e+01 3.938399100832551403e-01 5.688360221341820511e-01 3.265203475952148438e+00
2.600000000000000000e+01 5.723275495957543813e-01 3.903735445538685234e-01 3.267998933792114258e+00
2.700000000000000000e+01 3.943263775055178555e-01 5.715631526055858780e-01 3.263803482055664062e+00
2.800000000000000000e+01 5.685624372469765264e-01 3.949811577108199301e-01 3.267495393753051758e+00
2.900000000000000000e+01 3.883888791355875614e-01 5.689689714132828424e-01 3.263711929321289062e+00
3.000000000000000000e+01 5.635752400991036470e-01 3.912077585287837000e-01 3.265439033508300781e+00
3.100000000000000000e+01 3.877361411238466338e-01 5.683346616227230585e-01 3.263773441314697266e+00
3.200000000000000000e+01 5.657109808920164351e-01 3.898284472996525474e-01 3.264111995697021484e+00
3.300000000000000000e+01 3.904790470737252717e-01 5.643998999153809759e-01 3.263815879821777344e+00
3.400000000000000000e+01 5.693905842060995592e-01 3.883415463614765528e-01 3.266115903854370117e+00
3.500000000000000000e+01 3.963444716159350012e-01 5.630257445220229195e-01 3.262424945831298828e+00
3.600000000000000000e+01 5.709986490906384660e-01 3.898298704990523778e-01 3.267517089843750000e+00
3.700000000000000000e+01 3.914721293818311243e-01 5.696414465820075490e-01 3.263618469238281250e+00
3.800000000000000000e+01 5.695342193126334829e-01 3.908956016367229336e-01 3.265577077865600586e+00
3.900000000000000000e+01 3.888691697205599596e-01 5.671634514975329999e-01 3.263086080551147461e+00
4.000000000000000000e+01 5.689656751636446019e-01 3.892026457586169053e-01 3.264312028884887695e+00
4.100000000000000000e+01 3.912668924316948793e-01 5.669426654389151388e-01 3.264705419540405273e+00
4.200000000000000000e+01 5.687555169460521975e-01 3.926465936582407279e-01 3.265141487121582031e+00
4.300000000000000000e+01 3.881763931261492107e-01 5.738425752871195717e-01 3.264674425125122070e+00
4.400000000000000000e+01 5.698856629059241286e-01 3.923660582738173752e-01 3.264467477798461914e+00
4.500000000000000000e+01 3.866026968161643262e-01 5.710280577848800831e-01 3.264976024627685547e+00
4.600000000000000000e+01 5.669504958378774884e-01 3.959112674409139276e-01 3.264243602752685547e+00
4.700000000000000000e+01 3.912915453704357560e-01 5.758956461424638018e-01 3.266370058059692383e+00
4.800000000000000000e+01 5.693339225121403224e-01 3.935334253311980057e-01 3.265726566314697266e+00
4.900000000000000000e+01 3.905664393844664461e-01 5.734602013586630465e-01 3.265712022781372070e+00
5.000000000000000000e+01 5.688749393255037035e-01 3.949511923805306690e-01 3.265782594680786133e+00
5.100000000000000000e+01 3.913246076489012570e-01 5.741690860319503820e-01 3.266753435134887695e+00
5.200000000000000000e+01 5.726298242553142792e-01 3.934300652438734169e-01 3.266057014465332031e+00
5.300000000000000000e+01 3.961442488118304683e-01 5.717675245434054032e-01 3.265928506851196289e+00
5.400000000000000000e+01 5.688770621020048379e-01 3.933718233038916989e-01 3.266380071640014648e+00
5.500000000000000000e+01 3.899807703083310595e-01 5.682643756530270096e-01 3.264339923858642578e+00
5.600000000000000000e+01 5.593690272778252259e-01 3.966912914940843304e-01 3.265768051147460938e+00
5.700000000000000000e+01 3.901065441103648834e-01 5.754800566996697286e-01 3.266575098037719727e+00
5.800000000000000000e+01 5.675827130608238624e-01 3.981642932778114430e-01 3.265439987182617188e+00
5.900000000000000000e+01 3.911715085586801588e-01 5.731026521424716913e-01 3.266761541366577148e+00
6.000000000000000000e+01 5.710021965420483125e-01 3.947169240729208051e-01 3.265044450759887695e+00
6.100000000000000000e+01 3.946868575144645841e-01 5.711910822157353351e-01 3.265520572662353516e+00
6.200000000000000000e+01 5.721922794685374569e-01 3.955621123099347658e-01 3.267375469207763672e+00
6.300000000000000000e+01 3.929784367385031341e-01 5.736794956055276673e-01 3.266292095184326172e+00
6.400000000000000000e+01 5.745662409762769540e-01 3.948095493642084786e-01 3.267488479614257812e+00
6.500000000000000000e+01 3.998898566330165161e-01 5.695076120791239260e-01 3.265290975570678711e+00
6.600000000000000000e+01 5.729750626667202695e-01 3.957383442898195769e-01 3.267805576324462891e+00
6.700000000000000000e+01 3.958697014757093235e-01 5.738741594825966796e-01 3.266194105148315430e+00
6.800000000000000000e+01 5.722341576595901813e-01 3.930822614501649492e-01 3.266726493835449219e+00
6.900000000000000000e+01 3.950273298262496069e-01 5.718640147845194255e-01 3.266340017318725586e+00
7.000000000000000000e+01 5.742790345194663804e-01 3.933100177893211202e-01 3.266907930374145508e+00
7.100000000000000000e+01 3.934511585344985796e-01 5.693401287566920432e-01 3.266082525253295898e+00
7.200000000000000000e+01 5.720376828592347307e-01 3.907514334018797331e-01 3.267155408859252930e+00
7.300000000000000000e+01 3.962570174259997247e-01 5.665829386350177410e-01 3.265242099761962891e+00
7.400000000000000000e+01 5.784604431885388420e-01 3.899293167858950970e-01 3.268019914627075195e+00
7.500000000000000000e+01 3.977702258599675744e-01 5.670722511356141027e-01 3.263725996017456055e+00
7.600000000000000000e+01 5.731067500579045682e-01 3.886529580635189052e-01 3.267293453216552734e+00
7.700000000000000000e+01 3.966515140405623141e-01 5.668154146964421436e-01 3.264114379882812500e+00
7.800000000000000000e+01 5.761231217045911235e-01 3.892199698920149609e-01 3.267252445220947266e+00
7.900000000000000000e+01 3.959347980860175586e-01 5.767606150855961733e-01 3.263658046722412109e+00
8.000000000000000000e+01 5.756704447814400272e-01 3.936837628993150595e-01 3.267479419708251953e+00
8.100000000000000000e+01 3.952890554331825457e-01 5.694497459026908182e-01 3.265325546264648438e+00
8.200000000000000000e+01 5.716403076896676705e-01 3.937446545945609833e-01 3.267285585403442383e+00
8.300000000000000000e+01 3.965423280892594882e-01 5.694304664490917878e-01 3.264878511428833008e+00
8.400000000000000000e+01 5.729048940194018114e-01 3.941616396951799217e-01 3.267407894134521484e+00
8.500000000000000000e+01 3.947533173918376104e-01 5.703797585920984403e-01 3.265028476715087891e+00
8.600000000000000000e+01 5.669473793422263874e-01 3.955538411307458202e-01 3.268130064010620117e+00
8.700000000000000000e+01 3.911015034986901617e-01 5.675379935188755720e-01 3.265837430953979492e+00
8.800000000000000000e+01 5.736511238364329079e-01 3.953359766595851421e-01 3.266290426254272461e+00
8.900000000000000000e+01 3.955627255643329732e-01 5.688076623127795717e-01 3.265558004379272461e+00
9.000000000000000000e+01 5.712291625144830798e-01 3.931803582272409558e-01 3.267069578170776367e+00
9.100000000000000000e+01 3.952460618472918297e-01 5.691541557727141099e-01 3.264743089675903320e+00
9.200000000000000000e+01 5.693438440422621261e-01 3.892415253819791476e-01 3.267044544219970703e+00
9.300000000000000000e+01 3.897395736886603568e-01 5.670704660866092706e-01 3.263629913330078125e+00
9.400000000000000000e+01 5.700491677437024007e-01 3.908182919509877173e-01 3.265863418579101562e+00
9.500000000000000000e+01 3.938921698630690194e-01 5.764166233950795970e-01 3.263017892837524414e+00
9.600000000000000000e+01 5.686872711779824563e-01 3.950371630385021149e-01 3.267428874969482422e+00
9.700000000000000000e+01 3.900359915897079754e-01 5.712044686329698084e-01 3.265732526779174805e+00
9.800000000000000000e+01 5.656317892708584427e-01 3.984263438587531403e-01 3.266266584396362305e+00
9.900000000000000000e+01 3.909751853896076268e-01 5.717594914271576512e-01 3.266922473907470703e+00
1.000000000000000000e+02 5.718643554993901867e-01 3.942465853409517496e-01 3.266663074493408203e+00
1.010000000000000000e+02 3.945372074090187642e-01 5.709884150217271470e-01 3.265446424484252930e+00
1.020000000000000000e+02 5.727473034372974059e-01 3.927783823828749910e-01 3.267462491989135742e+00
1.030000000000000000e+02 3.952096195902770059e-01 5.720400779346768161e-01 3.265330076217651367e+00
1.040000000000000000e+02 5.702428505843474271e-01 3.947797473305549310e-01 3.268165588378906250e+00
1.050000000000000000e+02 3.923010702957890894e-01 5.707220695963874935e-01 3.265601873397827148e+00
1.060000000000000000e+02 5.716979489686335736e-01 3.931850725719791551e-01 3.266924381256103516e+00
1.070000000000000000e+02 3.934431798294483751e-01 5.718499114232243885e-01 3.265706539154052734e+00
1.080000000000000000e+02 5.715305311269754940e-01 3.959453680870085313e-01 3.266539573669433594e+00
1.090000000000000000e+02 3.942844590942661820e-01 5.705536300864687549e-01 3.266609907150268555e+00
1.100000000000000000e+02 5.741644084033739048e-01 3.917254421853761381e-01 3.267225503921508789e+00
1.110000000000000000e+02 3.971677229451170410e-01 5.656836252468072646e-01 3.264578580856323242e+00
1.120000000000000000e+02 5.732746393939849305e-01 3.875537914399709294e-01 3.266788959503173828e+00
1.130000000000000000e+02 3.948930080818732202e-01 5.695582005303120310e-01 3.262916088104248047e+00
1.140000000000000000e+02 5.698194088305182925e-01 3.923496431755793545e-01 3.266877889633178711e+00
1.150000000000000000e+02 3.906910624679901800e-01 5.714940680618355584e-01 3.264877080917358398e+00
1.160000000000000000e+02 5.709182962098657832e-01 3.925475996725570904e-01 3.267002105712890625e+00
1.170000000000000000e+02 3.922544584753723806e-01 5.677296632308951319e-01 3.264893531799316406e+00
1.180000000000000000e+02 5.696929757174504783e-01 3.903514752541517030e-01 3.268642425537109375e+00
1.190000000000000000e+02 3.954675082088465743e-01 5.627417505946964438e-01 3.263693571090698242e+00
1.200000000000000000e+02 5.710745378219086454e-01 3.872841281389158286e-01 3.267383575439453125e+00
1.210000000000000000e+02 3.972347935816779030e-01 5.650412470283890931e-01 3.263373374938964844e+00
1.220000000000000000e+02 5.731482558653913095e-01 3.912507119324397653e-01 3.268249511718750000e+00
1.230000000000000000e+02 3.940790288319505064e-01 5.679389118665194580e-01 3.264139413833618164e+00
1.240000000000000000e+02 5.718882907850848518e-01 3.926128736959917931e-01 3.267822980880737305e+00
1.250000000000000000e+02 3.935743909427500409e-01 5.673172393323060447e-01 3.264994382858276367e+00
1.260000000000000000e+02 5.718207978007890935e-01 3.929321658495218417e-01 3.267303466796875000e+00
1.270000000000000000e+02 3.890569691168296318e-01 5.734643584358155577e-01 3.263597965240478516e+00
1.280000000000000000e+02 5.640996779489395596e-01 3.929978131412811271e-01 3.266311883926391602e+00
1.290000000000000000e+02 3.891317691140661061e-01 5.693532613886553850e-01 3.265053510665893555e+00
1.300000000000000000e+02 5.661666358570652813e-01 3.914972715863559438e-01 3.265526533126831055e+00
1.310000000000000000e+02 3.882177670013749471e-01 5.673556924046546657e-01 3.263747453689575195e+00
1.320000000000000000e+02 5.671848383106106173e-01 3.914600482840373541e-01 3.264251947402954102e+00
1.330000000000000000e+02 3.898139956811361717e-01 5.702202419520832066e-01 3.263804435729980469e+00
1.340000000000000000e+02 5.679327542599631462e-01 3.944931214218787008e-01 3.264859914779663086e+00
1.350000000000000000e+02 3.899846086852017946e-01 5.722220518899827635e-01 3.264060020446777344e+00
1.360000000000000000e+02 5.695499573683440175e-01 3.898366923645969484e-01 3.264643907546997070e+00
1.370000000000000000e+02 3.877903847054885444e-01 5.676620343886783493e-01 3.264127016067504883e+00
1.380000000000000000e+02 5.671038800922479917e-01 3.887200582004964877e-01 3.265742063522338867e+00
1.390000000000000000e+02 3.911903023781193034e-01 5.669789297286927932e-01 3.264350891113281250e+00
1.400000000000000000e+02 5.681337734138386386e-01 3.927508335380466842e-01 3.265981912612915039e+00
1.410000000000000000e+02 3.875491117073914804e-01 5.710381689171040165e-01 3.264603376388549805e+00
1.420000000000000000e+02 5.635802660931872321e-01 3.886512753407458942e-01 3.264839410781860352e+00
1.430000000000000000e+02 3.920283585222370526e-01 5.689800315345724391e-01 3.264008522033691406e+00
1.440000000000000000e+02 5.677335087493623478e-01 3.909329541330419100e-01 3.266626596450805664e+00
1.450000000000000000e+02 3.907333115247467181e-01 5.666773748379121400e-01 3.264184474945068359e+00
1.460000000000000000e+02 5.704550288091416732e-01 3.921522186203576510e-01 3.265545606613159180e+00
1.470000000000000000e+02 3.898369684076693487e-01 5.742347736287173321e-01 3.264570951461791992e+00
1.480000000000000000e+02 5.675460655162321011e-01 3.942535760325541205e-01 3.265723943710327148e+00
1.490000000000000000e+02 3.892583934656964062e-01 5.687158311482019002e-01 3.264611005783081055e+00
1.500000000000000000e+02 5.722058990026593905e-01 3.952734835628888832e-01 3.266213893890380859e+00
1.510000000000000000e+02 3.919846311112463733e-01 5.711005109054236861e-01 3.265287876129150391e+00
1.520000000000000000e+02 5.611922110278892983e-01 3.963813188346461125e-01 3.264874458312988281e+00
1.530000000000000000e+02 3.876055844824525809e-01 5.682260708369303304e-01 3.265976905822753906e+00
1.540000000000000000e+02 5.667070688046078608e-01 3.932578295584686634e-01 3.264937400817871094e+00
1.550000000000000000e+02 3.921017618420854500e-01 5.740196220264303095e-01 3.265436410903930664e+00
1.560000000000000000e+02 5.704284200756468692e-01 3.920766707059715195e-01 3.265013933181762695e+00
1.570000000000000000e+02 3.922222039767981894e-01 5.675949412473603184e-01 3.265526056289672852e+00
1.580000000000000000e+02 5.718972962736869059e-01 3.885734908468827520e-01 3.265657424926757812e+00
1.590000000000000000e+02 3.915159370963419705e-01 5.678538236720135357e-01 3.265304565429687500e+00
1.600000000000000000e+02 5.730301319086478218e-01 3.950235384241926884e-01 3.265789031982421875e+00
1.610000000000000000e+02 3.914349103897509230e-01 5.726101771526638240e-01 3.266733407974243164e+00
1.620000000000000000e+02 5.674440648199017279e-01 3.951768500731898115e-01 3.266163110733032227e+00
1.630000000000000000e+02 3.949815759217387701e-01 5.722036612928980137e-01 3.265676498413085938e+00
1.640000000000000000e+02 5.724387734021153529e-01 3.925906048384505409e-01 3.268157005310058594e+00
1.650000000000000000e+02 3.934560836960109831e-01 5.698428724745860929e-01 3.265450000762939453e+00
1.660000000000000000e+02 5.681121901037048394e-01 3.969885383462594675e-01 3.267913579940795898e+00
1.670000000000000000e+02 3.938432733202489322e-01 5.735329017842726307e-01 3.266792058944702148e+00
1.680000000000000000e+02 5.686478457691125366e-01 3.983108396827341746e-01 3.267448425292968750e+00
1.690000000000000000e+02 3.922078690229068298e-01 5.715916996352259360e-01 3.267372608184814453e+00
1.700000000000000000e+02 5.732144095401611184e-01 3.934609007985373497e-01 3.267709970474243164e+00
1.710000000000000000e+02 3.921459242903279629e-01 5.687716541833042205e-01 3.265171527862548828e+00
1.720000000000000000e+02 5.683454743678185705e-01 3.935349364316218512e-01 3.266888380050659180e+00
1.730000000000000000e+02 3.909865063494331605e-01 5.705331658201865386e-01 3.264506578445434570e+00
1.740000000000000000e+02 5.696728134222910356e-01 3.964023162271845258e-01 3.266149997711181641e+00
1.750000000000000000e+02 3.945470918833235974e-01 5.717182585594193789e-01 3.265656471252441406e+00
1.760000000000000000e+02 5.743365366320268839e-01 3.906325348646467188e-01 3.267391443252563477e+00
1.770000000000000000e+02 3.928162371010837650e-01 5.709898772559046654e-01 3.264184951782226562e+00
1.780000000000000000e+02 5.689231078936795027e-01 3.911009618339510441e-01 3.266451597213745117e+00
1.790000000000000000e+02 3.949605050944591245e-01 5.724845477172889607e-01 3.265778541564941406e+00
1.800000000000000000e+02 5.679867495138458677e-01 3.917352921358696061e-01 3.267040491104125977e+00
1.810000000000000000e+02 3.939499957234040561e-01 5.662645181017091911e-01 3.265892505645751953e+00
1.820000000000000000e+02 5.688180552583022020e-01 3.890176230353258879e-01 3.267699480056762695e+00
1.830000000000000000e+02 3.916109682377914014e-01 5.680904136724537201e-01 3.264619588851928711e+00
1.840000000000000000e+02 5.688247238209133139e-01 3.901809549124776177e-01 3.266302108764648438e+00
1.850000000000000000e+02 3.934653660968669420e-01 5.642913360847616744e-01 3.264292955398559570e+00
1.860000000000000000e+02 5.693163266086408436e-01 3.916113168122464794e-01 3.266559600830078125e+00
1.870000000000000000e+02 3.949670578341510363e-01 5.723941849182635488e-01 3.264999389648437500e+00
1.880000000000000000e+02 5.725544666787252268e-01 3.952414834295021606e-01 3.268114089965820312e+00
1.890000000000000000e+02 3.966745035959403087e-01 5.722069529426837553e-01 3.265598058700561523e+00
1.900000000000000000e+02 5.727925705234985232e-01 3.944927786279658899e-01 3.267358541488647461e+00
1.910000000000000000e+02 3.956983179168753195e-01 5.717018571957879214e-01 3.265235900878906250e+00
1.920000000000000000e+02 5.749506699163466905e-01 3.933519398241995257e-01 3.267957448959350586e+00
1.930000000000000000e+02 3.952879323830822966e-01 5.700278633049667976e-01 3.264268875122070312e+00
1.940000000000000000e+02 5.725477768365608844e-01 3.911258206237266943e-01 3.267852544784545898e+00
1.950000000000000000e+02 3.924615825317922524e-01 5.690326020274818486e-01 3.264224052429199219e+00
1.960000000000000000e+02 5.679095436573322608e-01 3.926483781190413525e-01 3.267082929611206055e+00
1.970000000000000000e+02 3.931642760717153906e-01 5.697038841253494468e-01 3.264183998107910156e+00
1.980000000000000000e+02 5.724842913857671745e-01 3.918796431052080087e-01 3.268960475921630859e+00
1.990000000000000000e+02 3.969391528652105317e-01 5.685459883402022019e-01 3.264012098312377930e+00
2.000000000000000000e+02 5.704817245074849108e-01 3.908474475839394668e-01 3.268812417984008789e+00
2.010000000000000000e+02 3.950711628331463054e-01 5.690182388906240840e-01 3.265170097351074219e+00
2.020000000000000000e+02 5.693511925145248176e-01 3.948542713763965595e-01 3.267669439315795898e+00
2.030000000000000000e+02 3.900369963807746587e-01 5.663089141897437173e-01 3.265347480773925781e+00
2.040000000000000000e+02 5.684659090963197769e-01 3.899899161486020116e-01 3.266455888748168945e+00
2.050000000000000000e+02 3.946682050004786113e-01 5.659078077501983328e-01 3.264798879623413086e+00
2.060000000000000000e+02 5.707124662270548487e-01 3.824935590460662449e-01 3.267970085144042969e+00
2.070000000000000000e+02 3.967811190887860495e-01 5.569391104106223844e-01 3.262396097183227539e+00
2.080000000000000000e+02 5.715470657743656480e-01 3.874664988713964475e-01 3.268898963928222656e+00
2.090000000000000000e+02 3.938620005200428875e-01 5.623091575409300269e-01 3.261755943298339844e+00
2.100000000000000000e+02 5.719103436430820198e-01 3.864281405770947919e-01 3.268378973007202148e+00
2.110000000000000000e+02 3.915056069815850970e-01 5.645276374015778531e-01 3.261668443679809570e+00
2.120000000000000000e+02 5.681631960652704372e-01 3.835624505380578197e-01 3.267004013061523438e+00
2.130000000000000000e+02 3.921976928862462852e-01 5.667991021262964724e-01 3.261419057846069336e+00
2.140000000000000000e+02 5.696923690595090406e-01 3.857418083042540302e-01 3.265301942825317383e+00
2.150000000000000000e+02 3.950444525489264502e-01 5.646264776228341331e-01 3.261982917785644531e+00
2.160000000000000000e+02 5.696042893084554137e-01 3.905776083725275294e-01 3.266826391220092773e+00
2.170000000000000000e+02 3.942215811879193343e-01 5.686484030888422359e-01 3.264170885086059570e+00
2.180000000000000000e+02 5.707553721106782829e-01 3.952037078132543124e-01 3.266772508621215820e+00
2.190000000000000000e+02 3.904378421353200679e-01 5.721435888922477009e-01 3.265997409820556641e+00
2.200000000000000000e+02 5.719161453797521055e-01 3.948679273083228747e-01 3.266035556793212891e+00
2.210000000000000000e+02 3.912285019016517595e-01 5.712051292265838409e-01 3.266626596450805664e+00
2.220000000000000000e+02 5.686084466418069860e-01 3.925877209623119257e-01 3.265501976013183594e+00
2.230000000000000000e+02 3.903539405666300310e-01 5.683187296966850655e-01 3.264538526535034180e+00
2.240000000000000000e+02 5.693616424220411254e-01 3.895455558990320033e-01 3.265773057937622070e+00
2.250000000000000000e+02 3.936967210619809476e-01 5.656208265207490760e-01 3.263659954071044922e+00
2.260000000000000000e+02 5.723420258663947102e-01 3.921224783514808965e-01 3.267380952835083008e+00
2.270000000000000000e+02 3.940547523767730098e-01 5.678175424765324886e-01 3.264307022094726562e+00
2.280000000000000000e+02 5.714494699231614794e-01 3.960479330497818085e-01 3.265815973281860352e+00
2.290000000000000000e+02 3.955981584714896027e-01 5.706431933537325918e-01 3.264582395553588867e+00
2.300000000000000000e+02 5.741947418778298173e-01 3.939830312438570292e-01 3.267432928085327148e+00
2.310000000000000000e+02 3.963112067451932119e-01 5.681852631082100480e-01 3.265021562576293945e+00
2.320000000000000000e+02 5.727642046069376658e-01 3.914714936312256865e-01 3.266840457916259766e+00
2.330000000000000000e+02 3.957574046465299755e-01 5.661302421142738739e-01 3.263796567916870117e+00
2.340000000000000000e+02 5.695310570298770525e-01 3.888305807302702144e-01 3.267542600631713867e+00
2.350000000000000000e+02 3.944650933280833827e-01 5.670838187453183243e-01 3.263437032699584961e+00
2.360000000000000000e+02 5.709165933016837613e-01 3.916804417191834808e-01 3.266523599624633789e+00
2.370000000000000000e+02 3.947666044267271745e-01 5.671772357105911988e-01 3.264055967330932617e+00
2.380000000000000000e+02 5.665317991521862107e-01 3.908002856548452031e-01 3.266999006271362305e+00
2.390000000000000000e+02 3.892400345058479871e-01 5.649658039553204780e-01 3.264448404312133789e+00
2.400000000000000000e+02 5.696940715637547337e-01 3.866501547756775459e-01 3.265404939651489258e+00
2.410000000000000000e+02 3.921656023737657426e-01 5.688600065719755516e-01 3.263226032257080078e+00
2.420000000000000000e+02 5.669934719284168700e-01 3.934847030965698544e-01 3.266556501388549805e+00
2.430000000000000000e+02 3.902190283844371721e-01 5.697665745947677607e-01 3.264693975448608398e+00
2.440000000000000000e+02 5.691793397821109934e-01 3.942744304323635984e-01 3.266566038131713867e+00
2.450000000000000000e+02 3.905147493448564711e-01 5.708149434405401790e-01 3.263960599899291992e+00
2.460000000000000000e+02 5.661789758748655421e-01 3.941934778135623985e-01 3.266056537628173828e+00
2.470000000000000000e+02 3.929563948719481670e-01 5.692421517930473795e-01 3.264926910400390625e+00
2.480000000000000000e+02 5.722358857367842999e-01 3.926196442847565415e-01 3.266057968139648438e+00
2.490000000000000000e+02 3.936496902021777711e-01 5.715722335955120137e-01 3.263515949249267578e+00
2.500000000000000000e+02 5.689150570473533453e-01 3.941184980516364567e-01 3.266379594802856445e+00
2.510000000000000000e+02 3.930354358069823029e-01 5.701465666558981349e-01 3.264666080474853516e+00
2.520000000000000000e+02 5.684104572982628945e-01 3.873652903830994698e-01 3.267205476760864258e+00
2.530000000000000000e+02 3.900167214374627433e-01 5.686467420847171050e-01 3.262645483016967773e+00
2.540000000000000000e+02 5.690403772142605954e-01 3.880510523996723027e-01 3.264751434326171875e+00
2.550000000000000000e+02 3.918681616543817636e-01 5.710678438564106285e-01 3.262697458267211914e+00
2.560000000000000000e+02 5.704969661534232683e-01 3.947887309712067028e-01 3.265634059906005859e+00
2.570000000000000000e+02 3.914460047584104041e-01 5.732216439800539298e-01 3.265081882476806641e+00
2.580000000000000000e+02 5.723441796185969599e-01 3.921962921587571760e-01 3.266478538513183594e+00
2.590000000000000000e+02 3.953916105445759999e-01 5.677768679112850103e-01 3.265299558639526367e+00
2.600000000000000000e+02 5.719291825431687126e-01 3.911370065655531691e-01 3.267015457153320312e+00
2.610000000000000000e+02 3.982375864762162099e-01 5.678140732704202165e-01 3.263762474060058594e+00
2.620000000000000000e+02 5.730657493235019606e-01 3.903564591707404663e-01 3.267114400863647461e+00
2.630000000000000000e+02 3.937220260550214901e-01 5.679252760160953262e-01 3.265147924423217773e+00
2.640000000000000000e+02 5.694651030681358028e-01 3.907361140274662747e-01 3.267524480819702148e+00
2.650000000000000000e+02 3.908875165172467914e-01 5.680681148761027588e-01 3.265207529067993164e+00
2.660000000000000000e+02 5.724334046533552378e-01 3.889466446332885408e-01 3.266966104507446289e+00
2.670000000000000000e+02 3.933161963192802757e-01 5.623889434181089664e-01 3.263342380523681641e+00
2.680000000000000000e+02 5.723241359056040478e-01 3.848117720443111067e-01 3.266803503036499023e+00
2.690000000000000000e+02 3.894313242485865634e-01 5.668523513150786064e-01 3.262680053710937500e+00
2.700000000000000000e+02 5.647743433669026869e-01 3.937487973970085764e-01 3.266058921813964844e+00
2.710000000000000000e+02 3.927639138861337975e-01 5.686017895223186569e-01 3.264529466629028320e+00
2.720000000000000000e+02 5.711923239208576142e-01 3.897969485056822503e-01 3.267462491989135742e+00
2.730000000000000000e+02 3.922186179094603320e-01 5.648091404910606794e-01 3.263489007949829102e+00
2.740000000000000000e+02 5.689366121314953784e-01 3.880537709315942108e-01 3.267811536788940430e+00
2.750000000000000000e+02 3.955004550400211261e-01 5.664049752358434331e-01 3.263281583786010742e+00
2.760000000000000000e+02 5.675157293664903069e-01 3.915828931656440415e-01 3.267419576644897461e+00
2.770000000000000000e+02 3.931739411243367344e-01 5.674073595550067628e-01 3.264451026916503906e+00
2.780000000000000000e+02 5.707122213595302584e-01 3.940033831421623778e-01 3.266594409942626953e+00
2.790000000000000000e+02 3.924693367702224989e-01 5.681027983735941200e-01 3.264857053756713867e+00
2.800000000000000000e+02 5.692899946427687485e-01 3.951275319543298692e-01 3.266313076019287109e+00
2.810000000000000000e+02 3.913132486259927600e-01 5.711645411340258160e-01 3.265180587768554688e+00
2.820000000000000000e+02 5.719878732838036273e-01 3.939106757546424475e-01 3.265633106231689453e+00
2.830000000000000000e+02 3.915909065510045917e-01 5.684822631088022327e-01 3.264862060546875000e+00
2.840000000000000000e+02 5.670193040613009661e-01 3.914688672711791328e-01 3.265854597091674805e+00
2.850000000000000000e+02 3.900459523231556425e-01 5.681333502330643270e-01 3.265059947967529297e+00
2.860000000000000000e+02 5.686728358765296143e-01 3.919768853395035335e-01 3.266285419464111328e+00
2.870000000000000000e+02 3.924192557664465397e-01 5.732725235033172551e-01 3.265450477600097656e+00
2.880000000000000000e+02 5.675964638207479096e-01 3.947312956476258794e-01 3.266254425048828125e+00
2.890000000000000000e+02 3.899774430148864046e-01 5.779082792857571649e-01 3.265816450119018555e+00
2.900000000000000000e+02 5.708392678528564357e-01 3.961292582391409689e-01 3.266838550567626953e+00
2.910000000000000000e+02 3.906857546503695877e-01 5.720120144687388386e-01 3.266153097152709961e+00
2.920000000000000000e+02 5.661463302199402081e-01 3.930781531766238679e-01 3.267111063003540039e+00
2.930000000000000000e+02 3.924984310739596527e-01 5.693296810696376609e-01 3.264183521270751953e+00
2.940000000000000000e+02 5.710366697168492989e-01 3.906901783305906095e-01 3.266120910644531250e+00
2.950000000000000000e+02 3.899134682173170940e-01 5.719126552436097910e-01 3.264832973480224609e+00
2.960000000000000000e+02 5.707903517231954771e-01 3.956000254666509619e-01 3.265698909759521484e+00
2.970000000000000000e+02 3.921761939635918792e-01 5.705992684107304980e-01 3.265234470367431641e+00
2.980000000000000000e+02 5.693751444879673329e-01 3.925585066741838491e-01 3.267153024673461914e+00
2.990000000000000000e+02 3.933388861289413563e-01 5.671331195948302595e-01 3.265014410018920898e+00
3.000000000000000000e+02 5.715106107767919941e-01 3.912247684983642948e-01 3.268666505813598633e+00
3.010000000000000000e+02 3.955713935339223442e-01 5.704542671635015605e-01 3.265086889266967773e+00
3.020000000000000000e+02 5.719483101312575757e-01 3.964784056230174492e-01 3.267976999282836914e+00
3.030000000000000000e+02 3.970334333424607731e-01 5.659182352024537677e-01 3.266622543334960938e+00
3.040000000000000000e+02 5.741824861427570204e-01 3.895145797432613688e-01 3.266831398010253906e+00
3.050000000000000000e+02 3.901257599202909709e-01 5.685215922139924549e-01 3.264637470245361328e+00
3.060000000000000000e+02 5.656667658109697516e-01 3.929575103302161421e-01 3.265537500381469727e+00
3.070000000000000000e+02 3.923644998020711649e-01 5.674689276228953583e-01 3.264372587203979492e+00
3.080000000000000000e+02 5.716771782532824586e-01 3.902441625684146542e-01 3.266057968139648438e+00
3.090000000000000000e+02 3.903499422956626108e-01 5.693955213382539959e-01 3.263192415237426758e+00
3.100000000000000000e+02 5.708913702737100637e-01 3.924589601601252142e-01 3.266625404357910156e+00
3.110000000000000000e+02 3.973941472621160265e-01 5.656648756153157542e-01 3.264252901077270508e+00
3.120000000000000000e+02 5.743854641683996398e-01 3.894898704614597196e-01 3.268090486526489258e+00
3.130000000000000000e+02 3.909126429711663464e-01 5.727148558895716057e-01 3.263864994049072266e+00
3.140000000000000000e+02 5.706198422662653869e-01 3.910611852038826108e-01 3.266268968582153320e+00
3.150000000000000000e+02 3.924721837251778367e-01 5.676311489608113492e-01 3.263532400131225586e+00
3.160000000000000000e+02 5.741651018454426714e-01 3.862726912082170005e-01 3.266555547714233398e+00
3.170000000000000000e+02 3.933479309225580423e-01 5.671185059776056026e-01 3.262167930603027344e+00
3.180000000000000000e+02 5.709580195817861581e-01 3.896382322408811771e-01 3.265218496322631836e+00
3.190000000000000000e+02 3.897319368703631159e-01 5.696316191702812670e-01 3.263997077941894531e+00
3.200000000000000000e+02 5.656643605520927931e-01 3.899667650408938369e-01 3.264462471008300781e+00
3.210000000000000000e+02 3.869389636123591880e-01 5.657532954212397547e-01 3.263715028762817383e+00
3.220000000000000000e+02 5.646330580160699997e-01 3.905272401055439047e-01 3.265618085861206055e+00
3.230000000000000000e+02 3.855689068108402728e-01 5.689220595067269182e-01 3.264631509780883789e+00
3.240000000000000000e+02 5.633404115109027499e-01 3.911237567682230298e-01 3.264957427978515625e+00
3.250000000000000000e+02 3.857172597220954735e-01 5.649977672539034934e-01 3.264935016632080078e+00
3.260000000000000000e+02 5.655251904643591176e-01 3.923438485317399249e-01 3.265373468399047852e+00
3.270000000000000000e+02 3.875132220383470383e-01 5.708880707381704944e-01 3.264842987060546875e+00
3.280000000000000000e+02 5.664283743025618767e-01 3.917885623106413528e-01 3.266314029693603516e+00
3.290000000000000000e+02 3.920707162464447393e-01 5.732621854279175144e-01 3.264856100082397461e+00
3.300000000000000000e+02 5.690153492588154727e-01 3.964409043201689853e-01 3.267095565795898438e+00
3.310000000000000000e+02 3.934762249697309477e-01 5.716064635565131224e-01 3.266328096389770508e+00
3.320000000000000000e+02 5.706640656936501355e-01 3.933470624934397031e-01 3.266390085220336914e+00
3.330000000000000000e+02 3.937020551240411614e-01 5.683044854223547881e-01 3.265071392059326172e+00
3.340000000000000000e+02 5.694912437668047112e-01 3.906833905966581311e-01 3.266086578369140625e+00
3.350000000000000000e+02 3.910482149118213457e-01 5.651241311073257334e-01 3.264346599578857422e+00
3.360000000000000000e+02 5.703129620290058321e-01 3.894558733832113595e-01 3.266671895980834961e+00
3.370000000000000000e+02 3.902030571074964205e-01 5.659018693120749788e-01 3.263266563415527344e+00
3.380000000000000000e+02 5.655080264534404488e-01 3.914721411230361880e-01 3.265797376632690430e+00
3.390000000000000000e+02 3.940849654823674331e-01 5.685189834405129927e-01 3.264128923416137695e+00
3.400000000000000000e+02 5.652657901127328133e-01 3.902391472465516209e-01 3.266792535781860352e+00
3.410000000000000000e+02 3.895058841596621968e-01 5.677032309020462186e-01 3.264121532440185547e+00
3.420000000000000000e+02 5.708624840602262163e-01 3.940182771080780744e-01 3.265853404998779297e+00
3.430000000000000000e+02 3.991841502548793552e-01 5.706528184224588518e-01 3.265988588333129883e+00
3.440000000000000000e+02 5.726601082212547933e-01 3.918873471498796057e-01 3.269298076629638672e+00
3.450000000000000000e+02 3.917170383394969480e-01 5.705338060701629077e-01 3.266022920608520508e+00
3.460000000000000000e+02 5.685507635459412512e-01 3.962791835321303191e-01 3.266023397445678711e+00
3.470000000000000000e+02 3.895079503377206209e-01 5.734211972026168613e-01 3.266973972320556641e+00
3.480000000000000000e+02 5.680235576376716500e-01 3.893840909175478870e-01 3.266229391098022461e+00
3.490000000000000000e+02 3.955664833924614765e-01 5.695672948170750205e-01 3.263090610504150391e+00
3.500000000000000000e+02 5.687806896849597615e-01 3.930305292465243738e-01 3.266982078552246094e+00
3.510000000000000000e+02 3.925861255326957844e-01 5.710898541360841518e-01 3.264089107513427734e+00
3.520000000000000000e+02 5.730927457837288186e-01 3.930764927504393214e-01 3.266360998153686523e+00
3.530000000000000000e+02 3.947943430182643265e-01 5.695536930592366431e-01 3.264605522155761719e+00
3.540000000000000000e+02 5.684281117055327570e-01 3.914155815515638626e-01 3.266545534133911133e+00
3.550000000000000000e+02 3.935783317157460215e-01 5.690490278272601898e-01 3.263901472091674805e+00
3.560000000000000000e+02 5.695056915003938736e-01 3.920631551197769626e-01 3.266711950302124023e+00
3.570000000000000000e+02 3.931568042075295200e-01 5.708547671764783171e-01 3.264138460159301758e+00
3.580000000000000000e+02 5.697496229115851518e-01 3.935504420487848654e-01 3.267923593521118164e+00
3.590000000000000000e+02 3.898313806044297336e-01 5.661073210886685692e-01 3.264416456222534180e+00
3.600000000000000000e+02 5.679781551377318660e-01 3.916266640242578867e-01 3.265996932983398438e+00
3.610000000000000000e+02 3.983904832112465377e-01 5.658432911782677044e-01 3.264928579330444336e+00
3.620000000000000000e+02 5.752947207249387018e-01 3.863489309439939734e-01 3.268885374069213867e+00
3.630000000000000000e+02 3.918849302024345338e-01 5.663679377487665922e-01 3.263776063919067383e+00
3.640000000000000000e+02 5.703282483304075168e-01 3.872600559824543875e-01 3.266561985015869141e+00
3.650000000000000000e+02 3.912106581786776172e-01 5.629136819297793082e-01 3.264247894287109375e+00
3.660000000000000000e+02 5.671352477000680681e-01 3.858017323920925890e-01 3.265742063522338867e+00
3.670000000000000000e+02 3.923594976225580067e-01 5.624438612216503541e-01 3.263758897781372070e+00
3.680000000000000000e+02 5.650470916687398981e-01 3.892087032607869368e-01 3.265261888504028320e+00
3.690000000000000000e+02 3.911328805103351791e-01 5.699635757989633955e-01 3.264249563217163086e+00
3.700000000000000000e+02 5.608123670566721453e-01 3.946751758040726310e-01 3.266171932220458984e+00
3.710000000000000000e+02 3.872104127715826349e-01 5.709816270230662072e-01 3.265559911727905273e+00
3.720000000000000000e+02 5.683264222509464281e-01 3.907239107095373254e-01 3.265805482864379883e+00
3.730000000000000000e+02 3.939671748662416650e-01 5.670887591958497786e-01 3.263617992401123047e+00
3.740000000000000000e+02 5.739449681625525823e-01 3.932317235788123089e-01 3.266603469848632812e+00
3.750000000000000000e+02 3.945219701845609217e-01 5.744950803580098908e-01 3.264753103256225586e+00
3.760000000000000000e+02 5.689698503420230757e-01 3.954577186148661716e-01 3.267078876495361328e+00
3.770000000000000000e+02 3.936564736278722609e-01 5.733381810160032011e-01 3.266673564910888672e+00
3.780000000000000000e+02 5.711845121826644167e-01 3.967867364472007496e-01 3.267595052719116211e+00
3.790000000000000000e+02 3.929952344821415755e-01 5.744523453501406696e-01 3.267119407653808594e+00
3.800000000000000000e+02 5.742704572421573062e-01 3.988117550310950055e-01 3.267056941986083984e+00
3.810000000000000000e+02 3.926002621904396417e-01 5.762663681172073282e-01 3.266715049743652344e+00
3.820000000000000000e+02 5.726358742931531021e-01 3.977979598757608870e-01 3.267153024673461914e+00
3.830000000000000000e+02 3.917608797165882950e-01 5.743729827192197712e-01 3.266000986099243164e+00
3.840000000000000000e+02 5.717863410432919569e-01 3.945000252860948464e-01 3.266874074935913086e+00
3.850000000000000000e+02 3.914635022563405786e-01 5.717614051878384673e-01 3.266267538070678711e+00
3.860000000000000000e+02 5.704417087764369620e-01 3.915300015722413818e-01 3.266861438751220703e+00
3.870000000000000000e+02 3.919158035371046456e-01 5.695137773523478719e-01 3.264987468719482422e+00
3.880000000000000000e+02 5.722036471684037728e-01 3.915357361532827984e-01 3.266372919082641602e+00
3.890000000000000000e+02 3.923760211973272849e-01 5.697572327096754874e-01 3.265084981918334961e+00
3.900000000000000000e+02 5.673356674946921085e-01 3.962030731125115723e-01 3.265974521636962891e+00
3.910000000000000000e+02 3.919875592729513136e-01 5.701859818267172031e-01 3.265357494354248047e+00
3.920000000000000000e+02 5.716971312038517938e-01 3.970640014169913856e-01 3.266069412231445312e+00
3.930000000000000000e+02 3.952859466401010824e-01 5.722935551095378326e-01 3.264444589614868164e+00
3.940000000000000000e+02 5.732383380196376388e-01 3.941522342473241514e-01 3.268156528472900391e+00
3.950000000000000000e+02 3.945348282022721476e-01 5.673942996020946428e-01 3.265274047851562500e+00
3.960000000000000000e+02 5.701588875655756450e-01 3.914332028886826076e-01 3.267159461975097656e+00
3.970000000000000000e+02 3.912669290311575621e-01 5.704115990462215180e-01 3.264264583587646484e+00
3.980000000000000000e+02 5.715373193166264354e-01 3.893027523780749344e-01 3.265789508819580078e+00
