0.000000000000000000e+00 1.928778153991283217e-01 2.923076238262786730e-02 2.992910385131835938e+00
1.000000000000000000e+00 1.169282423092910528e-01 1.961909615984931410e-01 3.005292892456054688e+00
2.000000000000000000e+00 3.595780760523405450e-01 1.112091160085918740e-01 3.091226100921630859e+00
3.000000000000000000e+00 2.052835236938590213e-01 3.456410151528392927e-01 3.102836608886718750e+00
4.000000000000000000e+00 4.292927287708619977e-01 1.916692746275679704e-01 3.134881496429443359e+00
5.000000000000000000e+00 2.401435212462916524e-01 4.166702798325394030e-01 3.145545959472656250e+00
6.000000000000000000e+00 4.517441646896869223e-01 2.333545400109064694e-01 3.151763439178466797e+00
7.000000000000000000e+00 2.525101900547648826e-01 4.499348494534970988e-01 3.164756059646606445e+00
8.000000000000000000e+00 4.646739053048216661e-01 2.465164318539958266e-01 3.160021543502807617e+00
9.000000000000000000e+00 2.627787222385723487e-01 4.537108866111339012e-01 3.171768426895141602e+00
1.000000000000000000e+01 4.735043268552081019e-01 2.566909134891388056e-01 3.163527011871337891e+00
1.100000000000000000e+01 2.649370618021613666e-01 4.637507056721991150e-01 3.176716089248657227e+00
1.200000000000000000e+01 4.684956255086309418e-01 2.605166937938098171e-01 3.164963960647583008e+00
1.300000000000000000e+01 2.597599312252318327e-01 4.699951667180378156e-01 3.178159475326538086e+00
1.400000000000000000e+01 4.675148601268262483e-01 2.682092895561138945e-01 3.163882017135620117e+00
1.500000000000000000e+01 2.641876996272272127e-01 4.709152416709612710e-01 3.180727005004882812e+00
1.600000000000000000e+01 4.755186150507076381e-01 2.601136827445879596e-01 3.163882493972778320e+00
1.700000000000000000e+01 2.694669173600905410e-01 4.656116962577795393e-01 3.178248405456542969e+00
1.800000000000000000e+01 4.745326319824489936e-01 2.646731451393411483e-01 3.167669057846069336e+00
1.900000000000000000e+01 2.665400446672804846e-01 4.800809497970951467e-01 3.178745031356811523e+00
2.000000000000000000e+01 4.700748926801555094e-01 2.699578523325484314e-01 3.165862560272216797e+00
2.100000000000000000e+01 2.674639031084841689e-01 4.777010742460832127e-01 3.181472539901733398e+00
2.200000000000000000e+01 4.751343943865303787e-01 2.714014291534305179e-01 3.166196584701538086e+00
2.300000000000000000e+01 2.657329032518623291e-01 4.735532661082656469e-01 3.181647539138793945e+00
2.400000000000000000e+01 4.742949917444665986e-01 2.677695782446647965e-01 3.165174007415771484e+00
2.500000000000000000e+01 2.693370782168553190e-01 4.702167295971161343e-01 3.181162595748901367e+00
2.600000000000000000e+01 4.768369689223418417e-01 2.666252985999002512e-01 3.167104005813598633e+00
2.700000000000000000e+01 2.678122805193336453e-01 4.767180926977213073e-01 3.181373596191406250e+00
2.800000000000000000e+01 4.771129521176338262e-01 2.723281721747500272e-01 3.166634559631347656e+00
2.900000000000000000e+01 2.702247928327841109e-01 4.751116338833420993e-01 3.183429479598999023e+00
3.000000000000000000e+01 4.697959748448459760e-01 2.679391827091242018e-01 3.166594505310058594e+00
3.100000000000000000e+01 2.688375137176464702e-01 4.732091557369516588e-01 3.181956052780151367e+00
3.200000000000000000e+01 4.753676825206026857e-01 2.643972015709530332e-01 3.167124032974243164e+00
3.300000000000000000e+01 2.744767309100466512e-01 4.705443718323421010e-01 3.180393934249877930e+00
3.400000000000000000e+01 4.791569226948622084e-01 2.660904411156823079e-01 3.168551921844482422e+00
3.500000000000000000e+01 2.716076208754396593e-01 4.756477492116930050e-01 3.181103944778442383e+00
3.600000000000000000e+01 4.728066405732192501e-01 2.671151252117446862e-01 3.168411493301391602e+00
3.700000000000000000e+01 2.732648970015940648e-01 4.733073302859563958e-01 3.181309461593627930e+00
3.800000000000000000e+01 4.797001163745829300e-01 2.672246103960332908e-01 3.168842077255249023e+00
3.900000000000000000e+01 2.748290367435687331e-01 4.678220291799152775e-01 3.181413412094116211e+00
4.000000000000000000e+01 4.809043614525728150e-01 2.655253097675922547e-01 3.169233560562133789e+00
4.100000000000000000e+01 2.736567661562521736e-01 4.706119576137716698e-01 3.180325508117675781e+00
4.200000000000000000e+01 4.773680842304736105e-01 2.656445743145959271e-01 3.168720006942749023e+00
4.300000000000000000e+01 2.688413615509797072e-01 4.738885117720513240e-01 3.180752038955688477e+00
4.400000000000000000e+01 4.749611566064307344e-01 2.699752481973719531e-01 3.166932582855224609e+00
4.500000000000000000e+01 2.690010916154841336e-01 4.756331125155089934e-01 3.182239055633544922e+00
4.600000000000000000e+01 4.739215028532776097e-01 2.718793844015667260e-01 3.167201519012451172e+00
4.700000000000000000e+01 2.678116820847549207e-01 4.761966480808078606e-01 3.182205915451049805e+00
4.800000000000000000e+01 4.750774458855194782e-01 2.728067524691193402e-01 3.167217969894409180e+00
4.900000000000000000e+01 2.719592130513159844e-01 4.797581277009136391e-01 3.183092594146728516e+00
5.000000000000000000e+01 4.798163735068605162e-01 2.710952717858226002e-01 3.167650461196899414e+00
5.100000000000000000e+01 2.725258357341002191e-01 4.782285594947577323e-01 3.183168411254882812e+00
5.200000000000000000e+01 4.802969907661343019e-01 2.733279744213536477e-01 3.167057514190673828e+00
5.300000000000000000e+01 2.729455700207883972e-01 4.717750443346624967e-01 3.182286977767944336e+00
5.400000000000000000e+01 4.772270092295068933e-01 2.674426152301430104e-01 3.167640447616577148e+00
5.500000000000000000e+01 2.687454697146474114e-01 4.741133457583526223e-01 3.181231975555419922e+00
5.600000000000000000e+01 4.738500369698573911e-01 2.696504955275169091e-01 3.166889429092407227e+00
5.700000000000000000e+01 2.667305863255199361e-01 4.702455601866631918e-01 3.181339979171752930e+00
5.800000000000000000e+01 4.707553965225732551e-01 2.647348713872153536e-01 3.165598392486572266e+00
5.900000000000000000e+01 2.686174965458909547e-01 4.673946883393582108e-01 3.180588006973266602e+00
6.000000000000000000e+01 4.727702425444715861e-01 2.668070141999758227e-01 3.167493104934692383e+00
6.100000000000000000e+01 2.695935732575296395e-01 4.707376203594192954e-01 3.180706501007080078e+00
6.200000000000000000e+01 4.739935109859769180e-01 2.692633774564050508e-01 3.167762041091918945e+00
6.300000000000000000e+01 2.703916005954091761e-01 4.758314413091270234e-01 3.180855035781860352e+00
6.400000000000000000e+01 4.746461146356957816e-01 2.664352576783102777e-01 3.166919946670532227e+00
6.500000000000000000e+01 2.719991793429594185e-01 4.737762336054220369e-01 3.179966449737548828e+00
6.600000000000000000e+01 4.813551205578340264e-01 2.678694329604809909e-01 3.167241573333740234e+00
6.700000000000000000e+01 2.691806265114562446e-01 4.724401877582297127e-01 3.182046413421630859e+00
6.800000000000000000e+01 4.769694065863446797e-01 2.652292010640108222e-01 3.166929483413696289e+00
6.900000000000000000e+01 2.688429194737327887e-01 4.735655833825220817e-01 3.180047512054443359e+00
7.000000000000000000e+01 4.761937915802777477e-01 2.649605836423533645e-01 3.166107416152954102e+00
7.100000000000000000e+01 2.726384998027843176e-01 4.699218431140838592e-01 3.179900884628295898e+00
7.200000000000000000e+01 4.786619243844653648e-01 2.658895901689491970e-01 3.167624473571777344e+00
7.300000000000000000e+01 2.721857232143217731e-01 4.687201596389329317e-01 3.181185007095336914e+00
7.400000000000000000e+01 4.765360215386780784e-01 2.714076068212563642e-01 3.168200016021728516e+00
7.500000000000000000e+01 2.721714061829097475e-01 4.732233996749045102e-01 3.181917905807495117e+00
7.600000000000000000e+01 4.721459526590246480e-01 2.700277684454242544e-01 3.167452573776245117e+00
7.700000000000000000e+01 2.713796592057491353e-01 4.725597890960199221e-01 3.182713985443115234e+00
7.800000000000000000e+01 4.754373828626146659e-01 2.679698431956325511e-01 3.166970491409301758e+00
7.900000000000000000e+01 2.654069799367061444e-01 4.696050072413581744e-01 3.181566953659057617e+00
8.000000000000000000e+01 4.728706259333265161e-01 2.631450509068224974e-01 3.166150569915771484e+00
8.100000000000000000e+01 2.696234154496791047e-01 4.648186314832289390e-01 3.179647922515869141e+00
8.200000000000000000e+01 4.754456955991989142e-01 2.597384038805419793e-01 3.167001008987426758e+00
8.300000000000000000e+01 2.699286628656548670e-01 4.679037584948027573e-01 3.177949428558349609e+00
8.400000000000000000e+01 4.779552968003233371e-01 2.665714595918128871e-01 3.167409420013427734e+00
8.500000000000000000e+01 2.719137201065570664e-01 4.698479731293996875e-01 3.179749488830566406e+00
8.600000000000000000e+01 4.786337253042788897e-01 2.686298979530338249e-01 3.168425083160400391e+00
8.700000000000000000e+01 2.690237462045427796e-01 4.741369149779438574e-01 3.180249452590942383e+00
8.800000000000000000e+01 4.768540782210632378e-01 2.642388782567666183e-01 3.166831970214843750e+00
8.900000000000000000e+01 2.750561970107107124e-01 4.661320624489020403e-01 3.179738998413085938e+00
9.000000000000000000e+01 4.808267397128612730e-01 2.666543846037291443e-01 3.168728590011596680e+00
9.100000000000000000e+01 2.731921562944793491e-01 4.729696230009500235e-01 3.179888963699340820e+00
9.200000000000000000e+01 4.779100845466885406e-01 2.679803747862464225e-01 3.168675899505615234e+00
9.300000000000000000e+01 2.719219160809829838e-01 4.671160060498150690e-01 3.181677579879760742e+00
9.400000000000000000e+01 4.785918492366562638e-01 2.654359438061320575e-01 3.167908906936645508e+00
9.500000000000000000e+01 2.720562272990111885e-01 4.742104903310149222e-01 3.180029392242431641e+00
9.600000000000000000e+01 4.755088164520504534e-01 2.630203231421632815e-01 3.167869091033935547e+00
9.700000000000000000e+01 2.708647747859926902e-01 4.717352151421427831e-01 3.180176496505737305e+00
9.800000000000000000e+01 4.738218490548182782e-01 2.680178485151893941e-01 3.168459415435791016e+00
9.900000000000000000e+01 2.702151252297322337e-01 4.741236541290100304e-01 3.181052446365356445e+00
1.000000000000000000e+02 4.737411939579130871e-01 2.635972694828093155e-01 3.167651414871215820e+00
1.010000000000000000e+02 2.729113627344592619e-01 4.706283863373889598e-01 3.179801940917968750e+00
1.020000000000000000e+02 4.751288239738757357e-01 2.648470103210692206e-01 3.168041944503784180e+00
1.030000000000000000e+02 2.682571013921418168e-01 4.717263552681689731e-01 3.180188417434692383e+00
1.040000000000000000e+02 4.737333402272494443e-01 2.683776460157759614e-01 3.167469501495361328e+00
1.050000000000000000e+02 2.654654204319782385e-01 4.768372475478673822e-01 3.180928945541381836e+00
1.060000000000000000e+02 4.786721808892153707e-01 2.683316317105721160e-01 3.166239023208618164e+00
1.070000000000000000e+02 2.716340424014455635e-01 4.724847701770643615e-01 3.180804014205932617e+00
1.080000000000000000e+02 4.756643625805984099e-01 2.681592715841868979e-01 3.167840003967285156e+00
1.090000000000000000e+02 2.761717588495939402e-01 4.706624978974809359e-01 3.180391550064086914e+00
1.100000000000000000e+02 4.835244174591082356e-01 2.621288532642390701e-01 3.169059991836547852e+00
1.110000000000000000e+02 2.718110488236364919e-01 4.707188838763391447e-01 3.178914546966552734e+00
1.120000000000000000e+02 4.792804509584823736e-01 2.629930536406610009e-01 3.168073415756225586e+00
1.130000000000000000e+02 2.725004131327171120e-01 4.706271373717788586e-01 3.179713964462280273e+00
1.140000000000000000e+02 4.773944225198352154e-01 2.668655060189666361e-01 3.166782379150390625e+00
1.150000000000000000e+02 2.697747027510818407e-01 4.723841665855562644e-01 3.180185079574584961e+00
1.160000000000000000e+02 4.771960747778651313e-01 2.678242101428545130e-01 3.166992425918579102e+00
1.170000000000000000e+02 2.673469108619237478e-01 4.710611214930769952e-01 3.180515050888061523e+00
1.180000000000000000e+02 4.701298652375339171e-01 2.691664961286870383e-01 3.166455507278442383e+00
1.190000000000000000e+02 2.678731877555667329e-01 4.745296683927339720e-01 3.181902408599853516e+00
1.200000000000000000e+02 4.778063495849970144e-01 2.681795779400915625e-01 3.166576385498046875e+00
1.210000000000000000e+02 2.673990928817885915e-01 4.751401017462680287e-01 3.180929899215698242e+00
1.220000000000000000e+02 4.707703282017895452e-01 2.650531753808257895e-01 3.166226387023925781e+00
1.230000000000000000e+02 2.685518922954852061e-01 4.722096311621259979e-01 3.180107593536376953e+00
1.240000000000000000e+02 4.730735471553886851e-01 2.653829974518676083e-01 3.166153907775878906e+00
1.250000000000000000e+02 2.667843300257866090e-01 4.717548052753502419e-01 3.180755376815795898e+00
1.260000000000000000e+02 4.757747321161582832e-01 2.677416833707398913e-01 3.165666580200195312e+00
1.270000000000000000e+02 2.671096353299278192e-01 4.769014357995921549e-01 3.182066917419433594e+00
1.280000000000000000e+02 4.740037040396625767e-01 2.709026824937657008e-01 3.166458606719970703e+00
1.290000000000000000e+02 2.681114560368819677e-01 4.735880163772642204e-01 3.182440996170043945e+00
1.300000000000000000e+02 4.751405830415663667e-01 2.688674553374788556e-01 3.166639089584350586e+00
1.310000000000000000e+02 2.677529739038036483e-01 4.762691307713106670e-01 3.180242538452148438e+00
1.320000000000000000e+02 4.789450362365585412e-01 2.678817198198282790e-01 3.167363405227661133e+00
1.330000000000000000e+02 2.746618960070857374e-01 4.768153265777976824e-01 3.180395603179931641e+00
1.340000000000000000e+02 4.803387592010861518e-01 2.640540303561720314e-01 3.169041395187377930e+00
1.350000000000000000e+02 2.738941905265893095e-01 4.686510294446901703e-01 3.179689884185791016e+00
1.360000000000000000e+02 4.772270138305001463e-01 2.659893678668595052e-01 3.169072389602661133e+00
1.370000000000000000e+02 2.713126721491740945e-01 4.675801151632132391e-01 3.180060386657714844e+00
1.380000000000000000e+02 4.771973793143213238e-01 2.630698634235687505e-01 3.168232917785644531e+00
1.390000000000000000e+02 2.722813846042188568e-01 4.743834233337173578e-01 3.179293394088745117e+00
1.400000000000000000e+02 4.737546048805507670e-01 2.646620677940106359e-01 3.168029069900512695e+00
1.410000000000000000e+02 2.689498847873094678e-01 4.741699957389588493e-01 3.180320978164672852e+00
1.420000000000000000e+02 4.801267327966757814e-01 2.692685089821742483e-01 3.166102409362792969e+00
1.430000000000000000e+02 2.720236182175310158e-01 4.716212846551126048e-01 3.180800437927246094e+00
1.440000000000000000e+02 4.751172765238498852e-01 2.651962772518166034e-01 3.168310403823852539e+00
1.450000000000000000e+02 2.708901722110351185e-01 4.746972907700660049e-01 3.179799556732177734e+00
1.460000000000000000e+02 4.780858752336532569e-01 2.700089959100697712e-01 3.167042970657348633e+00
1.470000000000000000e+02 2.735239973386985324e-01 4.746779174482427255e-01 3.181159019470214844e+00
1.480000000000000000e+02 4.799534947795759954e-01 2.713743664528416866e-01 3.168184518814086914e+00
1.490000000000000000e+02 2.723822905980008979e-01 4.736150934831671599e-01 3.182687520980834961e+00
1.500000000000000000e+02 4.779964758206369235e-01 2.704497100628713846e-01 3.168602943420410156e+00
1.510000000000000000e+02 2.714577078146121480e-01 4.710992509839080911e-01 3.182225942611694336e+00
1.520000000000000000e+02 4.747285440818411750e-01 2.655498741420211917e-01 3.167386054992675781e+00
1.530000000000000000e+02 2.669944900021870571e-01 4.732055836879592858e-01 3.180398941040039062e+00
1.540000000000000000e+02 4.715912353209728569e-01 2.660687332527931215e-01 3.166203498840332031e+00
1.550000000000000000e+02 2.681976954968398608e-01 4.720924876898970335e-01 3.181563377380371094e+00
1.560000000000000000e+02 4.745409679308839057e-01 2.598036979615987452e-01 3.166248559951782227e+00
1.570000000000000000e+02 2.692429799429206794e-01 4.662548094900672568e-01 3.179059028625488281e+00
1.580000000000000000e+02 4.754287747891463023e-01 2.641913687422651202e-01 3.166851043701171875e+00
1.590000000000000000e+02 2.696132560877021467e-01 4.709890336233293340e-01 3.179398059844970703e+00
1.600000000000000000e+02 4.758766455522029371e-01 2.666895122753793479e-01 3.166162014007568359e+00
1.610000000000000000e+02 2.694180205746075085e-01 4.669503113925255189e-01 3.179527521133422852e+00
1.620000000000000000e+02 4.761896220849303751e-01 2.632481030425664614e-01 3.166909456253051758e+00
1.630000000000000000e+02 2.686555217970616471e-01 4.722096040023314734e-01 3.178937435150146484e+00
1.640000000000000000e+02 4.761695263015169322e-01 2.656498101010060786e-01 3.166411876678466797e+00
1.650000000000000000e+02 2.720575654197576743e-01 4.666572506152600885e-01 3.179619073867797852e+00
1.660000000000000000e+02 4.792762775854078061e-01 2.673808976153883576e-01 3.167137384414672852e+00
1.670000000000000000e+02 2.710847929726015182e-01 4.668913474062392210e-01 3.180496454238891602e+00
1.680000000000000000e+02 4.796337503285354464e-01 2.648673299434247674e-01 3.168392896652221680e+00
1.690000000000000000e+02 2.690481885722263988e-01 4.721678687363619065e-01 3.180844545364379883e+00
1.700000000000000000e+02 4.760165748481212655e-01 2.679845141451609458e-01 3.167218446731567383e+00
1.710000000000000000e+02 2.646364301674733466e-01 4.755670595623488484e-01 3.180743932723999023e+00
1.720000000000000000e+02 4.752819298011083937e-01 2.713241101277042433e-01 3.164742469787597656e+00
1.730000000000000000e+02 2.686233570966541362e-01 4.756742324760530050e-01 3.182907581329345703e+00
1.740000000000000000e+02 4.774834938569484377e-01 2.718487010913104296e-01 3.167057514190673828e+00
1.750000000000000000e+02 2.715665382885483758e-01 4.719199051676730150e-01 3.182764530181884766e+00
1.760000000000000000e+02 4.804297411306741594e-01 2.708790551772619071e-01 3.167818546295166016e+00
1.770000000000000000e+02 2.727734419955151757e-01 4.734315386211340737e-01 3.182908058166503906e+00
1.780000000000000000e+02 4.754272052464724729e-01 2.695572480899215972e-01 3.168599605560302734e+00
1.790000000000000000e+02 2.709429487612817766e-01 4.700809841518086563e-01 3.181112527847290039e+00
1.800000000000000000e+02 4.707201254278618463e-01 2.684626862940670544e-01 3.167169094085693359e+00
1.810000000000000000e+02 2.675520182308713801e-01 4.704369598892583770e-01 3.181547403335571289e+00
1.820000000000000000e+02 4.722348922659621029e-01 2.659654790562842042e-01 3.166060924530029297e+00
1.830000000000000000e+02 2.650449264859388587e-01 4.687996567254659741e-01 3.180292606353759766e+00
1.840000000000000000e+02 4.778521416277058953e-01 2.651613238502653069e-01 3.165157079696655273e+00
1.850000000000000000e+02 2.718713448794129461e-01 4.686989858927743668e-01 3.180297374725341797e+00
1.860000000000000000e+02 4.802754597662736713e-01 2.636216577171099917e-01 3.167883872985839844e+00
1.870000000000000000e+02 2.716763382766768098e-01 4.703803274576259241e-01 3.179383516311645508e+00
1.880000000000000000e+02 4.771824479741509917e-01 2.642606257773014722e-01 3.167313098907470703e+00
1.890000000000000000e+02 2.690617274479387699e-01 4.728075215393972019e-01 3.180356502532958984e+00
1.900000000000000000e+02 4.736308470526714998e-01 2.674695372478001487e-01 3.166223526000976562e+00
1.910000000000000000e+02 2.665195500290378217e-01 4.677626786351599675e-01 3.181324958801269531e+00
1.920000000000000000e+02 4.723885941051786941e-01 2.689108346324657339e-01 3.166108608245849609e+00
1.930000000000000000e+02 2.689378253040304867e-01 4.676039543770142970e-01 3.182286500930786133e+00
1.940000000000000000e+02 4.787914849132849926e-01 2.661189412002264443e-01 3.166831016540527344e+00
1.950000000000000000e+02 2.741141655146799860e-01 4.771642753007556137e-01 3.179842472076416016e+00
1.960000000000000000e+02 4.777729777977260395e-01 2.696394180456845868e-01 3.168886423110961914e+00
1.970000000000000000e+02 2.718145971667704774e-01 4.786151485641760850e-01 3.181449413299560547e+00
1.980000000000000000e+02 4.774881743681800295e-01 2.668628294653068167e-01 3.167171478271484375e+00
1.990000000000000000e+02 2.705670530274644769e-01 4.707263737377113677e-01 3.181660890579223633e+00
2.000000000000000000e+02 4.774201063584365134e-01 2.686237910381298333e-01 3.168230533599853516e+00
2.010000000000000000e+02 2.733787830168177280e-01 4.740107394827409171e-01 3.181478500366210938e+00
2.020000000000000000e+02 4.729567071365606834e-01 2.654980876404883783e-01 3.168568611145019531e+00
2.030000000000000000e+02 2.708460648265068049e-01 4.716994863564336615e-01 3.179657936096191406e+00
2.040000000000000000e+02 4.763318409183178170e-01 2.655110571997445490e-01 3.167135000228881836e+00
2.050000000000000000e+02 2.717284846740775639e-01 4.719002250699531054e-01 3.179325580596923828e+00
2.060000000000000000e+02 4.790814140014567624e-01 2.628969748945443330e-01 3.167496442794799805e+00
2.070000000000000000e+02 2.710488578371881840e-01 4.717005569950445953e-01 3.180103063583374023e+00
2.080000000000000000e+02 4.690052324029077013e-01 2.703169087470410070e-01 3.167403936386108398e+00
2.090000000000000000e+02 2.690676394701358998e-01 4.717921674346700067e-01 3.181491374969482422e+00
2.100000000000000000e+02 4.745671883847366601e-01 2.691196178238619563e-01 3.168752908706665039e+00
2.110000000000000000e+02 2.742642356075679078e-01 4.688328767123069452e-01 3.180932998657226562e+00
2.120000000000000000e+02 4.768906187924592532e-01 2.639725411083854167e-01 3.168838500976562500e+00
2.130000000000000000e+02 2.709956744794801420e-01 4.744245683472278485e-01 3.179877519607543945e+00
2.140000000000000000e+02 4.767001121086424376e-01 2.674226494816214217e-01 3.168703079223632812e+00
2.150000000000000000e+02 2.699428202716188108e-01 4.724536183045945359e-01 3.180919408798217773e+00
2.160000000000000000e+02 4.788047313527163951e-01 2.691719740394803995e-01 3.168459892272949219e+00
2.170000000000000000e+02 2.722455111100758884e-01 4.744033784018762412e-01 3.181601524353027344e+00
2.180000000000000000e+02 4.771483342484321710e-01 2.678112676470861819e-01 3.167567968368530273e+00
2.190000000000000000e+02 2.666394554140236184e-01 4.723727785546901758e-01 3.180356502532958984e+00
2.200000000000000000e+02 4.728423161705237465e-01 2.665128412097181321e-01 3.166672468185424805e+00
2.210000000000000000e+02 2.696182658063102644e-01 4.742952746859834257e-01 3.181372880935668945e+00
2.220000000000000000e+02 4.733127892275362791e-01 2.716350262633914769e-01 3.167225599288940430e+00
2.230000000000000000e+02 2.687629097704463677e-01 4.768172226627934163e-01 3.182690382003784180e+00
2.240000000000000000e+02 4.707263922397409428e-01 2.705347981378829481e-01 3.167028427124023438e+00
2.250000000000000000e+02 2.663742390287495154e-01 4.724189802967794782e-01 3.181058406829833984e+00
2.260000000000000000e+02 4.686106298741785636e-01 2.681570185052815081e-01 3.164918422698974609e+00
2.270000000000000000e+02 2.627937088676601807e-01 4.735172138212229154e-01 3.181393384933471680e+00
2.280000000000000000e+02 4.704182612240059291e-01 2.718308723072067612e-01 3.164176940917968750e+00
2.290000000000000000e+02 2.646447871946813746e-01 4.759398192551522189e-01 3.182631969451904297e+00
2.300000000000000000e+02 4.699599058764292181e-01 2.674562953046810132e-01 3.164966106414794922e+00
2.310000000000000000e+02 2.665591142753419573e-01 4.770583862182657398e-01 3.180665493011474609e+00
2.320000000000000000e+02 4.742719845763141429e-01 2.676458088439130911e-01 3.165869474411010742e+00
2.330000000000000000e+02 2.708852524533184036e-01 4.741309010885210173e-01 3.180656909942626953e+00
2.340000000000000000e+02 4.787420694505120089e-01 2.664008538672777981e-01 3.167037963867187500e+00
2.350000000000000000e+02 2.694567810426144461e-01 4.745459790743216111e-01 3.179843425750732422e+00
2.360000000000000000e+02 4.776164093367450403e-01 2.647836940328093802e-01 3.167694568634033203e+00
2.370000000000000000e+02 2.737043437721448647e-01 4.692771855616741927e-01 3.179950952529907227e+00
2.380000000000000000e+02 4.784569669399374447e-01 2.621836917381968890e-01 3.168260574340820312e+00
2.390000000000000000e+02 2.713222631977644239e-01 4.661108374582167979e-01 3.178935527801513672e+00
2.400000000000000000e+02 4.738366894411185637e-01 2.626227606879200094e-01 3.167351007461547852e+00
2.410000000000000000e+02 2.673703612963394538e-01 4.655210470123997690e-01 3.179226875305175781e+00
2.420000000000000000e+02 4.762015249924458349e-01 2.632491752343890101e-01 3.166544437408447266e+00
2.430000000000000000e+02 2.698209940550994057e-01 4.650118187677534931e-01 3.180423974990844727e+00
2.440000000000000000e+02 4.737461340040940994e-01 2.684843504527963942e-01 3.167506933212280273e+00
2.450000000000000000e+02 2.682831181311987612e-01 4.724968227807417875e-01 3.181718587875366211e+00
2.460000000000000000e+02 4.799857770971381887e-01 2.713130831563971834e-01 3.166389465332031250e+00
2.470000000000000000e+02 2.710792547614375714e-01 4.752451227696837255e-01 3.181745052337646484e+00
2.480000000000000000e+02 4.788336501350514696e-01 2.677602840202900070e-01 3.167033910751342773e+00
2.490000000000000000e+02 2.701946371867051111e-01 4.743423998711461809e-01 3.181704998016357422e+00
2.500000000000000000e+02 4.774144288961539861e-01 2.702585090831605696e-01 3.168224096298217773e+00
2.510000000000000000e+02 2.661449389980135583e-01 4.737549911803441982e-01 3.181777477264404297e+00
2.520000000000000000e+02 4.725070561823349613e-01 2.708773201232713146e-01 3.165955543518066406e+00
2.530000000000000000e+02 2.661461994321911440e-01 4.716529194958849480e-01 3.182059526443481445e+00
2.540000000000000000e+02 4.730889181708167746e-01 2.705045343205745856e-01 3.165619373321533203e+00
2.550000000000000000e+02 2.696773401732593389e-01 4.703895197678741313e-01 3.181866884231567383e+00
2.560000000000000000e+02 4.740107813691584182e-01 2.688158844002251913e-01 3.166688919067382812e+00
2.570000000000000000e+02 2.675270737099822993e-01 4.718725061345681593e-01 3.181693077087402344e+00
2.580000000000000000e+02 4.715985730187713942e-01 2.714053590801035476e-01 3.166238069534301758e+00
2.590000000000000000e+02 2.689501156552420724e-01 4.736399441519912878e-01 3.181858062744140625e+00
2.600000000000000000e+02 4.767706710511626089e-01 2.646122185821233042e-01 3.167035579681396484e+00
2.610000000000000000e+02 2.714491617350657249e-01 4.738453472451810145e-01 3.179625511169433594e+00
2.620000000000000000e+02 4.769741747674285381e-01 2.644098155716191334e-01 3.168252468109130859e+00
2.630000000000000000e+02 2.706571534471807206e-01 4.677810863875796477e-01 3.180577516555786133e+00
2.640000000000000000e+02 4.784611325345007327e-01 2.642194201320527958e-01 3.168119430541992188e+00
2.650000000000000000e+02 2.703129586292801756e-01 4.708992376990542295e-01 3.179976463317871094e+00
2.660000000000000000e+02 4.753056235723510103e-01 2.626367834574740434e-01 3.167282581329345703e+00
2.670000000000000000e+02 2.736605035622984849e-01 4.687403340194326584e-01 3.180176496505737305e+00
2.680000000000000000e+02 4.772688508232796334e-01 2.631367077506919783e-01 3.168713569641113281e+00
2.690000000000000000e+02 2.700696064931271678e-01 4.682026967876914414e-01 3.178450584411621094e+00
2.700000000000000000e+02 4.749929041085761416e-01 2.607391202858007628e-01 3.168010950088500977e+00
2.710000000000000000e+02 2.683114425963593619e-01 4.674568032710593735e-01 3.178639411926269531e+00
2.720000000000000000e+02 4.703647429839921124e-01 2.650175628529948813e-01 3.166819095611572266e+00
2.730000000000000000e+02 2.634917422377676122e-01 4.709977145518002839e-01 3.180063486099243164e+00
2.740000000000000000e+02 4.698994975049894940e-01 2.682197358331305237e-01 3.165061473846435547e+00
2.750000000000000000e+02 2.671341293863878641e-01 4.742776173415861884e-01 3.180538415908813477e+00
2.760000000000000000e+02 4.680361066916028934e-01 2.665858296362761948e-01 3.166574001312255859e+00
2.770000000000000000e+02 2.695900172242021720e-01 4.704038750143643144e-01 3.179989576339721680e+00
2.780000000000000000e+02 4.739260267960860862e-01 2.610171233261127655e-01 3.166898965835571289e+00
2.790000000000000000e+02 2.664775948886558554e-01 4.675511194431861695e-01 3.178801536560058594e+00
2.800000000000000000e+02 4.670517400518970907e-01 2.651385335493607331e-01 3.165796041488647461e+00
2.810000000000000000e+02 2.618320437893457697e-01 4.691802430023048753e-01 3.179850101470947266e+00
2.820000000000000000e+02 4.680215361164959398e-01 2.609454833158908471e-01 3.164330482482910156e+00
2.830000000000000000e+02 2.667312412161727542e-01 4.722715347964479005e-01 3.179123878479003906e+00
2.840000000000000000e+02 4.751027107611069944e-01 2.677927630251139002e-01 3.165900468826293945e+00
2.850000000000000000e+02 2.669441641156813927e-01 4.688463343227102231e-01 3.179775953292846680e+00
2.860000000000000000e+02 4.720238481646958362e-01 2.648187866378998168e-01 3.166138887405395508e+00
2.870000000000000000e+02 2.661560327925452385e-01 4.744554989511817200e-01 3.179677486419677734e+00
2.880000000000000000e+02 4.713991103829442419e-01 2.672884092844475257e-01 3.165996074676513672e+00
2.890000000000000000e+02 2.672286337473050444e-01 4.723905005200128016e-01 3.179508447647094727e+00
2.900000000000000000e+02 4.742462978931917816e-01 2.616633594018465403e-01 3.166027545928955078e+00
2.910000000000000000e+02 2.693429710828958434e-01 4.674976289141691277e-01 3.177900552749633789e+00
2.920000000000000000e+02 4.763501157585635082e-01 2.609375142171226902e-01 3.166628599166870117e+00
2.930000000000000000e+02 2.729697513832179401e-01 4.668139292243798089e-01 3.178586006164550781e+00
2.940000000000000000e+02 4.737123521643198387e-01 2.676036767531740912e-01 3.168137550354003906e+00
2.950000000000000000e+02 2.715790868448998974e-01 4.715644475618923637e-01 3.180093526840209961e+00
2.960000000000000000e+02 4.752953250141830899e-01 2.680209780109945039e-01 3.167309999465942383e+00
2.970000000000000000e+02 2.689478258822508017e-01 4.749955344526666234e-01 3.180712461471557617e+00
2.980000000000000000e+02 4.760761829987087967e-01 2.722743576522508313e-01 3.165699481964111328e+00
2.990000000000000000e+02 2.674826145192346627e-01 4.748332258986917020e-01 3.181238412857055664e+00
3.000000000000000000e+02 4.769067003853737496e-01 2.678823243796765174e-01 3.165771007537841797e+00
3.010000000000000000e+02 2.754821411784663110e-01 4.720570126558755186e-01 3.181602478027343750e+00
3.020000000000000000e+02 4.757616610044224648e-01 2.662132220628442014e-01 3.168271064758300781e+00
3.030000000000000000e+02 2.725030107843359195e-01 4.750788219512770971e-01 3.179820060729980469e+00
3.040000000000000000e+02 4.753167282940233829e-01 2.689445238520954962e-01 3.168739557266235352e+00
3.050000000000000000e+02 2.700539043367795600e-01 4.722887780761462206e-01 3.181339025497436523e+00
3.060000000000000000e+02 4.747406266753316784e-01 2.667693089659125549e-01 3.166769504547119141e+00
3.070000000000000000e+02 2.736363914184437585e-01 4.718442383798328588e-01 3.181067466735839844e+00
3.080000000000000000e+02 4.822582398964594952e-01 2.676348012509249807e-01 3.167980432510375977e+00
3.090000000000000000e+02 2.722793377271971460e-01 4.748067961094906697e-01 3.181870937347412109e+00
3.100000000000000000e+02 4.758717046684518004e-01 2.662978812685977692e-01 3.168503999710083008e+00
3.110000000000000000e+02 2.667885294495215831e-01 4.728238658741161227e-01 3.180541038513183594e+00
3.120000000000000000e+02 4.738037621555888923e-01 2.683409898520763281e-01 3.166476011276245117e+00
3.130000000000000000e+02 2.670292949203320054e-01 4.717764759276243391e-01 3.180830001831054688e+00
3.140000000000000000e+02 4.717404035573890542e-01 2.705314751765028336e-01 3.166126489639282227e+00
3.150000000000000000e+02 2.616004792539071144e-01 4.725183114696213105e-01 3.181394577026367188e+00
3.160000000000000000e+02 4.699189676551806527e-01 2.703387989457882723e-01 3.165020465850830078e+00
3.170000000000000000e+02 2.688640016946949318e-01 4.728967951290150573e-01 3.182358503341674805e+00
3.180000000000000000e+02 4.730509043330592966e-01 2.703543830342091114e-01 3.166743040084838867e+00
3.190000000000000000e+02 2.680344388960174129e-01 4.757038188770285059e-01 3.182036876678466797e+00
3.200000000000000000e+02 4.736676993753512477e-01 2.689265469598181579e-01 3.167376995086669922e+00
3.210000000000000000e+02 2.708300637505800523e-01 4.739469035857042933e-01 3.181971073150634766e+00
3.220000000000000000e+02 4.725993134390091277e-01 2.695516342931380538e-01 3.168395042419433594e+00
3.230000000000000000e+02 2.681610045941557607e-01 4.740365193838672608e-01 3.181487083435058594e+00
3.240000000000000000e+02 4.720239782083292535e-01 2.678153159054942889e-01 3.165558099746704102e+00
3.250000000000000000e+02 2.652873818314427923e-01 4.697230123510570676e-01 3.179850578308105469e+00
3.260000000000000000e+02 4.780505101874126250e-01 2.633375913422857373e-01 3.165002584457397461e+00
3.270000000000000000e+02 2.732475923182080546e-01 4.724036248373784108e-01 3.179187536239624023e+00
3.280000000000000000e+02 4.760891855545487106e-01 2.646409168443651927e-01 3.168654918670654297e+00
3.290000000000000000e+02 2.681365251490516743e-01 4.766992067889973539e-01 3.180054426193237305e+00
3.300000000000000000e+02 4.765280909922435804e-01 2.701442735756023339e-01 3.165841102600097656e+00
3.310000000000000000e+02 2.697432287390917338e-01 4.730916913170168381e-01 3.180731058120727539e+00
3.320000000000000000e+02 4.729067727359669293e-01 2.650971455841435453e-01 3.166708469390869141e+00
3.330000000000000000e+02 2.712067691625098531e-01 4.680034133447856237e-01 3.180325508117675781e+00
3.340000000000000000e+02 4.772554390214662212e-01 2.661006276202814158e-01 3.167711973190307617e+00
3.350000000000000000e+02 2.688322965010130350e-01 4.752162336430172940e-01 3.180998086929321289e+00
3.360000000000000000e+02 4.730693522311968935e-01 2.723873842980639171e-01 3.165836572647094727e+00
3.370000000000000000e+02 2.691872133327467553e-01 4.759812908178771562e-01 3.182018995285034180e+00
3.380000000000000000e+02 4.732928663892232435e-01 2.709803323130645647e-01 3.166432380676269531e+00
3.390000000000000000e+02 2.668530858764551206e-01 4.753038284954963499e-01 3.182324409484863281e+00
3.400000000000000000e+02 4.746692532247813734e-01 2.678093164784788871e-01 3.167125940322875977e+00
3.410000000000000000e+02 2.699933566753484060e-01 4.759350605920537047e-01 3.181186437606811523e+00
3.420000000000000000e+02 4.813405330648331537e-01 2.655963152808765160e-01 3.167469978332519531e+00
3.430000000000000000e+02 2.742933967977193022e-01 4.675921834545638256e-01 3.179955959320068359e+00
3.440000000000000000e+02 4.797072634122501733e-01 2.624888952061097958e-01 3.168758392333984375e+00
3.450000000000000000e+02 2.732642534407708768e-01 4.659539938189815045e-01 3.179194450378417969e+00
3.460000000000000000e+02 4.791092207518197754e-01 2.643997051099657991e-01 3.167803049087524414e+00
3.470000000000000000e+02 2.748770766755497807e-01 4.751569695231772084e-01 3.180603981018066406e+00
3.480000000000000000e+02 4.754460616449614485e-01 2.677847177229737974e-01 3.168516397476196289e+00
3.490000000000000000e+02 2.692373922585318269e-01 4.709797600001368600e-01 3.181578874588012695e+00
3.500000000000000000e+02 4.782459370492626038e-01 2.637393113361680697e-01 3.167049407958984375e+00
3.510000000000000000e+02 2.740174307795968378e-01 4.724092564925280735e-01 3.179694414138793945e+00
3.520000000000000000e+02 4.802654027954046390e-01 2.682588943018611172e-01 3.168050527572631836e+00
3.530000000000000000e+02 2.703634516894817263e-01 4.732657172365994924e-01 3.181541919708251953e+00
3.540000000000000000e+02 4.797423808704301407e-01 2.630579176089934967e-01 3.167545557022094727e+00
3.550000000000000000e+02 2.687651799622631232e-01 4.697961669030725762e-01 3.179353952407836914e+00
3.560000000000000000e+02 4.778479838899195031e-01 2.684228309684147384e-01 3.166740417480468750e+00
3.570000000000000000e+02 2.708019851763704411e-01 4.690801319793332369e-01 3.180705547332763672e+00
3.580000000000000000e+02 4.772839958402981253e-01 2.647520010427613646e-01 3.168038606643676758e+00
3.590000000000000000e+02 2.720289891617297950e-01 4.696702139020734745e-01 3.180192947387695312e+00
3.600000000000000000e+02 4.767980088630696667e-01 2.660869353343769395e-01 3.167692422866821289e+00
3.610000000000000000e+02 2.702953184669575348e-01 4.744564443952039023e-01 3.180823564529418945e+00
3.620000000000000000e+02 4.760856622761964196e-01 2.709041947286077723e-01 3.166809558868408203e+00
3.630000000000000000e+02 2.703093502408545068e-01 4.741083972403783431e-01 3.181455373764038086e+00
3.640000000000000000e+02 4.759605310984758031e-01 2.691255668496330133e-01 3.167095422744750977e+00
3.650000000000000000e+02 2.714947808356740211e-01 4.761282244126527341e-01 3.181868553161621094e+00
3.660000000000000000e+02 4.740637492544241272e-01 2.740118883520783477e-01 3.167190551757812500e+00
3.670000000000000000e+02 2.652210269407463405e-01 4.787674255137754908e-01 3.182887077331542969e+00
3.680000000000000000e+02 4.702502106829963280e-01 2.693036462227446082e-01 3.165596485137939453e+00
3.690000000000000000e+02 2.692943470268583939e-01 4.726048590382192494e-01 3.182063579559326172e+00
3.700000000000000000e+02 4.748010340451646605e-01 2.680708874096205396e-01 3.167026042938232422e+00
3.710000000000000000e+02 2.666319670855918922e-01 4.748907222909022896e-01 3.181230068206787109e+00
3.720000000000000000e+02 4.742979913596379049e-01 2.699039164303114746e-01 3.167058944702148438e+00
3.730000000000000000e+02 2.693047612307798433e-01 4.767388018363054036e-01 3.181520938873291016e+00
3.740000000000000000e+02 4.759933714840869357e-01 2.668718598192466596e-01 3.166801452636718750e+00
3.750000000000000000e+02 2.702259857556094103e-01 4.712939237324668129e-01 3.179939985275268555e+00
3.760000000000000000e+02 4.741324990999638556e-01 2.664469450821100316e-01 3.167279958724975586e+00
3.770000000000000000e+02 2.671283312775935004e-01 4.716602669314244323e-01 3.180459976196289062e+00
3.780000000000000000e+02 4.743873902214909011e-01 2.653732674275796621e-01 3.166315078735351562e+00
3.790000000000000000e+02 2.671757911125220986e-01 4.731327913167606147e-01 3.180522918701171875e+00
3.800000000000000000e+02 4.736766518090362310e-01 2.736155578985408621e-01 3.166054964065551758e+00
3.810000000000000000e+02 2.663421301927396678e-01 4.728897202222298035e-01 3.182438373565673828e+00
3.820000000000000000e+02 4.711384125769779163e-01 2.675003092138432681e-01 3.166112422943115234e+00
3.830000000000000000e+02 2.714751670543794071e-01 4.694080709499447446e-01 3.180431604385375977e+00
3.840000000000000000e+02 4.727969573414346205e-01 2.631368240073825304e-01 3.166412591934204102e+00
3.850000000000000000e+02 2.689413368247858260e-01 4.686688603913191087e-01 3.179907560348510742e+00
3.860000000000000000e+02 4.744580418119321852e-01 2.661978190259225996e-01 3.166119098663330078e+00
3.870000000000000000e+02 2.695270518901599632e-01 4.736961876202858135e-01 3.179997920989990234e+00
3.880000000000000000e+02 4.730143581733434743e-01 2.676770539140211347e-01 3.165930032730102539e+00
3.890000000000000000e+02 2.647298221591145584e-01 4.713691534638417835e-01 3.180543899536132812e+00
3.900000000000000000e+02 4.757248362116225926e-01 2.700039513613115005e-01 3.164360523223876953e+00
3.910000000000000000e+02 2.690534144096268787e-01 4.697390735169716947e-01 3.181236505508422852e+00
3.920000000000000000e+02 4.714098481503542493e-01 2.643532485626691741e-01 3.166281938552856445e+00
3.930000000000000000e+02 2.665650279094931574e-01 4.726627020327065498e-01 3.180360078811645508e+00
3.940000000000000000e+02 4.756727351703725071e-01 2.668862235897014878e-01 3.165802001953125000e+00
3.950000000000000000e+02 2.686144555803189338e-01 4.724539999205689678e-01 3.181194067001342773e+00
3.960000000000000000e+02 4.800821004361823796e-01 2.678867330308522532e-01 3.166272401809692383e+00
3.970000000000000000e+02 2.707964696395435689e-01 4.728081548573527804e-01 3.181883573532104492e+00
3.980000000000000000e+02 4.760301483288320590e-01 2.666254761473170753e-01 3.167456388473510742e+00
