0.000000000000000000e+00 1.883046855748952975e-01 2.873011611743339286e-02 2.991672039031982422e+00
1.000000000000000000e+00 1.065518256807106851e-01 2.001183442921845579e-01 3.002563953399658203e+00
2.000000000000000000e+00 3.494229580485075926e-01 1.090368575035640247e-01 3.086538553237915039e+00
3.000000000000000000e+00 1.859711904249142789e-01 3.453366768314947155e-01 3.097781419754028320e+00
4.000000000000000000e+00 4.109652875528648219e-01 1.812961874532195150e-01 3.127973079681396484e+00
5.000000000000000000e+00 2.186057644057089189e-01 4.132512651108075641e-01 3.135465383529663086e+00
6.000000000000000000e+00 4.337485091046032193e-01 2.196151939555426591e-01 3.143266439437866211e+00
7.000000000000000000e+00 2.309877572656952593e-01 4.357673874578687490e-01 3.152563571929931641e+00
8.000000000000000000e+00 4.423564269214842470e-01 2.356014009377015994e-01 3.149460554122924805e+00
9.000000000000000000e+00 2.384493268457812121e-01 4.458634787481852157e-01 3.160417556762695312e+00
1.000000000000000000e+01 4.464786969716205145e-01 2.447283478192339157e-01 3.153258562088012695e+00
1.100000000000000000e+01 2.452426691790640378e-01 4.513723421129474112e-01 3.163996934890747070e+00
1.200000000000000000e+01 4.502358403698011879e-01 2.457752264476523174e-01 3.155354022979736328e+00
1.300000000000000000e+01 2.435272118160192456e-01 4.520176696211191114e-01 3.164678096771240234e+00
1.400000000000000000e+01 4.513300521018076550e-01 2.452027602188412425e-01 3.155179500579833984e+00
1.500000000000000000e+01 2.467826820843498081e-01 4.521120011649737425e-01 3.164158582687377930e+00
1.600000000000000000e+01 4.535437874253143709e-01 2.447819225381461516e-01 3.156574487686157227e+00
1.700000000000000000e+01 2.438037956374989323e-01 4.529444639623937952e-01 3.164181947708129883e+00
1.800000000000000000e+01 4.502821480640648022e-01 2.466299005009059131e-01 3.156093597412109375e+00
1.900000000000000000e+01 2.423627421938314430e-01 4.492384450551802355e-01 3.166443109512329102e+00
2.000000000000000000e+01 4.499711473672779460e-01 2.421783511325417693e-01 3.154489040374755859e+00
2.100000000000000000e+01 2.454863299027022494e-01 4.507694136444849731e-01 3.164036512374877930e+00
2.200000000000000000e+01 4.542539495776600766e-01 2.428263217492362125e-01 3.155890464782714844e+00
2.300000000000000000e+01 2.489500688207582635e-01 4.446454999738791436e-01 3.162941455841064453e+00
2.400000000000000000e+01 4.556843762436331158e-01 2.458182262043110411e-01 3.157811880111694336e+00
2.500000000000000000e+01 2.485420751853624211e-01 4.552385355974560843e-01 3.165023088455200195e+00
2.600000000000000000e+01 4.549962860926432540e-01 2.476186654560161848e-01 3.157649040222167969e+00
2.700000000000000000e+01 2.513111218388518475e-01 4.533817229971922047e-01 3.166034460067749023e+00
2.800000000000000000e+01 4.613084943601024612e-01 2.455367282759330638e-01 3.158361911773681641e+00
2.900000000000000000e+01 2.543568683283388143e-01 4.510296443804530653e-01 3.165570974349975586e+00
3.000000000000000000e+01 4.591077688832989057e-01 2.466137759654378758e-01 3.160161018371582031e+00
3.100000000000000000e+01 2.518926407852407623e-01 4.536054085708160488e-01 3.165208578109741211e+00
3.200000000000000000e+01 4.615542249558699517e-01 2.430239345433790610e-01 3.158381462097167969e+00
3.300000000000000000e+01 2.478252652631454112e-01 4.524250376739542556e-01 3.165146589279174805e+00
3.400000000000000000e+01 4.529817984961393984e-01 2.448766275087896072e-01 3.157654523849487305e+00
3.500000000000000000e+01 2.447993810582803076e-01 4.564631051506335413e-01 3.165082931518554688e+00
3.600000000000000000e+01 4.523808248026977008e-01 2.479152507191078603e-01 3.156032562255859375e+00
3.700000000000000000e+01 2.445878084377057227e-01 4.561539077234014750e-01 3.166280508041381836e+00
3.800000000000000000e+01 4.525697668070502999e-01 2.443947023579593203e-01 3.155948400497436523e+00
3.900000000000000000e+01 2.469966079414309124e-01 4.508852052863479010e-01 3.165370464324951172e+00
4.000000000000000000e+01 4.519018199521459001e-01 2.401682469400522046e-01 3.155517101287841797e+00
4.100000000000000000e+01 2.461418300609960197e-01 4.504051124378394277e-01 3.163425922393798828e+00
4.200000000000000000e+01 4.521278162926157806e-01 2.460805625803921814e-01 3.154896020889282227e+00
4.300000000000000000e+01 2.472480793978723557e-01 4.478270594189804887e-01 3.164442539215087891e+00
4.400000000000000000e+01 4.502994648343435768e-01 2.416571842405821346e-01 3.155464410781860352e+00
4.500000000000000000e+01 2.462192853311157836e-01 4.535470112818471566e-01 3.163207530975341797e+00
4.600000000000000000e+01 4.572249990050071822e-01 2.409407732805340374e-01 3.155351400375366211e+00
4.700000000000000000e+01 2.428700596724941152e-01 4.574606821572652637e-01 3.162950515747070312e+00
4.800000000000000000e+01 4.513197889036330568e-01 2.464235211282616300e-01 3.155233383178710938e+00
4.900000000000000000e+01 2.452430862975860659e-01 4.550208379714015261e-01 3.164325475692749023e+00
5.000000000000000000e+01 4.586557034971795455e-01 2.457686896232076090e-01 3.156963109970092773e+00
5.100000000000000000e+01 2.486301900424403299e-01 4.543808034953885078e-01 3.162998914718627930e+00
5.200000000000000000e+01 4.572061867759675269e-01 2.467696356825758719e-01 3.157002449035644531e+00
5.300000000000000000e+01 2.504286875287825009e-01 4.515205159399953705e-01 3.164916038513183594e+00
5.400000000000000000e+01 4.559703247846588758e-01 2.413404760253375914e-01 3.157217502593994141e+00
5.500000000000000000e+01 2.481531239579940207e-01 4.495948656318954351e-01 3.163623094558715820e+00
5.600000000000000000e+01 4.573484077831341810e-01 2.413787762699990957e-01 3.157818555831909180e+00
5.700000000000000000e+01 2.504691622265827755e-01 4.516971402098565180e-01 3.164249420166015625e+00
5.800000000000000000e+01 4.607863157926744280e-01 2.454393014083247060e-01 3.157118082046508789e+00
5.900000000000000000e+01 2.506939148383415805e-01 4.515644162447274845e-01 3.164774417877197266e+00
6.000000000000000000e+01 4.612872401744943507e-01 2.424150580683085421e-01 3.156816482543945312e+00
6.100000000000000000e+01 2.487211903690600134e-01 4.571035645664538460e-01 3.165398597717285156e+00
6.200000000000000000e+01 4.540426252334613944e-01 2.452936832134152700e-01 3.157480478286743164e+00
6.300000000000000000e+01 2.446250395607568184e-01 4.550767940279506485e-01 3.165453910827636719e+00
6.400000000000000000e+01 4.532792688311180207e-01 2.505138645011211751e-01 3.155847549438476562e+00
6.500000000000000000e+01 2.489526212337933864e-01 4.550030720406884610e-01 3.166157484054565430e+00
6.600000000000000000e+01 4.546580571856855824e-01 2.437590053477707019e-01 3.156956911087036133e+00
6.700000000000000000e+01 2.459326114428816989e-01 4.511733197803419748e-01 3.164407014846801758e+00
6.800000000000000000e+01 4.572225228385015106e-01 2.460999336831843909e-01 3.156087398529052734e+00
6.900000000000000000e+01 2.412015471754851981e-01 4.533271852409248570e-01 3.165639877319335938e+00
7.000000000000000000e+01 4.570699986705677453e-01 2.450127085344336320e-01 3.154825448989868164e+00
7.100000000000000000e+01 2.473075696998658091e-01 4.492386424005316847e-01 3.164425373077392578e+00
7.200000000000000000e+01 4.568753613894008248e-01 2.417937516984268176e-01 3.156111001968383789e+00
7.300000000000000000e+01 2.495977703182218899e-01 4.514550270580328650e-01 3.164735078811645508e+00
7.400000000000000000e+01 4.568288335446500925e-01 2.470395645919798988e-01 3.157248497009277344e+00
7.500000000000000000e+01 2.448585670647208945e-01 4.548443193112572391e-01 3.165739536285400391e+00
7.600000000000000000e+01 4.550779149400213663e-01 2.485242674529696272e-01 3.156383514404296875e+00
7.700000000000000000e+01 2.477144885006725139e-01 4.494145147401363838e-01 3.165564060211181641e+00
7.800000000000000000e+01 4.535091655288150947e-01 2.472560278126609001e-01 3.157453060150146484e+00
7.900000000000000000e+01 2.460120389547088005e-01 4.532008302235258634e-01 3.165641069412231445e+00
8.000000000000000000e+01 4.487265471588847143e-01 2.456035309063885341e-01 3.157170534133911133e+00
8.100000000000000000e+01 2.474548225673582347e-01 4.499229574021382794e-01 3.165282011032104492e+00
8.200000000000000000e+01 4.536633876078448036e-01 2.424638915049467380e-01 3.157661914825439453e+00
8.300000000000000000e+01 2.476475169090761042e-01 4.508480638318205225e-01 3.163648605346679688e+00
8.400000000000000000e+01 4.563392600077978423e-01 2.417304767325429704e-01 3.157597541809082031e+00
8.500000000000000000e+01 2.511545494238452969e-01 4.511723824942886485e-01 3.163775444030761719e+00
8.600000000000000000e+01 4.616145488228014515e-01 2.481421928811841093e-01 3.157971382141113281e+00
8.700000000000000000e+01 2.474166729426933997e-01 4.548904185543187206e-01 3.165198564529418945e+00
8.800000000000000000e+01 4.558360206224439382e-01 2.435489131786743588e-01 3.157342433929443359e+00
8.900000000000000000e+01 2.487930856523703771e-01 4.529209595827649593e-01 3.164722442626953125e+00
9.000000000000000000e+01 4.533728752268481044e-01 2.410571069210405704e-01 3.157470941543579102e+00
9.100000000000000000e+01 2.466046136989155368e-01 4.482378271939005399e-01 3.163862943649291992e+00
9.200000000000000000e+01 4.598031479677351374e-01 2.447369299315186042e-01 3.156923055648803711e+00
9.300000000000000000e+01 2.527508976841154054e-01 4.475169059420091022e-01 3.163692951202392578e+00
9.400000000000000000e+01 4.626592500516993889e-01 2.410622169451311636e-01 3.158423900604248047e+00
9.500000000000000000e+01 2.466394782328745483e-01 4.533747788896214659e-01 3.162870883941650391e+00
9.600000000000000000e+01 4.594185373320581744e-01 2.457832730986973802e-01 3.157015562057495117e+00
9.700000000000000000e+01 2.472769625039365482e-01 4.574228451293764208e-01 3.164724588394165039e+00
9.800000000000000000e+01 4.547464122677164489e-01 2.508452241213779965e-01 3.157124519348144531e+00
9.900000000000000000e+01 2.447806069619242464e-01 4.602140512794611338e-01 3.167730569839477539e+00
1.000000000000000000e+02 4.516413600765738501e-01 2.492115435179396710e-01 3.156174898147583008e+00
1.010000000000000000e+02 2.428970485451374395e-01 4.523381856385611521e-01 3.166646003723144531e+00
1.020000000000000000e+02 4.506608700095078301e-01 2.469296316211700149e-01 3.155440568923950195e+00
1.030000000000000000e+02 2.416438413209481550e-01 4.502509059942392255e-01 3.165307044982910156e+00
1.040000000000000000e+02 4.531919596134216244e-01 2.443980079059077937e-01 3.154324531555175781e+00
1.050000000000000000e+02 2.462978790007959162e-01 4.546361981360482751e-01 3.165189027786254883e+00
1.060000000000000000e+02 4.530901913927199431e-01 2.449179835911136915e-01 3.155771017074584961e+00
1.070000000000000000e+02 2.440332613351116342e-01 4.539692176253468658e-01 3.164903879165649414e+00
1.080000000000000000e+02 4.540934492866642858e-01 2.464496162575146865e-01 3.156436443328857422e+00
1.090000000000000000e+02 2.491601988617886398e-01 4.553235280434579368e-01 3.165112972259521484e+00
1.100000000000000000e+02 4.557413356349787059e-01 2.476047116339285259e-01 3.157614946365356445e+00
1.110000000000000000e+02 2.476655913771948769e-01 4.574715993487109000e-01 3.165574073791503906e+00
1.120000000000000000e+02 4.539898893589507933e-01 2.452587242105076504e-01 3.156550884246826172e+00
1.130000000000000000e+02 2.452783250235961998e-01 4.529183896645922469e-01 3.165407896041870117e+00
1.140000000000000000e+02 4.529580534176767537e-01 2.471614250441938332e-01 3.155557394027709961e+00
1.150000000000000000e+02 2.451237474782035353e-01 4.552650828729236099e-01 3.164560079574584961e+00
1.160000000000000000e+02 4.509629421792070159e-01 2.435277622693375887e-01 3.154813528060913086e+00
1.170000000000000000e+02 2.443802200804640057e-01 4.550644325506693066e-01 3.164159059524536133e+00
1.180000000000000000e+02 4.560108203809163374e-01 2.478317480410019147e-01 3.154671430587768555e+00
1.190000000000000000e+02 2.454764195998217491e-01 4.547938123280265144e-01 3.165112018585205078e+00
1.200000000000000000e+02 4.545170324350635283e-01 2.444930955532047256e-01 3.156209945678710938e+00
1.210000000000000000e+02 2.492664092102016005e-01 4.467728538090436907e-01 3.164181470870971680e+00
1.220000000000000000e+02 4.568843739850590446e-01 2.434954410216878251e-01 3.157232999801635742e+00
1.230000000000000000e+02 2.459214470639893846e-01 4.491390792839343726e-01 3.164139509201049805e+00
1.240000000000000000e+02 4.561218082610014601e-01 2.439008206398016743e-01 3.156877040863037109e+00
1.250000000000000000e+02 2.472874361604631421e-01 4.487608616633520509e-01 3.164337396621704102e+00
1.260000000000000000e+02 4.540132887262756101e-01 2.431026626534099622e-01 3.157586097717285156e+00
1.270000000000000000e+02 2.445243281727278173e-01 4.476870350787560682e-01 3.163901567459106445e+00
1.280000000000000000e+02 4.511679568907686622e-01 2.452989063541376469e-01 3.156778097152709961e+00
1.290000000000000000e+02 2.477222501824825063e-01 4.485476278100732350e-01 3.164600610733032227e+00
1.300000000000000000e+02 4.521980082527784495e-01 2.416571888236523913e-01 3.157264947891235352e+00
1.310000000000000000e+02 2.448720177488536986e-01 4.533562889994535161e-01 3.163666963577270508e+00
1.320000000000000000e+02 4.519235532504311537e-01 2.482022847029646540e-01 3.155855417251586914e+00
1.330000000000000000e+02 2.427190418210889156e-01 4.570070188309174886e-01 3.165659427642822266e+00
1.340000000000000000e+02 4.561489075548451066e-01 2.455114709785209126e-01 3.155518054962158203e+00
1.350000000000000000e+02 2.474513019929807656e-01 4.521380110950418696e-01 3.164490938186645508e+00
1.360000000000000000e+02 4.564132258719636459e-01 2.446345950926306356e-01 3.156914949417114258e+00
1.370000000000000000e+02 2.467347750963518604e-01 4.469403645182566387e-01 3.163937091827392578e+00
1.380000000000000000e+02 4.519772665629531727e-01 2.468787372707630656e-01 3.156117439270019531e+00
1.390000000000000000e+02 2.420603649442946148e-01 4.569446471907629426e-01 3.165189027786254883e+00
1.400000000000000000e+02 4.524190168011932300e-01 2.500043977505124193e-01 3.154159545898437500e+00
1.410000000000000000e+02 2.444819998669691408e-01 4.564959809015761150e-01 3.166844606399536133e+00
1.420000000000000000e+02 4.518668275064495199e-01 2.474257707226891478e-01 3.155288934707641602e+00
1.430000000000000000e+02 2.425947151862590523e-01 4.547677602485760140e-01 3.165760040283203125e+00
1.440000000000000000e+02 4.520100775415936134e-01 2.471649396707715496e-01 3.155360460281372070e+00
1.450000000000000000e+02 2.470894248566931073e-01 4.504174632426586333e-01 3.166183948516845703e+00
1.460000000000000000e+02 4.536859520573494620e-01 2.438127506329990923e-01 3.156744480133056641e+00
1.470000000000000000e+02 2.457072017150918053e-01 4.496958442003450296e-01 3.164264917373657227e+00
1.480000000000000000e+02 4.543980374925742916e-01 2.432395464597208734e-01 3.157079458236694336e+00
1.490000000000000000e+02 2.505806936659470963e-01 4.508481480046581669e-01 3.164333105087280273e+00
1.500000000000000000e+02 4.559947536393698098e-01 2.424954566679055346e-01 3.158073425292968750e+00
1.510000000000000000e+02 2.512235781594716055e-01 4.484406806347623897e-01 3.164186000823974609e+00
1.520000000000000000e+02 4.549415605892971892e-01 2.433204306928515859e-01 3.158407926559448242e+00
1.530000000000000000e+02 2.490146833516714286e-01 4.528482529724712768e-01 3.163625955581665039e+00
1.540000000000000000e+02 4.563431685130542870e-01 2.487967837514785396e-01 3.156368970870971680e+00
1.550000000000000000e+02 2.503903769454704498e-01 4.567099764929328232e-01 3.165825605392456055e+00
1.560000000000000000e+02 4.528431491790312347e-01 2.456112720668047755e-01 3.157449960708618164e+00
1.570000000000000000e+02 2.480674803281713303e-01 4.577586901849058920e-01 3.164304494857788086e+00
1.580000000000000000e+02 4.563024384509610787e-01 2.486082470520978027e-01 3.158209562301635742e+00
1.590000000000000000e+02 2.496314629316228884e-01 4.550238562793082475e-01 3.166217565536499023e+00
1.600000000000000000e+02 4.576614523649195077e-01 2.473008425832280976e-01 3.159281015396118164e+00
1.610000000000000000e+02 2.492579739825536989e-01 4.558568230594542969e-01 3.165520429611206055e+00
1.620000000000000000e+02 4.568363335109453804e-01 2.454956520568975231e-01 3.157699584960937500e+00
1.630000000000000000e+02 2.485505934385442151e-01 4.491402113202788149e-01 3.165544986724853516e+00
1.640000000000000000e+02 4.623518181869513688e-01 2.401796383880475672e-01 3.158385992050170898e+00
1.650000000000000000e+02 2.547592731969418045e-01 4.488618533245876119e-01 3.165062427520751953e+00
1.660000000000000000e+02 4.598690844448765636e-01 2.447436985899835993e-01 3.159307479858398438e+00
1.670000000000000000e+02 2.483549526775807870e-01 4.489407592880426123e-01 3.164977550506591797e+00
1.680000000000000000e+02 4.605873574176930219e-01 2.418146147586108796e-01 3.157266378402709961e+00
1.690000000000000000e+02 2.443059089097540937e-01 4.480220377805294030e-01 3.163590431213378906e+00
1.700000000000000000e+02 4.555215135732031961e-01 2.440281597187776430e-01 3.155409574508666992e+00
1.710000000000000000e+02 2.429000378263742321e-01 4.539853948594405608e-01 3.164805889129638672e+00
1.720000000000000000e+02 4.520458413777915796e-01 2.487026227526121513e-01 3.156160593032836914e+00
1.730000000000000000e+02 2.453619401612710527e-01 4.519172963635545437e-01 3.165817499160766602e+00
1.740000000000000000e+02 4.535051757484599988e-01 2.440992461088317134e-01 3.155508518218994141e+00
1.750000000000000000e+02 2.445903677899493034e-01 4.490161990675715087e-01 3.163670063018798828e+00
1.760000000000000000e+02 4.573431300262115196e-01 2.406390721408793454e-01 3.155404090881347656e+00
1.770000000000000000e+02 2.436796770503438792e-01 4.486399735576355186e-01 3.162955045700073242e+00
1.780000000000000000e+02 4.559079303195616162e-01 2.432685620555899708e-01 3.155345439910888672e+00
1.790000000000000000e+02 2.438161233667186789e-01 4.504923558317612819e-01 3.163804531097412109e+00
1.800000000000000000e+02 4.542310856926889961e-01 2.414578033725220396e-01 3.155862569808959961e+00
1.810000000000000000e+02 2.499947083853850949e-01 4.470980875821246592e-01 3.163855552673339844e+00
1.820000000000000000e+02 4.564897396319324563e-01 2.394895899468799938e-01 3.157944917678833008e+00
1.830000000000000000e+02 2.473493835743308666e-01 4.510000490332076173e-01 3.163280963897705078e+00
1.840000000000000000e+02 4.544151901475509403e-01 2.450315793263434239e-01 3.157294034957885742e+00
1.850000000000000000e+02 2.433315777191455420e-01 4.538616661180313594e-01 3.165177106857299805e+00
1.860000000000000000e+02 4.512709718938550663e-01 2.458876201766030389e-01 3.155873060226440430e+00
1.870000000000000000e+02 2.427527135973229222e-01 4.533949057627906232e-01 3.165324449539184570e+00
1.880000000000000000e+02 4.512686968201836124e-01 2.437241602393054596e-01 3.155253887176513672e+00
1.890000000000000000e+02 2.460265850010022459e-01 4.510082296849197148e-01 3.164477109909057617e+00
1.900000000000000000e+02 4.568005209148295886e-01 2.432498576386805667e-01 3.156535387039184570e+00
1.910000000000000000e+02 2.467296535274025038e-01 4.501860314014706765e-01 3.163892030715942383e+00
1.920000000000000000e+02 4.520839976147729145e-01 2.452008535902228392e-01 3.156063556671142578e+00
1.930000000000000000e+02 2.450154189082221490e-01 4.527731029038611354e-01 3.165124893188476562e+00
1.940000000000000000e+02 4.519046824789260119e-01 2.476977416401475729e-01 3.155998468399047852e+00
1.950000000000000000e+02 2.479870289370032233e-01 4.515972687541157660e-01 3.166311502456665039e+00
1.960000000000000000e+02 4.561486740616437774e-01 2.463468496450559042e-01 3.157118082046508789e+00
1.970000000000000000e+02 2.470031985385581497e-01 4.521474720327541275e-01 3.164828062057495117e+00
1.980000000000000000e+02 4.573943961518739942e-01 2.470979361566211230e-01 3.156899929046630859e+00
1.990000000000000000e+02 2.486866694006189815e-01 4.520420612040149111e-01 3.165677070617675781e+00
2.000000000000000000e+02 4.547873849729530682e-01 2.461993828454845656e-01 3.157228469848632812e+00
2.010000000000000000e+02 2.451284339016367164e-01 4.516251907965487256e-01 3.164836406707763672e+00
2.020000000000000000e+02 4.581415631422434132e-01 2.421306376523529869e-01 3.156984567642211914e+00
2.030000000000000000e+02 2.499494368743978567e-01 4.482236473410780020e-01 3.163953542709350586e+00
2.040000000000000000e+02 4.488488495547084400e-01 2.449541725990175278e-01 3.156867504119873047e+00
2.050000000000000000e+02 2.456097186900189633e-01 4.516175800625278347e-01 3.164434909820556641e+00
2.060000000000000000e+02 4.537268483803980623e-01 2.433142597259310702e-01 3.155925512313842773e+00
2.070000000000000000e+02 2.463670290662808848e-01 4.525926634659824255e-01 3.163974046707153320e+00
2.080000000000000000e+02 4.555479660779038209e-01 2.460629320055587044e-01 3.156584978103637695e+00
2.090000000000000000e+02 2.453965088744376744e-01 4.490144957649609969e-01 3.165211439132690430e+00
2.100000000000000000e+02 4.544178376533350994e-01 2.459590556096663272e-01 3.156408071517944336e+00
2.110000000000000000e+02 2.452591630527133915e-01 4.520787756676478142e-01 3.165367603302001953e+00
2.120000000000000000e+02 4.538391937575223523e-01 2.437129564826843731e-01 3.156531095504760742e+00
2.130000000000000000e+02 2.462017929123119786e-01 4.523732054770248090e-01 3.163873910903930664e+00
2.140000000000000000e+02 4.542052208185496376e-01 2.475878105174169064e-01 3.157130956649780273e+00
2.150000000000000000e+02 2.479211777851763332e-01 4.577930038461733298e-01 3.165055036544799805e+00
2.160000000000000000e+02 4.539369367977302838e-01 2.482648499423961708e-01 3.156799554824829102e+00
2.170000000000000000e+02 2.476332785169842732e-01 4.526435785690811064e-01 3.165592908859252930e+00
2.180000000000000000e+02 4.569397419632877932e-01 2.450420233487580757e-01 3.156464576721191406e+00
2.190000000000000000e+02 2.484390686449993724e-01 4.521167649643593189e-01 3.164867877960205078e+00
2.200000000000000000e+02 4.536675070650447172e-01 2.470048651468868817e-01 3.156900882720947266e+00
2.210000000000000000e+02 2.442091159518289534e-01 4.477845537368215778e-01 3.165858983993530273e+00
2.220000000000000000e+02 4.523313034905133700e-01 2.430571512934472655e-01 3.154934406280517578e+00
2.230000000000000000e+02 2.447910121231298419e-01 4.543082136717495612e-01 3.164203882217407227e+00
2.240000000000000000e+02 4.572907775382619167e-01 2.436023263157339191e-01 3.155829906463623047e+00
2.250000000000000000e+02 2.445633041590294376e-01 4.546677044423251268e-01 3.164328098297119141e+00
2.260000000000000000e+02 4.507312059678843519e-01 2.422385501811486486e-01 3.155707597732543945e+00
2.270000000000000000e+02 2.409831604519314108e-01 4.535867520765990979e-01 3.164216041564941406e+00
2.280000000000000000e+02 4.458439691697440588e-01 2.391262276328598446e-01 3.155097007751464844e+00
2.290000000000000000e+02 2.416764214508730357e-01 4.508131125829284991e-01 3.162808895111083984e+00
2.300000000000000000e+02 4.496992175772276945e-01 2.438667856803009293e-01 3.154465436935424805e+00
2.310000000000000000e+02 2.411640221409421248e-01 4.493054709080754328e-01 3.164647102355957031e+00
2.320000000000000000e+02 4.461058617390050718e-01 2.473030768767681131e-01 3.154744386672973633e+00
2.330000000000000000e+02 2.429605529428760236e-01 4.583678962715732053e-01 3.165765047073364258e+00
2.340000000000000000e+02 4.478615913784999014e-01 2.461624858626040857e-01 3.154803991317749023e+00
2.350000000000000000e+02 2.417605460409180396e-01 4.564960845012828727e-01 3.166039943695068359e+00
2.360000000000000000e+02 4.495185630988925429e-01 2.458113233217774640e-01 3.154906034469604492e+00
2.370000000000000000e+02 2.405004423078307418e-01 4.502903625925770426e-01 3.165246963500976562e+00
2.380000000000000000e+02 4.509748341949956774e-01 2.438900697137545981e-01 3.154586076736450195e+00
2.390000000000000000e+02 2.432041012904936628e-01 4.554213417139511000e-01 3.164922952651977539e+00
2.400000000000000000e+02 4.510243295123596008e-01 2.426457991866189934e-01 3.155184030532836914e+00
2.410000000000000000e+02 2.426723785168815317e-01 4.497689613399959430e-01 3.163335084915161133e+00
2.420000000000000000e+02 4.472305851075699668e-01 2.427738805941150046e-01 3.154685497283935547e+00
2.430000000000000000e+02 2.393826766339220979e-01 4.519040233781559390e-01 3.163599014282226562e+00
2.440000000000000000e+02 4.463675812378322116e-01 2.447122723487853146e-01 3.153182029724121094e+00
2.450000000000000000e+02 2.458260274662421863e-01 4.497144044622621850e-01 3.163747072219848633e+00
2.460000000000000000e+02 4.546621504890014376e-01 2.387438731818131710e-01 3.155447006225585938e+00
2.470000000000000000e+02 2.484934923377333238e-01 4.444453102861515847e-01 3.161866426467895508e+00
2.480000000000000000e+02 4.538560372398748877e-01 2.419831126842766633e-01 3.156140565872192383e+00
2.490000000000000000e+02 2.458249946420579535e-01 4.508930256609762766e-01 3.163991928100585938e+00
2.500000000000000000e+02 4.535166967169872443e-01 2.427746460613064705e-01 3.155490875244140625e+00
2.510000000000000000e+02 2.444147864384168256e-01 4.526020535723123128e-01 3.163762569427490234e+00
2.520000000000000000e+02 4.558198552638064172e-01 2.425532485603530686e-01 3.156225442886352539e+00
2.530000000000000000e+02 2.535414407675014026e-01 4.555942576249854548e-01 3.164639472961425781e+00
2.540000000000000000e+02 4.588586872545098450e-01 2.472013592286491923e-01 3.159663438796997070e+00
2.550000000000000000e+02 2.511238958618194905e-01 4.569990983883813196e-01 3.167100429534912109e+00
2.560000000000000000e+02 4.583598364686368165e-01 2.483133462349111642e-01 3.158692598342895508e+00
2.570000000000000000e+02 2.467561860001349916e-01 4.551193415829963285e-01 3.166476488113403320e+00
2.580000000000000000e+02 4.544268381267971835e-01 2.434653935393071844e-01 3.156613588333129883e+00
2.590000000000000000e+02 2.501763721672368157e-01 4.489314232147824102e-01 3.165885448455810547e+00
2.600000000000000000e+02 4.578415203211969042e-01 2.475822363122255343e-01 3.157177925109863281e+00
2.610000000000000000e+02 2.471853325865289996e-01 4.537260626746696945e-01 3.165946483612060547e+00
2.620000000000000000e+02 4.574750873346671853e-01 2.464701036967444914e-01 3.156842947006225586e+00
2.630000000000000000e+02 2.498551019423709829e-01 4.500297387384591952e-01 3.166779518127441406e+00
2.640000000000000000e+02 4.530440111722566776e-01 2.438456446444712822e-01 3.158524513244628906e+00
2.650000000000000000e+02 2.489745922884655516e-01 4.525410176630338954e-01 3.166111946105957031e+00
2.660000000000000000e+02 4.536499059501569175e-01 2.457239366742132725e-01 3.157660484313964844e+00
2.670000000000000000e+02 2.421773510394668039e-01 4.505687799130979054e-01 3.165435075759887695e+00
2.680000000000000000e+02 4.557122628985234569e-01 2.424335204266444554e-01 3.155879020690917969e+00
2.690000000000000000e+02 2.518348965455327604e-01 4.510686890433773799e-01 3.164490938186645508e+00
2.700000000000000000e+02 4.536029101393309060e-01 2.454211546126583432e-01 3.157936096191406250e+00
2.710000000000000000e+02 2.474934686176118726e-01 4.486545772893366646e-01 3.165449380874633789e+00
2.720000000000000000e+02 4.523833414116220641e-01 2.483839911816217716e-01 3.156939983367919922e+00
2.730000000000000000e+02 2.436628030658073429e-01 4.555887206227482444e-01 3.165849924087524414e+00
2.740000000000000000e+02 4.566920330210607060e-01 2.426843700033432250e-01 3.155963897705078125e+00
2.750000000000000000e+02 2.482052111267204764e-01 4.542684304620320246e-01 3.164010524749755859e+00
2.760000000000000000e+02 4.561925050617169908e-01 2.492151969211801321e-01 3.157685518264770508e+00
2.770000000000000000e+02 2.489724551713953238e-01 4.524139013419136157e-01 3.166236400604248047e+00
2.780000000000000000e+02 4.498789253580823266e-01 2.489571194650385955e-01 3.157685041427612305e+00
2.790000000000000000e+02 2.441206889122334578e-01 4.518069540580315069e-01 3.166815996170043945e+00
2.800000000000000000e+02 4.511859447268213308e-01 2.452605347900589650e-01 3.155339956283569336e+00
2.810000000000000000e+02 2.405541985705199892e-01 4.552363132886390051e-01 3.164406061172485352e+00
2.820000000000000000e+02 4.527040883241170155e-01 2.477279196374901071e-01 3.154382944107055664e+00
2.830000000000000000e+02 2.471690397291899932e-01 4.544158425306638605e-01 3.165375947952270508e+00
2.840000000000000000e+02 4.531655893459030637e-01 2.473821820491515222e-01 3.155974388122558594e+00
2.850000000000000000e+02 2.429924321528234288e-01 4.543794109630412970e-01 3.166132926940917969e+00
2.860000000000000000e+02 4.485693043922019396e-01 2.479739585915094191e-01 3.154824495315551758e+00
2.870000000000000000e+02 2.458586012287900524e-01 4.492043568961515132e-01 3.166131496429443359e+00
2.880000000000000000e+02 4.550610065468834176e-01 2.428216013849751054e-01 3.155764102935791016e+00
2.890000000000000000e+02 2.448825651488454047e-01 4.523175669252049724e-01 3.164339065551757812e+00
2.900000000000000000e+02 4.503450804659747120e-01 2.404752124254285195e-01 3.156163454055786133e+00
2.910000000000000000e+02 2.451045830776512335e-01 4.496511661310888530e-01 3.162927389144897461e+00
2.920000000000000000e+02 4.506137723468240930e-01 2.449962666507726206e-01 3.155146598815917969e+00
2.930000000000000000e+02 2.429627628365075565e-01 4.524612846209415395e-01 3.164256095886230469e+00
2.940000000000000000e+02 4.495414166725537619e-01 2.416633091231592256e-01 3.154578924179077148e+00
2.950000000000000000e+02 2.481490179369356119e-01 4.457924620050224829e-01 3.163999557495117188e+00
2.960000000000000000e+02 4.529170394865290050e-01 2.421237058895704675e-01 3.156810045242309570e+00
2.970000000000000000e+02 2.457984586904704838e-01 4.498638122612666490e-01 3.163513422012329102e+00
2.980000000000000000e+02 4.535556435780095930e-01 2.460138212761485699e-01 3.156340599060058594e+00
2.990000000000000000e+02 2.438024550084246789e-01 4.547120783968021662e-01 3.164159536361694336e+00
3.000000000000000000e+02 4.493872196628797000e-01 2.430475019969176032e-01 3.155944108963012695e+00
3.010000000000000000e+02 2.467849350954485488e-01 4.448173507672581461e-01 3.164688587188720703e+00
3.020000000000000000e+02 4.550854148566816915e-01 2.424920068090041791e-01 3.155860900878906250e+00
3.030000000000000000e+02 2.418763186192333658e-01 4.535906992136478078e-01 3.164524078369140625e+00
3.040000000000000000e+02 4.531138773660245422e-01 2.447568078845832606e-01 3.154983043670654297e+00
3.050000000000000000e+02 2.440330786253038509e-01 4.564189354030543933e-01 3.164674997329711914e+00
3.060000000000000000e+02 4.531845064788011523e-01 2.502629136740258109e-01 3.155339002609252930e+00
3.070000000000000000e+02 2.443348272240726260e-01 4.561331668009448448e-01 3.166919946670532227e+00
3.080000000000000000e+02 4.535015000472666369e-01 2.510618767258469552e-01 3.155493021011352539e+00
3.090000000000000000e+02 2.496761645594158807e-01 4.556860908510901309e-01 3.166980028152465820e+00
3.100000000000000000e+02 4.569597867782165812e-01 2.480244509797982777e-01 3.157660007476806641e+00
3.110000000000000000e+02 2.451593590942060530e-01 4.544987919441313418e-01 3.166174888610839844e+00
3.120000000000000000e+02 4.474415256424276177e-01 2.453295924897305746e-01 3.155699491500854492e+00
3.130000000000000000e+02 2.453202025075851556e-01 4.548494269496935472e-01 3.165761470794677734e+00
3.140000000000000000e+02 4.504252494389129891e-01 2.446518450470993589e-01 3.155760526657104492e+00
3.150000000000000000e+02 2.434191680035443783e-01 4.536814746070930160e-01 3.164766550064086914e+00
3.160000000000000000e+02 4.491470349681358498e-01 2.431491359580004730e-01 3.154799938201904297e+00
3.170000000000000000e+02 2.436066617823963720e-01 4.512968235063911648e-01 3.164375066757202148e+00
3.180000000000000000e+02 4.444523196623377248e-01 2.404690468146696847e-01 3.155716896057128906e+00
3.190000000000000000e+02 2.420241314890081152e-01 4.437412025841094843e-01 3.163170576095581055e+00
3.200000000000000000e+02 4.547038184151829809e-01 2.427270639315977085e-01 3.155154943466186523e+00
3.210000000000000000e+02 2.476787940539597332e-01 4.534451712540628066e-01 3.164461374282836914e+00
3.220000000000000000e+02 4.545107833395425900e-01 2.462691202780916133e-01 3.156610488891601562e+00
3.230000000000000000e+02 2.437836371010951297e-01 4.589461129510661874e-01 3.165949583053588867e+00
3.240000000000000000e+02 4.542342306946224317e-01 2.446026012474468159e-01 3.155238389968872070e+00
3.250000000000000000e+02 2.412719497379993416e-01 4.525519879943302182e-01 3.163981437683105469e+00
3.260000000000000000e+02 4.556852396715571074e-01 2.466178144527604310e-01 3.154755592346191406e+00
3.270000000000000000e+02 2.468588286865689152e-01 4.566493779746354509e-01 3.165196418762207031e+00
3.280000000000000000e+02 4.487569988634785845e-01 2.477296215088714559e-01 3.156057596206665039e+00
3.290000000000000000e+02 2.461035993557096901e-01 4.519736752684161973e-01 3.166219949722290039e+00
3.300000000000000000e+02 4.510065271854165059e-01 2.448368999743698315e-01 3.156134605407714844e+00
3.310000000000000000e+02 2.471875018159084281e-01 4.514960360417950014e-01 3.165684461593627930e+00
3.320000000000000000e+02 4.520076593889408856e-01 2.430954161744034725e-01 3.156612873077392578e+00
3.330000000000000000e+02 2.448456606431118343e-01 4.504807736153492170e-01 3.163978099822998047e+00
3.340000000000000000e+02 4.508174327541399906e-01 2.406711386918870821e-01 3.156764507293701172e+00
3.350000000000000000e+02 2.414764992909441133e-01 4.498873941490885153e-01 3.163318395614624023e+00
3.360000000000000000e+02 4.498670035127794176e-01 2.461909902495858504e-01 3.155718564987182617e+00
3.370000000000000000e+02 2.460510184563446667e-01 4.538191621274909049e-01 3.164449453353881836e+00
3.380000000000000000e+02 4.527728185324205734e-01 2.469886042601913134e-01 3.156763076782226562e+00
3.390000000000000000e+02 2.506908463450903124e-01 4.502336623410608807e-01 3.165756940841674805e+00
3.400000000000000000e+02 4.580000529613381666e-01 2.420471533552873145e-01 3.158082962036132812e+00
3.410000000000000000e+02 2.496615281371920292e-01 4.476263282176219938e-01 3.164241552352905273e+00
3.420000000000000000e+02 4.597839459934062178e-01 2.429311949976908636e-01 3.158180952072143555e+00
3.430000000000000000e+02 2.475590254951710034e-01 4.513842988921159538e-01 3.164689064025878906e+00
3.440000000000000000e+02 4.577963152197941366e-01 2.451829119879204710e-01 3.156161069869995117e+00
3.450000000000000000e+02 2.451663345940784944e-01 4.532878399050643270e-01 3.165682077407836914e+00
3.460000000000000000e+02 4.575886081142029882e-01 2.456219740778823324e-01 3.155291557312011719e+00
3.470000000000000000e+02 2.456074460843886698e-01 4.494686830755945106e-01 3.164800405502319336e+00
3.480000000000000000e+02 4.576576243001927446e-01 2.386477205644646216e-01 3.156261444091796875e+00
3.490000000000000000e+02 2.467157888595782889e-01 4.504298831524394253e-01 3.162807941436767578e+00
3.500000000000000000e+02 4.540110333987517066e-01 2.449640918541124979e-01 3.156773090362548828e+00
3.510000000000000000e+02 2.442814299516755383e-01 4.471537602141972823e-01 3.163416385650634766e+00
3.520000000000000000e+02 4.573105632998192838e-01 2.432967512952979028e-01 3.155386447906494141e+00
3.530000000000000000e+02 2.466407602357462980e-01 4.513394783132612109e-01 3.163745403289794922e+00
3.540000000000000000e+02 4.518615170412030313e-01 2.424002527918323047e-01 3.156529426574707031e+00
3.550000000000000000e+02 2.443191734817481420e-01 4.508401347865503839e-01 3.163231372833251953e+00
3.560000000000000000e+02 4.465437076135774785e-01 2.413937749781399356e-01 3.155441045761108398e+00
3.570000000000000000e+02 2.404277175530923905e-01 4.537982465405738797e-01 3.164372920989990234e+00
3.580000000000000000e+02 4.565508580185108634e-01 2.416808759742105073e-01 3.154682397842407227e+00
3.590000000000000000e+02 2.463619254686383320e-01 4.512733074854949900e-01 3.164120912551879883e+00
3.600000000000000000e+02 4.511708641174844159e-01 2.452937218238812611e-01 3.156343460083007812e+00
3.610000000000000000e+02 2.440616633176426464e-01 4.508844691111549841e-01 3.164873600006103516e+00
3.620000000000000000e+02 4.573011451721197274e-01 2.434723191083679739e-01 3.156786441802978516e+00
3.630000000000000000e+02 2.454836869914982511e-01 4.542666373644872468e-01 3.165529966354370117e+00
3.640000000000000000e+02 4.570405316835757237e-01 2.462487366598413996e-01 3.156592607498168945e+00
3.650000000000000000e+02 2.490950938013941907e-01 4.535104154366884077e-01 3.165654420852661133e+00
3.660000000000000000e+02 4.540990185196260298e-01 2.476392549809652843e-01 3.157928466796875000e+00
3.670000000000000000e+02 2.455132409330627874e-01 4.584454571066712281e-01 3.165990591049194336e+00
3.680000000000000000e+02 4.440255429447941826e-01 2.492245387956579794e-01 3.156403064727783203e+00
3.690000000000000000e+02 2.387067785257065977e-01 4.502637984480761801e-01 3.166227579116821289e+00
3.700000000000000000e+02 4.493537339375739403e-01 2.434623929036210943e-01 3.153912544250488281e+00
3.710000000000000000e+02 2.432001822924311774e-01 4.545827528028899556e-01 3.165350914001464844e+00
3.720000000000000000e+02 4.521325007670666807e-01 2.449797779523417984e-01 3.155416488647460938e+00
3.730000000000000000e+02 2.446653030434938203e-01 4.507368638018216522e-01 3.164319992065429688e+00
3.740000000000000000e+02 4.509499547357213034e-01 2.440604516295277193e-01 3.155292510986328125e+00
3.750000000000000000e+02 2.464298520224611488e-01 4.492945116487708779e-01 3.163385391235351562e+00
3.760000000000000000e+02 4.562933899143268857e-01 2.411288404528317830e-01 3.157156467437744141e+00
3.770000000000000000e+02 2.507421824296589552e-01 4.504678419696995784e-01 3.162916898727416992e+00
3.780000000000000000e+02 4.514974472006914596e-01 2.445836396518433764e-01 3.158371925354003906e+00
3.790000000000000000e+02 2.436085429774725586e-01 4.489863974378131006e-01 3.164303541183471680e+00
3.800000000000000000e+02 4.501021002904136981e-01 2.444840903244170083e-01 3.155628919601440430e+00
3.810000000000000000e+02 2.450126325580507525e-01 4.510490271158696385e-01 3.164672374725341797e+00
3.820000000000000000e+02 4.480097580189157935e-01 2.452123395943085205e-01 3.156431436538696289e+00
3.830000000000000000e+02 2.440979120745203623e-01 4.502588848102149766e-01 3.164094448089599609e+00
3.840000000000000000e+02 4.577160697818686286e-01 2.422041711908724526e-01 3.155669450759887695e+00
3.850000000000000000e+02 2.460853595799151194e-01 4.476406951558807856e-01 3.164268970489501953e+00
3.860000000000000000e+02 4.539355093197384727e-01 2.398846903376253004e-01 3.155883073806762695e+00
3.870000000000000000e+02 2.435355093318854469e-01 4.482453260201288425e-01 3.162878990173339844e+00
3.880000000000000000e+02 4.508424647709337596e-01 2.393357853839743477e-01 3.155034542083740234e+00
3.890000000000000000e+02 2.428779460151149205e-01 4.506139931913356600e-01 3.162888050079345703e+00
3.900000000000000000e+02 4.495612916573414330e-01 2.419633070029044986e-01 3.154879570007324219e+00
3.910000000000000000e+02 2.482207214341113355e-01 4.494195228604216386e-01 3.164198398590087891e+00
3.920000000000000000e+02 4.540107150214038878e-01 2.393338766437486109e-01 3.155926942825317383e+00
3.930000000000000000e+02 2.480931918707769412e-01 4.493043443129909331e-01 3.163687467575073242e+00
3.940000000000000000e+02 4.549094672839157361e-01 2.434340688215331783e-01 3.157123565673828125e+00
3.950000000000000000e+02 2.476893410228354075e-01 4.490915793041506121e-01 3.164331912994384766e+00
3.960000000000000000e+02 4.592678554300721472e-01 2.405616120743147290e-01 3.157003402709960938e+00
3.970000000000000000e+02 2.482913682218687579e-01 4.483100685428889620e-01 3.163747072219848633e+00
3.980000000000000000e+02 4.558450557959389249e-01 2.464287699181796631e-01 3.156120538711547852e+00
