0.000000000000000000e+00 1.920267398195392994e-01 2.584546299133400060e-02 2.996530532836914062e+00
1.000000000000000000e+00 1.010209329148716861e-01 1.997731312599387854e-01 2.994152069091796875e+00
2.000000000000000000e+00 3.380814702190721444e-01 9.924840539513088422e-02 3.082809925079345703e+00
3.000000000000000000e+00 1.676955173319764625e-01 3.277836242093469798e-01 3.078765392303466797e+00
4.000000000000000000e+00 3.934831068344638583e-01 1.609481442450912958e-01 3.116889476776123047e+00
5.000000000000000000e+00 1.940114665670773508e-01 3.757537231853507187e-01 3.110609054565429688e+00
6.000000000000000000e+00 4.064201913069330208e-01 1.857581542535538532e-01 3.128772974014282227e+00
7.000000000000000000e+00 2.007605341881423811e-01 4.027892125083140096e-01 3.122980594635009766e+00
8.000000000000000000e+00 4.140240812284673444e-01 2.001883998018698096e-01 3.132333993911743164e+00
9.000000000000000000e+00 2.074146226889788946e-01 4.082882585613022419e-01 3.128743410110473633e+00
1.000000000000000000e+01 4.218476051279568817e-01 2.053519828002663139e-01 3.134683609008789062e+00
1.100000000000000000e+01 2.064210535267718138e-01 4.169767291451309532e-01 3.131552457809448242e+00
1.200000000000000000e+01 4.153830267935234022e-01 2.060377287826569148e-01 3.135225534439086914e+00
1.300000000000000000e+01 2.078371404532932121e-01 4.139890763829656706e-01 3.131179571151733398e+00
1.400000000000000000e+01 4.183554341829142098e-01 2.061067994335293863e-01 3.135932922363281250e+00
1.500000000000000000e+01 2.056621208103971976e-01 4.162683621430963155e-01 3.132467985153198242e+00
1.600000000000000000e+01 4.147915229436919815e-01 2.077946434791482777e-01 3.134633541107177734e+00
1.700000000000000000e+01 2.054699390825127092e-01 4.168612916772526100e-01 3.132780551910400391e+00
1.800000000000000000e+01 4.111787641540500804e-01 2.058302143106280346e-01 3.134460449218750000e+00
1.900000000000000000e+01 2.049155762606998110e-01 4.150634789798795521e-01 3.131555557250976562e+00
2.000000000000000000e+01 4.182678410012819481e-01 2.074531066143083524e-01 3.134835958480834961e+00
2.100000000000000000e+01 2.071252681881061153e-01 4.145301007397171889e-01 3.131880521774291992e+00
2.200000000000000000e+01 4.142074403517175818e-01 2.056834775853948472e-01 3.135216474533081055e+00
2.300000000000000000e+01 2.037678043428153285e-01 4.155382848839504484e-01 3.131520032882690430e+00
2.400000000000000000e+01 4.179291164646435908e-01 2.073097443618368008e-01 3.133459091186523438e+00
2.500000000000000000e+01 2.099273696365112629e-01 4.133156747854035973e-01 3.131759405136108398e+00
2.600000000000000000e+01 4.200694684617718444e-01 2.061672102452485056e-01 3.136362075805664062e+00
2.700000000000000000e+01 2.114943928097360037e-01 4.127903787603171004e-01 3.131702423095703125e+00
2.800000000000000000e+01 4.197985852707731835e-01 2.069470359549469285e-01 3.136667490005493164e+00
2.900000000000000000e+01 2.131539631250992939e-01 4.197458785492905742e-01 3.131306886672973633e+00
3.000000000000000000e+01 4.246767476323404233e-01 2.092037319152246222e-01 3.137598037719726562e+00
3.100000000000000000e+01 2.089920175311334449e-01 4.166254063777798389e-01 3.132638931274414062e+00
3.200000000000000000e+01 4.173426796694089114e-01 2.047495557968851410e-01 3.136132001876831055e+00
3.300000000000000000e+01 2.053958231125859735e-01 4.161909373683085334e-01 3.130620956420898438e+00
3.400000000000000000e+01 4.126893674228117592e-01 2.046805512700839436e-01 3.134421110153198242e+00
3.500000000000000000e+01 2.053308153129597136e-01 4.178824479277424286e-01 3.131134510040283203e+00
3.600000000000000000e+01 4.199292573441724130e-01 2.077180830467082462e-01 3.133897066116333008e+00
3.700000000000000000e+01 2.072824771253936604e-01 4.212999667774944834e-01 3.132317543029785156e+00
3.800000000000000000e+01 4.167192261711799017e-01 2.089162930875862190e-01 3.135324001312255859e+00
3.900000000000000000e+01 2.049383551591913433e-01 4.158644749085853021e-01 3.132427930831909180e+00
4.000000000000000000e+01 4.164897977961757314e-01 2.001228853160929855e-01 3.134398937225341797e+00
4.100000000000000000e+01 2.062201340120052018e-01 4.131255079132747365e-01 3.130018949508666992e+00
4.200000000000000000e+01 4.143026112938848482e-01 2.045681946945766827e-01 3.134471416473388672e+00
4.300000000000000000e+01 2.083596703917821036e-01 4.166163849743385050e-01 3.131289005279541016e+00
4.400000000000000000e+01 4.136270453501843525e-01 2.071093865641886744e-01 3.134419441223144531e+00
4.500000000000000000e+01 2.036780464714090522e-01 4.224698579703668466e-01 3.132147550582885742e+00
4.600000000000000000e+01 4.157742141344901721e-01 2.078071948360198651e-01 3.133204936981201172e+00
4.700000000000000000e+01 2.064382452857448647e-01 4.189561005958410411e-01 3.131264448165893555e+00
4.800000000000000000e+01 4.143292304347319099e-01 2.086821629678106971e-01 3.134506940841674805e+00
4.900000000000000000e+01 2.043566846831666173e-01 4.147698009831534693e-01 3.132067918777465820e+00
5.000000000000000000e+01 4.211447343263128862e-01 2.082337151585571811e-01 3.133521556854248047e+00
5.100000000000000000e+01 2.088295867308170572e-01 4.177932375372428453e-01 3.131654500961303711e+00
5.200000000000000000e+01 4.200001575498331641e-01 2.040688068756447981e-01 3.135989427566528320e+00
5.300000000000000000e+01 2.074886739873582908e-01 4.184118637743201585e-01 3.130728006362915039e+00
5.400000000000000000e+01 4.174929713355318706e-01 2.116882419320258168e-01 3.135339021682739258e+00
5.500000000000000000e+01 2.085567597929696149e-01 4.224571380846716684e-01 3.133630514144897461e+00
5.600000000000000000e+01 4.214677976327694808e-01 2.106247593016658815e-01 3.135006904602050781e+00
5.700000000000000000e+01 2.084747748397207112e-01 4.177975083678874824e-01 3.133482456207275391e+00
5.800000000000000000e+01 4.157415873120118288e-01 2.122024531072159714e-01 3.135909080505371094e+00
5.900000000000000000e+01 2.082283865331416017e-01 4.183720829284012788e-01 3.133181571960449219e+00
6.000000000000000000e+01 4.138290141124204569e-01 2.093791871197581977e-01 3.135861873626708984e+00
6.100000000000000000e+01 2.075052736116969332e-01 4.165032908673920731e-01 3.133062601089477539e+00
6.200000000000000000e+01 4.142598418869757326e-01 2.085880123328852920e-01 3.135668992996215820e+00
6.300000000000000000e+01 2.111984881591746077e-01 4.146473561761938043e-01 3.132294416427612305e+00
6.400000000000000000e+01 4.162350140096391926e-01 2.059077270631852474e-01 3.136176586151123047e+00
6.500000000000000000e+01 2.067472452199228816e-01 4.163667253803560175e-01 3.131319046020507812e+00
6.600000000000000000e+01 4.180411787942697188e-01 2.059497170855448256e-01 3.134304046630859375e+00
6.700000000000000000e+01 2.049572732099852190e-01 4.178258331407155302e-01 3.131218433380126953e+00
6.800000000000000000e+01 4.160616397881187756e-01 2.079294382301210831e-01 3.134078502655029297e+00
6.900000000000000000e+01 2.035327093230394624e-01 4.197133269013497703e-01 3.132998466491699219e+00
7.000000000000000000e+01 4.125873020977225969e-01 2.089630736711233783e-01 3.133639097213745117e+00
7.100000000000000000e+01 2.019528978164606692e-01 4.182348222604854171e-01 3.133032560348510742e+00
7.200000000000000000e+01 4.153478146613774347e-01 2.074568568341584873e-01 3.132149457931518555e+00
7.300000000000000000e+01 2.077351831364541990e-01 4.195416506582955729e-01 3.131684064865112305e+00
7.400000000000000000e+01 4.126480999601551680e-01 2.096676729641386017e-01 3.134783983230590820e+00
7.500000000000000000e+01 2.066795331069413988e-01 4.135418036913657280e-01 3.132390022277832031e+00
7.600000000000000000e+01 4.141744755917511345e-01 2.067710723591187350e-01 3.134382963180541992e+00
7.700000000000000000e+01 2.052219688358304372e-01 4.122995919003339949e-01 3.131318569183349609e+00
7.800000000000000000e+01 4.106844644611552519e-01 2.010954852668491999e-01 3.134212970733642578e+00
7.900000000000000000e+01 2.051172073478330915e-01 4.145057350019835107e-01 3.129348516464233398e+00
8.000000000000000000e+01 4.188184308488936414e-01 2.050420145193109500e-01 3.134018898010253906e+00
8.100000000000000000e+01 2.063310651594320311e-01 4.110685692749848075e-01 3.130665063858032227e+00
8.200000000000000000e+01 4.168446960058112549e-01 2.034425486272716799e-01 3.135697603225708008e+00
8.300000000000000000e+01 2.084356146684397948e-01 4.161909563249530097e-01 3.130832433700561523e+00
8.400000000000000000e+01 4.157279785851158427e-01 2.074466292787659483e-01 3.135083436965942383e+00
8.500000000000000000e+01 2.108661172217912438e-01 4.200576775658107498e-01 3.132358551025390625e+00
8.600000000000000000e+01 4.222795920659876412e-01 2.089874434023682448e-01 3.136246919631958008e+00
8.700000000000000000e+01 2.090720225548851618e-01 4.233643974620691086e-01 3.132081508636474609e+00
8.800000000000000000e+01 4.180507635075915718e-01 2.076959471539493729e-01 3.135778903961181641e+00
8.900000000000000000e+01 2.055523283090990860e-01 4.197028091319593424e-01 3.132750034332275391e+00
9.000000000000000000e+01 4.211716301779063198e-01 2.106408050638995388e-01 3.135297536849975586e+00
9.100000000000000000e+01 2.113175999510407688e-01 4.179298516501866456e-01 3.133739471435546875e+00
9.200000000000000000e+01 4.199115290053719862e-01 2.102246442313874530e-01 3.137635946273803711e+00
9.300000000000000000e+01 2.103884397814883844e-01 4.205622367709176412e-01 3.133368015289306641e+00
9.400000000000000000e+01 4.165109498216223449e-01 2.090262084840368850e-01 3.136444568634033203e+00
9.500000000000000000e+01 2.047541371253583931e-01 4.141787364549091577e-01 3.132731914520263672e+00
9.600000000000000000e+01 4.161783355236107207e-01 2.051069812842195861e-01 3.133874416351318359e+00
9.700000000000000000e+01 2.094997873428018909e-01 4.177159753183526392e-01 3.131463527679443359e+00
9.800000000000000000e+01 4.180445295136190897e-01 2.059349182668460398e-01 3.135380029678344727e+00
9.900000000000000000e+01 2.110038510094024988e-01 4.185791512469957398e-01 3.131308078765869141e+00
1.000000000000000000e+02 4.204084968281423529e-01 2.048592564892733614e-01 3.137766599655151367e+00
1.010000000000000000e+02 2.127786156881948942e-01 4.157098149404136467e-01 3.130806446075439453e+00
1.020000000000000000e+02 4.214620032760188484e-01 2.066037582960247310e-01 3.138032913208007812e+00
1.030000000000000000e+02 2.126272815961139651e-01 4.175975789746844136e-01 3.131704568862915039e+00
1.040000000000000000e+02 4.185628282716060133e-01 2.071912830251856075e-01 3.137628078460693359e+00
1.050000000000000000e+02 2.099373439490624105e-01 4.160044539791201146e-01 3.132005453109741211e+00
1.060000000000000000e+02 4.233492426305263678e-01 2.074437913162277269e-01 3.135790109634399414e+00
1.070000000000000000e+02 2.065967430008615602e-01 4.173005666278355452e-01 3.132079601287841797e+00
1.080000000000000000e+02 4.166026080437297274e-01 2.040187623595229038e-01 3.133671522140502930e+00
1.090000000000000000e+02 2.065126859343738297e-01 4.137887850397502509e-01 3.131798028945922852e+00
1.100000000000000000e+02 4.181473880685876443e-01 2.045924163250834871e-01 3.134858608245849609e+00
1.110000000000000000e+02 2.092970082981965296e-01 4.128327817462049687e-01 3.131579875946044922e+00
1.120000000000000000e+02 4.196131099681505439e-01 2.017029955673130537e-01 3.135760545730590820e+00
1.130000000000000000e+02 2.055840537700153459e-01 4.141225880846758356e-01 3.131210088729858398e+00
1.140000000000000000e+02 4.194867833388553624e-01 2.102751145915296160e-01 3.134687423706054688e+00
1.150000000000000000e+02 2.099840813010386831e-01 4.153679945499475501e-01 3.133351564407348633e+00
1.160000000000000000e+02 4.202378673072805770e-01 2.089396978745973188e-01 3.135110378265380859e+00
1.170000000000000000e+02 2.087914658207684071e-01 4.196931237239064916e-01 3.132920503616333008e+00
1.180000000000000000e+02 4.238692883792116728e-01 2.084535016612463487e-01 3.135011434555053711e+00
1.190000000000000000e+02 2.125011917819053242e-01 4.194690629593583742e-01 3.132290601730346680e+00
1.200000000000000000e+02 4.159384758672584614e-01 2.074404145310657643e-01 3.137037038803100586e+00
1.210000000000000000e+02 2.034869729088256973e-01 4.202880998180702488e-01 3.131925582885742188e+00
1.220000000000000000e+02 4.142224441918635480e-01 2.057483079369322454e-01 3.134036540985107422e+00
1.230000000000000000e+02 2.087380901856598914e-01 4.169351799691357607e-01 3.131637096405029297e+00
1.240000000000000000e+02 4.196225193648928653e-01 2.091357494229242886e-01 3.135751962661743164e+00
1.250000000000000000e+02 2.103543505271457670e-01 4.189676499442841484e-01 3.132847547531127930e+00
1.260000000000000000e+02 4.203607411198276855e-01 2.099702680556427559e-01 3.136304378509521484e+00
1.270000000000000000e+02 2.107717218372379131e-01 4.150005319963065986e-01 3.132935047149658203e+00
1.280000000000000000e+02 4.229501315293628383e-01 2.052891484190369209e-01 3.136454105377197266e+00
1.290000000000000000e+02 2.096050405567577157e-01 4.126429964054554866e-01 3.131943464279174805e+00
1.300000000000000000e+02 4.156602191203306318e-01 2.078033692062078441e-01 3.135670900344848633e+00
1.310000000000000000e+02 2.025578073337090668e-01 4.169194638422815125e-01 3.132430076599121094e+00
1.320000000000000000e+02 4.156771722016017745e-01 2.083890689110958205e-01 3.134219884872436523e+00
1.330000000000000000e+02 2.073986108844548537e-01 4.183885110436416643e-01 3.133188486099243164e+00
1.340000000000000000e+02 4.152997194763443645e-01 2.079638589854954644e-01 3.135894536972045898e+00
1.350000000000000000e+02 2.059581520701466717e-01 4.187920244530574099e-01 3.132944107055664062e+00
1.360000000000000000e+02 4.172734363061829099e-01 2.062976811100786789e-01 3.135762929916381836e+00
1.370000000000000000e+02 2.083746694403702804e-01 4.178576397551984067e-01 3.132463455200195312e+00
1.380000000000000000e+02 4.195877081950555310e-01 2.134153782170231384e-01 3.135567426681518555e+00
1.390000000000000000e+02 2.080451037416678750e-01 4.154278567327878702e-01 3.134299993515014648e+00
1.400000000000000000e+02 4.212417903170792566e-01 2.071463655092504463e-01 3.135916471481323242e+00
1.410000000000000000e+02 2.140356151040461175e-01 4.120589163241089037e-01 3.132261037826538086e+00
1.420000000000000000e+02 4.246945447590021461e-01 2.059934067632769317e-01 3.137668609619140625e+00
1.430000000000000000e+02 2.111340237562820688e-01 4.196561082839201373e-01 3.131772518157958984e+00
1.440000000000000000e+02 4.200029911466917065e-01 2.054419966035069545e-01 3.136281490325927734e+00
1.450000000000000000e+02 2.075652699823116176e-01 4.184689327979908557e-01 3.131855487823486328e+00
1.460000000000000000e+02 4.146490564084271413e-01 2.136826802040585338e-01 3.135062456130981445e+00
1.470000000000000000e+02 2.080024470372895951e-01 4.201380507690903321e-01 3.133682012557983398e+00
1.480000000000000000e+02 4.185207080451939787e-01 2.093387946468142358e-01 3.135761976242065430e+00
1.490000000000000000e+02 2.091042760967446457e-01 4.128607347612595624e-01 3.132910966873168945e+00
1.500000000000000000e+02 4.190598215296278961e-01 2.051258594556242820e-01 3.136240959167480469e+00
1.510000000000000000e+02 2.085019174156398647e-01 4.131802445255978173e-01 3.131684064865112305e+00
1.520000000000000000e+02 4.238629479297703617e-01 2.080564016025316099e-01 3.136764526367187500e+00
1.530000000000000000e+02 2.085612612463011439e-01 4.122261997581714854e-01 3.131490945816040039e+00
1.540000000000000000e+02 4.181843794716286755e-01 2.044086189618339877e-01 3.136063575744628906e+00
1.550000000000000000e+02 2.125395534910335116e-01 4.114693575953615734e-01 3.129890918731689453e+00
1.560000000000000000e+02 4.214305343235076329e-01 2.033081540181158053e-01 3.136909484863281250e+00
1.570000000000000000e+02 2.076910741145052142e-01 4.134143597845961193e-01 3.130687952041625977e+00
1.580000000000000000e+02 4.232474390173384116e-01 2.042181664556196319e-01 3.135424375534057617e+00
1.590000000000000000e+02 2.133861269595768995e-01 4.170006630403051973e-01 3.130470037460327148e+00
1.600000000000000000e+02 4.215382818429522782e-01 2.026305353224119865e-01 3.136266946792602539e+00
1.610000000000000000e+02 2.083190877775328020e-01 4.091815872549505739e-01 3.130279541015625000e+00
1.620000000000000000e+02 4.159416793093652642e-01 2.080912714305761801e-01 3.135536909103393555e+00
1.630000000000000000e+02 2.037284739264592359e-01 4.155961521185306817e-01 3.132745027542114258e+00
1.640000000000000000e+02 4.090179573091284326e-01 2.080749157437318808e-01 3.134029388427734375e+00
1.650000000000000000e+02 2.043839423721678927e-01 4.175563958936238662e-01 3.131145477294921875e+00
1.660000000000000000e+02 4.148176764055164778e-01 2.051637108079429062e-01 3.134037494659423828e+00
1.670000000000000000e+02 2.060895237261349267e-01 4.171016078638480340e-01 3.130865573883056641e+00
1.680000000000000000e+02 4.153227823747348557e-01 2.078491129318528197e-01 3.134898424148559570e+00
1.690000000000000000e+02 2.059952179299878450e-01 4.193981407921353877e-01 3.132658481597900391e+00
1.700000000000000000e+02 4.142435489709206387e-01 2.122546969267833650e-01 3.135227441787719727e+00
1.710000000000000000e+02 2.058247804005138015e-01 4.174484568494443715e-01 3.134303092956542969e+00
1.720000000000000000e+02 4.123195251727244659e-01 2.051620158554214035e-01 3.134819507598876953e+00
1.730000000000000000e+02 2.068534836355738760e-01 4.161180947767191829e-01 3.131680488586425781e+00
1.740000000000000000e+02 4.187353309080908970e-01 2.023050611779243502e-01 3.134852886199951172e+00
1.750000000000000000e+02 2.054355368271507110e-01 4.160614319296185304e-01 3.129895925521850586e+00
1.760000000000000000e+02 4.179392778993083479e-01 2.032651236646106918e-01 3.134912014007568359e+00
1.770000000000000000e+02 2.078932989744222970e-01 4.140753519657109916e-01 3.130440950393676758e+00
1.780000000000000000e+02 4.169321105872064170e-01 2.010314174948802934e-01 3.135402917861938477e+00
1.790000000000000000e+02 2.006410715818765511e-01 4.139461744772841567e-01 3.130086898803710938e+00
1.800000000000000000e+02 4.116985841376149535e-01 2.051631208019457919e-01 3.132537603378295898e+00
1.810000000000000000e+02 2.060614792637790738e-01 4.160478240848706766e-01 3.130239009857177734e+00
1.820000000000000000e+02 4.185461584883274910e-01 2.027526384213915456e-01 3.135288476943969727e+00
1.830000000000000000e+02 2.052614203475955912e-01 4.157029660997394460e-01 3.130095005035400391e+00
1.840000000000000000e+02 4.168890085580760352e-01 2.066795035586550255e-01 3.135166883468627930e+00
1.850000000000000000e+02 2.090950580242004753e-01 4.216440642881953416e-01 3.131457567214965820e+00
1.860000000000000000e+02 4.116657825601345300e-01 2.141309602531765166e-01 3.135798454284667969e+00
1.870000000000000000e+02 2.048312807851672968e-01 4.202622316603721320e-01 3.134312391281127930e+00
1.880000000000000000e+02 4.160842458857615944e-01 2.045352895785940150e-01 3.134802579879760742e+00
1.890000000000000000e+02 2.054066683742510613e-01 4.131519408676684324e-01 3.131023406982421875e+00
1.900000000000000000e+02 4.144721955196293273e-01 2.056004419787448856e-01 3.134299993515014648e+00
1.910000000000000000e+02 2.099544398290213165e-01 4.124485598098743822e-01 3.131198883056640625e+00
1.920000000000000000e+02 4.180995662853742578e-01 2.058493246231889173e-01 3.135832071304321289e+00
1.930000000000000000e+02 2.111216334178868947e-01 4.128565505970885341e-01 3.130800008773803711e+00
1.940000000000000000e+02 4.175923061923526025e-01 2.002850849116613596e-01 3.136454582214355469e+00
1.950000000000000000e+02 2.088774651044698338e-01 4.134638368806334840e-01 3.129617929458618164e+00
1.960000000000000000e+02 4.154013186694869852e-01 2.057370444627036332e-01 3.135532379150390625e+00
1.970000000000000000e+02 2.071948324022042098e-01 4.143837305150431249e-01 3.131573438644409180e+00
1.980000000000000000e+02 4.128785128140552430e-01 2.054580323343858927e-01 3.134854555130004883e+00
1.990000000000000000e+02 2.059230857226963807e-01 4.104103615964864726e-01 3.131667375564575195e+00
2.000000000000000000e+02 4.175615432318582343e-01 2.011503072109170898e-01 3.134541034698486328e+00
2.010000000000000000e+02 2.083963742685768505e-01 4.101668776814156314e-01 3.130640983581542969e+00
2.020000000000000000e+02 4.158814243516826825e-01 2.076971864418256097e-01 3.134989500045776367e+00
2.030000000000000000e+02 2.057192542659985190e-01 4.148950189094208207e-01 3.132634878158569336e+00
2.040000000000000000e+02 4.150562447364715690e-01 2.078996007342145957e-01 3.135061979293823242e+00
2.050000000000000000e+02 2.057153705187730885e-01 4.175066124300990111e-01 3.132198572158813477e+00
2.060000000000000000e+02 4.145213373794375822e-01 2.057218644014971731e-01 3.134469509124755859e+00
2.070000000000000000e+02 2.059839365334647510e-01 4.156676465676081844e-01 3.131852388381958008e+00
2.080000000000000000e+02 4.218569484562808003e-01 2.048542688621953489e-01 3.134598493576049805e+00
2.090000000000000000e+02 2.071768288100976352e-01 4.191311580388199509e-01 3.129942893981933594e+00
2.100000000000000000e+02 4.148097785597235077e-01 2.124125267784927051e-01 3.135014057159423828e+00
2.110000000000000000e+02 2.058436704908057913e-01 4.188612297894338532e-01 3.133006572723388672e+00
2.120000000000000000e+02 4.182296469676238804e-01 2.086211307721205221e-01 3.133603096008300781e+00
2.130000000000000000e+02 2.109264215231287376e-01 4.198321749057256635e-01 3.132108449935913086e+00
2.140000000000000000e+02 4.203113721837084538e-01 2.132642099072930564e-01 3.136128425598144531e+00
2.150000000000000000e+02 2.063072500447956370e-01 4.233415080998770841e-01 3.134697914123535156e+00
2.160000000000000000e+02 4.147114589047868338e-01 2.081571948832069974e-01 3.134272575378417969e+00
2.170000000000000000e+02 2.068991111813485995e-01 4.154456237693849308e-01 3.132963895797729492e+00
2.180000000000000000e+02 4.161700054094373269e-01 2.067848749196428970e-01 3.134888410568237305e+00
2.190000000000000000e+02 2.041585876804603294e-01 4.145616111423389150e-01 3.131871938705444336e+00
2.200000000000000000e+02 4.113826008640649179e-01 2.042739232645043868e-01 3.134059906005859375e+00
2.210000000000000000e+02 2.062661856982319630e-01 4.119066851538146223e-01 3.131763458251953125e+00
2.220000000000000000e+02 4.131978607219396471e-01 2.035250001479355364e-01 3.134737968444824219e+00
2.230000000000000000e+02 2.068478716454042465e-01 4.133352301023899278e-01 3.130743503570556641e+00
2.240000000000000000e+02 4.099728589219305830e-01 2.048671376423387425e-01 3.134639024734497070e+00
2.250000000000000000e+02 2.022568803825335049e-01 4.127530715691961061e-01 3.130721092224121094e+00
2.260000000000000000e+02 4.172516851327449094e-01 2.066268443422793200e-01 3.133712530136108398e+00
2.270000000000000000e+02 2.074436128862888473e-01 4.107613658908870757e-01 3.131624460220336914e+00
2.280000000000000000e+02 4.112367977246645379e-01 2.067146884023337572e-01 3.135060071945190430e+00
2.290000000000000000e+02 2.031669357349554506e-01 4.164587146213867830e-01 3.131595373153686523e+00
2.300000000000000000e+02 4.148601704586409866e-01 2.114266108212276007e-01 3.134242534637451172e+00
2.310000000000000000e+02 2.051523469562391844e-01 4.165929940962037614e-01 3.133347988128662109e+00
2.320000000000000000e+02 4.193347368573606682e-01 2.037516183361172406e-01 3.134313583374023438e+00
2.330000000000000000e+02 2.063537026963719323e-01 4.145346102076005179e-01 3.130074501037597656e+00
2.340000000000000000e+02 4.196080810458023280e-01 2.068778193273385912e-01 3.133818387985229492e+00
2.350000000000000000e+02 2.049558238055721460e-01 4.170007528887352821e-01 3.131428480148315430e+00
2.360000000000000000e+02 4.170830024843890649e-01 2.077236914547270774e-01 3.134350538253784180e+00
2.370000000000000000e+02 2.041019073876621237e-01 4.159702668762521038e-01 3.131940603256225586e+00
2.380000000000000000e+02 4.169223801268806540e-01 2.086644088514759132e-01 3.134274005889892578e+00
2.390000000000000000e+02 2.052594618050182784e-01 4.154066991014365162e-01 3.132435560226440430e+00
2.400000000000000000e+02 4.109653977052591389e-01 2.089174716493718276e-01 3.134473085403442383e+00
2.410000000000000000e+02 2.014299651455344620e-01 4.178648197518479157e-01 3.131823062896728516e+00
2.420000000000000000e+02 4.085624953357905875e-01 2.111056051369457343e-01 3.133201599121093750e+00
2.430000000000000000e+02 2.045675134472851320e-01 4.207712379609462872e-01 3.133455514907836914e+00
2.440000000000000000e+02 4.120369265065613185e-01 2.103068410208026595e-01 3.133616924285888672e+00
2.450000000000000000e+02 2.055107006814279047e-01 4.264666006164515299e-01 3.133037567138671875e+00
2.460000000000000000e+02 4.148333527742701365e-01 2.089361560792948880e-01 3.134138584136962891e+00
2.470000000000000000e+02 2.069405806862691100e-01 4.157813588373490132e-01 3.132428407669067383e+00
2.480000000000000000e+02 4.222445555650898297e-01 2.056491042803949842e-01 3.134309530258178711e+00
2.490000000000000000e+02 2.072781807458123071e-01 4.139813983127716424e-01 3.131057977676391602e+00
2.500000000000000000e+02 4.144243455222250128e-01 2.007937186520906969e-01 3.134577512741088867e+00
2.510000000000000000e+02 2.027763762633957023e-01 4.115661594232982723e-01 3.129619598388671875e+00
2.520000000000000000e+02 4.161967517181658360e-01 2.107015508376495760e-01 3.132725954055786133e+00
2.530000000000000000e+02 2.042329513860456636e-01 4.142169735016767995e-01 3.133070945739746094e+00
2.540000000000000000e+02 4.126561933138769289e-01 2.025519571222592075e-01 3.134138107299804688e+00
2.550000000000000000e+02 2.029345673875164735e-01 4.116506858474343056e-01 3.130050420761108398e+00
2.560000000000000000e+02 4.121582947443839795e-01 2.028300967337089145e-01 3.133687973022460938e+00
2.570000000000000000e+02 2.060624320077152072e-01 4.094743332257850810e-01 3.130482912063598633e+00
2.580000000000000000e+02 4.147654198120237501e-01 2.043529690183092939e-01 3.134810447692871094e+00
2.590000000000000000e+02 2.073147548183537914e-01 4.101203128148054877e-01 3.131293058395385742e+00
2.600000000000000000e+02 4.180118776116349411e-01 1.987108985383128634e-01 3.135662078857421875e+00
2.610000000000000000e+02 2.050934703208406595e-01 4.091295919539861825e-01 3.129604578018188477e+00
2.620000000000000000e+02 4.135248980511619932e-01 2.061021182488744496e-01 3.134936094284057617e+00
2.630000000000000000e+02 2.040751645284012705e-01 4.208890076939405533e-01 3.131841421127319336e+00
2.640000000000000000e+02 4.152166989262032204e-01 2.110864083010932091e-01 3.134819984436035156e+00
2.650000000000000000e+02 2.025576059234800441e-01 4.224111870013766423e-01 3.133095979690551758e+00
2.660000000000000000e+02 4.198285263227181652e-01 2.110438012394587060e-01 3.134032487869262695e+00
2.670000000000000000e+02 2.075606496559438963e-01 4.155053607817049133e-01 3.132470607757568359e+00
2.680000000000000000e+02 4.163210456522814518e-01 2.091477165428577145e-01 3.135994434356689453e+00
2.690000000000000000e+02 2.087477106496599955e-01 4.176853062087136359e-01 3.132815599441528320e+00
2.700000000000000000e+02 4.152179062593929215e-01 2.082463688891733611e-01 3.135637998580932617e+00
2.710000000000000000e+02 2.107760563484741001e-01 4.181766834991709203e-01 3.132946014404296875e+00
2.720000000000000000e+02 4.199167457893228095e-01 2.078659961162742653e-01 3.136003494262695312e+00
2.730000000000000000e+02 2.078274297895637557e-01 4.159780776585963458e-01 3.132078409194946289e+00
2.740000000000000000e+02 4.159664771992185317e-01 2.079848352398147582e-01 3.134653091430664062e+00
2.750000000000000000e+02 2.057665085644154734e-01 4.161082241760999945e-01 3.132277011871337891e+00
2.760000000000000000e+02 4.154755290238631993e-01 2.103998998117426467e-01 3.135293483734130859e+00
2.770000000000000000e+02 2.091896069967757454e-01 4.172429655546145422e-01 3.132926464080810547e+00
2.780000000000000000e+02 4.143178704658413980e-01 2.070333455008049051e-01 3.136153459548950195e+00
2.790000000000000000e+02 2.070051057664870631e-01 4.172213699291918432e-01 3.131517410278320312e+00
2.800000000000000000e+02 4.163150385301651601e-01 2.049918447350051465e-01 3.135134935379028320e+00
2.810000000000000000e+02 2.110284197013536089e-01 4.175530905856246755e-01 3.131275415420532227e+00
2.820000000000000000e+02 4.205550783183822916e-01 2.046868808570654896e-01 3.136415004730224609e+00
2.830000000000000000e+02 2.074177238504491261e-01 4.172884319216799698e-01 3.131385564804077148e+00
2.840000000000000000e+02 4.158202392901510502e-01 2.089896092597596511e-01 3.134671926498413086e+00
2.850000000000000000e+02 2.046216514540361853e-01 4.169629223271322793e-01 3.132776975631713867e+00
2.860000000000000000e+02 4.157587607335478941e-01 2.087281347323139136e-01 3.134228944778442383e+00
2.870000000000000000e+02 2.065413545797570027e-01 4.175259425343287312e-01 3.132635593414306641e+00
2.880000000000000000e+02 4.150926434873333237e-01 2.099435437610466249e-01 3.134148597717285156e+00
2.890000000000000000e+02 2.033078338184773071e-01 4.134787249781872176e-01 3.132999897003173828e+00
2.900000000000000000e+02 4.114499522394776676e-01 2.057631479053163015e-01 3.133908033370971680e+00
2.910000000000000000e+02 2.079802285479480928e-01 4.104497279906930696e-01 3.131548404693603516e+00
2.920000000000000000e+02 4.229856969905310127e-01 2.059926579378013045e-01 3.135622024536132812e+00
2.930000000000000000e+02 2.142191915945710623e-01 4.139826965248302737e-01 3.132379055023193359e+00
2.940000000000000000e+02 4.241361612447409057e-01 2.015540193670385671e-01 3.137437105178833008e+00
2.950000000000000000e+02 2.124035967629535060e-01 4.123396085845342784e-01 3.131020545959472656e+00
2.960000000000000000e+02 4.202517223030479143e-01 2.064488436600396271e-01 3.136784076690673828e+00
2.970000000000000000e+02 2.126920876832869289e-01 4.178207749867113852e-01 3.131537437438964844e+00
2.980000000000000000e+02 4.168211131741760833e-01 2.037907108222863917e-01 3.137033462524414062e+00
2.990000000000000000e+02 2.061100582429803429e-01 4.115203982682579253e-01 3.130547523498535156e+00
3.000000000000000000e+02 4.158507810496252510e-01 2.049979992524162409e-01 3.134831428527832031e+00
3.010000000000000000e+02 2.043710658583515749e-01 4.162296926778644712e-01 3.131227970123291016e+00
3.020000000000000000e+02 4.127675735614559915e-01 2.075988415405116694e-01 3.134020566940307617e+00
3.030000000000000000e+02 2.018605464450168863e-01 4.168165790309266705e-01 3.132145881652832031e+00
3.040000000000000000e+02 4.087636306102125361e-01 2.059995011222695571e-01 3.132915496826171875e+00
3.050000000000000000e+02 2.041268479568002780e-01 4.122519979096616050e-01 3.131546020507812500e+00
3.060000000000000000e+02 4.149030815881534218e-01 2.059221481343534166e-01 3.135356903076171875e+00
3.070000000000000000e+02 2.059589082563706153e-01 4.143241779993089291e-01 3.131419897079467773e+00
3.080000000000000000e+02 4.153656635147924825e-01 2.069602784518707328e-01 3.134717464447021484e+00
3.090000000000000000e+02 2.044593838997442736e-01 4.154862981954076662e-01 3.131977558135986328e+00
3.100000000000000000e+02 4.149934078772107293e-01 2.060091334687964293e-01 3.133887052536010742e+00
3.110000000000000000e+02 2.077023938646936352e-01 4.135560208624952105e-01 3.130831003189086914e+00
3.120000000000000000e+02 4.132721476064434296e-01 2.076128777327761465e-01 3.135175943374633789e+00
3.130000000000000000e+02 2.062037001742204612e-01 4.143784948559963155e-01 3.131774425506591797e+00
3.140000000000000000e+02 4.123147318934077266e-01 2.052073548327769392e-01 3.134692430496215820e+00
3.150000000000000000e+02 2.076769876236257417e-01 4.195267836219522262e-01 3.131121397018432617e+00
3.160000000000000000e+02 4.165954730623976365e-01 2.095158484491163320e-01 3.135504484176635742e+00
3.170000000000000000e+02 2.073265429591939768e-01 4.176380323488630975e-01 3.132231473922729492e+00
3.180000000000000000e+02 4.138320014981893280e-01 2.077080457358669308e-01 3.135227441787719727e+00
3.190000000000000000e+02 2.070225548932504434e-01 4.162728875371893844e-01 3.132235050201416016e+00
3.200000000000000000e+02 4.182911450832959011e-01 2.060510459280840423e-01 3.134927511215209961e+00
3.210000000000000000e+02 2.095493981948606532e-01 4.155205709936016234e-01 3.130893468856811523e+00
3.220000000000000000e+02 4.213849459033803813e-01 2.064974523481707680e-01 3.136251926422119141e+00
3.230000000000000000e+02 2.071481455890795964e-01 4.163617927267725394e-01 3.131647586822509766e+00
3.240000000000000000e+02 4.158584317366654792e-01 2.068421968507474229e-01 3.135688066482543945e+00
3.250000000000000000e+02 2.024771739314125130e-01 4.185248588778887613e-01 3.131389379501342773e+00
3.260000000000000000e+02 4.170838605006960131e-01 2.083780391381171992e-01 3.132597446441650391e+00
3.270000000000000000e+02 2.082842715712673876e-01 4.202396908227112871e-01 3.132930994033813477e+00
3.280000000000000000e+02 4.122641751354821360e-01 2.087287681512557391e-01 3.135127544403076172e+00
3.290000000000000000e+02 2.039339048482912697e-01 4.139712913072054468e-01 3.132128953933715820e+00
3.300000000000000000e+02 4.100221693429094705e-01 2.079854425256296713e-01 3.134123086929321289e+00
3.310000000000000000e+02 2.009183912502939262e-01 4.183704130280988531e-01 3.131693601608276367e+00
3.320000000000000000e+02 4.103232730838181075e-01 2.076704246597626258e-01 3.132200479507446289e+00
3.330000000000000000e+02 2.054170645964503994e-01 4.137297435718510497e-01 3.132001876831054688e+00
3.340000000000000000e+02 4.139847961661272113e-01 2.052683171297893516e-01 3.134107589721679688e+00
3.350000000000000000e+02 2.035971609597579945e-01 4.132507281352035267e-01 3.131573438644409180e+00
3.360000000000000000e+02 4.124437740291547749e-01 2.095661858697030200e-01 3.133427381515502930e+00
3.370000000000000000e+02 2.059936091362003507e-01 4.154912904503874627e-01 3.132086515426635742e+00
3.380000000000000000e+02 4.175157809745970172e-01 2.070151134499724210e-01 3.134811878204345703e+00
3.390000000000000000e+02 2.096643519509241160e-01 4.153838393823050534e-01 3.132450580596923828e+00
3.400000000000000000e+02 4.199014103078307913e-01 2.070788216749513688e-01 3.135633945465087891e+00
3.410000000000000000e+02 2.088456180183431155e-01 4.171736375395290186e-01 3.131041526794433594e+00
3.420000000000000000e+02 4.140628136664387116e-01 2.062351722369609175e-01 3.135398387908935547e+00
3.430000000000000000e+02 2.046903353330058184e-01 4.186350750058033254e-01 3.131464958190917969e+00
3.440000000000000000e+02 4.130125957808787884e-01 2.102680250089447034e-01 3.134549379348754883e+00
3.450000000000000000e+02 2.050682939695277762e-01 4.149012726635266102e-01 3.131778001785278320e+00
3.460000000000000000e+02 4.183612353651960380e-01 2.090411158573974026e-01 3.135145425796508789e+00
3.470000000000000000e+02 2.076397238922044752e-01 4.141414032284170266e-01 3.131681442260742188e+00
3.480000000000000000e+02 4.172848668090967106e-01 2.082735822715363894e-01 3.135632038116455078e+00
3.490000000000000000e+02 2.079505346069414340e-01 4.155441467305285852e-01 3.132379531860351562e+00
3.500000000000000000e+02 4.176850241449207024e-01 2.072710015816016660e-01 3.136242389678955078e+00
3.510000000000000000e+02 2.088961308279779772e-01 4.180869252468503161e-01 3.132396459579467773e+00
3.520000000000000000e+02 4.125398549910310741e-01 2.103204904200771663e-01 3.135802030563354492e+00
3.530000000000000000e+02 2.097803754571341273e-01 4.200322323304843120e-01 3.133461952209472656e+00
3.540000000000000000e+02 4.142000723145560781e-01 2.103736893695984378e-01 3.136419057846069336e+00
3.550000000000000000e+02 2.050094848517709789e-01 4.185015982058236106e-01 3.132945060729980469e+00
3.560000000000000000e+02 4.098697799489654514e-01 2.076568031323066665e-01 3.135076999664306641e+00
3.570000000000000000e+02 2.034527257128788402e-01 4.197898786603627141e-01 3.132331609725952148e+00
3.580000000000000000e+02 4.159488468378666481e-01 2.072323904829740937e-01 3.134104490280151367e+00
3.590000000000000000e+02 2.073229520202091725e-01 4.161984211348651597e-01 3.132261991500854492e+00
3.600000000000000000e+02 4.202671886047797400e-01 2.076906214266748818e-01 3.135277986526489258e+00
3.610000000000000000e+02 2.076787573223422834e-01 4.143487108653942652e-01 3.132093429565429688e+00
3.620000000000000000e+02 4.229434371666918602e-01 2.043891896969850519e-01 3.135588884353637695e+00
3.630000000000000000e+02 2.096882666281396634e-01 4.127656401550717780e-01 3.131453037261962891e+00
3.640000000000000000e+02 4.154279725367325260e-01 2.069261413216262058e-01 3.135977983474731445e+00
3.650000000000000000e+02 2.052696573023500837e-01 4.214705293767923022e-01 3.131646394729614258e+00
3.660000000000000000e+02 4.112842402927043839e-01 2.096888631412116011e-01 3.134418964385986328e+00
3.670000000000000000e+02 2.047168052489544421e-01 4.183677617830993678e-01 3.133291959762573242e+00
3.680000000000000000e+02 4.119500931333270888e-01 2.033102173364143561e-01 3.134084939956665039e+00
3.690000000000000000e+02 2.074462596016938276e-01 4.158617050433772167e-01 3.130475044250488281e+00
3.700000000000000000e+02 4.133387317201512312e-01 2.077347133070969742e-01 3.134957551956176758e+00
3.710000000000000000e+02 2.025519177939130444e-01 4.214307980494705341e-01 3.132329940795898438e+00
3.720000000000000000e+02 4.170741660556380737e-01 2.087760223791525205e-01 3.133533477783203125e+00
3.730000000000000000e+02 2.088008843482726806e-01 4.145116309382491648e-01 3.132143020629882812e+00
3.740000000000000000e+02 4.180805729929580883e-01 2.016169397152305920e-01 3.135052442550659180e+00
3.750000000000000000e+02 2.075231316276472116e-01 4.098186712243188090e-01 3.130524873733520508e+00
3.760000000000000000e+02 4.206337026621573827e-01 2.046667532281943591e-01 3.134649038314819336e+00
3.770000000000000000e+02 2.086641591113732319e-01 4.208115597386476447e-01 3.131565093994140625e+00
3.780000000000000000e+02 4.131111666874769384e-01 2.056736743857016658e-01 3.134997606277465820e+00
3.790000000000000000e+02 2.050352880719454873e-01 4.157519864032916956e-01 3.131557464599609375e+00
3.800000000000000000e+02 4.128156886653058244e-01 2.054795465314461500e-01 3.134386539459228516e+00
3.810000000000000000e+02 2.109290692215777530e-01 4.160087122645375057e-01 3.131579875946044922e+00
3.820000000000000000e+02 4.164348033990914466e-01 2.125817242905339022e-01 3.136259078979492188e+00
3.830000000000000000e+02 2.023790527722908184e-01 4.212796397668395199e-01 3.133902072906494141e+00
3.840000000000000000e+02 4.175918386085802347e-01 2.111759887358050924e-01 3.134550094604492188e+00
3.850000000000000000e+02 2.107623939895502119e-01 4.183369387393898742e-01 3.133890390396118164e+00
3.860000000000000000e+02 4.197104606042246777e-01 2.129489141966179055e-01 3.136669874191284180e+00
3.870000000000000000e+02 2.127470467570408974e-01 4.192021253813690840e-01 3.133619546890258789e+00
3.880000000000000000e+02 4.215176316043077187e-01 2.097452406547765658e-01 3.137954950332641602e+00
3.890000000000000000e+02 2.107534687497931436e-01 4.181471169643962149e-01 3.133424043655395508e+00
3.900000000000000000e+02 4.235553834795223183e-01 2.078145317420397320e-01 3.137360095977783203e+00
3.910000000000000000e+02 2.069422261539403674e-01 4.179531953629671004e-01 3.132102489471435547e+00
3.920000000000000000e+02 4.186559805930527012e-01 2.097000655076647901e-01 3.135423898696899414e+00
3.930000000000000000e+02 2.107919416632438592e-01 4.141735025657128921e-01 3.133105993270874023e+00
3.940000000000000000e+02 4.126759287004972965e-01 2.099855009598819711e-01 3.136090993881225586e+00
3.950000000000000000e+02 2.088036676145624548e-01 4.182228890356597950e-01 3.133574008941650391e+00
3.960000000000000000e+02 4.174568807025054729e-01 2.074723562112220088e-01 3.135833501815795898e+00
3.970000000000000000e+02 2.102514160463772042e-01 4.133741928462891235e-01 3.132346391677856445e+00
3.980000000000000000e+02 4.194628457285831113e-01 2.098034602638388646e-01 3.136219024658203125e+00
