0.000000000000000000e+00 9.228052037146551936e-03 8.289265541537959095e-03 6.036119842529296342e+00
1.000000000000000000e+00 8.354306907721136682e-03 7.868003648086966187e-03 5.945479869842529297e+00
2.000000000000000000e+00 9.824290457051054401e-03 8.325510122450535330e-03 6.133759784698486150e+00
3.000000000000000000e+00 9.589690224043980957e-03 9.785841015751414046e-03 6.041199874877929865e+00
4.000000000000000000e+00 1.208932868203796591e-02 8.799443134079812032e-03 6.227779769897461293e+00
5.000000000000000000e+00 1.064005901184614765e-02 1.089394759653155437e-02 6.137439823150634410e+00
6.000000000000000000e+00 1.389577695839832976e-02 1.061790008955207018e-02 6.306799888610840732e+00
7.000000000000000000e+00 1.289895741845160926e-02 1.337647288108482005e-02 6.219859790802001243e+00
8.000000000000000000e+00 1.561187858140251038e-02 1.261665209454460208e-02 6.382799720764159801e+00
9.000000000000000000e+00 1.563455104489327313e-02 1.471343622375958018e-02 6.288479804992675781e+00
1.000000000000000000e+01 1.810064024780284539e-02 1.434424057979557035e-02 6.449059677124022727e+00
1.100000000000000000e+01 1.762702759291214991e-02 1.684018166325206359e-02 6.361959838867187855e+00
1.200000000000000000e+01 2.075088585661100798e-02 1.654656575481714201e-02 6.513359832763672586e+00
1.300000000000000000e+01 2.018634693288537396e-02 2.072090242930007056e-02 6.424619770050048473e+00
1.400000000000000000e+01 2.335865560160797078e-02 1.912124571662635053e-02 6.578919696807861150e+00
1.500000000000000000e+01 2.270536914746004026e-02 2.284852206896964208e-02 6.497959899902342684e+00
1.600000000000000000e+01 2.724662539043933712e-02 2.179304253892226304e-02 6.643019771575927379e+00
1.700000000000000000e+01 2.582449090237442721e-02 2.557925120292278351e-02 6.558979797363281072e+00
1.800000000000000000e+01 3.003710457128546882e-02 2.484637437521812833e-02 6.705119895935057528e+00
1.900000000000000000e+01 2.768414780919452312e-02 2.825182992609565763e-02 6.614259910583496271e+00
2.000000000000000000e+01 3.274398553445190263e-02 2.713473557812008663e-02 6.751019859313965199e+00
2.100000000000000000e+01 3.123243291512076830e-02 3.111115062825824465e-02 6.672479724884032848e+00
2.200000000000000000e+01 3.547408374767910960e-02 2.989506552927762711e-02 6.798179721832275035e+00
2.300000000000000000e+01 3.364856885694345739e-02 3.451170215230078137e-02 6.726899814605713956e+00
2.400000000000000000e+01 3.913602279643205867e-02 3.300011893339383634e-02 6.844359874725340909e+00
2.500000000000000000e+01 3.631661705381815375e-02 3.823384519477964621e-02 6.774979877471923650e+00
2.600000000000000000e+01 4.205146928234661935e-02 3.650994599485046094e-02 6.889019870758056996e+00
2.700000000000000000e+01 3.984303479015043059e-02 4.012283517514431130e-02 6.823779869079590554e+00
2.800000000000000000e+01 4.468513687888819863e-02 3.965375235889540689e-02 6.930079841613769887e+00
2.900000000000000000e+01 4.187813763872999528e-02 4.446841854275962458e-02 6.869399833679199041e+00
3.000000000000000000e+01 4.685991050714112538e-02 4.366366396881622008e-02 6.964759826660155362e+00
3.100000000000000000e+01 4.485732688105703581e-02 4.722051227087278868e-02 6.918659782409667613e+00
3.200000000000000000e+01 5.028532994867119382e-02 4.597514012723647597e-02 7.005779743194580078e+00
3.300000000000000000e+01 4.738044038228521326e-02 5.159107882326614131e-02 6.954459762573241832e+00
3.400000000000000000e+01 5.312909525479134892e-02 4.984723664392314707e-02 7.039499855041504439e+00
3.500000000000000000e+01 5.092293578361072742e-02 5.378699539616604158e-02 6.995519828796386896e+00
3.600000000000000000e+01 5.485265498890343205e-02 5.179519580328560691e-02 7.072859859466552379e+00
3.700000000000000000e+01 5.316069679096492584e-02 5.711286510509968467e-02 7.032259750366211648e+00
3.800000000000000000e+01 5.801625201356058747e-02 5.490750307051396606e-02 7.102539920806885121e+00
3.900000000000000000e+01 5.543735174063936511e-02 6.069830823814851423e-02 7.060759735107421164e+00
4.000000000000000000e+01 6.053254701554159484e-02 5.777145871621183065e-02 7.139239883422852095e+00
4.100000000000000000e+01 5.817269451189865936e-02 6.259536017641237349e-02 7.090119838714599609e+00
4.200000000000000000e+01 6.363485430881035687e-02 5.942514096222527298e-02 7.163539886474609375e+00
4.300000000000000000e+01 6.091966211801197462e-02 6.347629484269136368e-02 7.115339851379394176e+00
4.400000000000000000e+01 6.644842238772290244e-02 6.077538998664344660e-02 7.192539691925048828e+00
4.500000000000000000e+01 6.368625834992343304e-02 6.632430457373210408e-02 7.135739803314208984e+00
4.600000000000000000e+01 7.021312744763155700e-02 6.322809356794202584e-02 7.224199867248534801e+00
4.700000000000000000e+01 6.573745783817155908e-02 6.900530848269785522e-02 7.163359832763671164e+00
4.800000000000000000e+01 6.958793043988524551e-02 6.675103307634222549e-02 7.243859863281250533e+00
4.900000000000000000e+01 6.683027172303349084e-02 7.200069767451791614e-02 7.190139770507812500e+00
5.000000000000000000e+01 7.308614050044157096e-02 6.957694181605676709e-02 7.255919837951660512e+00
5.100000000000000000e+01 6.859724164168717886e-02 7.416370384751648503e-02 7.215999698638915660e+00
5.200000000000000000e+01 7.403016926365003914e-02 7.170588555182569324e-02 7.273819828033447621e+00
5.300000000000000000e+01 7.073243461949831057e-02 7.766291517479538553e-02 7.242459678649902699e+00
5.400000000000000000e+01 7.552798693649510897e-02 7.377959327339382589e-02 7.296519756317139560e+00
5.500000000000000000e+01 7.261395355988729816e-02 7.911520875195364455e-02 7.266159820556641336e+00
5.600000000000000000e+01 7.807591645999761854e-02 7.646592446938620113e-02 7.311439895629883168e+00
5.700000000000000000e+01 7.407517876326917550e-02 8.136017240539618334e-02 7.289839839935302379e+00
5.800000000000000000e+01 7.913080350572510024e-02 7.852355625389437210e-02 7.333779811859130859e+00
5.900000000000000000e+01 7.567806301965847304e-02 8.418451644481662888e-02 7.308359718322754439e+00
6.000000000000000000e+01 8.087846070995778625e-02 8.082986318771950840e-02 7.351839828491211648e+00
6.100000000000000000e+01 7.789181188212090934e-02 8.689764785180502382e-02 7.323959732055664418e+00
6.200000000000000000e+01 8.315892467256318088e-02 8.255532599551418382e-02 7.371339797973632812e+00
6.300000000000000000e+01 7.976187234481066368e-02 8.902987528783730398e-02 7.343519783020019176e+00
6.400000000000000000e+01 8.564791188828481394e-02 8.456736251855782871e-02 7.387039756774901988e+00
6.500000000000000000e+01 8.157224031696075350e-02 9.053722850827246316e-02 7.361019897460938211e+00
6.600000000000000000e+01 8.668817958635773036e-02 8.610679287940795068e-02 7.398279857635499113e+00
6.700000000000000000e+01 8.289994617139466448e-02 9.109889514799415777e-02 7.370899772644043502e+00
6.800000000000000000e+01 8.798069211029210801e-02 8.781355759774682468e-02 7.420179748535156605e+00
6.900000000000000000e+01 8.440542237585260676e-02 9.322884994409794124e-02 7.384919834136963068e+00
7.000000000000000000e+01 9.036888570799059273e-02 8.913698358047568437e-02 7.437319850921630504e+00
7.100000000000000000e+01 8.664462047447338278e-02 9.487943943473770014e-02 7.402079868316650213e+00
7.200000000000000000e+01 9.124284137652201310e-02 9.176944299469751154e-02 7.447959899902342862e+00
7.300000000000000000e+01 8.793156926726478084e-02 9.806008131773333303e-02 7.428919792175292969e+00
7.400000000000000000e+01 9.385861209366236357e-02 9.382227941507657876e-02 7.465039825439452770e+00
7.500000000000000000e+01 8.955762170077381790e-02 9.961331221172561867e-02 7.442039775848389382e+00
7.600000000000000000e+01 9.565865461384324975e-02 9.493485390340417052e-02 7.477839756011963601e+00
7.700000000000000000e+01 9.149713110272039707e-02 9.967589021181737230e-02 7.451899909973144887e+00
7.800000000000000000e+01 9.685140051713231335e-02 9.593741181238558957e-02 7.493559837341308594e+00
7.900000000000000000e+01 9.279613257477899169e-02 1.006592894693088547e-01 7.462979888916015270e+00
8.000000000000000000e+01 9.815000258370727704e-02 9.723324939323474414e-02 7.508679866790771484e+00
8.100000000000000000e+01 9.408463595929847378e-02 1.028394379556959587e-01 7.475059890747069780e+00
8.200000000000000000e+01 9.935270553629213519e-02 9.855135297018711993e-02 7.518159866333008701e+00
8.300000000000000000e+01 9.440761782700562987e-02 1.037402863394440988e-01 7.480699729919433771e+00
8.400000000000000000e+01 9.960118284814671596e-02 9.973114596654328312e-02 7.526739692687988814e+00
8.500000000000000000e+01 9.504300549498841122e-02 1.053271952109444409e-01 7.495219898223878019e+00
8.600000000000000000e+01 1.021189162580414811e-01 1.013098027989129818e-01 7.534999847412108487e+00
8.700000000000000000e+01 9.848275163540819166e-02 1.068207710558111145e-01 7.509159851074219461e+00
8.800000000000000000e+01 1.038301826333262456e-01 1.016738579628338190e-01 7.550179862976074574e+00
8.900000000000000000e+01 9.850322426363102013e-02 1.062576351358137799e-01 7.513919734954834340e+00
9.000000000000000000e+01 1.045141836041216243e-01 1.030391077490094842e-01 7.562839794158936257e+00
9.100000000000000000e+01 1.004633548471150772e-01 1.081004702038678156e-01 7.520759773254393821e+00
9.200000000000000000e+01 1.057854600725206679e-01 1.040721247156326107e-01 7.573419857025146307e+00
9.300000000000000000e+01 1.021983419388690223e-01 1.096288704420960991e-01 7.534139823913573508e+00
9.400000000000000000e+01 1.078705021092570410e-01 1.042090750502920882e-01 7.585599803924560014e+00
9.500000000000000000e+01 1.033242951415954541e-01 1.105412953790186892e-01 7.535799789428709872e+00
9.600000000000000000e+01 1.088657803570564214e-01 1.043955808898765492e-01 7.597939872741699574e+00
9.700000000000000000e+01 1.047994348077875421e-01 1.102994639879668337e-01 7.536019802093505859e+00
9.800000000000000000e+01 1.101793638167019029e-01 1.057746751717423273e-01 7.607359790802001420e+00
9.900000000000000000e+01 1.047528308905114613e-01 1.119129058878036709e-01 7.546659851074219105e+00
1.000000000000000000e+02 1.109932765933299703e-01 1.066995200098875829e-01 7.610499858856201172e+00
1.010000000000000000e+02 1.063723576374528690e-01 1.122541837344521315e-01 7.554199790954589488e+00
1.020000000000000000e+02 1.110406365252700478e-01 1.078682335705710704e-01 7.612539863586425426e+00
1.030000000000000000e+02 1.068028503064279155e-01 1.133590771325367896e-01 7.564739799499511363e+00
1.040000000000000000e+02 1.120858113559416308e-01 1.080404969280382849e-01 7.617439842224120738e+00
1.050000000000000000e+02 1.078723463790779991e-01 1.144342094589103076e-01 7.564319896697998757e+00
1.060000000000000000e+02 1.131854906807743533e-01 1.095603534299985360e-01 7.626839828491212003e+00
1.070000000000000000e+02 1.082888817637620987e-01 1.162397386615078854e-01 7.570139694213867010e+00
1.080000000000000000e+02 1.129174709740655425e-01 1.108352028610948559e-01 7.629879760742187322e+00
1.090000000000000000e+02 1.072451879028460675e-01 1.170781784690487770e-01 7.581099891662598012e+00
1.100000000000000000e+02 1.132486426106247140e-01 1.119566627763961958e-01 7.630839729309081498e+00
1.110000000000000000e+02 1.095563710124060619e-01 1.174713409031374750e-01 7.589499759674072976e+00
1.120000000000000000e+02 1.146693868379272674e-01 1.121512602235535117e-01 7.642479801177978871e+00
1.130000000000000000e+02 1.088518008604322101e-01 1.172947396790834929e-01 7.590779781341552734e+00
1.140000000000000000e+02 1.134315654291817160e-01 1.129687917694237043e-01 7.641479778289794744e+00
1.150000000000000000e+02 1.093425591756817389e-01 1.194818546098821710e-01 7.599519824981689098e+00
1.160000000000000000e+02 1.149404156552955442e-01 1.140447064572021191e-01 7.644619750976561434e+00
1.170000000000000000e+02 1.100378642164865500e-01 1.188904803929814874e-01 7.609279823303221946e+00
1.180000000000000000e+02 1.158999922576866987e-01 1.134586826491449235e-01 7.654579830169677024e+00
1.190000000000000000e+02 1.112967639283148347e-01 1.188656042232159454e-01 7.606919765472412109e+00
1.200000000000000000e+02 1.176904590683043872e-01 1.143176692111201043e-01 7.663359737396239879e+00
1.210000000000000000e+02 1.126254892029338178e-01 1.201986566132278722e-01 7.609219837188720525e+00
1.220000000000000000e+02 1.177123973540243895e-01 1.148615656588256595e-01 7.670139789581298828e+00
1.230000000000000000e+02 1.121666786927069115e-01 1.214161036830224555e-01 7.618919754028320668e+00
1.240000000000000000e+02 1.175246307568166698e-01 1.162289733867590824e-01 7.672299957275391158e+00
1.250000000000000000e+02 1.129728165060096684e-01 1.214447087247891716e-01 7.620099735260009943e+00
1.260000000000000000e+02 1.182648704651366733e-01 1.156710418886804925e-01 7.671919918060303267e+00
1.270000000000000000e+02 1.130041003237249042e-01 1.220769673098827113e-01 7.622479820251465199e+00
1.280000000000000000e+02 1.184307185396945017e-01 1.164073962761609932e-01 7.676079940795898615e+00
1.290000000000000000e+02 1.134537961312331866e-01 1.213610546015823216e-01 7.627119922637938920e+00
1.300000000000000000e+02 1.179929725766182547e-01 1.158738940072124302e-01 7.674999904632569425e+00
1.310000000000000000e+02 1.148098859190638393e-01 1.213329714995700637e-01 7.629019737243651456e+00
1.320000000000000000e+02 1.196667434073224179e-01 1.156976179564463275e-01 7.686359786987305043e+00
1.330000000000000000e+02 1.146775770928533250e-01 1.217243115244968366e-01 7.631019878387451882e+00
1.340000000000000000e+02 1.188101038093568873e-01 1.175824820068469001e-01 7.689739894866944425e+00
1.350000000000000000e+02 1.146136210055069965e-01 1.214530030037863501e-01 7.631139755249023438e+00
1.360000000000000000e+02 1.202452218961646141e-01 1.161484952518019031e-01 7.686939811706542613e+00
1.370000000000000000e+02 1.146709555320680057e-01 1.220152351341417390e-01 7.632779884338379617e+00
1.380000000000000000e+02 1.206691066412445001e-01 1.169001227987085528e-01 7.692199802398681285e+00
1.390000000000000000e+02 1.161809879654111394e-01 1.218437186374335957e-01 7.632059860229492010e+00
1.400000000000000000e+02 1.210835493897551296e-01 1.163433368588596278e-01 7.690979766845703836e+00
1.410000000000000000e+02 1.164726606359879485e-01 1.228663541966915768e-01 7.631179809570312500e+00
1.420000000000000000e+02 1.209337459506335255e-01 1.179053124734192742e-01 7.694819831848143998e+00
1.430000000000000000e+02 1.161196509157042256e-01 1.228434205563487397e-01 7.632119846343994318e+00
1.440000000000000000e+02 1.230690110274198223e-01 1.184911046900194859e-01 7.700259780883788707e+00
1.450000000000000000e+02 1.183348605632548178e-01 1.243911532169382356e-01 7.640199851989746271e+00
1.460000000000000000e+02 1.229468967838374255e-01 1.185623241024685720e-01 7.709319877624512429e+00
1.470000000000000000e+02 1.171647774670174363e-01 1.246445312715667719e-01 7.639619827270507812e+00
1.480000000000000000e+02 1.224383863851796067e-01 1.182140924940913579e-01 7.709079837799071910e+00
1.490000000000000000e+02 1.179951960892275248e-01 1.234455884764450728e-01 7.641399765014648793e+00
1.500000000000000000e+02 1.242799518212464871e-01 1.180240766084364179e-01 7.714299869537352805e+00
1.510000000000000000e+02 1.180656361353785155e-01 1.240480700999335578e-01 7.638759803771972834e+00
1.520000000000000000e+02 1.246424420809304767e-01 1.190428682563811624e-01 7.715619754791259055e+00
1.530000000000000000e+02 1.192294897581325647e-01 1.246780872357854536e-01 7.645439720153808238e+00
1.540000000000000000e+02 1.259857640638540333e-01 1.196947139686242029e-01 7.719739818572996626e+00
1.550000000000000000e+02 1.200595033281225132e-01 1.251176706249739756e-01 7.650379753112792613e+00
1.560000000000000000e+02 1.257055194390093444e-01 1.198318409386587985e-01 7.724059772491454368e+00
1.570000000000000000e+02 1.195996116906102441e-01 1.245809248249483414e-01 7.643679904937743963e+00
1.580000000000000000e+02 1.247320100440167806e-01 1.195109238263443174e-01 7.719139862060547586e+00
1.590000000000000000e+02 1.203098540194564581e-01 1.235193871128225790e-01 7.644739723205566051e+00
1.600000000000000000e+02 1.258233298543924572e-01 1.194060717396537574e-01 7.724179840087890270e+00
1.610000000000000000e+02 1.206152816067171119e-01 1.246464316760469843e-01 7.641519832611082919e+00
1.620000000000000000e+02 1.250294928703975517e-01 1.198755290402666457e-01 7.722659778594970881e+00
1.630000000000000000e+02 1.189859358642634257e-01 1.257944107232513986e-01 7.647499752044677912e+00
1.640000000000000000e+02 1.240238292094876099e-01 1.203599682731581744e-01 7.719159793853759055e+00
1.650000000000000000e+02 1.190624647337079345e-01 1.254686328474527990e-01 7.655539798736572088e+00
1.660000000000000000e+02 1.254673081735979134e-01 1.201059372699198602e-01 7.721379756927490234e+00
1.670000000000000000e+02 1.196525738123063592e-01 1.272534271225223002e-01 7.653039836883544389e+00
1.680000000000000000e+02 1.249237608236297564e-01 1.215081279777622952e-01 7.723039722442627486e+00
1.690000000000000000e+02 1.190307613571333772e-01 1.268313244159694209e-01 7.658639812469482777e+00
1.700000000000000000e+02 1.252206830801915194e-01 1.208396963808358177e-01 7.722419834136962535e+00
1.710000000000000000e+02 1.205366354400606993e-01 1.267981665716427231e-01 7.656099796295166016e+00
1.720000000000000000e+02 1.248357887801995053e-01 1.209667939422510163e-01 7.720819759368897195e+00
1.730000000000000000e+02 1.204214714478190063e-01 1.252890832974870583e-01 7.658379745483398615e+00
1.740000000000000000e+02 1.254315251709439138e-01 1.205239966838517474e-01 7.725159740447998580e+00
1.750000000000000000e+02 1.197726298486728597e-01 1.255389430493097924e-01 7.657059764862061080e+00
1.760000000000000000e+02 1.254924409719491429e-01 1.207975322314433497e-01 7.722579860687254438e+00
1.770000000000000000e+02 1.197376645544239865e-01 1.270915484462036560e-01 7.655079841613769531e+00
1.780000000000000000e+02 1.242325376603205800e-01 1.228547348270675327e-01 7.719399833679198686e+00
1.790000000000000000e+02 1.194750699186063331e-01 1.287946758261519498e-01 7.666379833221435902e+00
1.800000000000000000e+02 1.242338770789778446e-01 1.239579876482571202e-01 7.718939876556397017e+00
1.810000000000000000e+02 1.195346978468900812e-01 1.295271006820009618e-01 7.673739719390869851e+00
1.820000000000000000e+02 1.245876856416825995e-01 1.249431331220760139e-01 7.716059780120849254e+00
1.830000000000000000e+02 1.193107772550823648e-01 1.300942729678880305e-01 7.682959938049315873e+00
1.840000000000000000e+02 1.254764038169918772e-01 1.251228832533136104e-01 7.718019676208495383e+00
1.850000000000000000e+02 1.209897102473260488e-01 1.294037020348610678e-01 7.685079860687254794e+00
1.860000000000000000e+02 1.262300875762973063e-01 1.249392839112393461e-01 7.729359817504882990e+00
1.870000000000000000e+02 1.210659358874595082e-01 1.298288370314301665e-01 7.684999847412108842e+00
1.880000000000000000e+02 1.265151347114270575e-01 1.248686041490641163e-01 7.727839756011963601e+00
1.890000000000000000e+02 1.202118278212836594e-01 1.304016603845508104e-01 7.680539703369141158e+00
1.900000000000000000e+02 1.269964597070485091e-01 1.242519264627539866e-01 7.729859828948973721e+00
1.910000000000000000e+02 1.217784746790193523e-01 1.301558772095615379e-01 7.678819942474365057e+00
1.920000000000000000e+02 1.254575635118093113e-01 1.257696301635216063e-01 7.732219886779784446e+00
1.930000000000000000e+02 1.200176671221283853e-01 1.314204904294382914e-01 7.686359691619872869e+00
1.940000000000000000e+02 1.261657262658814616e-01 1.263526593221779293e-01 7.723679733276367365e+00
1.950000000000000000e+02 1.202411946324013076e-01 1.309452624562236212e-01 7.692459774017334162e+00
1.960000000000000000e+02 1.254248932396192229e-01 1.270397642611939826e-01 7.725259876251220348e+00
1.970000000000000000e+02 1.196097442891235901e-01 1.310836564270136950e-01 7.694759845733642578e+00
1.980000000000000000e+02 1.251371825286283213e-01 1.264562219735012594e-01 7.723859786987304688e+00
1.990000000000000000e+02 1.195327196955431603e-01 1.311569758437019784e-01 7.695099830627441406e+00
2.000000000000000000e+02 1.249009481105693015e-01 1.267018528760136264e-01 7.724739646911620738e+00
2.010000000000000000e+02 1.196115754854915891e-01 1.322898066764745806e-01 7.698919868469237926e+00
2.020000000000000000e+02 1.253130922831438010e-01 1.269349889878073068e-01 7.720519638061523082e+00
2.030000000000000000e+02 1.199859488703474003e-01 1.317603482303633944e-01 7.698639869689941406e+00
2.040000000000000000e+02 1.263184926493433335e-01 1.267169698686465840e-01 7.725639820098876953e+00
2.050000000000000000e+02 1.212254285114743868e-01 1.311273701696637484e-01 7.698479747772216442e+00
2.060000000000000000e+02 1.269475664542553395e-01 1.262979358049599599e-01 7.729979896545410512e+00
2.070000000000000000e+02 1.215150256930382644e-01 1.305966608279642560e-01 7.697039794921874289e+00
2.080000000000000000e+02 1.257263530123136630e-01 1.274082002556104487e-01 7.733599662780761719e+00
2.090000000000000000e+02 1.224680812041590711e-01 1.329598748317569190e-01 7.702339839935303800e+00
2.100000000000000000e+02 1.266060643141463382e-01 1.276816215227151441e-01 7.726379776000976918e+00
2.110000000000000000e+02 1.221877208900156719e-01 1.324970526804366278e-01 7.701719856262207564e+00
2.120000000000000000e+02 1.274305233589680675e-01 1.270047955058843936e-01 7.735599803924561257e+00
2.130000000000000000e+02 1.216497343270373371e-01 1.329937458629186220e-01 7.699759864807129262e+00
2.140000000000000000e+02 1.266271034772582793e-01 1.276586104178057957e-01 7.735239887237549183e+00
2.150000000000000000e+02 1.214951263220411387e-01 1.341522152775671828e-01 7.706379795074462358e+00
2.160000000000000000e+02 1.266037986366606583e-01 1.292348593347358854e-01 7.733559799194335227e+00
2.170000000000000000e+02 1.209842503266586738e-01 1.343525058757632229e-01 7.714639854431151633e+00
2.180000000000000000e+02 1.265066322212447802e-01 1.304537652609738807e-01 7.730679798126220525e+00
2.190000000000000000e+02 1.219116624826142026e-01 1.345461355671445092e-01 7.714539813995362039e+00
2.200000000000000000e+02 1.271108439238604892e-01 1.280500896213001005e-01 7.735639762878419035e+00
2.210000000000000000e+02 1.227979702104888271e-01 1.323683161950835185e-01 7.701799774169921342e+00
2.220000000000000000e+02 1.282177235993189890e-01 1.265868571406184306e-01 7.745599842071533736e+00
2.230000000000000000e+02 1.217443898604931435e-01 1.319143114705252362e-01 7.693739795684814808e+00
2.240000000000000000e+02 1.284033123273479737e-01 1.272207778178790494e-01 7.739939785003662642e+00
2.250000000000000000e+02 1.219543097419886757e-01 1.303902544522600182e-01 7.692499923706054510e+00
2.260000000000000000e+02 1.277327777390518670e-01 1.243578748110107796e-01 7.741999721527099254e+00
2.270000000000000000e+02 1.233043264506513415e-01 1.304076771766903009e-01 7.685899734497070312e+00
2.280000000000000000e+02 1.265080172381172485e-01 1.248997386438009949e-01 7.743399906158447976e+00
2.290000000000000000e+02 1.208149477993525761e-01 1.293946377052019314e-01 7.685299873352050781e+00
2.300000000000000000e+02 1.259620579395890894e-01 1.244315204791442281e-01 7.735799789428710938e+00
2.310000000000000000e+02 1.211401747846882343e-01 1.295449681097658734e-01 7.682219791412354226e+00
2.320000000000000000e+02 1.256038385376717914e-01 1.240862867625711491e-01 7.727079868316650391e+00
2.330000000000000000e+02 1.195804963988857939e-01 1.304488552443327232e-01 7.680339908599853160e+00
2.340000000000000000e+02 1.255339700435689210e-01 1.243208033125418888e-01 7.725719833374023793e+00
2.350000000000000000e+02 1.196245585471666095e-01 1.309910423418301773e-01 7.688839721679687322e+00
2.360000000000000000e+02 1.244200132682715676e-01 1.252878867164124443e-01 7.722299766540527521e+00
2.370000000000000000e+02 1.184160530089999330e-01 1.318611819020349130e-01 7.695819854736328125e+00
2.380000000000000000e+02 1.245502188372909630e-01 1.265855532342501921e-01 7.724559879302978160e+00
2.390000000000000000e+02 1.186857156048272827e-01 1.325005949201937538e-01 7.702919864654541371e+00
2.400000000000000000e+02 1.231764949363334388e-01 1.266485626569825440e-01 7.715559768676757635e+00
2.410000000000000000e+02 1.193820181661022495e-01 1.328611166242184838e-01 7.703899860382079190e+00
2.420000000000000000e+02 1.251730195649203847e-01 1.268361624430205115e-01 7.720219898223875887e+00
2.430000000000000000e+02 1.201730866374972895e-01 1.341111220862887810e-01 7.702559852600098012e+00
2.440000000000000000e+02 1.251392883229730246e-01 1.279813665604948580e-01 7.725139713287353160e+00
2.450000000000000000e+02 1.195066401408749618e-01 1.341926438815098099e-01 7.714319896697998225e+00
2.460000000000000000e+02 1.242229345439938015e-01 1.301876046214186788e-01 7.721039772033691406e+00
2.470000000000000000e+02 1.193129874829913090e-01 1.358634874011367399e-01 7.727719783782958984e+00
2.480000000000000000e+02 1.251646023841078148e-01 1.302315995438091401e-01 7.722239780426026101e+00
2.490000000000000000e+02 1.191340731681027193e-01 1.360213716253900473e-01 7.719659900665283736e+00
2.500000000000000000e+02 1.250789920273612521e-01 1.291323831234756914e-01 7.720759773254393998e+00
2.510000000000000000e+02 1.198830212634305198e-01 1.333860334530617697e-01 7.717899703979491655e+00
2.520000000000000000e+02 1.250424067487973523e-01 1.278318218726251787e-01 7.725159931182862039e+00
2.530000000000000000e+02 1.187743014167604305e-01 1.343635614839618075e-01 7.712139797210692649e+00
2.540000000000000000e+02 1.252028784392596461e-01 1.276079433555533105e-01 7.719919872283936613e+00
2.550000000000000000e+02 1.200840002713992188e-01 1.333577339217056623e-01 7.712139892578125711e+00
2.560000000000000000e+02 1.252550278344176926e-01 1.267624427264382736e-01 7.728919696807861506e+00
2.570000000000000000e+02 1.203085259751314889e-01 1.317032577013151351e-01 7.705179786682128551e+00
2.580000000000000000e+02 1.243929415627683527e-01 1.273570209757440841e-01 7.722899723052977450e+00
2.590000000000000000e+02 1.177221413333281730e-01 1.328223517434467815e-01 7.705379867553711293e+00
2.600000000000000000e+02 1.232505428297958616e-01 1.277868208084358415e-01 7.711839866638183771e+00
2.610000000000000000e+02 1.173244790921708636e-01 1.321602272849004001e-01 7.704219722747803090e+00
2.620000000000000000e+02 1.229832371548462838e-01 1.272686995407542043e-01 7.709459781646728516e+00
2.630000000000000000e+02 1.176982225634627122e-01 1.333271929348170959e-01 7.703039646148680752e+00
2.640000000000000000e+02 1.227685321348897657e-01 1.273167540326647640e-01 7.710599899291992188e+00
2.650000000000000000e+02 1.159564461476096930e-01 1.317387241147447430e-01 7.703799819946289595e+00
2.660000000000000000e+02 1.211297818260916037e-01 1.260305947254051762e-01 7.701299762725829723e+00
2.670000000000000000e+02 1.163284667421044805e-01 1.324218288127914922e-01 7.701099777221680043e+00
2.680000000000000000e+02 1.225777549690372503e-01 1.261079042460180044e-01 7.706619739532470703e+00
2.690000000000000000e+02 1.175471312344643776e-01 1.309866102367409080e-01 7.704659843444823686e+00
2.700000000000000000e+02 1.234503093797627571e-01 1.255654810196413229e-01 7.712719726562499822e+00
2.710000000000000000e+02 1.179987748607099762e-01 1.326507698783291889e-01 7.702719879150389914e+00
2.720000000000000000e+02 1.226837549220353984e-01 1.275952849425786018e-01 7.711999797821044389e+00
2.730000000000000000e+02 1.175960171102719692e-01 1.315955156316234720e-01 7.703419780731201705e+00
2.740000000000000000e+02 1.226097202671608266e-01 1.263575330846066214e-01 7.715999889373780007e+00
2.750000000000000000e+02 1.180307106853772936e-01 1.303590621295346585e-01 7.700959777832030895e+00
2.760000000000000000e+02 1.234628263294214184e-01 1.260055579576205842e-01 7.713919830322264914e+00
2.770000000000000000e+02 1.191172782338066338e-01 1.309813796323985036e-01 7.696679782867430930e+00
2.780000000000000000e+02 1.235461310426117093e-01 1.245734797553962464e-01 7.711259841918945312e+00
2.790000000000000000e+02 1.178057740854306090e-01 1.310153371427599522e-01 7.688919734954834162e+00
2.800000000000000000e+02 1.239420908494964502e-01 1.255559057756973351e-01 7.708639812469481711e+00
2.810000000000000000e+02 1.157303307272861403e-01 1.310952659617816152e-01 7.690219783782959340e+00
2.820000000000000000e+02 1.223846224805333616e-01 1.266973543263222868e-01 7.698639869689940518e+00
2.830000000000000000e+02 1.187873357838406113e-01 1.317119976956424576e-01 7.695299911499022372e+00
2.840000000000000000e+02 1.241766008797305226e-01 1.268773394108089758e-01 7.709579944610595703e+00
2.850000000000000000e+02 1.180201725478513403e-01 1.322335115640842218e-01 7.697699832916258700e+00
2.860000000000000000e+02 1.234309216323768721e-01 1.277638386688449146e-01 7.708499813079833451e+00
2.870000000000000000e+02 1.184194386366907714e-01 1.339287823599316085e-01 7.707259750366211470e+00
2.880000000000000000e+02 1.230682176863280436e-01 1.274980892789148168e-01 7.708599662780762252e+00
2.890000000000000000e+02 1.185500880852903421e-01 1.320821783743854061e-01 7.704299831390380326e+00
2.900000000000000000e+02 1.229353653993802420e-01 1.263821258349547560e-01 7.716339874267578836e+00
2.910000000000000000e+02 1.176708641892901946e-01 1.310056821054622345e-01 7.702799797058105469e+00
2.920000000000000000e+02 1.235117559647472690e-01 1.259684827985887157e-01 7.710559844970703125e+00
2.930000000000000000e+02 1.173903402913408223e-01 1.309439793408688490e-01 7.693339729309082387e+00
2.940000000000000000e+02 1.239926385265067710e-01 1.253806609891946200e-01 7.708639812469482600e+00
2.950000000000000000e+02 1.193387441995561460e-01 1.301767345202074211e-01 7.689019966125488104e+00
2.960000000000000000e+02 1.241021426478156886e-01 1.251036861413201695e-01 7.725719833374023793e+00
2.970000000000000000e+02 1.188622289216564737e-01 1.309089107516209771e-01 7.691099929809571023e+00
2.980000000000000000e+02 1.257808012791918617e-01 1.260761665051380598e-01 7.726079750061035867e+00
2.990000000000000000e+02 1.213334816732799526e-01 1.312766974998267333e-01 7.688179874420166371e+00
3.000000000000000000e+02 1.249953948761496070e-01 1.246985272499235020e-01 7.731059741973876243e+00
3.010000000000000000e+02 1.193157695998026124e-01 1.308961386762010903e-01 7.689639759063720881e+00
3.020000000000000000e+02 1.257470722652701545e-01 1.258342337725370241e-01 7.725079822540283914e+00
3.030000000000000000e+02 1.198545051311102894e-01 1.315468245806933056e-01 7.685659885406494141e+00
3.040000000000000000e+02 1.253010082108254319e-01 1.261011137790938319e-01 7.728179740905762429e+00
3.050000000000000000e+02 1.210337199895516469e-01 1.316717402317842400e-01 7.689779853820801314e+00
3.060000000000000000e+02 1.257288191853264125e-01 1.265414018992254974e-01 7.733959770202636363e+00
3.070000000000000000e+02 1.211661371666091502e-01 1.315624580681585276e-01 7.696399688720703125e+00
3.080000000000000000e+02 1.262924740490544706e-01 1.256075334317505732e-01 7.736499881744384410e+00
3.090000000000000000e+02 1.212048596334921180e-01 1.313101522807033628e-01 7.692099857330322088e+00
3.100000000000000000e+02 1.260552878765566209e-01 1.261153386655398112e-01 7.737819862365723722e+00
3.110000000000000000e+02 1.211725347698939526e-01 1.316661056068314517e-01 7.694799900054931641e+00
3.120000000000000000e+02 1.247409947243275363e-01 1.266320555814366700e-01 7.735719871520996271e+00
3.130000000000000000e+02 1.209614787461992386e-01 1.304693734455902310e-01 7.692599773406982422e+00
3.140000000000000000e+02 1.272571176673426285e-01 1.252472850174297936e-01 7.738339805603026811e+00
3.150000000000000000e+02 1.224730057362795888e-01 1.303678451254176862e-01 7.689839839935302734e+00
3.160000000000000000e+02 1.276584366502423740e-01 1.245677194200803944e-01 7.744559860229491832e+00
3.170000000000000000e+02 1.224374457318442855e-01 1.296188437466066212e-01 7.685479831695555930e+00
3.180000000000000000e+02 1.280540608424461935e-01 1.244741429705989583e-01 7.742579841613768998e+00
3.190000000000000000e+02 1.226572106170144977e-01 1.291830981814798551e-01 7.682719898223876243e+00
3.200000000000000000e+02 1.281026330586583217e-01 1.232204862234775600e-01 7.748079776763916904e+00
3.210000000000000000e+02 1.224287391222001475e-01 1.288663961445966621e-01 7.681259822845459162e+00
3.220000000000000000e+02 1.283350161377972143e-01 1.225165157014092981e-01 7.746579742431641158e+00
3.230000000000000000e+02 1.223252118972462110e-01 1.290263407372602145e-01 7.670079803466796520e+00
3.240000000000000000e+02 1.276573081094345696e-01 1.231043688407407605e-01 7.741379928588867365e+00
3.250000000000000000e+02 1.222767810521645793e-01 1.282370519673215192e-01 7.676759815216064098e+00
3.260000000000000000e+02 1.272919881521281660e-01 1.233024654116464669e-01 7.737239742279053090e+00
3.270000000000000000e+02 1.208897108664795800e-01 1.296479750645797291e-01 7.671679782867432351e+00
3.280000000000000000e+02 1.263029701686551043e-01 1.233796193992021673e-01 7.732459640502930220e+00
3.290000000000000000e+02 1.201753241095536717e-01 1.281962362730058869e-01 7.675019931793212180e+00
3.300000000000000000e+02 1.262608202172123273e-01 1.231455366858684869e-01 7.730959892272949219e+00
3.310000000000000000e+02 1.208621838248222502e-01 1.287016715096149788e-01 7.675039768218994141e+00
3.320000000000000000e+02 1.262311546196306922e-01 1.224795301302626371e-01 7.735719776153564098e+00
3.330000000000000000e+02 1.212316901606892983e-01 1.272811770707450718e-01 7.673719882965087891e+00
3.340000000000000000e+02 1.259513872664597411e-01 1.220381736990901328e-01 7.740819835662842152e+00
3.350000000000000000e+02 1.196667346978788071e-01 1.279626925885679889e-01 7.667519855499268289e+00
3.360000000000000000e+02 1.245404479694632582e-01 1.233937068573026929e-01 7.732519817352295988e+00
3.370000000000000000e+02 1.193955407501992444e-01 1.284570383521769776e-01 7.675379943847657316e+00
3.380000000000000000e+02 1.257762719223170789e-01 1.227847445735715387e-01 7.728139781951904652e+00
3.390000000000000000e+02 1.193426057809585383e-01 1.280662203805461863e-01 7.667759704589843572e+00
3.400000000000000000e+02 1.245003929510685448e-01 1.221671267629542146e-01 7.724519824981689098e+00
3.410000000000000000e+02 1.197532513850896180e-01 1.285141488153368761e-01 7.667839908599852983e+00
3.420000000000000000e+02 1.260159994065915001e-01 1.239671334004593950e-01 7.730319881439209340e+00
3.430000000000000000e+02 1.207848844083683759e-01 1.280748484361815820e-01 7.676499748229980824e+00
3.440000000000000000e+02 1.268921680461889412e-01 1.230823101427210298e-01 7.733179759979247336e+00
3.450000000000000000e+02 1.210352565755281051e-01 1.273324995405124838e-01 7.664859867095946910e+00
3.460000000000000000e+02 1.262441852282576993e-01 1.227250430295321187e-01 7.731979846954346591e+00
3.470000000000000000e+02 1.205954102249419263e-01 1.282180477470838131e-01 7.667039680480955965e+00
3.480000000000000000e+02 1.260681466949703788e-01 1.234525125992960159e-01 7.731959724426269887e+00
3.490000000000000000e+02 1.217342953387448856e-01 1.281907717355184884e-01 7.675739860534669390e+00
3.500000000000000000e+02 1.267600869824805077e-01 1.233163350633716265e-01 7.731839847564697443e+00
3.510000000000000000e+02 1.209633211273879183e-01 1.289251881782654818e-01 7.680699825286865234e+00
3.520000000000000000e+02 1.269615734821852304e-01 1.228373446072621999e-01 7.734919834136962713e+00
3.530000000000000000e+02 1.220532253554675178e-01 1.280638338921777364e-01 7.674319744110107422e+00
3.540000000000000000e+02 1.272266103666894188e-01 1.221735948108213787e-01 7.740259742736816051e+00
3.550000000000000000e+02 1.209688712861972659e-01 1.280705383537187603e-01 7.667739772796631215e+00
3.560000000000000000e+02 1.260297415651578379e-01 1.229998817929621041e-01 7.733239841461182706e+00
3.570000000000000000e+02 1.222384605742728586e-01 1.277358545161889625e-01 7.669499874114989346e+00
3.580000000000000000e+02 1.293365791745401672e-01 1.230754561002452979e-01 7.745499801635741477e+00
3.590000000000000000e+02 1.243498679698787079e-01 1.284671201452673994e-01 7.673419761657715554e+00
3.600000000000000000e+02 1.300323628141904497e-01 1.221430901589498491e-01 7.758099746704100852e+00
3.610000000000000000e+02 1.241543412864069412e-01 1.284714448679143139e-01 7.668299865722656428e+00
3.620000000000000000e+02 1.306618113711717766e-01 1.230243050508925129e-01 7.756919860839844638e+00
3.630000000000000000e+02 1.247677136772628176e-01 1.286497790904256866e-01 7.674459648132323508e+00
3.640000000000000000e+02 1.293314614532913576e-01 1.239451543250679327e-01 7.756159782409667969e+00
3.650000000000000000e+02 1.252546247125675971e-01 1.300279203828083874e-01 7.678059864044188387e+00
3.660000000000000000e+02 1.300143809903077374e-01 1.241269554490097710e-01 7.760379791259765625e+00
3.670000000000000000e+02 1.245643956172202832e-01 1.291404155079997618e-01 7.684459781646729049e+00
3.680000000000000000e+02 1.296148696596152727e-01 1.247624686314872944e-01 7.756739807128906428e+00
3.690000000000000000e+02 1.240180578926270011e-01 1.301231902612263458e-01 7.679379749298096414e+00
3.700000000000000000e+02 1.297489657194803303e-01 1.243265826390187040e-01 7.758579826354980113e+00
3.710000000000000000e+02 1.251372659977863511e-01 1.293832348539335764e-01 7.678939914703368785e+00
3.720000000000000000e+02 1.306551876847496241e-01 1.239228558515711315e-01 7.762799835205077770e+00
3.730000000000000000e+02 1.258094262579654843e-01 1.294193870442174876e-01 7.675179767608643289e+00
3.740000000000000000e+02 1.308642719429058687e-01 1.241058080439186861e-01 7.765199851989745383e+00
3.750000000000000000e+02 1.256130315667716435e-01 1.292508741126417726e-01 7.676139926910400035e+00
3.760000000000000000e+02 1.304220898140012741e-01 1.230712620049137646e-01 7.765059852600098900e+00
3.770000000000000000e+02 1.252016898189338701e-01 1.288000857434119240e-01 7.676879882812499112e+00
3.780000000000000000e+02 1.311628583915286084e-01 1.240966631605233267e-01 7.765079784393310369e+00
3.790000000000000000e+02 1.259752913875669678e-01 1.286102425104530267e-01 7.683399772644042613e+00
3.800000000000000000e+02 1.297387327874756080e-01 1.227542382229040024e-01 7.763419818878174006e+00
3.810000000000000000e+02 1.241334652162260910e-01 1.301958630058451805e-01 7.683059787750243785e+00
3.820000000000000000e+02 1.292350685082038209e-01 1.244772578254900591e-01 7.761719799041747692e+00
3.830000000000000000e+02 1.233987464035454507e-01 1.298931486990800577e-01 7.684659862518310902e+00
3.840000000000000000e+02 1.296059330329723536e-01 1.237085451597502717e-01 7.753959941864012606e+00
3.850000000000000000e+02 1.247720430692629279e-01 1.282776897123076298e-01 7.681479835510253373e+00
3.860000000000000000e+02 1.286863555893758559e-01 1.239290055847473843e-01 7.752919769287109020e+00
3.870000000000000000e+02 1.234603424305164843e-01 1.299329672151037784e-01 7.681099796295166371e+00
3.880000000000000000e+02 1.291609799340461551e-01 1.245836320456353424e-01 7.748359870910643821e+00
3.890000000000000000e+02 1.242668037153490113e-01 1.300785818642224978e-01 7.686099815368652166e+00
3.900000000000000000e+02 1.295012318116562089e-01 1.236220799440712892e-01 7.752699851989746094e+00
3.910000000000000000e+02 1.236425175790985542e-01 1.290598446185508008e-01 7.677979850769042436e+00
3.920000000000000000e+02 1.286095978620448999e-01 1.242916621237509789e-01 7.753619861602783381e+00
3.930000000000000000e+02 1.241623773944772052e-01 1.289434510873434803e-01 7.679799747467041193e+00
3.940000000000000000e+02 1.295367619776651713e-01 1.231038134883377100e-01 7.757139778137206676e+00
3.950000000000000000e+02 1.249538601045090958e-01 1.294307160528351541e-01 7.676179695129394354e+00
3.960000000000000000e+02 1.289178894720035551e-01 1.227796330208411613e-01 7.762059783935546520e+00
3.970000000000000000e+02 1.241552379273016399e-01 1.288852344931880334e-01 7.679759788513182528e+00
3.980000000000000000e+02 1.297806568948428607e-01 1.243069715441443984e-01 7.765119743347167258e+00
