0.000000000000000000e+00 8.860216251803715304e-02 7.692360758112001817e-02 5.992051792144774680e+00
1.000000000000000000e+00 8.656238123096704484e-02 8.622735742817559668e-02 6.001930046081543679e+00
2.000000000000000000e+00 1.056686964835969189e-01 8.601389373523891935e-02 6.268136787414551492e+00
3.000000000000000000e+00 1.043111068222639520e-01 1.074498225235288457e-01 6.279093456268311613e+00
4.000000000000000000e+00 1.337516016221190762e-01 1.047210936771796747e-01 6.505795192718506037e+00
5.000000000000000000e+00 1.296520200921027488e-01 1.278488588520661773e-01 6.517221641540526633e+00
6.000000000000000000e+00 1.599838239432368747e-01 1.292463742057657627e-01 6.702518367767333451e+00
7.000000000000000000e+00 1.576270431389966697e-01 1.584796992958986961e-01 6.713945007324218395e+00
8.000000000000000000e+00 1.872729794578968099e-01 1.535634734047721939e-01 6.875538444519042613e+00
9.000000000000000000e+00 1.801487768317430183e-01 1.813001822332125923e-01 6.892206764221191051e+00
1.000000000000000000e+01 2.154652603621408369e-01 1.780693805274497221e-01 7.028670120239257635e+00
1.100000000000000000e+01 2.062204219263706062e-01 2.100338425532888298e-01 7.042066860198975320e+00
1.200000000000000000e+01 2.432623680717526382e-01 2.021841284429984897e-01 7.163230037689208629e+00
1.300000000000000000e+01 2.312412159162534342e-01 2.365166703057565711e-01 7.176370143890380859e+00
1.400000000000000000e+01 2.657997031093211615e-01 2.271160770222064584e-01 7.277556896209716797e+00
1.500000000000000000e+01 2.535066890866733424e-01 2.614507796713699816e-01 7.294850063323973899e+00
1.600000000000000000e+01 2.874086066455734390e-01 2.486755371800114800e-01 7.383898353576659801e+00
1.700000000000000000e+01 2.761516161663410407e-01 2.848635021805693834e-01 7.399871730804443715e+00
1.800000000000000000e+01 3.115689476710451489e-01 2.690545950212026027e-01 7.481193447113037465e+00
1.900000000000000000e+01 2.957488778444306576e-01 3.043415007612015333e-01 7.492556762695312678e+00
2.000000000000000000e+01 3.346128388472171533e-01 2.898404554429311331e-01 7.569771766662597656e+00
2.100000000000000000e+01 3.169546139829285125e-01 3.271557979928387261e-01 7.578683376312255859e+00
2.200000000000000000e+01 3.503537395297222634e-01 3.110292352273729133e-01 7.647035121917724609e+00
2.300000000000000000e+01 3.354553047323821646e-01 3.465645399850622033e-01 7.661488437652588246e+00
2.400000000000000000e+01 3.719946530658716499e-01 3.296357922471888635e-01 7.722866821289063211e+00
2.500000000000000000e+01 3.566612232372856073e-01 3.661543676551959892e-01 7.737375164031981889e+00
2.600000000000000000e+01 3.907668143248965720e-01 3.471785688705957273e-01 7.797561740875243785e+00
2.700000000000000000e+01 3.739012238783785413e-01 3.822057606774781902e-01 7.810105037689209162e+00
2.800000000000000000e+01 4.074278728099534064e-01 3.672677126354669253e-01 7.862210083007813211e+00
2.900000000000000000e+01 3.884645182432426846e-01 4.002535354577927973e-01 7.878156757354735973e+00
3.000000000000000000e+01 4.230376717372461015e-01 3.851329172234843612e-01 7.919871807098387784e+00
3.100000000000000000e+01 4.072875572561187041e-01 4.170805727134761498e-01 7.937841701507569070e+00
3.200000000000000000e+01 4.420118154769836494e-01 3.952820924086157817e-01 7.976013565063476918e+00
3.300000000000000000e+01 4.194598696846811303e-01 4.335791998773679823e-01 7.992658519744872514e+00
3.400000000000000000e+01 4.562886080544975020e-01 4.150697164589304822e-01 8.028695106506347656e+00
3.500000000000000000e+01 4.361773230701068704e-01 4.455983198748502128e-01 8.046595001220703480e+00
3.600000000000000000e+01 4.698206125319740467e-01 4.306399276478748983e-01 8.075030326843261719e+00
3.700000000000000000e+01 4.518016540712353479e-01 4.618388635018120247e-01 8.099074935913085582e+00
3.800000000000000000e+01 4.809186182059406178e-01 4.445442598665750311e-01 8.123196792602540128e+00
3.900000000000000000e+01 4.623094123813034639e-01 4.783437283704922716e-01 8.149265098571776278e+00
4.000000000000000000e+01 4.948907517132333789e-01 4.605985930938950590e-01 8.164258575439454546e+00
4.100000000000000000e+01 4.767099401708541073e-01 4.921192510910028517e-01 8.196013259887694247e+00
4.200000000000000000e+01 5.059339715972471785e-01 4.756360133481652430e-01 8.206413269042968750e+00
4.300000000000000000e+01 4.875378982555299556e-01 5.060342057457549725e-01 8.241645050048829191e+00
4.400000000000000000e+01 5.185761364524299477e-01 4.851359178951502038e-01 8.244345283508300426e+00
4.500000000000000000e+01 4.996209042688973812e-01 5.178129207881179141e-01 8.280808448791503906e+00
4.600000000000000000e+01 5.282808964353065129e-01 4.997314007821279658e-01 8.278788185119628551e+00
4.700000000000000000e+01 5.079557802994750793e-01 5.291099171319194605e-01 8.319621658325194957e+00
4.800000000000000000e+01 5.417698481633931307e-01 5.093048248335887429e-01 8.315593528747559304e+00
4.900000000000000000e+01 5.196806918958863930e-01 5.414724167244067132e-01 8.353063201904296520e+00
5.000000000000000000e+01 5.543074707172500615e-01 5.166302916070542040e-01 8.349480056762695668e+00
5.100000000000000000e+01 5.317490942160204570e-01 5.503532644202244750e-01 8.384865188598631391e+00
5.200000000000000000e+01 5.615818928445713842e-01 5.288313099734417433e-01 8.377660179138183949e+00
5.300000000000000000e+01 5.402451948174050722e-01 5.585166822422138466e-01 8.413476753234863992e+00
5.400000000000000000e+01 5.713855078128099452e-01 5.395728597942426319e-01 8.409495162963867898e+00
5.500000000000000000e+01 5.532695895916879270e-01 5.679630819043862688e-01 8.442653274536134234e+00
5.600000000000000000e+01 5.793001795401815368e-01 5.504817397201953177e-01 8.437235069274901633e+00
5.700000000000000000e+01 5.603118303537902856e-01 5.779517612874937038e-01 8.466323471069335582e+00
5.800000000000000000e+01 5.916231662827710069e-01 5.598959258547328011e-01 8.460623550415039773e+00
5.900000000000000000e+01 5.697935940682049560e-01 5.875742200125027015e-01 8.492776870727539062e+00
6.000000000000000000e+01 5.977698444396372102e-01 5.637518226335339611e-01 8.484600257873536222e+00
6.100000000000000000e+01 5.756476036332811574e-01 5.922042770681750223e-01 8.513650131225585227e+00
6.200000000000000000e+01 6.037638492677072088e-01 5.715698580155122999e-01 8.502081871032714844e+00
6.300000000000000000e+01 5.835526822173555672e-01 5.994353081468055677e-01 8.534703445434569602e+00
6.400000000000000000e+01 6.099739252189861904e-01 5.805429922204630167e-01 8.521178436279296164e+00
6.500000000000000000e+01 5.897916433748275900e-01 6.081520265244823031e-01 8.554803657531737215e+00
6.600000000000000000e+01 6.158014560991106334e-01 5.868155238471005619e-01 8.538911819458007812e+00
6.700000000000000000e+01 5.959417650618625828e-01 6.166638845488460197e-01 8.574349975585937145e+00
6.800000000000000000e+01 6.208376661710380828e-01 5.928084049383735010e-01 8.555555152893065340e+00
6.900000000000000000e+01 6.016838061530694892e-01 6.214688337225314774e-01 8.597448348999023438e+00
7.000000000000000000e+01 6.265989145637845814e-01 5.996341904053451577e-01 8.574253654479981890e+00
7.100000000000000000e+01 6.069203687900606159e-01 6.291592975146190758e-01 8.614935111999512785e+00
7.200000000000000000e+01 6.326484084963817089e-01 6.062629227195606152e-01 8.588220214843749645e+00
7.300000000000000000e+01 6.130044906416277639e-01 6.318625741587265976e-01 8.630941581726073508e+00
7.400000000000000000e+01 6.374470990951109917e-01 6.126742709263889308e-01 8.603341484069824574e+00
7.500000000000000000e+01 6.189696560662373281e-01 6.372080775626253191e-01 8.642453575134277699e+00
7.600000000000000000e+01 6.402537084542362367e-01 6.165741024898090394e-01 8.613496971130370383e+00
7.700000000000000000e+01 6.236339947716629251e-01 6.417481428444899993e-01 8.655490112304686789e+00
7.800000000000000000e+01 6.468675561517331918e-01 6.194734660625351719e-01 8.628165245056152344e+00
7.900000000000000000e+01 6.278389803466650765e-01 6.453053402908708325e-01 8.667335128784179332e+00
8.000000000000000000e+01 6.517823859188420776e-01 6.249911769012830298e-01 8.641153335571289062e+00
8.100000000000000000e+01 6.324653581538473013e-01 6.492294442230084339e-01 8.679066848754882102e+00
8.200000000000000000e+01 6.599536275605034641e-01 6.302932128201403916e-01 8.657285118103027699e+00
8.300000000000000000e+01 6.349732446647032846e-01 6.551799760429063424e-01 8.694277000427247160e+00
8.400000000000000000e+01 6.596387313139122632e-01 6.363083420640023302e-01 8.666148567199707387e+00
8.500000000000000000e+01 6.412445950673784090e-01 6.574535459511035018e-01 8.703980064392089488e+00
8.600000000000000000e+01 6.612356857596405346e-01 6.404833516452412834e-01 8.675135231018066051e+00
8.700000000000000000e+01 6.441213260837921339e-01 6.624650445170784385e-01 8.717376518249512429e+00
8.800000000000000000e+01 6.691847711732860082e-01 6.408427729490946412e-01 8.687208175659179688e+00
8.900000000000000000e+01 6.463738598627490894e-01 6.674228584624768423e-01 8.729693412780761719e+00
9.000000000000000000e+01 6.700186003165569115e-01 6.465715788705858058e-01 8.693415069580078480e+00
9.100000000000000000e+01 6.502667327623025129e-01 6.711991324257572389e-01 8.741435050964355469e+00
9.200000000000000000e+01 6.738868242701353539e-01 6.510743648446373211e-01 8.699941825866700285e+00
9.300000000000000000e+01 6.519845247700998270e-01 6.744479972934360745e-01 8.751473426818847656e+00
9.400000000000000000e+01 6.736836350891117764e-01 6.532422628094853856e-01 8.706426811218261008e+00
9.500000000000000000e+01 6.512546070353658623e-01 6.761087675401354913e-01 8.757396697998046875e+00
9.600000000000000000e+01 6.757784509569632059e-01 6.572775009812683589e-01 8.712738418579101918e+00
9.700000000000000000e+01 6.534248819918576645e-01 6.812568776645068214e-01 8.763483428955078480e+00
9.800000000000000000e+01 6.785614549732248424e-01 6.610686443940881896e-01 8.720176696777343750e+00
9.900000000000000000e+01 6.557433037408247900e-01 6.833089207064312331e-01 8.774030113220215199e+00
1.000000000000000000e+02 6.781194661011288316e-01 6.614385995524311168e-01 8.724925231933593039e+00
1.010000000000000000e+02 6.549098528450665313e-01 6.885642975604978622e-01 8.781563568115235086e+00
1.020000000000000000e+02 6.803351776151200792e-01 6.661846470699425149e-01 8.726590156555175781e+00
1.030000000000000000e+02 6.588950265610626911e-01 6.881972044360019636e-01 8.786948394775389914e+00
1.040000000000000000e+02 6.824423765740006420e-01 6.694924603623392256e-01 8.730043411254882812e+00
1.050000000000000000e+02 6.630454980361666362e-01 6.916565622288650683e-01 8.789411735534667258e+00
1.060000000000000000e+02 6.852069144924626265e-01 6.697647860030196965e-01 8.736040306091307883e+00
1.070000000000000000e+02 6.635803760398929496e-01 6.927176780533654821e-01 8.795721817016602273e+00
1.080000000000000000e+02 6.869841169804314918e-01 6.700226169915430852e-01 8.739478492736814985e+00
1.090000000000000000e+02 6.653957256514059226e-01 6.959141432272551997e-01 8.801383399963377485e+00
1.100000000000000000e+02 6.907987892754985371e-01 6.742830902903060863e-01 8.745450019836425781e+00
1.110000000000000000e+02 6.678693016580191655e-01 6.976425028683403973e-01 8.805995178222655539e+00
1.120000000000000000e+02 6.924962836372963171e-01 6.753254481459295411e-01 8.750356674194335938e+00
1.130000000000000000e+02 6.696809038047863982e-01 6.971455561054121786e-01 8.809701728820799715e+00
1.140000000000000000e+02 6.923175783202404343e-01 6.755834084776232151e-01 8.757608222961426492e+00
1.150000000000000000e+02 6.711282105844152968e-01 7.009215573895811735e-01 8.815550231933594105e+00
1.160000000000000000e+02 6.939421943158163852e-01 6.798577514903479946e-01 8.760835266113280895e+00
1.170000000000000000e+02 6.758125604561189270e-01 7.018145531241961610e-01 8.818723487854002840e+00
1.180000000000000000e+02 6.918362494074179470e-01 6.795108209657451104e-01 8.768300056457519531e+00
1.190000000000000000e+02 6.737901351940698280e-01 7.040522610494562850e-01 8.820195198059082031e+00
1.200000000000000000e+02 6.954906680519165052e-01 6.826882230031597887e-01 8.768028450012206321e+00
1.210000000000000000e+02 6.755299831182460801e-01 7.027237499036317336e-01 8.824306488037109375e+00
1.220000000000000000e+02 6.983389556591198533e-01 6.817509820523868225e-01 8.772883415222167969e+00
1.230000000000000000e+02 6.770030745173377662e-01 7.026085393282445191e-01 8.824658393859863281e+00
1.240000000000000000e+02 6.973316117323783425e-01 6.820534295562802329e-01 8.775800132751465199e+00
1.250000000000000000e+02 6.770761544169771051e-01 7.040604737684915682e-01 8.826523590087891336e+00
1.260000000000000000e+02 6.994956669083687295e-01 6.837475554814654854e-01 8.774448585510253196e+00
1.270000000000000000e+02 6.787791709444729316e-01 7.055539506676066219e-01 8.828746604919432528e+00
1.280000000000000000e+02 7.013562225856666554e-01 6.839303261010543089e-01 8.776940155029297586e+00
1.290000000000000000e+02 6.809949316246604045e-01 7.049463515745733044e-01 8.831395149230957031e+00
1.300000000000000000e+02 7.034696093178712806e-01 6.856674878827944131e-01 8.780431747436523438e+00
1.310000000000000000e+02 6.802642337504767323e-01 7.058038077125602383e-01 8.832427024841308594e+00
1.320000000000000000e+02 7.048220101033979557e-01 6.859436032220980195e-01 8.781800460815430753e+00
1.330000000000000000e+02 6.839941545444546689e-01 7.077207273275136767e-01 8.835861778259278765e+00
1.340000000000000000e+02 7.060598795658610261e-01 6.879876400587646712e-01 8.786365127563477984e+00
1.350000000000000000e+02 6.845623216217420204e-01 7.084916606248801152e-01 8.837498283386230113e+00
1.360000000000000000e+02 7.067129793370178215e-01 6.889690046476157903e-01 8.785531806945801492e+00
1.370000000000000000e+02 6.852056349991252349e-01 7.116073851016383456e-01 8.840871810913085938e+00
1.380000000000000000e+02 7.086892646570175369e-01 6.898877677123232965e-01 8.787353324890137429e+00
1.390000000000000000e+02 6.850689632174614685e-01 7.113271787279688008e-01 8.838590240478515270e+00
1.400000000000000000e+02 7.070423002036296811e-01 6.870041383354853481e-01 8.789884948730469105e+00
1.410000000000000000e+02 6.837572610721056598e-01 7.116922640574752101e-01 8.840031814575196378e+00
1.420000000000000000e+02 7.082688090031549200e-01 6.921185662772291192e-01 8.791548347473144176e+00
1.430000000000000000e+02 6.857758184810830437e-01 7.143182373860568202e-01 8.844113540649413352e+00
1.440000000000000000e+02 7.079363814886995288e-01 6.939716601611582991e-01 8.790950012207030539e+00
1.450000000000000000e+02 6.888013839929725268e-01 7.152548887066667582e-01 8.846903800964355469e+00
1.460000000000000000e+02 7.102733673462442443e-01 6.938050664631036923e-01 8.797321701049805043e+00
1.470000000000000000e+02 6.873111304139819522e-01 7.161689309330016018e-01 8.852623558044433238e+00
1.480000000000000000e+02 7.123332668620503405e-01 6.932568084937593689e-01 8.796048545837402699e+00
1.490000000000000000e+02 6.904100846090575061e-01 7.151535445115638767e-01 8.854026603698731179e+00
1.500000000000000000e+02 7.109133641296316863e-01 6.970396063843878887e-01 8.802775001525878551e+00
1.510000000000000000e+02 6.912055331387566559e-01 7.168467193337464405e-01 8.857840156555175426e+00
1.520000000000000000e+02 7.129761678368088385e-01 6.952265636287208173e-01 8.809223365783692472e+00
1.530000000000000000e+02 6.912972083307060700e-01 7.150614024573972438e-01 8.857695198059081676e+00
1.540000000000000000e+02 7.120392928083526529e-01 6.954466580637431727e-01 8.811384963989258523e+00
1.550000000000000000e+02 6.938624405341294876e-01 7.169208472311376923e-01 8.857839965820312855e+00
1.560000000000000000e+02 7.141841182146390077e-01 6.967970678980068833e-01 8.813631820678711648e+00
1.570000000000000000e+02 6.922762744529116219e-01 7.194042356446244124e-01 8.860841751098632812e+00
1.580000000000000000e+02 7.151688593426496210e-01 6.982876556810424518e-01 8.814996910095215910e+00
1.590000000000000000e+02 6.926690159003878744e-01 7.176556488697243275e-01 8.865053558349609730e+00
1.600000000000000000e+02 7.137843875045074560e-01 6.970406526715907658e-01 8.813550186157225852e+00
1.610000000000000000e+02 6.918661617282581000e-01 7.187192303837661722e-01 8.863870239257812145e+00
1.620000000000000000e+02 7.132489827404010496e-01 6.984056240448460740e-01 8.815768432617188566e+00
1.630000000000000000e+02 6.919514002988902401e-01 7.190831165211645226e-01 8.863660240173340199e+00
1.640000000000000000e+02 7.141956663712303310e-01 6.961694937866108601e-01 8.816693305969238281e+00
1.650000000000000000e+02 6.923300373863939816e-01 7.194432293251525889e-01 8.861623191833496449e+00
1.660000000000000000e+02 7.128731348307668636e-01 6.942551870683996151e-01 8.817656707763672941e+00
1.670000000000000000e+02 6.924674861330907261e-01 7.202889043186838647e-01 8.865301704406737926e+00
1.680000000000000000e+02 7.129730494120744000e-01 6.984243561455441007e-01 8.817665290832520597e+00
1.690000000000000000e+02 6.925103960760069510e-01 7.175503076620354248e-01 8.866355133056639914e+00
1.700000000000000000e+02 7.112308324646319235e-01 6.962579763139795652e-01 8.818241691589355113e+00
1.710000000000000000e+02 6.942725378735548070e-01 7.182120464251170455e-01 8.867171859741210582e+00
1.720000000000000000e+02 7.122928747601676713e-01 6.983624141816601183e-01 8.814746856689453125e+00
1.730000000000000000e+02 6.898226596514774878e-01 7.176896676809054743e-01 8.865376663208007102e+00
1.740000000000000000e+02 7.111633090151791015e-01 6.973642474499007760e-01 8.815828323364257812e+00
1.750000000000000000e+02 6.895944348047684525e-01 7.155782968916598596e-01 8.864519882202149148e+00
1.760000000000000000e+02 7.114808161753017890e-01 6.946496982354155580e-01 8.819291877746580965e+00
1.770000000000000000e+02 6.906686324523148013e-01 7.167750470516436323e-01 8.865523338317871094e+00
1.780000000000000000e+02 7.124704008466696825e-01 6.957533281859921148e-01 8.820838356018066762e+00
1.790000000000000000e+02 6.918814820090654072e-01 7.166924039615079067e-01 8.865980148315429688e+00
1.800000000000000000e+02 7.128185239112845295e-01 6.949962553778342711e-01 8.820315170288086648e+00
1.810000000000000000e+02 6.910348054808603813e-01 7.158495785492068331e-01 8.863886642456053622e+00
1.820000000000000000e+02 7.123237380119529227e-01 6.924184074230265162e-01 8.820498466491699219e+00
1.830000000000000000e+02 6.930401993924270032e-01 7.149005279907335586e-01 8.862000274658203836e+00
1.840000000000000000e+02 7.107472504171195027e-01 6.944588152461028674e-01 8.822906684875487571e+00
1.850000000000000000e+02 6.913265470951281966e-01 7.140309451687776310e-01 8.864150047302246094e+00
1.860000000000000000e+02 7.144072290153692384e-01 6.938810006569360311e-01 8.823843383789062855e+00
1.870000000000000000e+02 6.918667366122642770e-01 7.152792678131901782e-01 8.858746719360350852e+00
1.880000000000000000e+02 7.140032575446766394e-01 6.954688506681965254e-01 8.819485092163086293e+00
1.890000000000000000e+02 6.880415907982757595e-01 7.172073427615860419e-01 8.862810134887695312e+00
1.900000000000000000e+02 7.130389935588868910e-01 6.976008111133319423e-01 8.815670204162596946e+00
1.910000000000000000e+02 6.930431584555521995e-01 7.200442202199881514e-01 8.864486694335937500e+00
1.920000000000000000e+02 7.136536130332719052e-01 6.977474183830075782e-01 8.818566894531249645e+00
1.930000000000000000e+02 6.910447217192755565e-01 7.210275351437079872e-01 8.863203430175781605e+00
1.940000000000000000e+02 7.130873165546324222e-01 6.997906010558464507e-01 8.818028259277344461e+00
1.950000000000000000e+02 6.908917064058761603e-01 7.218774897967006332e-01 8.864358711242674715e+00
1.960000000000000000e+02 7.142891051917416023e-01 6.989591575099146636e-01 8.818070030212401988e+00
1.970000000000000000e+02 6.937996624494568998e-01 7.189158728233175921e-01 8.865180206298827414e+00
1.980000000000000000e+02 7.156839226639845064e-01 6.986934684539454210e-01 8.819315147399901633e+00
1.990000000000000000e+02 6.966297283257905093e-01 7.169350815618972250e-01 8.864146804809571734e+00
2.000000000000000000e+02 7.171790832791156145e-01 6.969997938286683903e-01 8.821841621398924360e+00
2.010000000000000000e+02 6.948929293843246757e-01 7.212338437310396033e-01 8.860711669921874645e+00
2.020000000000000000e+02 7.169101563731556936e-01 6.980800318834883278e-01 8.820763397216797586e+00
2.030000000000000000e+02 6.975224335904186557e-01 7.198270613382092842e-01 8.861430168151853692e+00
2.040000000000000000e+02 7.178278616177009575e-01 6.997835694785327076e-01 8.824793434143066051e+00
2.050000000000000000e+02 6.975876177676285650e-01 7.184229945149113172e-01 8.862985229492187145e+00
2.060000000000000000e+02 7.166682213067596674e-01 6.991684863725768917e-01 8.826355171203612571e+00
2.070000000000000000e+02 6.965715153634641776e-01 7.194098173661206408e-01 8.866070175170898793e+00
2.080000000000000000e+02 7.167888159594929531e-01 6.980592425514748900e-01 8.826748275756836293e+00
2.090000000000000000e+02 6.955060190555640842e-01 7.192438804526374296e-01 8.865408325195312855e+00
2.100000000000000000e+02 7.146523958997006432e-01 6.986156424086187311e-01 8.823491859436035867e+00
2.110000000000000000e+02 6.951809399402317791e-01 7.186587091207137235e-01 8.868006896972657316e+00
2.120000000000000000e+02 7.137620092118975856e-01 6.982767059511610919e-01 8.821563529968260653e+00
2.130000000000000000e+02 6.955751591734028461e-01 7.170008479468642504e-01 8.867368316650390270e+00
2.140000000000000000e+02 7.172549776154352186e-01 6.991475797405316550e-01 8.823810195922851207e+00
2.150000000000000000e+02 6.953641150458100828e-01 7.213696435435649201e-01 8.868806838989257812e+00
2.160000000000000000e+02 7.161298361076764429e-01 6.992128095531054965e-01 8.819496726989745738e+00
2.170000000000000000e+02 6.948679821689298652e-01 7.219602391057521329e-01 8.868814849853515980e+00
2.180000000000000000e+02 7.173996560840772974e-01 6.983284485664633667e-01 8.820583343505859375e+00
2.190000000000000000e+02 6.975648755582010141e-01 7.198326749006267455e-01 8.867523384094237571e+00
2.200000000000000000e+02 7.201628588090032146e-01 6.967077506401795350e-01 8.818418312072752840e+00
2.210000000000000000e+02 6.970776340673232596e-01 7.212977084071739986e-01 8.865936851501464488e+00
2.220000000000000000e+02 7.199331224580389765e-01 7.002595743339107281e-01 8.818906974792479758e+00
2.230000000000000000e+02 6.971583927257842817e-01 7.224121166437176278e-01 8.862161827087401633e+00
2.240000000000000000e+02 7.187410820737918371e-01 6.984246210977449465e-01 8.818768501281738281e+00
2.250000000000000000e+02 6.975046279602513666e-01 7.220063783997221485e-01 8.860428428649901988e+00
2.260000000000000000e+02 7.184478473935631548e-01 6.972582465653544004e-01 8.818946647644041903e+00
2.270000000000000000e+02 6.969992913998632744e-01 7.195511542921148029e-01 8.861021804809571023e+00
2.280000000000000000e+02 7.224506043107282727e-01 6.986750412883866446e-01 8.818313026428223012e+00
2.290000000000000000e+02 6.965608074948888007e-01 7.198244496107566448e-01 8.862299919128419745e+00
2.300000000000000000e+02 7.215391608459974515e-01 7.006253662493372447e-01 8.817036819458007102e+00
2.310000000000000000e+02 6.976600733300258872e-01 7.178297444665531213e-01 8.859848213195800071e+00
2.320000000000000000e+02 7.207584893934678716e-01 6.993581823573851164e-01 8.817573356628416903e+00
2.330000000000000000e+02 6.981398324084492346e-01 7.197940575424136567e-01 8.857973289489745383e+00
2.340000000000000000e+02 7.191330914386871997e-01 6.967022126770707757e-01 8.816755104064942117e+00
2.350000000000000000e+02 6.984516093851359519e-01 7.194707432878263420e-01 8.860058212280272016e+00
2.360000000000000000e+02 7.162151810740359226e-01 6.981134268883343319e-01 8.816441917419433949e+00
2.370000000000000000e+02 6.942400683982059562e-01 7.189064033729277714e-01 8.863856887817384234e+00
2.380000000000000000e+02 7.183719843165324859e-01 6.971824765322753858e-01 8.817335128784179688e+00
2.390000000000000000e+02 6.972396706624495177e-01 7.204917665223273815e-01 8.861085319519043324e+00
2.400000000000000000e+02 7.157917828815180128e-01 6.985167322701770765e-01 8.816855239868164773e+00
2.410000000000000000e+02 6.950338411511766123e-01 7.200824327065836750e-01 8.862466621398926492e+00
2.420000000000000000e+02 7.184875848152773026e-01 6.987529035732787941e-01 8.815900039672852628e+00
2.430000000000000000e+02 6.965071177481509945e-01 7.191547951944337047e-01 8.861788558959961648e+00
2.440000000000000000e+02 7.186528484144336648e-01 6.993862487039490539e-01 8.815513420104981179e+00
2.450000000000000000e+02 6.938630193633954502e-01 7.178771582546586982e-01 8.861475372314453480e+00
2.460000000000000000e+02 7.166147617448347384e-01 6.996068095665758380e-01 8.816925239562987571e+00
2.470000000000000000e+02 6.954931711851751741e-01 7.207181739158826650e-01 8.862541770935058238e+00
2.480000000000000000e+02 7.141302021923143784e-01 7.001507299598928036e-01 8.815391731262206321e+00
2.490000000000000000e+02 6.929692204014835655e-01 7.196974397093370834e-01 8.865248489379883523e+00
2.500000000000000000e+02 7.170977556431180622e-01 6.998796822586261790e-01 8.815651702880858309e+00
2.510000000000000000e+02 6.950326893781915150e-01 7.200096248665085463e-01 8.865916824340821734e+00
2.520000000000000000e+02 7.167326306699677296e-01 7.012156546444769933e-01 8.818151473999023438e+00
2.530000000000000000e+02 6.943471662621977236e-01 7.210142994836925556e-01 8.866535186767578125e+00
2.540000000000000000e+02 7.169165614557853061e-01 6.991622762781790623e-01 8.818621635437011719e+00
2.550000000000000000e+02 6.964244071624514643e-01 7.204415024942736334e-01 8.866819953918456676e+00
2.560000000000000000e+02 7.163398753173756406e-01 6.975119789971370166e-01 8.821425056457519176e+00
2.570000000000000000e+02 6.975614765683421092e-01 7.196059252727866618e-01 8.869388389587401278e+00
2.580000000000000000e+02 7.173541026091244666e-01 6.993961211768825459e-01 8.824305152893066051e+00
2.590000000000000000e+02 6.951204494641129994e-01 7.204096659356516996e-01 8.869473266601563211e+00
2.600000000000000000e+02 7.172165007835049622e-01 6.985936070314691104e-01 8.822188377380371094e+00
2.610000000000000000e+02 6.983229902828117508e-01 7.215611692397844168e-01 8.868421745300292258e+00
2.620000000000000000e+02 7.159160043002963381e-01 6.999559576462083266e-01 8.821726989746094816e+00
2.630000000000000000e+02 6.958406867739674873e-01 7.187997359063768021e-01 8.863698196411133878e+00
2.640000000000000000e+02 7.173086316277553776e-01 6.971368400635872264e-01 8.820040130615232954e+00
2.650000000000000000e+02 6.967302579025338449e-01 7.212945386071306642e-01 8.864688491821288707e+00
2.660000000000000000e+02 7.145892048217906689e-01 6.994665279157255000e-01 8.819190216064452414e+00
2.670000000000000000e+02 6.969194876320020660e-01 7.179527359401352005e-01 8.864650154113769887e+00
2.680000000000000000e+02 7.189838786577683605e-01 6.959164212364024049e-01 8.821463394165037997e+00
2.690000000000000000e+02 6.990471566206915011e-01 7.152501788496129498e-01 8.862026977539061434e+00
2.700000000000000000e+02 7.185739350266907577e-01 6.973907071544379610e-01 8.823056793212890270e+00
2.710000000000000000e+02 6.978980309576972019e-01 7.164611922910124608e-01 8.861738586425781605e+00
2.720000000000000000e+02 7.204669638156632194e-01 6.962411912605878106e-01 8.825308418273925426e+00
2.730000000000000000e+02 6.979541245249227810e-01 7.161953009970498663e-01 8.861420059204101918e+00
2.740000000000000000e+02 7.195790799188525044e-01 6.937053081775164110e-01 8.824846839904784801e+00
2.750000000000000000e+02 6.977007719962063925e-01 7.186688317158754780e-01 8.860673522949220171e+00
2.760000000000000000e+02 7.204130597189738472e-01 6.973378506604964722e-01 8.825556755065917969e+00
2.770000000000000000e+02 6.967639437622821230e-01 7.161386010204535690e-01 8.863928604125977273e+00
2.780000000000000000e+02 7.204601771318797088e-01 6.982691566353433910e-01 8.826940345764160867e+00
2.790000000000000000e+02 6.969115632717526321e-01 7.172034850106754345e-01 8.865360069274903054e+00
2.800000000000000000e+02 7.208999555800011949e-01 6.962482603273668635e-01 8.827285003662108664e+00
2.810000000000000000e+02 6.989286072507771008e-01 7.191809497780862204e-01 8.866781806945800426e+00
2.820000000000000000e+02 7.190438639396581344e-01 6.975575102072955058e-01 8.829445266723631391e+00
2.830000000000000000e+02 6.983922005757733364e-01 7.218466357470730843e-01 8.867360305786133878e+00
2.840000000000000000e+02 7.204988309194492180e-01 6.986897615940087514e-01 8.826783370971680753e+00
2.850000000000000000e+02 7.000289103736262453e-01 7.186916121099654609e-01 8.870111846923828480e+00
2.860000000000000000e+02 7.218694474655237281e-01 7.007701688251641858e-01 8.825128555297851562e+00
2.870000000000000000e+02 7.017841620328880703e-01 7.187940112867541309e-01 8.871855163574219105e+00
2.880000000000000000e+02 7.199511571816404887e-01 6.990589110413812923e-01 8.823486900329589488e+00
2.890000000000000000e+02 6.993217377902821719e-01 7.187504952401374547e-01 8.871319961547850852e+00
2.900000000000000000e+02 7.194574424813965363e-01 6.976052940380436107e-01 8.818175125122071023e+00
2.910000000000000000e+02 6.986566740507149653e-01 7.182552889662684459e-01 8.867318153381347656e+00
2.920000000000000000e+02 7.178000832338525816e-01 6.971821272221965238e-01 8.819353675842284801e+00
2.930000000000000000e+02 6.965959135498972499e-01 7.204490251587239991e-01 8.869476699829100141e+00
2.940000000000000000e+02 7.198784231044264015e-01 6.989163440375649738e-01 8.821716880798339488e+00
2.950000000000000000e+02 6.960821229524263298e-01 7.202097801867985982e-01 8.870975112915038707e+00
2.960000000000000000e+02 7.185773689369229222e-01 6.975142273125467529e-01 8.821840095520018465e+00
2.970000000000000000e+02 6.951718472405796767e-01 7.191726358794203744e-01 8.870965194702147727e+00
2.980000000000000000e+02 7.169331074848633856e-01 6.991960519538167329e-01 8.820055007934570312e+00
2.990000000000000000e+02 6.960221305172613615e-01 7.196037950542031325e-01 8.870165252685547230e+00
3.000000000000000000e+02 7.182757924323875942e-01 6.988279623355486692e-01 8.821291732788086648e+00
3.010000000000000000e+02 6.959092279697616235e-01 7.196113191727309122e-01 8.869728469848633168e+00
3.020000000000000000e+02 7.190505846379091626e-01 7.000772256115012082e-01 8.819890022277832031e+00
3.030000000000000000e+02 6.994895753197181154e-01 7.207732349511229986e-01 8.868476676940918679e+00
3.040000000000000000e+02 7.213763611007272258e-01 7.009369338567259522e-01 8.823195266723633523e+00
3.050000000000000000e+02 6.955702533367184026e-01 7.207577606322429498e-01 8.866596794128419390e+00
3.060000000000000000e+02 7.164832671655901875e-01 6.992525895125394353e-01 8.822083282470702059e+00
3.070000000000000000e+02 6.965254443286698072e-01 7.217081551398107919e-01 8.868843269348143821e+00
3.080000000000000000e+02 7.183990724626135860e-01 7.007777716304631754e-01 8.825101661682127840e+00
3.090000000000000000e+02 6.976703583196735003e-01 7.215057520890264531e-01 8.867215156555175781e+00
3.100000000000000000e+02 7.155029279793656549e-01 6.989898510946783716e-01 8.822776794433595526e+00
3.110000000000000000e+02 6.956828117557575242e-01 7.187226136971082147e-01 8.866938400268555398e+00
3.120000000000000000e+02 7.141218407844817095e-01 7.000869969209730925e-01 8.823776817321776988e+00
3.130000000000000000e+02 6.958999092071251891e-01 7.174319315828158183e-01 8.867186737060546164e+00
3.140000000000000000e+02 7.181511427419173810e-01 6.995224244590336760e-01 8.826096725463866477e+00
3.150000000000000000e+02 6.959964118840242797e-01 7.171131770081572432e-01 8.866794776916503196e+00
3.160000000000000000e+02 7.150072884485094704e-01 6.967346458575647272e-01 8.826833534240723367e+00
3.170000000000000000e+02 6.959100089422731727e-01 7.202354314882725150e-01 8.870498466491699929e+00
3.180000000000000000e+02 7.179670627705790897e-01 6.993756921418230466e-01 8.827836799621582742e+00
3.190000000000000000e+02 6.970836330979196527e-01 7.175125152691834707e-01 8.866741943359375711e+00
3.200000000000000000e+02 7.158537903936247337e-01 6.977361878880584678e-01 8.830330085754395597e+00
3.210000000000000000e+02 6.962839521115503638e-01 7.151058432614029181e-01 8.867246818542479758e+00
3.220000000000000000e+02 7.192095177276718321e-01 6.972220377019399118e-01 8.828345108032225497e+00
3.230000000000000000e+02 7.000219729498344812e-01 7.180030139531621280e-01 8.866640090942382812e+00
3.240000000000000000e+02 7.193011736183622107e-01 6.975036265553391512e-01 8.827436637878419035e+00
3.250000000000000000e+02 6.974724593174573828e-01 7.204547995616771283e-01 8.864615058898925426e+00
3.260000000000000000e+02 7.176730301616497387e-01 6.959182259320452202e-01 8.825905036926268821e+00
3.270000000000000000e+02 6.980679529428299723e-01 7.208996371154856586e-01 8.867151641845703480e+00
3.280000000000000000e+02 7.180406756687468528e-01 6.975140411005906760e-01 8.826283645629883878e+00
3.290000000000000000e+02 6.964806199797656250e-01 7.208686855313581887e-01 8.870234870910644887e+00
3.300000000000000000e+02 7.164696564463306494e-01 6.960289987714228799e-01 8.828826713562010653e+00
3.310000000000000000e+02 6.992740613947823203e-01 7.198316667677537861e-01 8.868673515319823508e+00
3.320000000000000000e+02 7.184440135966677632e-01 6.958667850892615858e-01 8.828153419494629617e+00
3.330000000000000000e+02 7.003911142411687329e-01 7.194848793838519718e-01 8.869618415832519531e+00
3.340000000000000000e+02 7.204292020541943620e-01 6.946208318293705108e-01 8.831080055236817827e+00
3.350000000000000000e+02 6.995828574644754605e-01 7.164539538323843049e-01 8.868001747131346590e+00
3.360000000000000000e+02 7.211761000847041192e-01 6.964361911763966573e-01 8.830473709106446023e+00
3.370000000000000000e+02 6.982039939861622857e-01 7.183515945863907515e-01 8.865346717834473367e+00
3.380000000000000000e+02 7.180138218796544569e-01 6.974430320398855576e-01 8.827518272399903054e+00
3.390000000000000000e+02 6.964372480525479192e-01 7.178384771148843546e-01 8.863510131835937500e+00
3.400000000000000000e+02 7.166855966106558951e-01 6.954363297675361100e-01 8.826136589050292969e+00
3.410000000000000000e+02 6.978781961357022334e-01 7.180550071699628445e-01 8.866083526611328480e+00
3.420000000000000000e+02 7.198950198238185383e-01 6.961489373263820557e-01 8.826886558532715199e+00
3.430000000000000000e+02 7.001433184025646073e-01 7.166447071384823841e-01 8.866231918334960938e+00
3.440000000000000000e+02 7.193760595015400439e-01 6.957333830039040823e-01 8.827405166625975852e+00
3.450000000000000000e+02 7.000750235505167618e-01 7.195417524316007896e-01 8.862413597106934660e+00
3.460000000000000000e+02 7.197589677148725773e-01 6.970595010359892374e-01 8.827323532104491832e+00
3.470000000000000000e+02 6.962330637303835168e-01 7.150239081017102372e-01 8.862755203247070668e+00
3.480000000000000000e+02 7.180316778419786328e-01 6.956363124315864122e-01 8.827873420715331321e+00
3.490000000000000000e+02 6.968596242852257427e-01 7.182496798171842389e-01 8.860770225524902344e+00
3.500000000000000000e+02 7.184481955692858524e-01 6.951904012331984184e-01 8.827033424377441762e+00
3.510000000000000000e+02 6.978253549118490495e-01 7.173461072278694006e-01 8.862286567687988281e+00
3.520000000000000000e+02 7.188186227162989272e-01 6.971246617849662375e-01 8.827496719360352628e+00
3.530000000000000000e+02 6.968866173553094345e-01 7.161505363381777123e-01 8.864153671264647372e+00
3.540000000000000000e+02 7.174326591395749908e-01 6.964738667304026798e-01 8.828495216369629972e+00
3.550000000000000000e+02 6.967549303087003931e-01 7.170447984037056077e-01 8.861406707763672230e+00
3.560000000000000000e+02 7.190001373557211028e-01 6.961424853765547649e-01 8.828560066223143821e+00
3.570000000000000000e+02 6.979224384585459573e-01 7.170554306397088906e-01 8.860678482055662997e+00
3.580000000000000000e+02 7.189862592148128506e-01 6.955559780701601191e-01 8.826368331909179688e+00
3.590000000000000000e+02 6.966859868425961944e-01 7.162983145731441903e-01 8.862228393554687500e+00
3.600000000000000000e+02 7.166149522734467370e-01 6.963305009050058114e-01 8.829596900939941762e+00
3.610000000000000000e+02 6.974855389668515038e-01 7.169519397633115076e-01 8.863036727905273082e+00
3.620000000000000000e+02 7.195795685806792852e-01 6.951439063328147538e-01 8.829016685485839844e+00
3.630000000000000000e+02 6.966310306959969667e-01 7.164682061201897989e-01 8.864610290527343395e+00
3.640000000000000000e+02 7.182533163450696145e-01 6.961963655565956977e-01 8.829034805297851562e+00
3.650000000000000000e+02 6.960417931094223798e-01 7.157311897532721012e-01 8.864308547973633878e+00
3.660000000000000000e+02 7.198611148265461335e-01 6.937047838772142372e-01 8.827393341064453836e+00
3.670000000000000000e+02 6.970188008871346375e-01 7.177274768194544796e-01 8.866596412658690696e+00
3.680000000000000000e+02 7.146293956968566841e-01 6.981575796952370627e-01 8.827755165100098722e+00
3.690000000000000000e+02 6.966858086803141559e-01 7.192374626925990277e-01 8.867666625976562855e+00
3.700000000000000000e+02 7.168900623712652909e-01 6.961297966902739720e-01 8.829083251953123934e+00
3.710000000000000000e+02 6.970910632568432241e-01 7.206417404496248125e-01 8.869168472290040128e+00
3.720000000000000000e+02 7.159581905288699977e-01 6.962937629593958233e-01 8.827038574218750711e+00
3.730000000000000000e+02 6.970872881992257186e-01 7.184218060638111192e-01 8.869111633300780895e+00
3.740000000000000000e+02 7.163842232652775088e-01 6.958457396495002500e-01 8.827526664733886363e+00
3.750000000000000000e+02 6.971896196460030115e-01 7.178379771775766915e-01 8.865886878967284446e+00
3.760000000000000000e+02 7.181458740411440500e-01 6.969393539551521632e-01 8.824858474731446023e+00
3.770000000000000000e+02 6.969175262617978150e-01 7.177776334549904602e-01 8.868321800231933949e+00
3.780000000000000000e+02 7.152877900701147817e-01 6.984666437891052793e-01 8.824823379516601562e+00
3.790000000000000000e+02 6.971488730489775465e-01 7.209330350982039448e-01 8.872495079040527699e+00
3.800000000000000000e+02 7.166645402070560555e-01 6.970673690736013395e-01 8.825456619262695312e+00
3.810000000000000000e+02 6.947846606727441365e-01 7.201006931074537265e-01 8.872753715515136363e+00
3.820000000000000000e+02 7.202846684089546647e-01 6.982367701851753816e-01 8.825555229187012074e+00
3.830000000000000000e+02 6.978594724252313863e-01 7.182361849391434294e-01 8.870921897888184304e+00
3.840000000000000000e+02 7.205769822376332234e-01 6.997343624588623356e-01 8.824349975585937145e+00
3.850000000000000000e+02 7.012495023260628679e-01 7.179136405710734303e-01 8.866285133361817117e+00
3.860000000000000000e+02 7.197179520292023014e-01 6.968049458073085622e-01 8.825535392761230113e+00
3.870000000000000000e+02 6.956809306735119991e-01 7.179264806424902057e-01 8.867068481445313566e+00
3.880000000000000000e+02 7.208820302668115243e-01 6.987986453775238971e-01 8.824123382568359375e+00
3.890000000000000000e+02 6.989814894251937805e-01 7.238489551283507906e-01 8.871955108642577414e+00
3.900000000000000000e+02 7.199130197525057673e-01 7.003258384745399967e-01 8.825890159606933238e+00
3.910000000000000000e+02 6.975383558148293695e-01 7.191253812922804300e-01 8.874885177612304332e+00
3.920000000000000000e+02 7.191505779481170979e-01 6.999292352299012476e-01 8.827254867553710582e+00
3.930000000000000000e+02 6.998317930092301520e-01 7.198437759052186413e-01 8.874471664428710938e+00
3.940000000000000000e+02 7.191715927051869350e-01 6.971818265661039460e-01 8.830948448181151988e+00
3.950000000000000000e+02 6.969918563649499799e-01 7.189918347260207954e-01 8.868456649780274148e+00
3.960000000000000000e+02 7.196377512303356871e-01 6.969039281366891103e-01 8.830805206298828480e+00
3.970000000000000000e+02 7.002895003673127450e-01 7.201107944418547735e-01 8.870728492736816406e+00
3.980000000000000000e+02 7.203060982325949491e-01 6.992265870970147956e-01 8.833471679687500355e+00
