0.000000000000000000e+00 8.867869300054968817e-02 7.637458517759070087e-02 6.007204246520995383e+00
1.000000000000000000e+00 8.680022440956751406e-02 8.745737642654394239e-02 5.978144359588624113e+00
2.000000000000000000e+00 1.068573368143715258e-01 8.807334309917072557e-02 6.292788600921630504e+00
3.000000000000000000e+00 1.053434997753791846e-01 1.071745641525662651e-01 6.261231422424316406e+00
4.000000000000000000e+00 1.385971604399463264e-01 1.055157069407233611e-01 6.532118606567382635e+00
5.000000000000000000e+00 1.342860298725331025e-01 1.347306073954872285e-01 6.502928543090820135e+00
6.000000000000000000e+00 1.685577374566285813e-01 1.312888886461338334e-01 6.739231491088867543e+00
7.000000000000000000e+00 1.615432677160750230e-01 1.668499680620483261e-01 6.709372901916504262e+00
8.000000000000000000e+00 2.002356716479160859e-01 1.591021167464951036e-01 6.917308425903319957e+00
9.000000000000000000e+00 1.919162490795579268e-01 1.974458338297931104e-01 6.891368579864501243e+00
1.000000000000000000e+01 2.308782085530032002e-01 1.883123040887578481e-01 7.069625759124756215e+00
1.100000000000000000e+01 2.200053293012167455e-01 2.286633324533443035e-01 7.049944400787353516e+00
1.200000000000000000e+01 2.576340388538043147e-01 2.147529898195902065e-01 7.203398513793946023e+00
1.300000000000000000e+01 2.458429512856167010e-01 2.512256656337694127e-01 7.183360099792481357e+00
1.400000000000000000e+01 2.809791679793516850e-01 2.414548866141242311e-01 7.326298522949218572e+00
1.500000000000000000e+01 2.652824567443557435e-01 2.800664020819653155e-01 7.305665683746338068e+00
1.600000000000000000e+01 3.024915839508821591e-01 2.643968811213796566e-01 7.429011535644531428e+00
1.700000000000000000e+01 2.880795415576470897e-01 3.027272844764323234e-01 7.413144302368164240e+00
1.800000000000000000e+01 3.268115522705244413e-01 2.900670900362531390e-01 7.527175712585449041e+00
1.900000000000000000e+01 3.121325721369305750e-01 3.256191606901238100e-01 7.515698623657225852e+00
2.000000000000000000e+01 3.484081630221572690e-01 3.090057294293936385e-01 7.617611503601074752e+00
2.100000000000000000e+01 3.327617571909167737e-01 3.492363657430307966e-01 7.604264259338378906e+00
2.200000000000000000e+01 3.711778733405145525e-01 3.331536757984231434e-01 7.698372840881347656e+00
2.300000000000000000e+01 3.560919487534681127e-01 3.696722847496897724e-01 7.685814285278320668e+00
2.400000000000000000e+01 3.896636427707110828e-01 3.531544900277349686e-01 7.777278518676758345e+00
2.500000000000000000e+01 3.700712642616310610e-01 3.919409441051039389e-01 7.765290069580077059e+00
2.600000000000000000e+01 4.087320943899849235e-01 3.743255049851240135e-01 7.847871494293213068e+00
2.700000000000000000e+01 3.880647925605167914e-01 4.123323375443759264e-01 7.836567306518555043e+00
2.800000000000000000e+01 4.254329800443654164e-01 3.939610042677095247e-01 7.914165687561036222e+00
2.900000000000000000e+01 4.070068712778920905e-01 4.297981090647667868e-01 7.904405784606933771e+00
3.000000000000000000e+01 4.472247169326056815e-01 4.091593076792410244e-01 7.976627254486084340e+00
3.100000000000000000e+01 4.267643736316804048e-01 4.459664139537769523e-01 7.967120075225830433e+00
3.200000000000000000e+01 4.603359091145993176e-01 4.256185652701321986e-01 8.034535789489746449e+00
3.300000000000000000e+01 4.420038141472216187e-01 4.622722897456634783e-01 8.023255634307862039e+00
3.400000000000000000e+01 4.762502151421857954e-01 4.453048772512809839e-01 8.086035919189452414e+00
3.500000000000000000e+01 4.577233738108292815e-01 4.802627697272323637e-01 8.075905609130858309e+00
3.600000000000000000e+01 4.931990120987049808e-01 4.615531820973093335e-01 8.133174514770507457e+00
3.700000000000000000e+01 4.727817733767190611e-01 4.937480090159596102e-01 8.123288536071777699e+00
3.800000000000000000e+01 5.044632761537989341e-01 4.747810049626766671e-01 8.181017303466797230e+00
3.900000000000000000e+01 4.869521628396932256e-01 5.097586847190598291e-01 8.169219779968262429e+00
4.000000000000000000e+01 5.180795671569059513e-01 4.893943759935528437e-01 8.221470069885253196e+00
4.100000000000000000e+01 5.006533270445630013e-01 5.196011532198683280e-01 8.212261581420898793e+00
4.200000000000000000e+01 5.357293273534839972e-01 5.003440615977224892e-01 8.266955947875977984e+00
4.300000000000000000e+01 5.101595779632972505e-01 5.345032009094233816e-01 8.252434158325195668e+00
4.400000000000000000e+01 5.418152374068380128e-01 5.161937361798426549e-01 8.303641510009764914e+00
4.500000000000000000e+01 5.248936370557047981e-01 5.455792889346898766e-01 8.289300155639647727e+00
4.600000000000000000e+01 5.581987155294212410e-01 5.263958602123099961e-01 8.341625595092773793e+00
4.700000000000000000e+01 5.382034126271247887e-01 5.552670682952626224e-01 8.325644302368164773e+00
4.800000000000000000e+01 5.706280007123520903e-01 5.380657265994397420e-01 8.376270103454590554e+00
4.900000000000000000e+01 5.469192400093979556e-01 5.695107480493661889e-01 8.359268379211426847e+00
5.000000000000000000e+01 5.766028819240119896e-01 5.475693191384001235e-01 8.406232833862304688e+00
5.100000000000000000e+01 5.570175489904118926e-01 5.804878888973208362e-01 8.395754241943359730e+00
5.200000000000000000e+01 5.875004241210076694e-01 5.604588695264137721e-01 8.436671447753907316e+00
5.300000000000000000e+01 5.671010404488145973e-01 5.905459682113141096e-01 8.426897239685059660e+00
5.400000000000000000e+01 5.971282166829576799e-01 5.698732111732111028e-01 8.461827278137207031e+00
5.500000000000000000e+01 5.752130533723516237e-01 5.977745382242390937e-01 8.452784156799316051e+00
5.600000000000000000e+01 6.071236108785106333e-01 5.787424026875491734e-01 8.485994338989257812e+00
5.700000000000000000e+01 5.850357481251983183e-01 6.096304112862374058e-01 8.477694320678709872e+00
5.800000000000000000e+01 6.164358688286470933e-01 5.862492475050116170e-01 8.507587051391601207e+00
5.900000000000000000e+01 5.930003762967600567e-01 6.183990218326126387e-01 8.502390098571776633e+00
6.000000000000000000e+01 6.214472066853892196e-01 5.957482015560022770e-01 8.533804321289062855e+00
6.100000000000000000e+01 6.022930120051904757e-01 6.244308900346206004e-01 8.525968742370604758e+00
6.200000000000000000e+01 6.286946236141131017e-01 6.021712102276000067e-01 8.557348632812500355e+00
6.300000000000000000e+01 6.070268203372159999e-01 6.337956481970495881e-01 8.547069931030273793e+00
6.400000000000000000e+01 6.335676161845901211e-01 6.132394962768309421e-01 8.577779960632323508e+00
6.500000000000000000e+01 6.133432755163740202e-01 6.413002759523149798e-01 8.569609832763672941e+00
6.600000000000000000e+01 6.425214686102430628e-01 6.206140703641233047e-01 8.594834136962891336e+00
6.700000000000000000e+01 6.195082741053670183e-01 6.466913626839875251e-01 8.588874435424804332e+00
6.800000000000000000e+01 6.488256007671354686e-01 6.276442048106168903e-01 8.612675476074217684e+00
6.900000000000000000e+01 6.266347037982409329e-01 6.536766431478885364e-01 8.606546974182128551e+00
7.000000000000000000e+01 6.530734827296270639e-01 6.302750920840242133e-01 8.627803039550780539e+00
7.100000000000000000e+01 6.338349517622627882e-01 6.588267730691406143e-01 8.620104217529297230e+00
7.200000000000000000e+01 6.608001362823202607e-01 6.388045850307432216e-01 8.644750213623046520e+00
7.300000000000000000e+01 6.401406989371043466e-01 6.638927674743734242e-01 8.633960342407226207e+00
7.400000000000000000e+01 6.651482898047805792e-01 6.434184893278207529e-01 8.660592842102051492e+00
7.500000000000000000e+01 6.448984295018701518e-01 6.688742105046988629e-01 8.647057342529297586e+00
7.600000000000000000e+01 6.719941035996513934e-01 6.486070886946092573e-01 8.674585533142089133e+00
7.700000000000000000e+01 6.496516421084190807e-01 6.738459257082044518e-01 8.659818649291992188e+00
7.800000000000000000e+01 6.770994856676446627e-01 6.520032806848937712e-01 8.690515899658203480e+00
7.900000000000000000e+01 6.551217284771888583e-01 6.794102524529750387e-01 8.672185707092284090e+00
8.000000000000000000e+01 6.833014787932298884e-01 6.568500265915371283e-01 8.704015731811523438e+00
8.100000000000000000e+01 6.597492081341794767e-01 6.785890845294071383e-01 8.680575752258301137e+00
8.200000000000000000e+01 6.881749742297175176e-01 6.599326588721532438e-01 8.714511489868163707e+00
8.300000000000000000e+01 6.689088658725018677e-01 6.820267086930840161e-01 8.691671562194823508e+00
8.400000000000000000e+01 6.909664810495756981e-01 6.639764233120907244e-01 8.725871467590330610e+00
8.500000000000000000e+01 6.691985733359505639e-01 6.886121932430959713e-01 8.703888511657714488e+00
8.600000000000000000e+01 6.948811779008253753e-01 6.660675543865642867e-01 8.734911346435547230e+00
8.700000000000000000e+01 6.717250000568574242e-01 6.946325081256714551e-01 8.710621452331542613e+00
8.800000000000000000e+01 6.984499040511340517e-01 6.714607191836767797e-01 8.744886970520019176e+00
8.900000000000000000e+01 6.780037233262639074e-01 6.943765790729221621e-01 8.719508552551269887e+00
9.000000000000000000e+01 7.016803173071759492e-01 6.769969802189431674e-01 8.756338500976562855e+00
9.100000000000000000e+01 6.794236561330492252e-01 6.971491582781568219e-01 8.728077125549315696e+00
9.200000000000000000e+01 7.051554289211248161e-01 6.759055515454237550e-01 8.765012741088867188e+00
9.300000000000000000e+01 6.840116647689368223e-01 7.029975790176287154e-01 8.740085792541503196e+00
9.400000000000000000e+01 7.045945626827744279e-01 6.787374911397046073e-01 8.773083114624023793e+00
9.500000000000000000e+01 6.869558836626713516e-01 7.032343848305331324e-01 8.750415420532226207e+00
9.600000000000000000e+01 7.079900278963333626e-01 6.832138525137881890e-01 8.781121635437012074e+00
9.700000000000000000e+01 6.882042054692443234e-01 7.082654407470447833e-01 8.757559776306152344e+00
9.800000000000000000e+01 7.114240103201117105e-01 6.883860792918470306e-01 8.785470008850097656e+00
9.900000000000000000e+01 6.910475488026222024e-01 7.098240669861112240e-01 8.767464256286620738e+00
1.000000000000000000e+02 7.130627049504952852e-01 6.869108408315487413e-01 8.791897010803223722e+00
1.010000000000000000e+02 6.904489940600772035e-01 7.134169977654700734e-01 8.772311401367188566e+00
1.020000000000000000e+02 7.135831520176427745e-01 6.922744473741413440e-01 8.801895713806151988e+00
1.030000000000000000e+02 6.937928383646317920e-01 7.147113356896700465e-01 8.782041358947754617e+00
1.040000000000000000e+02 7.174408799974316686e-01 6.957154721014162657e-01 8.808358764648438921e+00
1.050000000000000000e+02 6.954328945069527812e-01 7.164050145503498834e-01 8.788642883300781250e+00
1.060000000000000000e+02 7.144170826768937443e-01 6.961064543217658773e-01 8.812924003601073863e+00
1.070000000000000000e+02 6.964020810807933781e-01 7.181478172691404538e-01 8.791592788696288352e+00
1.080000000000000000e+02 7.184711136303036927e-01 7.020063705867686243e-01 8.816191291809081676e+00
1.090000000000000000e+02 6.977279191787809642e-01 7.223517940813184435e-01 8.797060012817382812e+00
1.100000000000000000e+02 7.199337813376552875e-01 6.981021823112525393e-01 8.819964218139649148e+00
1.110000000000000000e+02 6.991895147607247729e-01 7.201064765187629169e-01 8.800860023498534801e+00
1.120000000000000000e+02 7.219442648546324781e-01 6.994250964884523025e-01 8.823058509826660512e+00
1.130000000000000000e+02 7.013688683029625226e-01 7.224320841552676065e-01 8.803308868408201704e+00
1.140000000000000000e+02 7.240057471446542658e-01 7.012251739937349626e-01 8.824518775939941051e+00
1.150000000000000000e+02 7.005811257778380430e-01 7.262526169269746257e-01 8.808341407775879262e+00
1.160000000000000000e+02 7.242718788584199263e-01 7.044012329752040724e-01 8.824268722534180043e+00
1.170000000000000000e+02 7.026550547219354570e-01 7.248386589183630768e-01 8.811371612548828836e+00
1.180000000000000000e+02 7.259881625476867217e-01 7.042460640044964082e-01 8.827784347534178622e+00
1.190000000000000000e+02 7.017694771166529399e-01 7.249287350422395360e-01 8.812085723876954546e+00
1.200000000000000000e+02 7.253512286350696225e-01 7.037368965398141940e-01 8.834020233154296520e+00
1.210000000000000000e+02 7.041324804505152413e-01 7.258985411975376056e-01 8.815797042846680753e+00
1.220000000000000000e+02 7.271480946792051592e-01 7.016831356096275840e-01 8.838638496398925071e+00
1.230000000000000000e+02 7.075678368996870526e-01 7.245141891427475667e-01 8.816780090332031250e+00
1.240000000000000000e+02 7.288335121994007348e-01 7.026695304211884041e-01 8.841957092285156250e+00
1.250000000000000000e+02 7.090244061003402321e-01 7.255670423240845324e-01 8.818066978454590199e+00
1.260000000000000000e+02 7.303507583323054497e-01 7.054184513325791883e-01 8.847031402587891336e+00
1.270000000000000000e+02 7.082565818723119966e-01 7.282038950013002276e-01 8.823079872131346590e+00
1.280000000000000000e+02 7.313527339322695164e-01 7.082769615047087575e-01 8.849782943725585938e+00
1.290000000000000000e+02 7.147009659914729252e-01 7.295102587315857035e-01 8.823764419555663707e+00
1.300000000000000000e+02 7.325610228421093328e-01 7.059774647502639056e-01 8.850001525878907316e+00
1.310000000000000000e+02 7.118047034701326936e-01 7.274295696334782679e-01 8.826767158508300071e+00
1.320000000000000000e+02 7.321308690131687058e-01 7.112139120281312232e-01 8.853748703002930043e+00
1.330000000000000000e+02 7.115028689937380468e-01 7.307998591279207812e-01 8.830113029479981890e+00
1.340000000000000000e+02 7.325187965834014658e-01 7.130501148947729906e-01 8.854527091979980113e+00
1.350000000000000000e+02 7.123014961815108403e-01 7.329758045355967422e-01 8.834102821350096946e+00
1.360000000000000000e+02 7.355544388015901047e-01 7.120440323750774070e-01 8.852948570251465199e+00
1.370000000000000000e+02 7.116483752721257661e-01 7.314291043110131563e-01 8.835437011718751066e+00
1.380000000000000000e+02 7.341212487708745904e-01 7.112380885046297729e-01 8.853553009033202414e+00
1.390000000000000000e+02 7.114332893505337374e-01 7.325293493500968367e-01 8.835923004150389559e+00
1.400000000000000000e+02 7.331954656666734849e-01 7.119565841803596751e-01 8.857608795166015625e+00
1.410000000000000000e+02 7.144152230706396489e-01 7.325033329224598377e-01 8.839867019653318891e+00
1.420000000000000000e+02 7.361301185853453832e-01 7.137033874115268350e-01 8.858997154235838778e+00
1.430000000000000000e+02 7.156391955658014670e-01 7.338561622755177538e-01 8.842032814025879262e+00
1.440000000000000000e+02 7.358464550629142398e-01 7.122786708807929967e-01 8.861503028869629262e+00
1.450000000000000000e+02 7.163430226989908611e-01 7.341731541538742967e-01 8.842920112609862215e+00
1.460000000000000000e+02 7.379015928667694846e-01 7.131914907349812260e-01 8.864615631103516691e+00
1.470000000000000000e+02 7.167911754923518286e-01 7.366704216916311054e-01 8.842992782592773438e+00
1.480000000000000000e+02 7.377604183826763640e-01 7.138850992846025312e-01 8.869678497314453125e+00
1.490000000000000000e+02 7.153380320517191970e-01 7.362119144195508058e-01 8.847185707092286577e+00
1.500000000000000000e+02 7.399723994830782470e-01 7.161308404739590294e-01 8.871309852600097301e+00
1.510000000000000000e+02 7.190245363422095304e-01 7.368203759118828744e-01 8.847958755493163352e+00
1.520000000000000000e+02 7.372196628602600832e-01 7.168691532214784834e-01 8.871080017089843395e+00
1.530000000000000000e+02 7.166979782758463591e-01 7.382289236611717653e-01 8.850327110290526988e+00
1.540000000000000000e+02 7.372968411886918760e-01 7.184724101495133519e-01 8.870265579223632457e+00
1.550000000000000000e+02 7.184950532922665944e-01 7.389358926701931063e-01 8.853427124023436789e+00
1.560000000000000000e+02 7.387643983088465482e-01 7.190412922895971226e-01 8.870848464965821023e+00
1.570000000000000000e+02 7.197542206463374281e-01 7.397844069111289000e-01 8.855415916442870738e+00
1.580000000000000000e+02 7.361317412562879969e-01 7.162712449556501992e-01 8.872170066833495738e+00
1.590000000000000000e+02 7.192782858487826170e-01 7.385741708231857716e-01 8.852514457702637785e+00
1.600000000000000000e+02 7.407514211556205375e-01 7.155568946591390755e-01 8.873741340637208097e+00
1.610000000000000000e+02 7.172240036047123901e-01 7.375094854883506024e-01 8.853305816650392401e+00
1.620000000000000000e+02 7.395418275407100728e-01 7.141868636493771128e-01 8.873161506652831321e+00
1.630000000000000000e+02 7.188187609019653923e-01 7.364363596753004115e-01 8.854704284667969105e+00
1.640000000000000000e+02 7.394062165730437286e-01 7.152287271440380678e-01 8.874812889099120028e+00
1.650000000000000000e+02 7.209028384563203051e-01 7.377531213847521308e-01 8.854402732849122160e+00
1.660000000000000000e+02 7.412498769648804275e-01 7.144955941699526747e-01 8.875586891174316762e+00
1.670000000000000000e+02 7.191074733176650025e-01 7.364767966386180920e-01 8.854751396179199929e+00
1.680000000000000000e+02 7.421443034221347768e-01 7.160687987060829762e-01 8.877357101440431109e+00
1.690000000000000000e+02 7.210633002693128679e-01 7.371656521119210881e-01 8.854347229003906250e+00
1.700000000000000000e+02 7.407297255651739132e-01 7.162752057614674150e-01 8.879085540771484375e+00
1.710000000000000000e+02 7.210396838566082156e-01 7.361744017338355262e-01 8.855538749694824574e+00
1.720000000000000000e+02 7.425961481077287818e-01 7.182192351656560003e-01 8.880428695678711293e+00
1.730000000000000000e+02 7.250139045867654009e-01 7.377943350453877169e-01 8.852409934997558238e+00
1.740000000000000000e+02 7.433787692107608480e-01 7.189080472062157057e-01 8.882478523254395242e+00
1.750000000000000000e+02 7.235324451353783992e-01 7.372894972169352634e-01 8.850508499145508523e+00
1.760000000000000000e+02 7.446513667062379938e-01 7.174122148004842270e-01 8.882782936096191406e+00
1.770000000000000000e+02 7.241487496614126274e-01 7.383895282424163264e-01 8.846541595458983664e+00
1.780000000000000000e+02 7.421344581047564226e-01 7.169768044911771776e-01 8.887167167663573508e+00
1.790000000000000000e+02 7.207279276030363890e-01 7.396647336489882152e-01 8.850634193420411577e+00
1.800000000000000000e+02 7.424335431639880190e-01 7.175365139451688190e-01 8.887381553649902344e+00
1.810000000000000000e+02 7.227910461705506773e-01 7.405324146873328850e-01 8.851088714599608664e+00
1.820000000000000000e+02 7.439287574352164700e-01 7.176025174010318697e-01 8.885201454162597656e+00
1.830000000000000000e+02 7.236992388097227558e-01 7.389087805896665806e-01 8.852885627746582387e+00
1.840000000000000000e+02 7.449202227244366981e-01 7.199022266105962187e-01 8.887285804748534801e+00
1.850000000000000000e+02 7.232830404608353581e-01 7.410084472605380501e-01 8.854603004455565696e+00
1.860000000000000000e+02 7.450861847224897749e-01 7.215548633388013666e-01 8.889324188232421875e+00
1.870000000000000000e+02 7.264686086506818574e-01 7.399139085079816658e-01 8.857592773437499289e+00
1.880000000000000000e+02 7.447167604459017376e-01 7.188753452370381103e-01 8.890411376953125000e+00
1.890000000000000000e+02 7.234714150920115161e-01 7.397533938671342346e-01 8.858418464660644531e+00
1.900000000000000000e+02 7.462073116021796793e-01 7.187790011128969425e-01 8.890488624572753906e+00
1.910000000000000000e+02 7.252475565995024631e-01 7.398032746101816937e-01 8.857335662841796520e+00
1.920000000000000000e+02 7.487999564738716529e-01 7.187464286693419080e-01 8.891435813903807883e+00
1.930000000000000000e+02 7.250331384531845114e-01 7.404898169663065577e-01 8.855999946594238281e+00
1.940000000000000000e+02 7.476691774024704085e-01 7.189633577038880841e-01 8.892691421508789773e+00
1.950000000000000000e+02 7.264247170931941167e-01 7.382404472770988102e-01 8.854282951354981890e+00
1.960000000000000000e+02 7.467748535843110602e-01 7.192710718409291992e-01 8.896217346191406250e+00
1.970000000000000000e+02 7.249139922652783063e-01 7.394588935453875189e-01 8.856837081909178622e+00
1.980000000000000000e+02 7.488670843880536054e-01 7.189805415612421369e-01 8.895212745666503551e+00
1.990000000000000000e+02 7.252975849271117159e-01 7.397400233128662572e-01 8.856541252136230113e+00
2.000000000000000000e+02 7.488754992738204663e-01 7.192384614571604162e-01 8.895297241210938566e+00
2.010000000000000000e+02 7.268863500962675639e-01 7.394672524206546971e-01 8.855228614807128196e+00
2.020000000000000000e+02 7.459602795047808321e-01 7.175552743950375234e-01 8.893731307983399503e+00
2.030000000000000000e+02 7.254122109318119627e-01 7.385016535820735362e-01 8.856085777282714844e+00
2.040000000000000000e+02 7.468051231077814656e-01 7.168545618021966437e-01 8.890577125549317117e+00
2.050000000000000000e+02 7.251942385194860563e-01 7.405518466653113752e-01 8.859263038635253551e+00
2.060000000000000000e+02 7.471327304846292483e-01 7.182937685634486202e-01 8.890114402770995738e+00
2.070000000000000000e+02 7.281389806721839664e-01 7.401217863851244916e-01 8.855628585815429332e+00
2.080000000000000000e+02 7.491465833519761475e-01 7.232494046246645825e-01 8.892909812927246804e+00
2.090000000000000000e+02 7.241507403124921582e-01 7.422599778571601359e-01 8.859145736694335582e+00
2.100000000000000000e+02 7.462236466716706262e-01 7.219833548138916424e-01 8.892608833312989347e+00
2.110000000000000000e+02 7.269901649179597580e-01 7.428853431564791387e-01 8.863100051879882812e+00
2.120000000000000000e+02 7.461035812616840790e-01 7.213517627336126781e-01 8.893224334716796520e+00
2.130000000000000000e+02 7.271189422186049578e-01 7.427970901824176853e-01 8.863551521301268110e+00
2.140000000000000000e+02 7.466707777455059425e-01 7.222365620212681803e-01 8.893605804443360796e+00
2.150000000000000000e+02 7.258365229889641723e-01 7.412028803233248198e-01 8.862327003479004262e+00
2.160000000000000000e+02 7.456315383097398275e-01 7.232444876844000836e-01 8.892831420898437145e+00
2.170000000000000000e+02 7.250190273251065909e-01 7.453706054071357334e-01 8.862929916381835582e+00
2.180000000000000000e+02 7.474732156474631628e-01 7.218454721916361949e-01 8.890757179260253551e+00
2.190000000000000000e+02 7.257415332178072109e-01 7.449114274095196553e-01 8.866789817810058594e+00
2.200000000000000000e+02 7.460767905547270873e-01 7.227255349819818875e-01 8.889904594421388140e+00
2.210000000000000000e+02 7.259753631560323939e-01 7.437921903867170670e-01 8.865042686462402344e+00
2.220000000000000000e+02 7.459086021527788768e-01 7.231876900449182299e-01 8.887919998168946734e+00
2.230000000000000000e+02 7.285028239580302323e-01 7.429749019259942466e-01 8.862234115600585938e+00
2.240000000000000000e+02 7.458515037343214082e-01 7.231355985908696216e-01 8.886590003967285156e+00
2.250000000000000000e+02 7.270186040390029802e-01 7.449594940234640639e-01 8.860378456115721946e+00
2.260000000000000000e+02 7.466562867464950903e-01 7.201819724380643661e-01 8.886304283142090199e+00
2.270000000000000000e+02 7.256106663566479487e-01 7.417490592877544753e-01 8.860464477539062855e+00
2.280000000000000000e+02 7.453457159989882452e-01 7.231178447452553115e-01 8.883555603027343039e+00
2.290000000000000000e+02 7.243533740543314225e-01 7.411757670897241024e-01 8.861137199401854403e+00
2.300000000000000000e+02 7.457288969945941037e-01 7.211317692933052470e-01 8.884948539733885653e+00
2.310000000000000000e+02 7.271445310004270857e-01 7.417988226594431911e-01 8.859117126464845171e+00
2.320000000000000000e+02 7.460758299982904740e-01 7.195756902480071604e-01 8.885198593139648438e+00
2.330000000000000000e+02 7.260020184905778828e-01 7.398929784314058899e-01 8.860834312438964133e+00
2.340000000000000000e+02 7.479217011998284814e-01 7.215582140544727352e-01 8.887008666992187500e+00
2.350000000000000000e+02 7.268914466684023301e-01 7.441284864267000421e-01 8.861540031433104758e+00
2.360000000000000000e+02 7.446706295465562730e-01 7.238601791141641151e-01 8.886479949951171520e+00
2.370000000000000000e+02 7.233167845243586580e-01 7.431683294162587661e-01 8.861895751953124289e+00
2.380000000000000000e+02 7.464758851092447856e-01 7.219775025310906091e-01 8.881249999999999645e+00
2.390000000000000000e+02 7.255975790387512170e-01 7.422340482687739271e-01 8.861718559265137074e+00
2.400000000000000000e+02 7.449949747445120396e-01 7.229737836661341843e-01 8.882347297668456321e+00
2.410000000000000000e+02 7.245286283892449219e-01 7.449179770171880932e-01 8.862672996520995383e+00
2.420000000000000000e+02 7.463514896947199828e-01 7.210259291569600659e-01 8.884910202026366832e+00
2.430000000000000000e+02 7.265060291184984864e-01 7.414920477751267835e-01 8.861295700073242188e+00
2.440000000000000000e+02 7.462948953595200940e-01 7.224029378622414121e-01 8.881522941589356179e+00
2.450000000000000000e+02 7.253324443889475059e-01 7.415387896047456184e-01 8.860427093505860441e+00
2.460000000000000000e+02 7.451455857755310275e-01 7.206968170034443455e-01 8.886682701110839133e+00
2.470000000000000000e+02 7.237460058609705982e-01 7.394211745341794373e-01 8.856795883178710582e+00
2.480000000000000000e+02 7.477589300367237790e-01 7.187327006574848465e-01 8.885844421386718039e+00
2.490000000000000000e+02 7.256097098501832487e-01 7.398232649900176039e-01 8.857464408874511363e+00
2.500000000000000000e+02 7.451002363421228569e-01 7.202218306953489524e-01 8.888750076293945312e+00
2.510000000000000000e+02 7.259266822374726980e-01 7.423502701543084337e-01 8.857544136047364347e+00
2.520000000000000000e+02 7.457320610163558072e-01 7.205139315011886980e-01 8.887458801269531250e+00
2.530000000000000000e+02 7.253649914010273925e-01 7.394596315159335242e-01 8.858355712890624289e+00
2.540000000000000000e+02 7.456197289418389218e-01 7.191051587081545016e-01 8.885204505920409446e+00
2.550000000000000000e+02 7.269026960578076624e-01 7.410013724654093137e-01 8.857419967651367188e+00
2.560000000000000000e+02 7.432534573853257776e-01 7.220926572683115108e-01 8.884095573425293324e+00
2.570000000000000000e+02 7.237154242480513533e-01 7.417816730333346431e-01 8.859328460693358664e+00
2.580000000000000000e+02 7.455755850017014019e-01 7.211710845736614139e-01 8.883804321289062500e+00
2.590000000000000000e+02 7.235047344018369353e-01 7.441611655094344524e-01 8.861414146423339133e+00
2.600000000000000000e+02 7.472800840812070522e-01 7.236709111199196576e-01 8.884631347656251066e+00
2.610000000000000000e+02 7.252557413140405806e-01 7.450401206933382481e-01 8.864910125732421875e+00
2.620000000000000000e+02 7.443352005754002576e-01 7.219984787838006346e-01 8.883867073059080965e+00
2.630000000000000000e+02 7.252981090853641843e-01 7.423312472132165274e-01 8.865180206298827414e+00
2.640000000000000000e+02 7.469330166422127881e-01 7.241317484312584929e-01 8.884517097473144887e+00
2.650000000000000000e+02 7.243300497673944571e-01 7.435452029059143042e-01 8.863896942138671520e+00
2.660000000000000000e+02 7.464180947817217193e-01 7.248461845711081653e-01 8.886219787597655184e+00
2.670000000000000000e+02 7.264720116448558640e-01 7.440019915085203106e-01 8.864385604858398438e+00
2.680000000000000000e+02 7.459560256738747563e-01 7.239620023205473043e-01 8.885401344299317827e+00
2.690000000000000000e+02 7.240975009971403198e-01 7.437541369117912637e-01 8.861417198181152699e+00
2.700000000000000000e+02 7.471822181430683996e-01 7.222700716342945748e-01 8.886861610412596590e+00
2.710000000000000000e+02 7.246399267884575668e-01 7.433727979304168842e-01 8.859109878540039062e+00
2.720000000000000000e+02 7.470355219972976135e-01 7.230928091491168885e-01 8.889022827148437500e+00
2.730000000000000000e+02 7.269539097092144742e-01 7.451343107335832716e-01 8.862245559692382812e+00
2.740000000000000000e+02 7.432093722503907429e-01 7.238829197913125846e-01 8.886908531188964844e+00
2.750000000000000000e+02 7.258638210976906535e-01 7.447053736128684820e-01 8.862681388854980469e+00
2.760000000000000000e+02 7.452744888948167334e-01 7.222602012322540954e-01 8.886889839172363637e+00
2.770000000000000000e+02 7.255577616759201209e-01 7.427908395348912229e-01 8.862087059020995028e+00
2.780000000000000000e+02 7.479035905520799998e-01 7.226603060729369643e-01 8.887350082397460938e+00
2.790000000000000000e+02 7.247626058465788113e-01 7.444268974274907968e-01 8.863231468200684304e+00
2.800000000000000000e+02 7.465285312406788609e-01 7.225882509168602974e-01 8.890634155273437145e+00
2.810000000000000000e+02 7.258077625166809987e-01 7.451700172981805537e-01 8.861040115356445312e+00
2.820000000000000000e+02 7.461867000439439401e-01 7.211745819107504563e-01 8.890560150146484375e+00
2.830000000000000000e+02 7.274440407702187361e-01 7.438836834639488416e-01 8.862311553955077414e+00
2.840000000000000000e+02 7.473587023642143112e-01 7.244810501903751199e-01 8.889622879028319602e+00
2.850000000000000000e+02 7.295569528457334085e-01 7.443091249587542313e-01 8.861815643310546164e+00
2.860000000000000000e+02 7.470063609306715202e-01 7.216851043542967803e-01 8.888701629638672941e+00
2.870000000000000000e+02 7.285112398641587772e-01 7.446874232977304109e-01 8.863718605041503551e+00
2.880000000000000000e+02 7.505067372123764846e-01 7.219170785447286409e-01 8.890369796752930043e+00
2.890000000000000000e+02 7.296480397106944737e-01 7.437686855383656148e-01 8.861735534667968039e+00
2.900000000000000000e+02 7.493877517817569833e-01 7.248001183468359976e-01 8.891475486755371804e+00
2.910000000000000000e+02 7.297945625517723300e-01 7.442540801102278669e-01 8.863229942321776633e+00
2.920000000000000000e+02 7.494045173632528645e-01 7.260122807379313370e-01 8.890328788757324574e+00
2.930000000000000000e+02 7.284047471288712661e-01 7.449651526860027184e-01 8.864628601074219461e+00
2.940000000000000000e+02 7.494036230737317617e-01 7.252635212395024400e-01 8.892368698120117543e+00
2.950000000000000000e+02 7.293450227252211704e-01 7.437844130006907584e-01 8.867038726806640625e+00
2.960000000000000000e+02 7.486664805708128645e-01 7.227074389644073671e-01 8.891781425476073863e+00
2.970000000000000000e+02 7.271414270898493015e-01 7.425118331468277821e-01 8.866932678222656961e+00
2.980000000000000000e+02 7.485965353784743703e-01 7.233087940653698533e-01 8.888898658752442117e+00
2.990000000000000000e+02 7.281600084365024150e-01 7.427504423042727844e-01 8.866194343566894176e+00
3.000000000000000000e+02 7.484723477481169951e-01 7.232880089093161047e-01 8.888882827758788352e+00
3.010000000000000000e+02 7.258502923346832336e-01 7.433431336004405754e-01 8.865078544616698863e+00
3.020000000000000000e+02 7.490583759076974157e-01 7.215179838374661259e-01 8.889351463317872515e+00
3.030000000000000000e+02 7.256768188779654238e-01 7.457225040401292970e-01 8.865327072143553977e+00
3.040000000000000000e+02 7.466038114767021838e-01 7.246344812111881195e-01 8.889293098449707387e+00
3.050000000000000000e+02 7.283469280807995938e-01 7.452774131672385005e-01 8.867279815673828836e+00
3.060000000000000000e+02 7.486196026433022954e-01 7.236992320738815376e-01 8.891501617431639914e+00
3.070000000000000000e+02 7.274722032492298984e-01 7.448282473271436999e-01 8.866788673400877840e+00
3.080000000000000000e+02 7.468401079673534504e-01 7.240307350962155164e-01 8.891744422912596590e+00
3.090000000000000000e+02 7.285613498666333454e-01 7.450884986100433371e-01 8.867012786865235086e+00
3.100000000000000000e+02 7.496109262100634218e-01 7.240202149433820900e-01 8.891277122497559304e+00
3.110000000000000000e+02 7.266600556944341482e-01 7.449075933165530961e-01 8.869654273986816051e+00
3.120000000000000000e+02 7.480647610655288826e-01 7.227311175487114436e-01 8.891082954406737571e+00
3.130000000000000000e+02 7.276517109971528674e-01 7.450498156499963942e-01 8.867868614196776633e+00
3.140000000000000000e+02 7.493877786634631777e-01 7.229982924001211453e-01 8.892394638061523082e+00
3.150000000000000000e+02 7.300785089887905643e-01 7.441948278227185076e-01 8.867354202270508523e+00
3.160000000000000000e+02 7.486575325720964402e-01 7.265989884912106289e-01 8.896355628967285156e+00
3.170000000000000000e+02 7.287205046727348590e-01 7.452381209588019306e-01 8.868754386901855469e+00
3.180000000000000000e+02 7.472913779774053022e-01 7.253545127310444540e-01 8.894081306457518821e+00
3.190000000000000000e+02 7.274032182617734543e-01 7.445371328282708312e-01 8.871102714538572798e+00
3.200000000000000000e+02 7.470842049116512840e-01 7.234933806789878297e-01 8.892908477783203480e+00
3.210000000000000000e+02 7.268423768194045564e-01 7.468223159320911408e-01 8.873269844055176492e+00
3.220000000000000000e+02 7.497765587653766328e-01 7.265458385000747032e-01 8.893138885498046875e+00
3.230000000000000000e+02 7.283246998487632462e-01 7.461650070145697811e-01 8.868559837341308594e+00
3.240000000000000000e+02 7.487816846264813142e-01 7.267179492248334594e-01 8.893872833251952770e+00
3.250000000000000000e+02 7.295378347988416001e-01 7.463817530660312727e-01 8.869484329223631391e+00
3.260000000000000000e+02 7.485441390174080167e-01 7.270936848878410963e-01 8.892844200134277344e+00
3.270000000000000000e+02 7.280069757839349176e-01 7.475879715415685300e-01 8.870202827453613992e+00
3.280000000000000000e+02 7.498044769795975117e-01 7.264719916409527745e-01 8.892354202270507102e+00
3.290000000000000000e+02 7.262212355243966577e-01 7.467118016090770194e-01 8.870222854614258523e+00
3.300000000000000000e+02 7.464904338803760586e-01 7.241556342604748009e-01 8.888733100891112571e+00
3.310000000000000000e+02 7.254346214334870258e-01 7.455091262720435763e-01 8.870685577392578125e+00
3.320000000000000000e+02 7.439908751942664322e-01 7.236227687911335194e-01 8.885410118103028054e+00
3.330000000000000000e+02 7.245410744676499259e-01 7.477957687663984165e-01 8.870354270935058238e+00
3.340000000000000000e+02 7.467539969107243047e-01 7.265413037733657875e-01 8.885417366027832387e+00
3.350000000000000000e+02 7.261267585158617255e-01 7.471418793229481770e-01 8.872618675231933594e+00
3.360000000000000000e+02 7.445651469634100295e-01 7.249936093590297892e-01 8.885190010070800781e+00
3.370000000000000000e+02 7.250885984533618212e-01 7.466379503076266966e-01 8.873691368103028054e+00
3.380000000000000000e+02 7.445942899570324736e-01 7.243728517484112617e-01 8.884896850585937145e+00
3.390000000000000000e+02 7.262771962889982280e-01 7.457036008639095215e-01 8.871559906005860086e+00
3.400000000000000000e+02 7.453188196308078162e-01 7.270562695322977387e-01 8.881385612487793679e+00
3.410000000000000000e+02 7.253826332233306307e-01 7.483569860077220470e-01 8.871207237243650567e+00
3.420000000000000000e+02 7.469752562604012880e-01 7.255571521418379133e-01 8.880609893798826704e+00
3.430000000000000000e+02 7.252502104081383072e-01 7.489534532963162405e-01 8.869765853881835582e+00
3.440000000000000000e+02 7.441479471598282380e-01 7.269107219686717913e-01 8.881588745117188211e+00
3.450000000000000000e+02 7.215243069690295830e-01 7.462660221607115840e-01 8.872714424133301137e+00
3.460000000000000000e+02 7.412309235822979181e-01 7.262548200557173983e-01 8.882474327087402699e+00
3.470000000000000000e+02 7.225074645033265908e-01 7.471387702286995669e-01 8.872055816650389559e+00
3.480000000000000000e+02 7.430157622403672502e-01 7.258455504874459230e-01 8.880011177062987926e+00
3.490000000000000000e+02 7.238382464653274617e-01 7.473873581880391415e-01 8.872069931030273082e+00
3.500000000000000000e+02 7.448987242698700273e-01 7.267089858578194006e-01 8.881694221496582387e+00
3.510000000000000000e+02 7.220098885872283656e-01 7.460725776948367027e-01 8.872565650939939985e+00
3.520000000000000000e+02 7.429098642930769270e-01 7.258737959668142281e-01 8.879032897949219461e+00
3.530000000000000000e+02 7.205162191270324534e-01 7.451543571586547454e-01 8.870658493041991832e+00
3.540000000000000000e+02 7.413532344064477364e-01 7.260176290434710022e-01 8.880535888671875711e+00
3.550000000000000000e+02 7.214931417599673713e-01 7.453206783018737625e-01 8.867573165893553266e+00
3.560000000000000000e+02 7.429821402624214866e-01 7.255210607573580051e-01 8.879278564453125355e+00
3.570000000000000000e+02 7.221296454439577461e-01 7.447797508256213117e-01 8.866771507263184304e+00
3.580000000000000000e+02 7.429775426869458244e-01 7.261762208145323694e-01 8.880450057983397372e+00
3.590000000000000000e+02 7.233097505766588053e-01 7.450821454360018192e-01 8.865137100219726562e+00
3.600000000000000000e+02 7.419328575442292184e-01 7.237243317564555634e-01 8.884772872924804332e+00
3.610000000000000000e+02 7.222117760587928315e-01 7.442011004779421901e-01 8.863038635253905895e+00
3.620000000000000000e+02 7.427959886435840930e-01 7.253218840066910644e-01 8.886219787597656961e+00
3.630000000000000000e+02 7.249586916617686283e-01 7.415790912397833834e-01 8.864301490783692117e+00
3.640000000000000000e+02 7.441758107525912047e-01 7.245399963983144564e-01 8.886834335327149503e+00
3.650000000000000000e+02 7.235548168878352948e-01 7.447901456916178331e-01 8.864844322204589844e+00
3.660000000000000000e+02 7.443414187139978377e-01 7.273296244961392487e-01 8.884341621398926137e+00
3.670000000000000000e+02 7.244046905017088589e-01 7.454366462087360645e-01 8.866055488586425781e+00
3.680000000000000000e+02 7.451601679194345129e-01 7.251669636946838082e-01 8.883598518371581321e+00
3.690000000000000000e+02 7.233205591321650862e-01 7.468791724092298523e-01 8.863634300231932883e+00
3.700000000000000000e+02 7.440086953187308172e-01 7.216171207012829214e-01 8.882394409179687145e+00
3.710000000000000000e+02 7.214585522273206930e-01 7.440233852458563168e-01 8.862488365173339488e+00
3.720000000000000000e+02 7.457414474964065842e-01 7.253173448512331145e-01 8.883757209777831676e+00
3.730000000000000000e+02 7.245030860287118291e-01 7.444345127400728845e-01 8.864299964904784446e+00
3.740000000000000000e+02 7.474244635538841441e-01 7.269564866366412526e-01 8.884548568725586293e+00
3.750000000000000000e+02 7.230515562611630198e-01 7.461992882139021344e-01 8.865701484680176492e+00
3.760000000000000000e+02 7.456731658434588850e-01 7.248965311443474890e-01 8.887344360351562500e+00
3.770000000000000000e+02 7.261884965530573943e-01 7.437742788688836981e-01 8.864171218872069602e+00
3.780000000000000000e+02 7.453125387310642891e-01 7.227748791330598221e-01 8.886827087402343395e+00
3.790000000000000000e+02 7.232902658334745549e-01 7.454407377055527473e-01 8.862684059143067117e+00
3.800000000000000000e+02 7.439941053550825911e-01 7.243214568535067954e-01 8.883898544311524148e+00
3.810000000000000000e+02 7.255914370213066844e-01 7.474127437460583723e-01 8.862682723999023793e+00
3.820000000000000000e+02 7.456994959404660284e-01 7.269969657098482863e-01 8.882405853271484020e+00
3.830000000000000000e+02 7.232080070499902202e-01 7.450399491891095405e-01 8.865336990356444957e+00
3.840000000000000000e+02 7.418815294368426017e-01 7.253455266337661689e-01 8.884055709838866832e+00
3.850000000000000000e+02 7.228487037572178808e-01 7.453871265095813881e-01 8.867792701721191051e+00
3.860000000000000000e+02 7.443163415697323648e-01 7.264652519072084536e-01 8.880717277526855469e+00
3.870000000000000000e+02 7.208618134630608854e-01 7.479398281147872085e-01 8.868952941894530539e+00
3.880000000000000000e+02 7.428306762316477796e-01 7.267323291711806910e-01 8.880585670471191406e+00
3.890000000000000000e+02 7.213464880238270593e-01 7.466481320947809808e-01 8.873511505126952414e+00
3.900000000000000000e+02 7.427617613281878306e-01 7.268077706987980946e-01 8.881755638122559304e+00
3.910000000000000000e+02 7.219393146902294278e-01 7.460018609989927940e-01 8.870181465148926137e+00
3.920000000000000000e+02 7.415790007604521339e-01 7.269622463003608814e-01 8.880267143249511719e+00
3.930000000000000000e+02 7.203071560443411459e-01 7.481026425768939614e-01 8.871331405639649503e+00
3.940000000000000000e+02 7.437609836474843306e-01 7.270116827564515605e-01 8.876995658874513140e+00
3.950000000000000000e+02 7.241692334711187229e-01 7.469885132264955097e-01 8.872574234008789418e+00
3.960000000000000000e+02 7.468851181245246273e-01 7.284600912764593872e-01 8.879345703124998934e+00
3.970000000000000000e+02 7.231153396235768804e-01 7.481820668438586841e-01 8.873264122009278054e+00
3.980000000000000000e+02 7.434269620368949560e-01 7.269941902246194187e-01 8.880463027954101918e+00
