0.000000000000000000e+00 8.965122805997943756e-02 7.758650212894269149e-02 6.020175647735595881e+00
1.000000000000000000e+00 8.655381898560943199e-02 8.704741879012314887e-02 6.017095661163329723e+00
2.000000000000000000e+00 1.127477691440091634e-01 8.654615532793182020e-02 6.311429977416992188e+00
3.000000000000000000e+00 1.082438169473256273e-01 1.114990556768289259e-01 6.306743431091309304e+00
4.000000000000000000e+00 1.440868211351266359e-01 1.108255424749103740e-01 6.563960075378417081e+00
5.000000000000000000e+00 1.407571479924568936e-01 1.437668816117179116e-01 6.560833358764648793e+00
6.000000000000000000e+00 1.814248057518521307e-01 1.398105136636176860e-01 6.778780078887939098e+00
7.000000000000000000e+00 1.729751095150575957e-01 1.761566974267586849e-01 6.776306724548339488e+00
8.000000000000000000e+00 2.141137147897076709e-01 1.679839014783810480e-01 6.966574668884277344e+00
9.000000000000000000e+00 2.051438258964432271e-01 2.113297120055867284e-01 6.959826755523682351e+00
1.000000000000000000e+01 2.469928634438688930e-01 2.029906321454358065e-01 7.125119018554688211e+00
1.100000000000000000e+01 2.399647551926015199e-01 2.424643668187424772e-01 7.117220115661621271e+00
1.200000000000000000e+01 2.800993703440215477e-01 2.320312694160920619e-01 7.268876838684080965e+00
1.300000000000000000e+01 2.663014639150476648e-01 2.757425796787862371e-01 7.257484531402588424e+00
1.400000000000000000e+01 3.118529018391119623e-01 2.603380365751712389e-01 7.395382404327392578e+00
1.500000000000000000e+01 2.948109599595044039e-01 3.055589283390278688e-01 7.379833412170409446e+00
1.600000000000000000e+01 3.347626063202710500e-01 2.890351478561916654e-01 7.509677791595459340e+00
1.700000000000000000e+01 3.240317396518205273e-01 3.327780785625442106e-01 7.492395687103270419e+00
1.800000000000000000e+01 3.614866278126478427e-01 3.145086057838596405e-01 7.610664653778075994e+00
1.900000000000000000e+01 3.469482995354132293e-01 3.588441779379855090e-01 7.589957904815674006e+00
2.000000000000000000e+01 3.892501054160943386e-01 3.411898255797580770e-01 7.701627826690673473e+00
2.100000000000000000e+01 3.683571266616803008e-01 3.807766717360183684e-01 7.682662391662598012e+00
2.200000000000000000e+01 4.098893099844257426e-01 3.619027947452047589e-01 7.784587860107421875e+00
2.300000000000000000e+01 3.893676163065708518e-01 4.051376799232621617e-01 7.764672279357910156e+00
2.400000000000000000e+01 4.260302321735847109e-01 3.850168573247299553e-01 7.859573364257813388e+00
2.500000000000000000e+01 4.077253790659537414e-01 4.269434870622088596e-01 7.842488956451417081e+00
2.600000000000000000e+01 4.512519304018458022e-01 4.089930201553204636e-01 7.930056762695313566e+00
2.700000000000000000e+01 4.306933193820381423e-01 4.467901722276722554e-01 7.917285537719726207e+00
2.800000000000000000e+01 4.692816751027224509e-01 4.269540777248916341e-01 7.998235511779784979e+00
2.900000000000000000e+01 4.500637256853581292e-01 4.661866100705002736e-01 7.987101078033447266e+00
3.000000000000000000e+01 4.875042138426617933e-01 4.486899429509617621e-01 8.055822086334227805e+00
3.100000000000000000e+01 4.664492671885370201e-01 4.886535730005464595e-01 8.049271202087401988e+00
3.200000000000000000e+01 5.045499501338971404e-01 4.696677143658958276e-01 8.111370086669921875e+00
3.300000000000000000e+01 4.856729211767946142e-01 5.054587944143358325e-01 8.108412361145019176e+00
3.400000000000000000e+01 5.188987885724885007e-01 4.852458120420252152e-01 8.161675643920897727e+00
3.500000000000000000e+01 5.004739107833626743e-01 5.198691394527706899e-01 8.165169906616210227e+00
3.600000000000000000e+01 5.367710219786329118e-01 5.024409371500165866e-01 8.212089157104491832e+00
3.700000000000000000e+01 5.153074292953356839e-01 5.356513821358716010e-01 8.216113471984863637e+00
3.800000000000000000e+01 5.503217937322625319e-01 5.168066616781944456e-01 8.258700180053711648e+00
3.900000000000000000e+01 5.283160670955950877e-01 5.543485294548268216e-01 8.265040206909180398e+00
4.000000000000000000e+01 5.640518642562054596e-01 5.328828616147898156e-01 8.300830268859863637e+00
4.100000000000000000e+01 5.439888230221108234e-01 5.701149069900857125e-01 8.309477996826171164e+00
4.200000000000000000e+01 5.750690689340118844e-01 5.485842654346624325e-01 8.338450050354003551e+00
4.300000000000000000e+01 5.541934858530633834e-01 5.798282017468254779e-01 8.352143478393555753e+00
4.400000000000000000e+01 5.880296728996821098e-01 5.587392612213337717e-01 8.376809120178222656e+00
4.500000000000000000e+01 5.686780786138664334e-01 5.923178965798988616e-01 8.387130165100096235e+00
4.600000000000000000e+01 5.997348192919222942e-01 5.745919925467344314e-01 8.412274551391600852e+00
4.700000000000000000e+01 5.797645166179627996e-01 6.080754197712429088e-01 8.425840187072752840e+00
4.800000000000000000e+01 6.140887460186504887e-01 5.881090305915268601e-01 8.444056701660157316e+00
4.900000000000000000e+01 5.901115385244121159e-01 6.192268526858606403e-01 8.462171173095702770e+00
5.000000000000000000e+01 6.233307831945786859e-01 5.984125695940669676e-01 8.478044700622557883e+00
5.100000000000000000e+01 6.036183544657517386e-01 6.274808964450711013e-01 8.493333625793457742e+00
5.200000000000000000e+01 6.365815576082960447e-01 6.068747073103926137e-01 8.508592224121093395e+00
5.300000000000000000e+01 6.124856667900753227e-01 6.394810491467111113e-01 8.523650169372558594e+00
5.400000000000000000e+01 6.405646346172223504e-01 6.137283228894293563e-01 8.536798858642578480e+00
5.500000000000000000e+01 6.204289332395835910e-01 6.459259396024412681e-01 8.549019050598143821e+00
5.600000000000000000e+01 6.487243915664751004e-01 6.234811869926355499e-01 8.561114501953124289e+00
5.700000000000000000e+01 6.312195977279423387e-01 6.538557871330986648e-01 8.575545692443848012e+00
5.800000000000000000e+01 6.599160228061131672e-01 6.335799519501535970e-01 8.586073303222656605e+00
5.900000000000000000e+01 6.362844532125701003e-01 6.612242028709762742e-01 8.600662422180175071e+00
6.000000000000000000e+01 6.656500932487687816e-01 6.392745202565306428e-01 8.610554504394530184e+00
6.100000000000000000e+01 6.454908496513453997e-01 6.696635641392780780e-01 8.623013305664063211e+00
6.200000000000000000e+01 6.745725598734761963e-01 6.477840405960644254e-01 8.630483436584473367e+00
6.300000000000000000e+01 6.534935255208557114e-01 6.772560514859483627e-01 8.642072105407715199e+00
6.400000000000000000e+01 6.822181101102858802e-01 6.544455249297946864e-01 8.648435783386229758e+00
6.500000000000000000e+01 6.602223912586870913e-01 6.830424053619762459e-01 8.660761070251465910e+00
6.600000000000000000e+01 6.863252164980475634e-01 6.609606230541109628e-01 8.670263290405273438e+00
6.700000000000000000e+01 6.633593495729189771e-01 6.885401912209920816e-01 8.678192138671875000e+00
6.800000000000000000e+01 6.932361381150444757e-01 6.668906546136891267e-01 8.689779090881348367e+00
6.900000000000000000e+01 6.721860337298155574e-01 6.937234581635571828e-01 8.693574523925780895e+00
7.000000000000000000e+01 6.950529745041827967e-01 6.712200528159353308e-01 8.704399871826172586e+00
7.100000000000000000e+01 6.737230698239845550e-01 6.980419950784103600e-01 8.709480285644531250e+00
7.200000000000000000e+01 7.010937018501903761e-01 6.761282115150724081e-01 8.717758178710937500e+00
7.300000000000000000e+01 6.769950950640610809e-01 7.039036006795501565e-01 8.723528099060057883e+00
7.400000000000000000e+01 7.054474543875576265e-01 6.851649068741920701e-01 8.731768798828124289e+00
7.500000000000000000e+01 6.835650268185897716e-01 7.090353100497704952e-01 8.737982368469239702e+00
7.600000000000000000e+01 7.093416058288370962e-01 6.885432315704255180e-01 8.743075752258299360e+00
7.700000000000000000e+01 6.864957600275866101e-01 7.129178842534164007e-01 8.754856681823731890e+00
7.800000000000000000e+01 7.157119958333711951e-01 6.941613105300123987e-01 8.758533477783203125e+00
7.900000000000000000e+01 6.933813459676766433e-01 7.171457056051594448e-01 8.766530036926269531e+00
8.000000000000000000e+01 7.192225259698735718e-01 6.984851950655032171e-01 8.770564651489257457e+00
8.100000000000000000e+01 6.996990789213507478e-01 7.227638530288001961e-01 8.777097702026365411e+00
8.200000000000000000e+01 7.233121514728064749e-01 7.004524850487862109e-01 8.782801246643066051e+00
8.300000000000000000e+01 7.019947898768124084e-01 7.256010214693606741e-01 8.787721252441405895e+00
8.400000000000000000e+01 7.249726847106593430e-01 7.050903851367152919e-01 8.793457031250000000e+00
8.500000000000000000e+01 7.053348363901242868e-01 7.293496534324721559e-01 8.799143409729003551e+00
8.600000000000000000e+01 7.293137349531469971e-01 7.074784843394575917e-01 8.805449104309081676e+00
8.700000000000000000e+01 7.073257342117266200e-01 7.339417085953863218e-01 8.806106758117676847e+00
8.800000000000000000e+01 7.319935824167390637e-01 7.102057331649392902e-01 8.812434768676757457e+00
8.900000000000000000e+01 7.101880671761731101e-01 7.355583078692378152e-01 8.813877677917480113e+00
9.000000000000000000e+01 7.362225780628112171e-01 7.152109906758503666e-01 8.819653511047363281e+00
9.100000000000000000e+01 7.143175620724540043e-01 7.389189033741125900e-01 8.825245666503906961e+00
9.200000000000000000e+01 7.395495410754941989e-01 7.158349456024689639e-01 8.826774406433106179e+00
9.300000000000000000e+01 7.173445454003507527e-01 7.410313477970559282e-01 8.834773445129394887e+00
9.400000000000000000e+01 7.408798584577734880e-01 7.186655170319113939e-01 8.832615661621092684e+00
9.500000000000000000e+01 7.175261500180131202e-01 7.447416389567983463e-01 8.841515731811522727e+00
9.600000000000000000e+01 7.460185640416624464e-01 7.214151209370859297e-01 8.839893531799315696e+00
9.700000000000000000e+01 7.220659708300659618e-01 7.447038335627392813e-01 8.848911094665528054e+00
9.800000000000000000e+01 7.462924161243519316e-01 7.246587842093727971e-01 8.848424530029296520e+00
9.900000000000000000e+01 7.233348621380478738e-01 7.481259895945382432e-01 8.855696678161621094e+00
1.000000000000000000e+02 7.474644657858101615e-01 7.241039362564332116e-01 8.854149055480956321e+00
1.010000000000000000e+02 7.246031061609532475e-01 7.509495010958410210e-01 8.860401344299315696e+00
1.020000000000000000e+02 7.488302155037588337e-01 7.282645412200048352e-01 8.858014678955079546e+00
1.030000000000000000e+02 7.260037846271267803e-01 7.517900572466993392e-01 8.865151214599608309e+00
1.040000000000000000e+02 7.501781743911885014e-01 7.311403601466666125e-01 8.859379196166992543e+00
1.050000000000000000e+02 7.293594711265113384e-01 7.567055909538660252e-01 8.870111083984374645e+00
1.060000000000000000e+02 7.514795093843700258e-01 7.342199765879436901e-01 8.863569068908690340e+00
1.070000000000000000e+02 7.299719605466876704e-01 7.562271740803671038e-01 8.876406669616699219e+00
1.080000000000000000e+02 7.522342241428916498e-01 7.339081176537078921e-01 8.864768981933593750e+00
1.090000000000000000e+02 7.318611505915908477e-01 7.561349748988869246e-01 8.879238891601563211e+00
1.100000000000000000e+02 7.524850585504128109e-01 7.347599333323200366e-01 8.866631126403810015e+00
1.110000000000000000e+02 7.302549556935298281e-01 7.581394079021803734e-01 8.885256767272949219e+00
1.120000000000000000e+02 7.552771851743638187e-01 7.378617859171338056e-01 8.869831275939940696e+00
1.130000000000000000e+02 7.339626545600400620e-01 7.609508666200683891e-01 8.885470962524413707e+00
1.140000000000000000e+02 7.536502101221360661e-01 7.396768556316265508e-01 8.871559143066406250e+00
1.150000000000000000e+02 7.341858983394738969e-01 7.621606114923469288e-01 8.891700172424314985e+00
1.160000000000000000e+02 7.582853871753689745e-01 7.432582432554234453e-01 8.875764465332030895e+00
1.170000000000000000e+02 7.351502595896126646e-01 7.635953894726575930e-01 8.894313240051268110e+00
1.180000000000000000e+02 7.600105916937838213e-01 7.409153132753445448e-01 8.880239105224609020e+00
1.190000000000000000e+02 7.361683532641500882e-01 7.643686885881899595e-01 8.896352195739746449e+00
1.200000000000000000e+02 7.595119006414313700e-01 7.430840448907188867e-01 8.882643318176269176e+00
1.210000000000000000e+02 7.371045432195205693e-01 7.635755961418525528e-01 8.898543357849121094e+00
1.220000000000000000e+02 7.593730196556999212e-01 7.429227170320493734e-01 8.885048103332520597e+00
1.230000000000000000e+02 7.404485085098696517e-01 7.665033127928985168e-01 8.902162170410157671e+00
1.240000000000000000e+02 7.630573858476150662e-01 7.445052765229824843e-01 8.890064620971680043e+00
1.250000000000000000e+02 7.413496900253929711e-01 7.672573689505379768e-01 8.903781127929688566e+00
1.260000000000000000e+02 7.645558515377788300e-01 7.459753224404762628e-01 8.895108032226563211e+00
1.270000000000000000e+02 7.433324033999579861e-01 7.679662447733013320e-01 8.908792495727539062e+00
1.280000000000000000e+02 7.619746918561184357e-01 7.468460390012318095e-01 8.897178840637206321e+00
1.290000000000000000e+02 7.435949267952891573e-01 7.687252510436076713e-01 8.908574485778808949e+00
1.300000000000000000e+02 7.633120624254889908e-01 7.482515013266490822e-01 8.898966789245605469e+00
1.310000000000000000e+02 7.447125263650210547e-01 7.722179767672069373e-01 8.911517906188965554e+00
1.320000000000000000e+02 7.639833413638398296e-01 7.498918674897513403e-01 8.901363372802734375e+00
1.330000000000000000e+02 7.443162192065663207e-01 7.701232109406983550e-01 8.912322425842285512e+00
1.340000000000000000e+02 7.665842441558369247e-01 7.512914421847751711e-01 8.902819061279297230e+00
1.350000000000000000e+02 7.444264257543194985e-01 7.716386570757438612e-01 8.913556861877442117e+00
1.360000000000000000e+02 7.663299819114738343e-01 7.517819596497306023e-01 8.904355621337890270e+00
1.370000000000000000e+02 7.435743097970839433e-01 7.718987298703036126e-01 8.919636726379394531e+00
1.380000000000000000e+02 7.643489981132631783e-01 7.534735693016921809e-01 8.906596565246582387e+00
1.390000000000000000e+02 7.416885943423527916e-01 7.745636419881136714e-01 8.921671104431153410e+00
1.400000000000000000e+02 7.655492695516236124e-01 7.508682245239500785e-01 8.907582283020019531e+00
1.410000000000000000e+02 7.446734801086108968e-01 7.730794507626601586e-01 8.921157836914062500e+00
1.420000000000000000e+02 7.676511780917508743e-01 7.528474163129474928e-01 8.908724403381349077e+00
1.430000000000000000e+02 7.458730766392002165e-01 7.736030227815013927e-01 8.921073532104491832e+00
1.440000000000000000e+02 7.668066656731017394e-01 7.526233362018024398e-01 8.910828971862793324e+00
1.450000000000000000e+02 7.468703505686360433e-01 7.735644260722724930e-01 8.922707939147949574e+00
1.460000000000000000e+02 7.692555778806094979e-01 7.535287259612983846e-01 8.912557792663573508e+00
1.470000000000000000e+02 7.476635168031812162e-01 7.743706418232682021e-01 8.925146865844727273e+00
1.480000000000000000e+02 7.708069873019420815e-01 7.511290573860899267e-01 8.912722396850586648e+00
1.490000000000000000e+02 7.488607644227059934e-01 7.724343988543332928e-01 8.921562194824218750e+00
1.500000000000000000e+02 7.719675196226497560e-01 7.506091833670397451e-01 8.913937950134277699e+00
1.510000000000000000e+02 7.483166324590195817e-01 7.727506300067821243e-01 8.919581031799316051e+00
1.520000000000000000e+02 7.675555976642809419e-01 7.504516523713676834e-01 8.915974426269530184e+00
1.530000000000000000e+02 7.489048761131880116e-01 7.718157234604424710e-01 8.921965599060058594e+00
1.540000000000000000e+02 7.706608507852440448e-01 7.525387587680709700e-01 8.915111351013184304e+00
1.550000000000000000e+02 7.469640123396386056e-01 7.752896910515064688e-01 8.926213455200194602e+00
1.560000000000000000e+02 7.692400974710772443e-01 7.556641507173934569e-01 8.915192413330078836e+00
1.570000000000000000e+02 7.488200251160501697e-01 7.767534982428874191e-01 8.928601074218750711e+00
1.580000000000000000e+02 7.692782239902485886e-01 7.544205521232704159e-01 8.916409873962402699e+00
1.590000000000000000e+02 7.476955208170118494e-01 7.763667067322005400e-01 8.928865623474120383e+00
1.600000000000000000e+02 7.693601868046220371e-01 7.550884304548505233e-01 8.919184494018555398e+00
1.610000000000000000e+02 7.514105804293291779e-01 7.763777532719849939e-01 8.928546714782713778e+00
1.620000000000000000e+02 7.707456620995388752e-01 7.565745405498197629e-01 8.919913291931152344e+00
1.630000000000000000e+02 7.516752050897459458e-01 7.793186009870560760e-01 8.932503700256347656e+00
1.640000000000000000e+02 7.734410563335036848e-01 7.565515342994703074e-01 8.921593284606933238e+00
1.650000000000000000e+02 7.511372234082938082e-01 7.785804591033546052e-01 8.934361267089842684e+00
1.660000000000000000e+02 7.711959928637972528e-01 7.578778142134290352e-01 8.922234535217285156e+00
1.670000000000000000e+02 7.503528193044783912e-01 7.792606890541444731e-01 8.933378028869629617e+00
1.680000000000000000e+02 7.716667829503519593e-01 7.580684384382672114e-01 8.921225738525389914e+00
1.690000000000000000e+02 7.527566799929319430e-01 7.788078536597049517e-01 8.933395576477051847e+00
1.700000000000000000e+02 7.728509862281717213e-01 7.553670028664127845e-01 8.922665405273438211e+00
1.710000000000000000e+02 7.534685092571092868e-01 7.790454088376727038e-01 8.932063293457030539e+00
1.720000000000000000e+02 7.719386311152505176e-01 7.572382609733465664e-01 8.924424362182618253e+00
1.730000000000000000e+02 7.506207598859867547e-01 7.770357696407800274e-01 8.933225631713865411e+00
1.740000000000000000e+02 7.701985683027674501e-01 7.578704900518070664e-01 8.921266555786132812e+00
1.750000000000000000e+02 7.492100329057286290e-01 7.806757875351665321e-01 8.935883522033691406e+00
1.760000000000000000e+02 7.699124563965057400e-01 7.605704486766459160e-01 8.920372200012208097e+00
1.770000000000000000e+02 7.521999707339607211e-01 7.806430435501213738e-01 8.938139915466308594e+00
1.780000000000000000e+02 7.710847171438889314e-01 7.602423553852248883e-01 8.923908996582030184e+00
1.790000000000000000e+02 7.503892268348617556e-01 7.812766107426316609e-01 8.939345741271973012e+00
1.800000000000000000e+02 7.720061974425662665e-01 7.612917161327715787e-01 8.925233459472657671e+00
1.810000000000000000e+02 7.538007104856969676e-01 7.812226367765827684e-01 8.940075683593748934e+00
1.820000000000000000e+02 7.712276892185120358e-01 7.590571191850838950e-01 8.926864624023437500e+00
1.830000000000000000e+02 7.507491767665431803e-01 7.800996339125082502e-01 8.940518951416017046e+00
1.840000000000000000e+02 7.718484497456531424e-01 7.594781048188536943e-01 8.929134750366211293e+00
1.850000000000000000e+02 7.508164903117376943e-01 7.817845326936972983e-01 8.941249084472655539e+00
1.860000000000000000e+02 7.748018950905939395e-01 7.597291094246310106e-01 8.929735755920409801e+00
1.870000000000000000e+02 7.542058121869144038e-01 7.796946103960274987e-01 8.940579032897950640e+00
1.880000000000000000e+02 7.736998321777153187e-01 7.570981431515521054e-01 8.931425857543944247e+00
1.890000000000000000e+02 7.525452653887299004e-01 7.785793319342633190e-01 8.938363265991210227e+00
1.900000000000000000e+02 7.735350171929694651e-01 7.598420353134063276e-01 8.931404304504395597e+00
1.910000000000000000e+02 7.537235842349142567e-01 7.793399892007856211e-01 8.938583564758300071e+00
1.920000000000000000e+02 7.737343087538127717e-01 7.561745184444015333e-01 8.928832244873046164e+00
1.930000000000000000e+02 7.527999397131210912e-01 7.782981676198605925e-01 8.938149070739745738e+00
1.940000000000000000e+02 7.741587748766505239e-01 7.582178893380578932e-01 8.930944442749023438e+00
1.950000000000000000e+02 7.547803287329344357e-01 7.763447122291931013e-01 8.935379981994628906e+00
1.960000000000000000e+02 7.770857941754643061e-01 7.564677723418050670e-01 8.934033393859863281e+00
1.970000000000000000e+02 7.519744237137839793e-01 7.780192692771479290e-01 8.935981178283691762e+00
1.980000000000000000e+02 7.746373309527748718e-01 7.553135150554488586e-01 8.935092163085936789e+00
1.990000000000000000e+02 7.558643373065438986e-01 7.754378828704997506e-01 8.937418937683105469e+00
2.000000000000000000e+02 7.757719766188329036e-01 7.563040481894037770e-01 8.935593223571776988e+00
2.010000000000000000e+02 7.553464413513081288e-01 7.788748985210581788e-01 8.939548110961913707e+00
2.020000000000000000e+02 7.736873966360032773e-01 7.580817631454891403e-01 8.936476898193358664e+00
2.030000000000000000e+02 7.539074485925107982e-01 7.798063954741637493e-01 8.941583251953124645e+00
2.040000000000000000e+02 7.728229654233061963e-01 7.586993943610501612e-01 8.933611297607422230e+00
2.050000000000000000e+02 7.547079331486172826e-01 7.815247329271780563e-01 8.946504783630370383e+00
2.060000000000000000e+02 7.735774879194455833e-01 7.599700608047423867e-01 8.935512351989745028e+00
2.070000000000000000e+02 7.535469671988628271e-01 7.817041326002078794e-01 8.947547721862793679e+00
2.080000000000000000e+02 7.756115007289325902e-01 7.601259514176105236e-01 8.936073493957518821e+00
2.090000000000000000e+02 7.540439333744149986e-01 7.806176525972741143e-01 8.948000907897949219e+00
2.100000000000000000e+02 7.749801760568357789e-01 7.605289892212930836e-01 8.936875724792479048e+00
2.110000000000000000e+02 7.549041476781727100e-01 7.803191611539798123e-01 8.946249008178710938e+00
2.120000000000000000e+02 7.735316216369686471e-01 7.599989901553430016e-01 8.937146759033202770e+00
2.130000000000000000e+02 7.545905639702167322e-01 7.796607960018817618e-01 8.949658775329590199e+00
2.140000000000000000e+02 7.740639114158930356e-01 7.603804887658706102e-01 8.938634872436523438e+00
2.150000000000000000e+02 7.538123232634911242e-01 7.810008781724220306e-01 8.948973274230958452e+00
2.160000000000000000e+02 7.742817577255075578e-01 7.603538416997996929e-01 8.936632347106934660e+00
2.170000000000000000e+02 7.509040150660104551e-01 7.810799703692069551e-01 8.947336769104003551e+00
2.180000000000000000e+02 7.731777208491987796e-01 7.613762241849455492e-01 8.935821342468260653e+00
2.190000000000000000e+02 7.514373705172681106e-01 7.816374355963566778e-01 8.949254608154296520e+00
2.200000000000000000e+02 7.727914357551057822e-01 7.621384327382577650e-01 8.936202239990235441e+00
2.210000000000000000e+02 7.521973745660397448e-01 7.803444071594795028e-01 8.951125717163085582e+00
2.220000000000000000e+02 7.726319072279460576e-01 7.623526763313229759e-01 8.936828994750976918e+00
2.230000000000000000e+02 7.537208836902398179e-01 7.811640376077038095e-01 8.949373435974120383e+00
2.240000000000000000e+02 7.719526637620761633e-01 7.592900339142971688e-01 8.938535690307617188e+00
2.250000000000000000e+02 7.524221625607377950e-01 7.797869684457614525e-01 8.947845649719237571e+00
2.260000000000000000e+02 7.716992382406171469e-01 7.588181228803863032e-01 8.934764480590819957e+00
2.270000000000000000e+02 7.525505804859343728e-01 7.778738940309319894e-01 8.945246887207032316e+00
2.280000000000000000e+02 7.732709852166037567e-01 7.589911801521598278e-01 8.936578941345214133e+00
2.290000000000000000e+02 7.544529534846038388e-01 7.782974039986294557e-01 8.944262313842772372e+00
2.300000000000000000e+02 7.739267745260075548e-01 7.572447878330330617e-01 8.937985610961913352e+00
2.310000000000000000e+02 7.526921390060902217e-01 7.774531017480352801e-01 8.943473243713377485e+00
2.320000000000000000e+02 7.720755929108761295e-01 7.542291444630384589e-01 8.941380119323730113e+00
2.330000000000000000e+02 7.529047029167256211e-01 7.752221347800787310e-01 8.940838813781738281e+00
2.340000000000000000e+02 7.742100498940024389e-01 7.567311856984552110e-01 8.941612434387206321e+00
2.350000000000000000e+02 7.563010997672716673e-01 7.768389871970488025e-01 8.940403366088867543e+00
2.360000000000000000e+02 7.751259401291953344e-01 7.546280684752442180e-01 8.945608901977539773e+00
2.370000000000000000e+02 7.562065114310551062e-01 7.743529491764247208e-01 8.939181327819824219e+00
2.380000000000000000e+02 7.749768891816712912e-01 7.541865307725779122e-01 8.942980194091797230e+00
2.390000000000000000e+02 7.566520992194014639e-01 7.740604250753905236e-01 8.939484596252441406e+00
2.400000000000000000e+02 7.742072918965763328e-01 7.547969954098534551e-01 8.942259025573729758e+00
2.410000000000000000e+02 7.540499996553206019e-01 7.762899097061934928e-01 8.942254638671874645e+00
2.420000000000000000e+02 7.757797091863984917e-01 7.570961253902593890e-01 8.941999816894531605e+00
2.430000000000000000e+02 7.559430457695102135e-01 7.740532986063702880e-01 8.942450141906737926e+00
2.440000000000000000e+02 7.756817249653218393e-01 7.571500473427849043e-01 8.944003677368163707e+00
2.450000000000000000e+02 7.544350615808265159e-01 7.744727196655148971e-01 8.941247940063476562e+00
2.460000000000000000e+02 7.782229444459196621e-01 7.552477070019500971e-01 8.941672325134277344e+00
2.470000000000000000e+02 7.550990580043641653e-01 7.766663838254050933e-01 8.941752433776855469e+00
2.480000000000000000e+02 7.766903257136024141e-01 7.566113489191167440e-01 8.939936828613280539e+00
2.490000000000000000e+02 7.585728805606535285e-01 7.754739028327046757e-01 8.943605613708497160e+00
2.500000000000000000e+02 7.784821504915029333e-01 7.537368382441065329e-01 8.940052223205567472e+00
2.510000000000000000e+02 7.576863393999033747e-01 7.776862067284261437e-01 8.940619087219237926e+00
2.520000000000000000e+02 7.781742444237533807e-01 7.582510873392180883e-01 8.942654609680175781e+00
2.530000000000000000e+02 7.583796906186590636e-01 7.793718774101766611e-01 8.943677902221679688e+00
2.540000000000000000e+02 7.795065842730093397e-01 7.555449480550108232e-01 8.940453147888183238e+00
2.550000000000000000e+02 7.543174919991935123e-01 7.787068936228168647e-01 8.942344474792481179e+00
2.560000000000000000e+02 7.788963147381962049e-01 7.575796386069960642e-01 8.942753410339355113e+00
2.570000000000000000e+02 7.575512178272629793e-01 7.769748264429907625e-01 8.944086647033691051e+00
2.580000000000000000e+02 7.799069421139328551e-01 7.581684351344656347e-01 8.945256805419923296e+00
2.590000000000000000e+02 7.571376045885006567e-01 7.799801583596283061e-01 8.943997955322265270e+00
2.600000000000000000e+02 7.781568725048194635e-01 7.575474428516477676e-01 8.942364501953125711e+00
2.610000000000000000e+02 7.594231904632926522e-01 7.776411922113358743e-01 8.944455718994140270e+00
2.620000000000000000e+02 7.795197401050923958e-01 7.586183852401005012e-01 8.941261291503906250e+00
2.630000000000000000e+02 7.585748412900545912e-01 7.783735474975919111e-01 8.945808982849120738e+00
2.640000000000000000e+02 7.795395566706386781e-01 7.566052924158892523e-01 8.941833305358887429e+00
2.650000000000000000e+02 7.569456958305785799e-01 7.773414468670125643e-01 8.944162368774414062e+00
2.660000000000000000e+02 7.767779295410347506e-01 7.569084794461946597e-01 8.942064666748047230e+00
2.670000000000000000e+02 7.587034635683201911e-01 7.766348647200425059e-01 8.939990043640136719e+00
2.680000000000000000e+02 7.783623322944236422e-01 7.572243431271117320e-01 8.940945816040038352e+00
2.690000000000000000e+02 7.566374036872739461e-01 7.777221592676439865e-01 8.939620018005371094e+00
2.700000000000000000e+02 7.768733670450100881e-01 7.566919548391456418e-01 8.939461135864258168e+00
2.710000000000000000e+02 7.546409231813230312e-01 7.776090107143366348e-01 8.940136718750000711e+00
2.720000000000000000e+02 7.767944364227429288e-01 7.564563119505577360e-01 8.937591171264648082e+00
2.730000000000000000e+02 7.564252980886723154e-01 7.790587692345601889e-01 8.938603591918944602e+00
2.740000000000000000e+02 7.806944852560138148e-01 7.580029651701365445e-01 8.936597824096679688e+00
2.750000000000000000e+02 7.582291153257696426e-01 7.758738063020876874e-01 8.936225700378418679e+00
2.760000000000000000e+02 7.795757549042837686e-01 7.586227853512760300e-01 8.940246963500976918e+00
2.770000000000000000e+02 7.581046540078197893e-01 7.778262624560765559e-01 8.936232376098633523e+00
2.780000000000000000e+02 7.788310893308181271e-01 7.586482723485726831e-01 8.938040161132811079e+00
2.790000000000000000e+02 7.588738533022508781e-01 7.793303674777277701e-01 8.933542251586914062e+00
2.800000000000000000e+02 7.779466633596829883e-01 7.582801427526628668e-01 8.937809944152832031e+00
2.810000000000000000e+02 7.570303543713408079e-01 7.771395248742899442e-01 8.937420272827148793e+00
2.820000000000000000e+02 7.765694490879608836e-01 7.575464535813184463e-01 8.937545585632324929e+00
2.830000000000000000e+02 7.582595111206791305e-01 7.785886582318071181e-01 8.938000106811522016e+00
2.840000000000000000e+02 7.792652124635074395e-01 7.575325552029312792e-01 8.939689064025879262e+00
2.850000000000000000e+02 7.574634221220586383e-01 7.771745200004085419e-01 8.939994812011718750e+00
2.860000000000000000e+02 7.771328645697065385e-01 7.582175127088034428e-01 8.937856864929198508e+00
2.870000000000000000e+02 7.567634688981403901e-01 7.789724628567213927e-01 8.939152336120606890e+00
2.880000000000000000e+02 7.785106366684133583e-01 7.588370634619264754e-01 8.937821006774901988e+00
2.890000000000000000e+02 7.565654924694298344e-01 7.790543602521624589e-01 8.936356925964355824e+00
2.900000000000000000e+02 7.785392854180527289e-01 7.584348317277490592e-01 8.938817787170410867e+00
2.910000000000000000e+02 7.584456766865027566e-01 7.806456113825661625e-01 8.939497947692871094e+00
2.920000000000000000e+02 7.767728797982339506e-01 7.583433141473683303e-01 8.941333580017088778e+00
2.930000000000000000e+02 7.571779424088794785e-01 7.779896988307891670e-01 8.938042259216308238e+00
2.940000000000000000e+02 7.759906404243003264e-01 7.581092741361923348e-01 8.939838981628417613e+00
2.950000000000000000e+02 7.563259006399946083e-01 7.782316261273410918e-01 8.937532424926757812e+00
2.960000000000000000e+02 7.778213058471165064e-01 7.583626456627770018e-01 8.938389968872069602e+00
2.970000000000000000e+02 7.567846499575723307e-01 7.772595296035300638e-01 8.937362289428710582e+00
2.980000000000000000e+02 7.769668853912400364e-01 7.553303649128900732e-01 8.937773323059081676e+00
2.990000000000000000e+02 7.567971738816541283e-01 7.772563723011900461e-01 8.941219139099120028e+00
3.000000000000000000e+02 7.784343370816363405e-01 7.571186674495801183e-01 8.939273452758790484e+00
3.010000000000000000e+02 7.574317640619598890e-01 7.777155742547973150e-01 8.942252159118652344e+00
3.020000000000000000e+02 7.776538807636083073e-01 7.573057365785328399e-01 8.939836502075195312e+00
3.030000000000000000e+02 7.550066222502395119e-01 7.770758332693974424e-01 8.939143180847167969e+00
3.040000000000000000e+02 7.789839942801490835e-01 7.555627664495473406e-01 8.939924621582029829e+00
3.050000000000000000e+02 7.573049871068683325e-01 7.779276735646241114e-01 8.939223480224610441e+00
3.060000000000000000e+02 7.765645134407440642e-01 7.555526772274627767e-01 8.938442420959473722e+00
3.070000000000000000e+02 7.542675767787588859e-01 7.778628400624092443e-01 8.939659118652343750e+00
3.080000000000000000e+02 7.762448275445072987e-01 7.560893835884257008e-01 8.938142395019530895e+00
3.090000000000000000e+02 7.561620950985297185e-01 7.761451382540464072e-01 8.942174530029296520e+00
3.100000000000000000e+02 7.765917103027464297e-01 7.561930367169731326e-01 8.940318107604980469e+00
3.110000000000000000e+02 7.570716043314197341e-01 7.759088104025838595e-01 8.940402412414551137e+00
3.120000000000000000e+02 7.792336988888247662e-01 7.575524699016402685e-01 8.940329933166504262e+00
3.130000000000000000e+02 7.545277678971746838e-01 7.779424770794955979e-01 8.936228942871093039e+00
3.140000000000000000e+02 7.757241510662542527e-01 7.555277228567301995e-01 8.936032295227050781e+00
3.150000000000000000e+02 7.547000198732783938e-01 7.753965938330951158e-01 8.938733482360838423e+00
3.160000000000000000e+02 7.765480799398949419e-01 7.531959160164147793e-01 8.933960151672364347e+00
3.170000000000000000e+02 7.561543681550665363e-01 7.772721686042631806e-01 8.937084579467773793e+00
3.180000000000000000e+02 7.773588985697867937e-01 7.564357753725032829e-01 8.936651229858398438e+00
3.190000000000000000e+02 7.570020113900669534e-01 7.771547655784341035e-01 8.938694572448730113e+00
3.200000000000000000e+02 7.786917985667695108e-01 7.548133568751604905e-01 8.937728118896485441e+00
3.210000000000000000e+02 7.558948900611880406e-01 7.771348574535091869e-01 8.939864730834960582e+00
3.220000000000000000e+02 7.784379504459780774e-01 7.570921988211237741e-01 8.938275909423827770e+00
3.230000000000000000e+02 7.558251389125225650e-01 7.763410668915261548e-01 8.937705612182616832e+00
3.240000000000000000e+02 7.751017888203819428e-01 7.575126038806510032e-01 8.936968040466307883e+00
3.250000000000000000e+02 7.568970018190326332e-01 7.761857135448437806e-01 8.939396667480469461e+00
3.260000000000000000e+02 7.751744933102928670e-01 7.562390963264159494e-01 8.934966850280762429e+00
3.270000000000000000e+02 7.526905441515128192e-01 7.777189267064298361e-01 8.937216949462889914e+00
3.280000000000000000e+02 7.765817495336398979e-01 7.548569279543082544e-01 8.935879135131834516e+00
3.290000000000000000e+02 7.557749926502865812e-01 7.755151079886316579e-01 8.936688995361327770e+00
3.300000000000000000e+02 7.762244344159798803e-01 7.561579638367544876e-01 8.940443420410156605e+00
3.310000000000000000e+02 7.571197381835934603e-01 7.774459174513602688e-01 8.938014411926269887e+00
3.320000000000000000e+02 7.775570877704317541e-01 7.554152376618135101e-01 8.938957977294920809e+00
3.330000000000000000e+02 7.569576886919380243e-01 7.756372294305257098e-01 8.937773513793946023e+00
3.340000000000000000e+02 7.766162467007806658e-01 7.542806864339206552e-01 8.941176795959473012e+00
3.350000000000000000e+02 7.566458377354930986e-01 7.758236952913086792e-01 8.936764526367188211e+00
3.360000000000000000e+02 7.778641429986884459e-01 7.553878875454733688e-01 8.941263198852539062e+00
3.370000000000000000e+02 7.551297300776214083e-01 7.744722486546837814e-01 8.937712287902831676e+00
3.380000000000000000e+02 7.765415004471627469e-01 7.547448722536100885e-01 8.942810058593750000e+00
3.390000000000000000e+02 7.566020040886892728e-01 7.761675027406381711e-01 8.938067626953124289e+00
3.400000000000000000e+02 7.781484438364025813e-01 7.547111143540768952e-01 8.947341346740723012e+00
3.410000000000000000e+02 7.574385784049193493e-01 7.770093554954248249e-01 8.936607742309570668e+00
3.420000000000000000e+02 7.772040571514601259e-01 7.580318265046530612e-01 8.944233703613281961e+00
3.430000000000000000e+02 7.594245600407615315e-01 7.767495859634545585e-01 8.938204765319824219e+00
3.440000000000000000e+02 7.811159869894013230e-01 7.568313996165101365e-01 8.947079086303711293e+00
3.450000000000000000e+02 7.586699905660694299e-01 7.762219215462765609e-01 8.936727905273437855e+00
3.460000000000000000e+02 7.778274464462585636e-01 7.570596609101646335e-01 8.946451377868651633e+00
3.470000000000000000e+02 7.590651795743225128e-01 7.775842147096009294e-01 8.936945533752441051e+00
3.480000000000000000e+02 7.787982275271122523e-01 7.561052351207122602e-01 8.946348953247071023e+00
3.490000000000000000e+02 7.590957350141175342e-01 7.770938318533034961e-01 8.939276695251464844e+00
3.500000000000000000e+02 7.770393596179386853e-01 7.557554205550747195e-01 8.946676826477050426e+00
3.510000000000000000e+02 7.563064406466292189e-01 7.783942556811237479e-01 8.940055656433104403e+00
3.520000000000000000e+02 7.785187464154230685e-01 7.548148807052375009e-01 8.945273590087889914e+00
3.530000000000000000e+02 7.586522858501673072e-01 7.773861750289208228e-01 8.940904617309570312e+00
3.540000000000000000e+02 7.791531194917800107e-01 7.544362889755716894e-01 8.944410133361815340e+00
3.550000000000000000e+02 7.579401175983153660e-01 7.765112966580537401e-01 8.940717887878417258e+00
3.560000000000000000e+02 7.789487402769598168e-01 7.575332918683288508e-01 8.947080039978025923e+00
3.570000000000000000e+02 7.572651087426348626e-01 7.783228301926471415e-01 8.943277931213378551e+00
3.580000000000000000e+02 7.776240215759030461e-01 7.570110258791185043e-01 8.943176651000976918e+00
3.590000000000000000e+02 7.580317007632321191e-01 7.765731519442946595e-01 8.944672393798828836e+00
3.600000000000000000e+02 7.788136307389376123e-01 7.574508054086704911e-01 8.941747856140136008e+00
3.610000000000000000e+02 7.584806038905796965e-01 7.750568651953436694e-01 8.941285896301270242e+00
3.620000000000000000e+02 7.773520975887979745e-01 7.563467364121526648e-01 8.942441177368165128e+00
3.630000000000000000e+02 7.587546985240785080e-01 7.785192624482217827e-01 8.944922447204589844e+00
3.640000000000000000e+02 7.788383110432259837e-01 7.549373187464409884e-01 8.942290306091308594e+00
3.650000000000000000e+02 7.562225762473646640e-01 7.771401143339692341e-01 8.943350028991698508e+00
3.660000000000000000e+02 7.775409203279517456e-01 7.598426270700670004e-01 8.940372467041015625e+00
3.670000000000000000e+02 7.587691584387317167e-01 7.774334058642977663e-01 8.942247772216797230e+00
3.680000000000000000e+02 7.771533018430629713e-01 7.596567229703069524e-01 8.940996742248534801e+00
3.690000000000000000e+02 7.567053540397410405e-01 7.801002253983650991e-01 8.945989036560058949e+00
3.700000000000000000e+02 7.783183834705326154e-01 7.604536652404936259e-01 8.942721176147461648e+00
3.710000000000000000e+02 7.586763369455531425e-01 7.794395155238647011e-01 8.943008041381835582e+00
3.720000000000000000e+02 7.795725335766033881e-01 7.565434544479140433e-01 8.945964622497559304e+00
3.730000000000000000e+02 7.590482834919989319e-01 7.774194055470333709e-01 8.941310119628905539e+00
3.740000000000000000e+02 7.787434100348007426e-01 7.579046050831825809e-01 8.944882392883300781e+00
3.750000000000000000e+02 7.590868307569558215e-01 7.795299057735399773e-01 8.940252304077148438e+00
3.760000000000000000e+02 7.767012533664733320e-01 7.591785204500453021e-01 8.943303489685058949e+00
3.770000000000000000e+02 7.575499338467703847e-01 7.789172272616691206e-01 8.944087600708007457e+00
3.780000000000000000e+02 7.768192730397992518e-01 7.587770532323016015e-01 8.941382408142091620e+00
3.790000000000000000e+02 7.561284187871295526e-01 7.783757884222506362e-01 8.942361450195312145e+00
3.800000000000000000e+02 7.753171884090889199e-01 7.598306612497158774e-01 8.941643524169920809e+00
3.810000000000000000e+02 7.545671929996442540e-01 7.811118785109780749e-01 8.944277954101561789e+00
3.820000000000000000e+02 7.744517270052965197e-01 7.570551162691370184e-01 8.942028999328613281e+00
3.830000000000000000e+02 7.562568832633160820e-01 7.775174981834440668e-01 8.943721199035644887e+00
3.840000000000000000e+02 7.754704513467434168e-01 7.585326210435693328e-01 8.944896697998046875e+00
3.850000000000000000e+02 7.549426076542288255e-01 7.788610876630441826e-01 8.943139076232908380e+00
3.860000000000000000e+02 7.761207972591218640e-01 7.592285842054607992e-01 8.943424415588378196e+00
3.870000000000000000e+02 7.570865859512780904e-01 7.809736723761949717e-01 8.947300338745117543e+00
3.880000000000000000e+02 7.779511893942743228e-01 7.582532285163029462e-01 8.941762542724609020e+00
3.890000000000000000e+02 7.552164605903541883e-01 7.807547100734877343e-01 8.947193336486815696e+00
3.900000000000000000e+02 7.776000354751920751e-01 7.594809946904146347e-01 8.938329887390136008e+00
3.910000000000000000e+02 7.563559779916164683e-01 7.817638666273152293e-01 8.947951126098633523e+00
3.920000000000000000e+02 7.757964639947980690e-01 7.615355986536691546e-01 8.939276695251464844e+00
3.930000000000000000e+02 7.537333864967505903e-01 7.809657415483156617e-01 8.948264694213866832e+00
3.940000000000000000e+02 7.755147007242606527e-01 7.575024441910968021e-01 8.938997840881347301e+00
3.950000000000000000e+02 7.548609532643969500e-01 7.789024779904090146e-01 8.946689987182617543e+00
3.960000000000000000e+02 7.751369624648050127e-01 7.589130100927613531e-01 8.940214538574219105e+00
3.970000000000000000e+02 7.577328477911812188e-01 7.808628143811856548e-01 8.945235443115233664e+00
3.980000000000000000e+02 7.753280336598838973e-01 7.594933587769389094e-01 8.938597869873046164e+00
