0.000000000000000000e+00 1.623575478247949247e-02 1.524715339721528957e-02 6.021479797363281428e+00
1.000000000000000000e+00 1.753431407611501930e-02 1.679079248762328433e-02 5.980879783630370206e+00
2.000000000000000000e+00 2.063491209767539386e-02 1.588840498461191464e-02 6.173439884185790483e+00
3.000000000000000000e+00 2.013312148689745326e-02 1.991084994829975252e-02 6.126139831542968928e+00
4.000000000000000000e+00 2.581037818791798860e-02 1.844098687489277577e-02 6.310769844055176492e+00
5.000000000000000000e+00 2.401360834473863226e-02 2.205775761853489766e-02 6.264879894256591086e+00
6.000000000000000000e+00 3.008205802805877238e-02 2.153076389515257150e-02 6.429999828338623047e+00
7.000000000000000000e+00 2.813453036605997187e-02 2.865200142710042086e-02 6.387329864501953836e+00
8.000000000000000000e+00 3.599189417431934018e-02 2.849520262738939810e-02 6.535749816894530717e+00
9.000000000000000000e+00 3.257331603939447873e-02 3.412500481577662031e-02 6.502299880981444957e+00
1.000000000000000000e+01 4.164937963219633027e-02 3.342524098791711806e-02 6.627869796752928977e+00
1.100000000000000000e+01 3.991498603017007429e-02 3.969677342415060817e-02 6.602069950103759410e+00
1.200000000000000000e+01 4.718127461870600531e-02 3.894227373010206161e-02 6.718449783325196378e+00
1.300000000000000000e+01 4.474114893307178792e-02 4.614857778944497779e-02 6.701529788970946200e+00
1.400000000000000000e+01 5.285035936865405820e-02 4.386315830369177937e-02 6.803509902954100852e+00
1.500000000000000000e+01 5.195055669368450757e-02 5.116378738673765109e-02 6.779539775848387961e+00
1.600000000000000000e+01 6.121408196174944055e-02 5.064917222773697436e-02 6.889899826049804332e+00
1.700000000000000000e+01 5.873657260529326768e-02 5.737882643846608371e-02 6.860209846496582387e+00
1.800000000000000000e+01 6.701122533847922447e-02 5.493274465502830800e-02 6.954489898681641691e+00
1.900000000000000000e+01 6.356086688388426498e-02 6.356867430605799008e-02 6.925949859619141336e+00
2.000000000000000000e+01 7.295420145044793914e-02 6.223420644892908166e-02 7.020129966735838778e+00
2.100000000000000000e+01 6.982265260572903531e-02 7.230004298944878172e-02 6.992749977111817117e+00
2.200000000000000000e+01 8.014830305495662666e-02 6.737422949456253751e-02 7.079249858856201172e+00
2.300000000000000000e+01 7.775596262709856543e-02 7.598601274684714524e-02 7.051389789581299361e+00
2.400000000000000000e+01 8.720157417666386801e-02 7.281116260003998863e-02 7.147259807586670455e+00
2.500000000000000000e+01 8.261924757890427851e-02 8.225004916768378915e-02 7.108829879760742543e+00
2.600000000000000000e+01 9.432519021987417762e-02 8.008264287295439876e-02 7.206029987335204723e+00
2.700000000000000000e+01 9.158701559870953413e-02 9.075124743867138410e-02 7.170449829101563921e+00
2.800000000000000000e+01 1.001192953122244933e-01 8.469828791078462538e-02 7.260939788818360441e+00
2.900000000000000000e+01 9.771402391371829255e-02 9.605476254138721470e-02 7.221379852294921520e+00
3.000000000000000000e+01 1.076072747046645378e-01 9.102414359517828346e-02 7.312019824981689453e+00
3.100000000000000000e+01 1.031753760008127102e-01 1.000774780440835260e-01 7.267429733276367543e+00
3.200000000000000000e+01 1.126358595846047445e-01 9.564948701016008636e-02 7.363059806823730291e+00
3.300000000000000000e+01 1.078733931305155963e-01 1.064697090666418822e-01 7.308889770507812855e+00
3.400000000000000000e+01 1.177534134482413064e-01 1.011157872079068154e-01 7.401419830322264914e+00
3.500000000000000000e+01 1.143409561063173235e-01 1.121997085228432778e-01 7.345279884338379084e+00
3.600000000000000000e+01 1.241391953608350779e-01 1.061929295689729297e-01 7.445109844207763672e+00
3.700000000000000000e+01 1.191873277711866796e-01 1.176096251425815947e-01 7.391159725189209162e+00
3.800000000000000000e+01 1.299191105387230982e-01 1.126595593676115170e-01 7.490729808807373047e+00
3.900000000000000000e+01 1.242389858996273272e-01 1.233952709753213250e-01 7.435119819641113459e+00
4.000000000000000000e+01 1.343181844080958975e-01 1.185160752298264897e-01 7.528079891204833451e+00
4.100000000000000000e+01 1.297766833884954341e-01 1.287069652022885258e-01 7.475509738922118785e+00
4.200000000000000000e+01 1.416873226130982710e-01 1.245171680873359277e-01 7.564659786224365412e+00
4.300000000000000000e+01 1.359324909770985856e-01 1.348162840227294657e-01 7.512549781799317650e+00
4.400000000000000000e+01 1.471319673953090656e-01 1.279182247334827993e-01 7.604249763488770242e+00
4.500000000000000000e+01 1.410258903971171318e-01 1.384912541837109989e-01 7.550799942016602095e+00
4.600000000000000000e+01 1.523108816837484558e-01 1.321851920474658715e-01 7.639759826660156961e+00
4.700000000000000000e+01 1.459278239822084100e-01 1.446797922183047092e-01 7.578049755096435192e+00
4.800000000000000000e+01 1.580556484966035846e-01 1.375293117379993990e-01 7.668769741058349965e+00
4.900000000000000000e+01 1.516317343680379515e-01 1.480923112759141846e-01 7.603379821777344283e+00
5.000000000000000000e+01 1.637852737940782011e-01 1.425879524820062583e-01 7.704359817504881747e+00
5.100000000000000000e+01 1.569727479421010874e-01 1.525755068083758381e-01 7.638749885559082742e+00
5.200000000000000000e+01 1.674584346556792780e-01 1.458097310223825938e-01 7.736909866333007812e+00
5.300000000000000000e+01 1.587681997427722591e-01 1.577524994240445400e-01 7.667049789428711293e+00
5.400000000000000000e+01 1.707697874251278281e-01 1.510998531939471701e-01 7.754289817810057883e+00
5.500000000000000000e+01 1.632487865495996782e-01 1.621340302714888992e-01 7.694689941406251066e+00
5.600000000000000000e+01 1.748192012265675499e-01 1.550070704476080585e-01 7.778459739685057883e+00
5.700000000000000000e+01 1.688465371619286282e-01 1.673097041356222392e-01 7.727559852600097479e+00
5.800000000000000000e+01 1.792711543223690085e-01 1.607746371720286116e-01 7.804379749298096414e+00
5.900000000000000000e+01 1.737085050500584149e-01 1.712897076597640345e-01 7.752209758758544567e+00
6.000000000000000000e+01 1.841039534907100983e-01 1.633318495286155692e-01 7.825849819183350320e+00
6.100000000000000000e+01 1.750921007805356644e-01 1.743519533362689611e-01 7.769279766082763494e+00
6.200000000000000000e+01 1.866576934933470155e-01 1.667370114256375713e-01 7.836849784851074752e+00
6.300000000000000000e+01 1.786842755099148083e-01 1.786944569373477565e-01 7.788429737091064453e+00
6.400000000000000000e+01 1.900925652418033740e-01 1.700159288757968901e-01 7.861089801788329723e+00
6.500000000000000000e+01 1.834495444137401454e-01 1.812411141721331220e-01 7.808389854431153410e+00
6.600000000000000000e+01 1.944133850498274974e-01 1.747261440989269221e-01 7.887419700622558594e+00
6.700000000000000000e+01 1.846954879652836501e-01 1.859905546984803038e-01 7.829719924926758168e+00
6.800000000000000000e+01 1.972818910504255674e-01 1.799806467012888267e-01 7.898699665069580433e+00
6.900000000000000000e+01 1.902135538245021684e-01 1.914428191802849122e-01 7.857979869842529830e+00
7.000000000000000000e+01 2.005715032922354979e-01 1.828548968607668912e-01 7.915869808197022905e+00
7.100000000000000000e+01 1.933553591087994461e-01 1.942526426404428408e-01 7.872669792175293502e+00
7.200000000000000000e+01 2.029792918165786164e-01 1.849385734229366529e-01 7.936049652099609553e+00
7.300000000000000000e+01 1.946408302922089106e-01 1.947446108953007349e-01 7.886459732055664418e+00
7.400000000000000000e+01 2.074623553858631619e-01 1.886560287711347150e-01 7.948229789733886719e+00
7.500000000000000000e+01 1.974814568964242678e-01 1.998223444378799118e-01 7.904999732971191406e+00
7.600000000000000000e+01 2.086180865997895595e-01 1.905780049626452644e-01 7.958239746093750178e+00
7.700000000000000000e+01 1.989569672593982652e-01 2.016491521691989031e-01 7.922709655761718928e+00
7.800000000000000000e+01 2.098595831898968922e-01 1.934661842320399561e-01 7.969379806518554155e+00
7.900000000000000000e+01 2.000731140118876816e-01 2.060312691856726885e-01 7.933439731597900391e+00
8.000000000000000000e+01 2.122360935455175623e-01 1.971236618643575911e-01 7.975319671630860086e+00
8.100000000000000000e+01 2.047707175985460926e-01 2.099059324338576615e-01 7.950969791412353160e+00
8.200000000000000000e+01 2.157291454782276352e-01 2.002697675699426361e-01 7.993039703369140270e+00
8.300000000000000000e+01 2.054053136555570036e-01 2.118648540912208278e-01 7.966749858856200461e+00
8.400000000000000000e+01 2.161377954266466839e-01 2.041679142369311195e-01 7.997809886932373047e+00
8.500000000000000000e+01 2.072423630634022684e-01 2.142779739768059521e-01 7.983799743652344461e+00
8.600000000000000000e+01 2.209470555130152447e-01 2.065373130139405988e-01 8.006849670410156605e+00
8.700000000000000000e+01 2.099216103094683483e-01 2.176139274289357606e-01 7.999909591674804865e+00
8.800000000000000000e+01 2.209712120785956024e-01 2.091170796571269197e-01 8.028299903869628551e+00
8.900000000000000000e+01 2.127388847334612532e-01 2.193369738570485061e-01 8.012889957427978160e+00
9.000000000000000000e+01 2.238297704337274263e-01 2.088439921552038836e-01 8.041029834747314808e+00
9.100000000000000000e+01 2.135292551010498086e-01 2.203361203231798127e-01 8.013509750366210938e+00
9.200000000000000000e+01 2.250968251671066067e-01 2.117468527306150816e-01 8.046659851074219105e+00
9.300000000000000000e+01 2.158023501784746279e-01 2.234865277674518980e-01 8.027489757537841442e+00
9.400000000000000000e+01 2.260841232633473974e-01 2.161194678222977672e-01 8.054499912261961825e+00
9.500000000000000000e+01 2.179808434961142127e-01 2.264109011311509212e-01 8.042129802703858132e+00
9.600000000000000000e+01 2.298986076697959180e-01 2.167081188979787520e-01 8.063439750671387074e+00
9.700000000000000000e+01 2.196071006212704513e-01 2.277142592724992753e-01 8.045609855651855824e+00
9.800000000000000000e+01 2.300160586532467022e-01 2.173551051641773590e-01 8.076029777526855469e+00
9.900000000000000000e+01 2.203553056826174084e-01 2.264146705208072707e-01 8.048789787292481179e+00
1.000000000000000000e+02 2.312072495612566281e-01 2.169825492589503302e-01 8.075939941406250711e+00
1.010000000000000000e+02 2.219747821410432143e-01 2.276182757707704840e-01 8.054449844360350497e+00
1.020000000000000000e+02 2.343128416108861134e-01 2.182229451505864060e-01 8.084209918975830078e+00
1.030000000000000000e+02 2.253261151085378944e-01 2.301275090647473265e-01 8.057549762725830789e+00
1.040000000000000000e+02 2.350734471684233773e-01 2.211669112550599947e-01 8.099009799957276101e+00
1.050000000000000000e+02 2.260644000483273686e-01 2.310910919560022481e-01 8.066949844360351562e+00
1.060000000000000000e+02 2.358824574858085221e-01 2.240502841730969696e-01 8.109049797058105469e+00
1.070000000000000000e+02 2.270389101630210515e-01 2.338221532610719189e-01 8.085779571533203480e+00
1.080000000000000000e+02 2.378034046106803634e-01 2.244404622456879772e-01 8.111619758605957742e+00
1.090000000000000000e+02 2.284669081463620577e-01 2.347956540321460839e-01 8.090649795532225852e+00
1.100000000000000000e+02 2.392532668466066936e-01 2.256155709197014969e-01 8.112749671936034801e+00
1.110000000000000000e+02 2.294554175162374920e-01 2.357672503690925458e-01 8.092629814147947798e+00
1.120000000000000000e+02 2.406687546488827378e-01 2.251916097641414871e-01 8.118559646606446023e+00
1.130000000000000000e+02 2.292510105367980833e-01 2.363589594623051737e-01 8.094339752197265980e+00
1.140000000000000000e+02 2.417156080121102280e-01 2.271420997901257566e-01 8.121259498596190340e+00
1.150000000000000000e+02 2.294273910426863627e-01 2.368830679924222304e-01 8.099409675598145952e+00
1.160000000000000000e+02 2.397958950882960460e-01 2.269462333367471829e-01 8.120669841766357422e+00
1.170000000000000000e+02 2.297804720905881615e-01 2.374131644454028911e-01 8.094819831848145242e+00
1.180000000000000000e+02 2.423180670011714777e-01 2.270895531624738950e-01 8.125799751281737926e+00
1.190000000000000000e+02 2.315090250720965026e-01 2.385291226934996567e-01 8.097789764404296875e+00
1.200000000000000000e+02 2.420493271887143583e-01 2.292333481998436173e-01 8.121519756317139738e+00
1.210000000000000000e+02 2.312233066025789763e-01 2.394509978978376363e-01 8.103009605407713423e+00
1.220000000000000000e+02 2.426534173080627799e-01 2.289840695443278173e-01 8.123839664459229226e+00
1.230000000000000000e+02 2.326328833901055437e-01 2.402086276564277811e-01 8.108279609680176137e+00
1.240000000000000000e+02 2.423315502195909077e-01 2.303651767199879907e-01 8.121589946746826882e+00
1.250000000000000000e+02 2.327741207185791139e-01 2.417909578380157687e-01 8.116919708251954191e+00
1.260000000000000000e+02 2.430720610893642719e-01 2.315209960392330957e-01 8.123579788208006747e+00
1.270000000000000000e+02 2.336875729455721029e-01 2.424508205636962677e-01 8.124159812927246094e+00
1.280000000000000000e+02 2.452713816916079481e-01 2.323969931789966470e-01 8.133359909057617188e+00
1.290000000000000000e+02 2.346344317064476548e-01 2.445085812319175989e-01 8.120579910278319602e+00
1.300000000000000000e+02 2.452573908473039410e-01 2.347408886969795105e-01 8.135729789733886719e+00
1.310000000000000000e+02 2.344441805066141693e-01 2.457169006016361457e-01 8.127929878234864347e+00
1.320000000000000000e+02 2.453196725175775250e-01 2.361786835304674481e-01 8.137949657440186613e+00
1.330000000000000000e+02 2.352212580993464364e-01 2.442935269053475023e-01 8.134109878540039418e+00
1.340000000000000000e+02 2.465701910458827639e-01 2.363834286309210719e-01 8.138979816436767933e+00
1.350000000000000000e+02 2.359525231801934131e-01 2.462663077995907446e-01 8.136959838867188211e+00
1.360000000000000000e+02 2.468791588731115150e-01 2.353826664180722339e-01 8.142329692840576172e+00
1.370000000000000000e+02 2.346374645444279372e-01 2.475118937368308014e-01 8.142299842834471946e+00
1.380000000000000000e+02 2.476111133096801642e-01 2.363312276627082820e-01 8.142059707641601918e+00
1.390000000000000000e+02 2.362846254051210737e-01 2.481196342692077450e-01 8.143409729003906250e+00
1.400000000000000000e+02 2.471541832379711978e-01 2.371195376676392130e-01 8.146269607543946023e+00
1.410000000000000000e+02 2.376576160990538922e-01 2.472790796889355047e-01 8.140879821777344816e+00
1.420000000000000000e+02 2.483969583318637597e-01 2.376069109772180887e-01 8.151529693603514204e+00
1.430000000000000000e+02 2.382356849314363478e-01 2.497015155901038397e-01 8.147729682922363992e+00
1.440000000000000000e+02 2.508510432709966098e-01 2.385724520797204429e-01 8.154549789428710227e+00
1.450000000000000000e+02 2.382010700554150762e-01 2.476311615399873212e-01 8.150519943237304332e+00
1.460000000000000000e+02 2.507678767587061541e-01 2.372953071234535360e-01 8.158249759674072621e+00
1.470000000000000000e+02 2.379852256736663674e-01 2.480645295113491633e-01 8.145139694213867188e+00
1.480000000000000000e+02 2.497020328776379527e-01 2.365432329278294166e-01 8.156359767913818004e+00
1.490000000000000000e+02 2.396000399782325097e-01 2.471754848942877003e-01 8.146509552001953480e+00
1.500000000000000000e+02 2.519865195089067145e-01 2.375263814071384150e-01 8.159999752044678090e+00
1.510000000000000000e+02 2.417429556044393968e-01 2.476584678880773549e-01 8.147529792785645597e+00
1.520000000000000000e+02 2.521612476555948890e-01 2.379372293710055597e-01 8.173149871826170809e+00
1.530000000000000000e+02 2.405477608844325543e-01 2.487818069548007327e-01 8.151699638366698863e+00
1.540000000000000000e+02 2.519144512152678428e-01 2.381667240356827309e-01 8.167949867248534446e+00
1.550000000000000000e+02 2.413928534838716278e-01 2.486553883622162897e-01 8.151859855651855113e+00
1.560000000000000000e+02 2.546366236613257783e-01 2.403029601058641884e-01 8.176399898529052024e+00
1.570000000000000000e+02 2.420281360352240507e-01 2.498497831794684876e-01 8.152949714660644887e+00
1.580000000000000000e+02 2.529900874077709028e-01 2.392052810222709824e-01 8.180439567565917613e+00
1.590000000000000000e+02 2.442102820481907854e-01 2.495876781791538934e-01 8.153799819946289773e+00
1.600000000000000000e+02 2.535352849241438444e-01 2.383402925898663871e-01 8.181019783020019531e+00
1.610000000000000000e+02 2.432063050671001148e-01 2.495485183154381725e-01 8.156659889221192117e+00
1.620000000000000000e+02 2.521613064234795587e-01 2.379046048388555878e-01 8.181859779357909090e+00
1.630000000000000000e+02 2.438769642870786958e-01 2.503289284719398822e-01 8.158959960937501421e+00
1.640000000000000000e+02 2.543134987295154192e-01 2.395350126301182270e-01 8.182169914245607245e+00
1.650000000000000000e+02 2.439341551161771093e-01 2.501188770639473646e-01 8.160109710693360441e+00
1.660000000000000000e+02 2.542662185129213603e-01 2.403593613447690958e-01 8.182329750061034801e+00
1.670000000000000000e+02 2.449276847734824236e-01 2.492759812146349008e-01 8.163729858398436789e+00
1.680000000000000000e+02 2.545941725819912960e-01 2.388601693870822940e-01 8.183600044250487926e+00
1.690000000000000000e+02 2.458735921965042592e-01 2.509801233090972472e-01 8.161529731750487571e+00
1.700000000000000000e+02 2.566474177233993292e-01 2.393688972011916438e-01 8.190509796142578125e+00
1.710000000000000000e+02 2.475145554334107489e-01 2.491296669543749120e-01 8.156619834899903054e+00
1.720000000000000000e+02 2.605445027168167837e-01 2.393036866283446140e-01 8.201509857177734730e+00
1.730000000000000000e+02 2.477503234024951428e-01 2.499376682400602234e-01 8.159829711914062145e+00
1.740000000000000000e+02 2.588798276192195158e-01 2.423062633102606722e-01 8.202689933776856179e+00
1.750000000000000000e+02 2.490962898504544831e-01 2.509533525762344675e-01 8.167140007019042969e+00
1.760000000000000000e+02 2.588118184288317192e-01 2.402557782279819143e-01 8.201279830932618253e+00
1.770000000000000000e+02 2.482257246740401935e-01 2.501434299504710079e-01 8.161930084228515625e+00
1.780000000000000000e+02 2.588254004356817517e-01 2.408502535390534549e-01 8.200369834899902344e+00
1.790000000000000000e+02 2.484715024809440176e-01 2.501519650287450935e-01 8.158739662170409801e+00
1.800000000000000000e+02 2.595470424135245535e-01 2.404662500420677862e-01 8.199719810485838423e+00
1.810000000000000000e+02 2.491555647341718860e-01 2.509768792638021329e-01 8.157629966735839844e+00
1.820000000000000000e+02 2.583072575367023616e-01 2.399503853211560622e-01 8.201939773559569602e+00
1.830000000000000000e+02 2.491409422646291560e-01 2.506235607711135849e-01 8.159599685668945668e+00
1.840000000000000000e+02 2.590550307962595222e-01 2.416150739648193491e-01 8.202079772949218750e+00
1.850000000000000000e+02 2.482902860299540937e-01 2.517097150422763496e-01 8.164999771118162997e+00
1.860000000000000000e+02 2.602009582763302187e-01 2.422344291343741240e-01 8.205889701843261719e+00
1.870000000000000000e+02 2.500239026182028979e-01 2.530898452694564371e-01 8.166219711303710938e+00
1.880000000000000000e+02 2.611215852763242307e-01 2.417756802920842107e-01 8.208569717407225852e+00
1.890000000000000000e+02 2.500565502958772557e-01 2.533811700042993831e-01 8.167029571533202414e+00
1.900000000000000000e+02 2.607532230280869556e-01 2.436967994881391597e-01 8.207769966125487926e+00
1.910000000000000000e+02 2.498137507233415544e-01 2.532265235505743450e-01 8.180869674682618609e+00
1.920000000000000000e+02 2.612260966595749134e-01 2.443120953688784902e-01 8.206509780883788352e+00
1.930000000000000000e+02 2.476906035379259630e-01 2.549993000606337601e-01 8.180529975891113637e+00
1.940000000000000000e+02 2.603588961297521598e-01 2.433498441602419959e-01 8.201369476318358664e+00
1.950000000000000000e+02 2.475460582920224750e-01 2.558780639325684558e-01 8.183819770812988281e+00
1.960000000000000000e+02 2.592059634013148539e-01 2.453773785046257927e-01 8.199709701538086648e+00
1.970000000000000000e+02 2.470747590332411925e-01 2.554703839188646741e-01 8.189599800109863992e+00
1.980000000000000000e+02 2.582945537174178852e-01 2.466420017415068278e-01 8.199399757385252840e+00
1.990000000000000000e+02 2.465289275842265648e-01 2.579704343093013330e-01 8.192369842529295454e+00
2.000000000000000000e+02 2.564830309375558115e-01 2.462275310879909473e-01 8.199739837646484730e+00
2.010000000000000000e+02 2.461475601785846068e-01 2.567570552922695537e-01 8.192199707031250000e+00
2.020000000000000000e+02 2.561851552098628471e-01 2.462680598074185323e-01 8.198529815673827770e+00
2.030000000000000000e+02 2.476403512883464386e-01 2.569196868094017483e-01 8.191379547119140625e+00
2.040000000000000000e+02 2.589574029974608949e-01 2.463051704621877502e-01 8.203759765624999645e+00
2.050000000000000000e+02 2.467389712432464244e-01 2.583285930986469747e-01 8.191739845275879617e+00
2.060000000000000000e+02 2.582517547592185769e-01 2.462183719458100051e-01 8.200759696960448153e+00
2.070000000000000000e+02 2.473545932036272377e-01 2.583266673349518538e-01 8.191149902343749289e+00
2.080000000000000000e+02 2.571119016148822878e-01 2.465289713638793845e-01 8.196349716186524859e+00
2.090000000000000000e+02 2.479590739986851644e-01 2.576939576930501463e-01 8.185929679870605824e+00
2.100000000000000000e+02 2.588982994120954118e-01 2.488127807271817149e-01 8.196819877624511363e+00
2.110000000000000000e+02 2.469897010234814727e-01 2.600388596495936122e-01 8.192379760742188211e+00
2.120000000000000000e+02 2.581742793394068425e-01 2.471809478884006706e-01 8.202349662780761719e+00
2.130000000000000000e+02 2.481367533214295096e-01 2.587094302966048143e-01 8.190359878540037997e+00
2.140000000000000000e+02 2.578863819714028449e-01 2.449508376176274260e-01 8.199289894104003551e+00
2.150000000000000000e+02 2.467231004596654731e-01 2.565146331818885517e-01 8.182209777832030184e+00
2.160000000000000000e+02 2.574269483681101978e-01 2.458334798837026047e-01 8.199969673156736860e+00
2.170000000000000000e+02 2.465625454852388987e-01 2.584487238709560764e-01 8.184059906005860086e+00
2.180000000000000000e+02 2.580085224025561730e-01 2.457292726153754436e-01 8.201839828491211293e+00
2.190000000000000000e+02 2.481783979096761905e-01 2.560020183727820808e-01 8.183929634094237571e+00
2.200000000000000000e+02 2.581125127052631418e-01 2.466422305274616478e-01 8.203579902648925781e+00
2.210000000000000000e+02 2.472698666971859527e-01 2.566878787575294640e-01 8.182439804077148438e+00
2.220000000000000000e+02 2.570699002337802352e-01 2.471068419631091140e-01 8.200139808654785867e+00
2.230000000000000000e+02 2.464292797473384145e-01 2.574894939824454720e-01 8.190149879455566051e+00
2.240000000000000000e+02 2.566278919517304136e-01 2.466284258762544146e-01 8.193789863586426137e+00
2.250000000000000000e+02 2.471973468562513876e-01 2.555957183505430108e-01 8.184749794006346946e+00
2.260000000000000000e+02 2.579344294456961117e-01 2.437822789273440538e-01 8.195099830627441406e+00
2.270000000000000000e+02 2.463800742935985666e-01 2.556525040054468123e-01 8.181199836730957742e+00
2.280000000000000000e+02 2.576015410014338425e-01 2.447129978272488682e-01 8.196559906005859375e+00
2.290000000000000000e+02 2.460371414159180370e-01 2.569254506846576636e-01 8.179489898681639559e+00
2.300000000000000000e+02 2.561615393782656902e-01 2.439319485926232933e-01 8.194339752197265625e+00
2.310000000000000000e+02 2.456171142781493899e-01 2.546315035179061437e-01 8.180330085754395242e+00
2.320000000000000000e+02 2.562564312021092250e-01 2.425806266689107538e-01 8.192019653320311789e+00
2.330000000000000000e+02 2.450351821539496489e-01 2.547350244616400916e-01 8.174269866943360441e+00
2.340000000000000000e+02 2.572515952489111690e-01 2.424539727491915597e-01 8.194269943237303622e+00
2.350000000000000000e+02 2.455044050086359342e-01 2.542428809724615602e-01 8.170199966430663707e+00
2.360000000000000000e+02 2.548014805216923251e-01 2.443364321077977075e-01 8.191179656982422230e+00
2.370000000000000000e+02 2.445427381814345158e-01 2.538297876116823448e-01 8.172299575805663352e+00
2.380000000000000000e+02 2.558366514145905546e-01 2.427752514459473876e-01 8.185649681091309304e+00
2.390000000000000000e+02 2.452476845674264605e-01 2.534400319926231049e-01 8.172239494323729758e+00
2.400000000000000000e+02 2.536825363518058762e-01 2.432679091571121055e-01 8.187129592895509234e+00
2.410000000000000000e+02 2.430723660561938948e-01 2.526756335348572247e-01 8.175619888305664773e+00
2.420000000000000000e+02 2.530652229767764716e-01 2.432810723509813144e-01 8.182749748229980469e+00
2.430000000000000000e+02 2.421318358143462746e-01 2.556617113829361965e-01 8.177669525146484375e+00
2.440000000000000000e+02 2.518243337641384305e-01 2.437459263838106238e-01 8.182659912109373934e+00
2.450000000000000000e+02 2.410157274142803452e-01 2.549047418102821094e-01 8.179379653930663352e+00
2.460000000000000000e+02 2.540405491702619756e-01 2.449345811693828534e-01 8.180439758300781961e+00
2.470000000000000000e+02 2.435656354676740964e-01 2.534970757013856324e-01 8.180109596252441051e+00
2.480000000000000000e+02 2.520470757039431908e-01 2.441432333495310303e-01 8.185569572448731179e+00
2.490000000000000000e+02 2.416664579149370717e-01 2.545092488360872207e-01 8.175419807434082031e+00
2.500000000000000000e+02 2.520533671820727739e-01 2.439394854307866123e-01 8.172529983520508523e+00
2.510000000000000000e+02 2.412426166113204873e-01 2.550785009965622074e-01 8.176339912414551492e+00
2.520000000000000000e+02 2.510889391609907872e-01 2.450192521272618051e-01 8.172429847717285867e+00
2.530000000000000000e+02 2.414440743463752426e-01 2.556693579852748477e-01 8.178759956359863637e+00
2.540000000000000000e+02 2.516510487841909227e-01 2.450271990557919000e-01 8.177139854431151988e+00
2.550000000000000000e+02 2.422439220439579211e-01 2.568021110309427479e-01 8.174859809875487215e+00
2.560000000000000000e+02 2.531143063707903540e-01 2.459565372689966056e-01 8.175269699096679332e+00
2.570000000000000000e+02 2.416604770473159969e-01 2.549267218441408356e-01 8.177279853820801137e+00
2.580000000000000000e+02 2.529695584293215060e-01 2.439197615716904854e-01 8.174839782714842684e+00
2.590000000000000000e+02 2.432896237160895314e-01 2.565505164841338503e-01 8.174539566040039062e+00
2.600000000000000000e+02 2.534712871795670175e-01 2.443933651020944453e-01 8.178069686889648082e+00
2.610000000000000000e+02 2.423860388334533045e-01 2.554131054422219549e-01 8.173429679870604758e+00
2.620000000000000000e+02 2.535947278606225375e-01 2.473797985563391533e-01 8.180799865722656605e+00
2.630000000000000000e+02 2.426191985244640081e-01 2.550898223912996254e-01 8.184309768676758523e+00
2.640000000000000000e+02 2.523782445513699235e-01 2.445461885312415484e-01 8.177649879455566762e+00
2.650000000000000000e+02 2.438308760736590530e-01 2.543523177680900305e-01 8.179769706726073508e+00
2.660000000000000000e+02 2.521611147673611941e-01 2.438448655177810342e-01 8.178049850463866122e+00
2.670000000000000000e+02 2.416172491524296861e-01 2.574386414214200336e-01 8.181099700927735086e+00
2.680000000000000000e+02 2.507014995327943585e-01 2.452524001120867103e-01 8.173759651184081321e+00
2.690000000000000000e+02 2.424663096480939861e-01 2.568485794854964421e-01 8.181549835205077059e+00
2.700000000000000000e+02 2.522047443002257139e-01 2.452978255129368845e-01 8.174719810485839844e+00
2.710000000000000000e+02 2.406353286108514899e-01 2.565466819821795030e-01 8.186009788513183949e+00
2.720000000000000000e+02 2.528214877842307473e-01 2.461550854747262262e-01 8.171589660644531961e+00
2.730000000000000000e+02 2.420133786198736259e-01 2.570338882970412131e-01 8.187999916076659446e+00
2.740000000000000000e+02 2.522720431275110031e-01 2.466922554734698181e-01 8.173589706420898438e+00
2.750000000000000000e+02 2.437337940024743854e-01 2.550822979394896106e-01 8.183389854431151633e+00
2.760000000000000000e+02 2.532690642378439549e-01 2.462382126817210248e-01 8.182959747314454191e+00
2.770000000000000000e+02 2.411677033593712105e-01 2.567518935561133309e-01 8.184869956970214133e+00
2.780000000000000000e+02 2.543155688494106448e-01 2.472405441838234630e-01 8.175539779663086648e+00
2.790000000000000000e+02 2.447895719421976091e-01 2.557150940836738773e-01 8.187769699096680398e+00
2.800000000000000000e+02 2.546286611404797173e-01 2.452711680086436807e-01 8.185029983520507812e+00
2.810000000000000000e+02 2.456484597337301456e-01 2.566889086786080520e-01 8.188039970397948508e+00
2.820000000000000000e+02 2.550427781106709424e-01 2.467495763723525359e-01 8.189799880981444957e+00
2.830000000000000000e+02 2.450957633079522691e-01 2.571670817877678705e-01 8.193759918212890625e+00
2.840000000000000000e+02 2.556596672005339022e-01 2.455340511278419624e-01 8.186819648742675426e+00
2.850000000000000000e+02 2.463097107314697887e-01 2.583247566283435881e-01 8.189839744567871449e+00
2.860000000000000000e+02 2.563096294894500193e-01 2.471584170787245738e-01 8.191250038146971946e+00
2.870000000000000000e+02 2.457186340346028119e-01 2.595942337009966017e-01 8.197039794921874289e+00
2.880000000000000000e+02 2.585436934670859999e-01 2.477472738866464963e-01 8.190049552917480824e+00
2.890000000000000000e+02 2.469412266139673628e-01 2.595643112057456348e-01 8.197469711303710938e+00
2.900000000000000000e+02 2.578080988088130576e-01 2.500986757491203138e-01 8.197949790954590199e+00
2.910000000000000000e+02 2.434400885767039613e-01 2.617474580142619689e-01 8.205890083312988637e+00
2.920000000000000000e+02 2.551093578588947142e-01 2.514277971223089492e-01 8.188409805297851562e+00
2.930000000000000000e+02 2.447015054373797016e-01 2.626582820875589253e-01 8.211889648437500355e+00
2.940000000000000000e+02 2.556609001131344705e-01 2.511947669831737229e-01 8.190749740600585582e+00
2.950000000000000000e+02 2.447077305977980732e-01 2.606453261837466950e-01 8.213489723205565696e+00
2.960000000000000000e+02 2.564354821278468366e-01 2.505892573452085381e-01 8.191939926147460582e+00
2.970000000000000000e+02 2.445786230741732736e-01 2.618089812950956663e-01 8.210959625244139914e+00
2.980000000000000000e+02 2.559721730850021415e-01 2.506183482552150066e-01 8.190199661254881747e+00
2.990000000000000000e+02 2.435668208123887291e-01 2.608151861399911065e-01 8.208999824523926847e+00
3.000000000000000000e+02 2.549537214563759036e-01 2.499091472650354362e-01 8.190929794311522016e+00
3.010000000000000000e+02 2.453176937633480825e-01 2.611052453255061634e-01 8.203619956970214844e+00
3.020000000000000000e+02 2.550594193975772583e-01 2.506357793951415336e-01 8.190250015258788707e+00
3.030000000000000000e+02 2.441791616830301381e-01 2.613549571638588698e-01 8.208809852600097656e+00
3.040000000000000000e+02 2.538405353732601788e-01 2.506248349439852419e-01 8.188379669189453480e+00
3.050000000000000000e+02 2.445433786709919066e-01 2.623892705441257522e-01 8.209809684753418324e+00
3.060000000000000000e+02 2.547605887785698853e-01 2.509170608872475783e-01 8.188269615173339844e+00
3.070000000000000000e+02 2.429863033384474791e-01 2.603987559676869123e-01 8.208639907836914773e+00
3.080000000000000000e+02 2.542949069545838436e-01 2.497842483389475510e-01 8.184079551696775923e+00
3.090000000000000000e+02 2.448004736261007730e-01 2.607994497463936301e-01 8.204369735717774503e+00
3.100000000000000000e+02 2.549799731833526373e-01 2.502835736278905543e-01 8.191179656982422230e+00
3.110000000000000000e+02 2.445156776584466174e-01 2.615432094790021145e-01 8.205889701843261719e+00
3.120000000000000000e+02 2.554355064899194172e-01 2.513350736106680916e-01 8.188409805297851562e+00
3.130000000000000000e+02 2.430378528891500578e-01 2.629950265017056421e-01 8.206779861450195668e+00
3.140000000000000000e+02 2.543459842451809561e-01 2.503887019212258092e-01 8.180100059509276988e+00
3.150000000000000000e+02 2.433909175340336906e-01 2.606163437070856403e-01 8.205119895935059304e+00
3.160000000000000000e+02 2.532146668175176973e-01 2.496545522540591366e-01 8.180859756469725852e+00
3.170000000000000000e+02 2.422547979396844908e-01 2.605945586473611408e-01 8.203649711608886008e+00
3.180000000000000000e+02 2.533258381553929461e-01 2.493653508965389953e-01 8.175529861450195668e+00
3.190000000000000000e+02 2.422183701926623467e-01 2.617629474742680373e-01 8.202389907836915128e+00
3.200000000000000000e+02 2.526272475292195008e-01 2.502407468887294373e-01 8.177419662475585938e+00
3.210000000000000000e+02 2.428687286162362902e-01 2.601302544196479882e-01 8.202980041503906250e+00
3.220000000000000000e+02 2.531453507186157137e-01 2.492252997703673367e-01 8.180499839782715554e+00
3.230000000000000000e+02 2.442439839140467250e-01 2.613561818491367261e-01 8.201069641113281961e+00
3.240000000000000000e+02 2.556296985089651086e-01 2.495371276835063046e-01 8.179929733276367188e+00
3.250000000000000000e+02 2.470927550909651216e-01 2.598483278575019484e-01 8.200439643859862571e+00
3.260000000000000000e+02 2.581575564234224185e-01 2.513087867422204025e-01 8.195709800720214488e+00
3.270000000000000000e+02 2.457563144915640430e-01 2.629071157309614271e-01 8.202999687194823863e+00
3.280000000000000000e+02 2.562580954366725505e-01 2.507895756935057952e-01 8.194759750366211293e+00
3.290000000000000000e+02 2.469974767572033214e-01 2.623533448577232141e-01 8.202329635620117188e+00
3.300000000000000000e+02 2.573509540080847202e-01 2.536114685237144672e-01 8.198989868164062500e+00
3.310000000000000000e+02 2.461010887190976382e-01 2.646706522567040532e-01 8.214589881896973367e+00
3.320000000000000000e+02 2.552894668137698497e-01 2.535045889576589828e-01 8.190869712829590199e+00
3.330000000000000000e+02 2.436572005451303202e-01 2.649009911985805155e-01 8.214349746704101562e+00
3.340000000000000000e+02 2.573191807125687625e-01 2.550577019382555544e-01 8.189069747924804688e+00
3.350000000000000000e+02 2.471301479751235319e-01 2.649117715536602469e-01 8.214279937744139559e+00
3.360000000000000000e+02 2.563914033408382087e-01 2.522269298989064934e-01 8.187789726257323153e+00
3.370000000000000000e+02 2.457441005338272255e-01 2.638643502477113212e-01 8.212080001831056464e+00
3.380000000000000000e+02 2.559636159972933367e-01 2.533337819133989477e-01 8.188619995117186079e+00
3.390000000000000000e+02 2.443821857468859160e-01 2.645636101562402476e-01 8.218209838867187145e+00
3.400000000000000000e+02 2.575224230969808681e-01 2.522641763770877565e-01 8.189599800109863992e+00
3.410000000000000000e+02 2.456886875623310873e-01 2.637810618232859228e-01 8.211209869384767046e+00
3.420000000000000000e+02 2.567101985291066479e-01 2.502729224527400209e-01 8.192349815368650923e+00
3.430000000000000000e+02 2.480125778869158304e-01 2.617785056494147389e-01 8.212089920043945668e+00
3.440000000000000000e+02 2.553812408643190146e-01 2.511521524457895338e-01 8.192869758605956676e+00
3.450000000000000000e+02 2.443659020175368290e-01 2.626995227792468524e-01 8.206699752807617543e+00
3.460000000000000000e+02 2.558993287549160556e-01 2.527122932283142331e-01 8.189929771423340554e+00
3.470000000000000000e+02 2.448002784156147194e-01 2.642264632490347043e-01 8.215600013732910156e+00
3.480000000000000000e+02 2.549546654116727207e-01 2.524818165011580295e-01 8.186229705810546875e+00
3.490000000000000000e+02 2.437050143258266688e-01 2.638638910217506739e-01 8.217869758605957031e+00
3.500000000000000000e+02 2.536509693140289179e-01 2.528535948995165317e-01 8.182859611511229758e+00
3.510000000000000000e+02 2.442258791085768488e-01 2.637697206886670531e-01 8.221080017089843039e+00
3.520000000000000000e+02 2.544797831237327057e-01 2.535944292850003112e-01 8.178849792480468395e+00
3.530000000000000000e+02 2.426279694593781455e-01 2.637764749820285526e-01 8.226459884643555043e+00
3.540000000000000000e+02 2.544180606554209412e-01 2.526231228943034424e-01 8.177509880065917613e+00
3.550000000000000000e+02 2.438681405471951336e-01 2.626530317610116239e-01 8.222459983825682883e+00
3.560000000000000000e+02 2.560423451114381410e-01 2.513349493515317779e-01 8.178189849853515270e+00
3.570000000000000000e+02 2.465390587831978175e-01 2.618054715212792538e-01 8.219129753112792258e+00
3.580000000000000000e+02 2.573728487941127074e-01 2.511314337689258824e-01 8.188869857788086293e+00
3.590000000000000000e+02 2.461372445196668979e-01 2.623297280299756729e-01 8.216279983520507812e+00
3.600000000000000000e+02 2.572942027332513204e-01 2.505769935240795276e-01 8.190359687805175426e+00
3.610000000000000000e+02 2.458082052661137995e-01 2.619795602567769333e-01 8.212840080261230469e+00
3.620000000000000000e+02 2.565342467834187401e-01 2.519750530860481730e-01 8.188519668579102628e+00
3.630000000000000000e+02 2.457861375452224384e-01 2.612320417911547232e-01 8.211509513854981179e+00
3.640000000000000000e+02 2.579479697630218116e-01 2.516442806736726712e-01 8.187499809265137429e+00
3.650000000000000000e+02 2.471354772737295591e-01 2.606069407865784782e-01 8.204719734191893821e+00
3.660000000000000000e+02 2.587735511944715960e-01 2.503770757371063249e-01 8.191449737548827770e+00
3.670000000000000000e+02 2.475892891341488766e-01 2.618217679824962341e-01 8.206769752502440340e+00
3.680000000000000000e+02 2.571532485847447536e-01 2.513505470551746224e-01 8.198289871215820312e+00
3.690000000000000000e+02 2.458539935578799573e-01 2.616734314704957653e-01 8.207029724121094105e+00
3.700000000000000000e+02 2.564403510201619940e-01 2.511743709633797450e-01 8.194999885559083097e+00
3.710000000000000000e+02 2.446567560676211617e-01 2.602676165829692079e-01 8.204879760742187500e+00
3.720000000000000000e+02 2.574826008494472407e-01 2.489366658572001456e-01 8.190679740905761008e+00
3.730000000000000000e+02 2.493011383358803568e-01 2.603929735156164105e-01 8.200579452514649148e+00
3.740000000000000000e+02 2.589702358899180212e-01 2.466776305647020717e-01 8.202779769897460938e+00
3.750000000000000000e+02 2.487997554531891364e-01 2.585219427710089835e-01 8.196259689331053977e+00
3.760000000000000000e+02 2.607528202452766286e-01 2.464439276597812645e-01 8.206139755249022727e+00
3.770000000000000000e+02 2.496459728391415556e-01 2.577355404112543491e-01 8.195829772949219105e+00
3.780000000000000000e+02 2.621483493736261883e-01 2.468128970676575218e-01 8.213219642639160156e+00
3.790000000000000000e+02 2.531062317779707582e-01 2.562220676606298819e-01 8.191689682006835227e+00
3.800000000000000000e+02 2.619084105340554469e-01 2.454258638551015947e-01 8.219379806518555043e+00
3.810000000000000000e+02 2.503143944356990280e-01 2.566318174083322967e-01 8.189679718017577770e+00
3.820000000000000000e+02 2.606963048112725945e-01 2.481990269043976016e-01 8.213319778442382812e+00
3.830000000000000000e+02 2.494583522830198796e-01 2.572606716189518861e-01 8.196299743652344816e+00
3.840000000000000000e+02 2.593711651983359734e-01 2.484038095769990073e-01 8.207869720458983664e+00
3.850000000000000000e+02 2.484267799438336921e-01 2.581805468996316577e-01 8.204809951782227273e+00
3.860000000000000000e+02 2.588556386574234480e-01 2.486421059821668778e-01 8.202849769592285512e+00
3.870000000000000000e+02 2.492310377147998190e-01 2.581680961675603680e-01 8.197769927978516336e+00
3.880000000000000000e+02 2.594650211022054842e-01 2.480633245014806365e-01 8.206569862365723722e+00
3.890000000000000000e+02 2.479890231119399879e-01 2.608559292211388159e-01 8.198339843750000355e+00
3.900000000000000000e+02 2.599736191161954313e-01 2.486579264943614975e-01 8.205159950256348367e+00
3.910000000000000000e+02 2.490632154591031211e-01 2.605363969229643195e-01 8.202659797668456321e+00
3.920000000000000000e+02 2.600835074328854968e-01 2.486344077857876311e-01 8.207859802246094461e+00
3.930000000000000000e+02 2.500421165365774301e-01 2.618874035617150819e-01 8.203379631042480469e+00
3.940000000000000000e+02 2.599504053229724221e-01 2.530541284007972180e-01 8.206769752502442117e+00
3.950000000000000000e+02 2.492163584541855492e-01 2.624051259471796294e-01 8.210789680480957031e+00
3.960000000000000000e+02 2.598316679410117569e-01 2.523425406321418984e-01 8.207129859924314985e+00
3.970000000000000000e+02 2.482309026297042920e-01 2.628086240471461665e-01 8.213739776611328480e+00
3.980000000000000000e+02 2.601270741857317770e-01 2.493860479371027561e-01 8.206669807434082031e+00
