0.000000000000000000e+00 8.739230893396564281e-02 7.786777752323166546e-02 6.045313835144042969e+00
1.000000000000000000e+00 8.759809791971759352e-02 9.035201527138828070e-02 6.007132816314697976e+00
2.000000000000000000e+00 1.161051427716229406e-01 8.558796204092869453e-02 6.341968822479248757e+00
3.000000000000000000e+00 1.110233719888722853e-01 1.159973139863537256e-01 6.305148887634277166e+00
4.000000000000000000e+00 1.469896463992518276e-01 1.122305092688961892e-01 6.600914764404296697e+00
5.000000000000000000e+00 1.418581041417154298e-01 1.456211748599514910e-01 6.560937786102295277e+00
6.000000000000000000e+00 1.840242629899113691e-01 1.421219858307484485e-01 6.819282817840575994e+00
7.000000000000000000e+00 1.789915035303755175e-01 1.837130598553075589e-01 6.779911899566650746e+00
8.000000000000000000e+00 2.189345955147666556e-01 1.753525244493561730e-01 7.007130813598632102e+00
9.000000000000000000e+00 2.086568427974562767e-01 2.194090030027158467e-01 6.968434906005859020e+00
1.000000000000000000e+01 2.553205152591284666e-01 2.090642992229956310e-01 7.169505882263184304e+00
1.100000000000000000e+01 2.387655109023944788e-01 2.522063130896015082e-01 7.130745887756347656e+00
1.200000000000000000e+01 2.841453701212704464e-01 2.415417790231587369e-01 7.310558891296385475e+00
1.300000000000000000e+01 2.723876748589866836e-01 2.863991008721512577e-01 7.272437763214111506e+00
1.400000000000000000e+01 3.138959852083167412e-01 2.721733830938254939e-01 7.438434791564940696e+00
1.500000000000000000e+01 2.985439383285233284e-01 3.191774740518790732e-01 7.398264789581299183e+00
1.600000000000000000e+01 3.438378903919435126e-01 2.997924285392620791e-01 7.549761867523193004e+00
1.700000000000000000e+01 3.256808534164405411e-01 3.456313163018191470e-01 7.511947822570801847e+00
1.800000000000000000e+01 3.681170998453815457e-01 3.281574024200685225e-01 7.650426769256592152e+00
1.900000000000000000e+01 3.490269142150361770e-01 3.731948332477403873e-01 7.613627815246581498e+00
2.000000000000000000e+01 3.912470414886895509e-01 3.541810000609145748e-01 7.742096805572509233e+00
2.100000000000000000e+01 3.768626527686243510e-01 3.963775818757591107e-01 7.704168796539306641e+00
2.200000000000000000e+01 4.166647358774179244e-01 3.765993474738206226e-01 7.826799774169922230e+00
2.300000000000000000e+01 3.955584946259613210e-01 4.219184219657141077e-01 7.788743877410889027e+00
2.400000000000000000e+01 4.371205197340993220e-01 4.007514470346079660e-01 7.904059791564940873e+00
2.500000000000000000e+01 4.184988496912960820e-01 4.441518066283690058e-01 7.867953681945801137e+00
2.600000000000000000e+01 4.578015066916394371e-01 4.219081939521097113e-01 7.977834892272950285e+00
2.700000000000000000e+01 4.399896189316802042e-01 4.641316082341720994e-01 7.936975860595703480e+00
2.800000000000000000e+01 4.772213671281067549e-01 4.451045442000594043e-01 8.046435642242430575e+00
2.900000000000000000e+01 4.577629340029917282e-01 4.825999579827484065e-01 8.004695796966553090e+00
3.000000000000000000e+01 4.986595443789367255e-01 4.640889345355516116e-01 8.108197784423827770e+00
3.100000000000000000e+01 4.780668015795448977e-01 5.014842790508551307e-01 8.069304084777831676e+00
3.200000000000000000e+01 5.159178746360818524e-01 4.826685065243002115e-01 8.166753768920898438e+00
3.300000000000000000e+01 4.957815541104307888e-01 5.224819455429959847e-01 8.126703453063965910e+00
3.400000000000000000e+01 5.345823827625084679e-01 5.009560113235278500e-01 8.219133949279784801e+00
3.500000000000000000e+01 5.090253313865285012e-01 5.360647216018636918e-01 8.180056762695311789e+00
3.600000000000000000e+01 5.501620119084175142e-01 5.186281662386396096e-01 8.270150756835937145e+00
3.700000000000000000e+01 5.255744713677683588e-01 5.510433525987733505e-01 8.230104827880859730e+00
3.800000000000000000e+01 5.613407840312455432e-01 5.314043301356655702e-01 8.318288993835450285e+00
3.900000000000000000e+01 5.418431169928158431e-01 5.665049013948031398e-01 8.279494857788085582e+00
4.000000000000000000e+01 5.752426357426305703e-01 5.434927173250932997e-01 8.362214851379395242e+00
4.100000000000000000e+01 5.539914448289131599e-01 5.840896137125192178e-01 8.323462867736816762e+00
4.200000000000000000e+01 5.911356629659999529e-01 5.633173688593395845e-01 8.401874923706055043e+00
4.300000000000000000e+01 5.677050609258682545e-01 5.958836814911642188e-01 8.366589736938477628e+00
4.400000000000000000e+01 6.019988614630786827e-01 5.760403442918312633e-01 8.437994575500487926e+00
4.500000000000000000e+01 5.839840575709025483e-01 6.081559605983472006e-01 8.404052734375000000e+00
4.600000000000000000e+01 6.164099663621225300e-01 5.866800979518523862e-01 8.475828933715821023e+00
4.700000000000000000e+01 5.925436186307474484e-01 6.200432153324650919e-01 8.441186714172363992e+00
4.800000000000000000e+01 6.245362053469710739e-01 5.977144995802706751e-01 8.509186744689941406e+00
4.900000000000000000e+01 6.032725644052820968e-01 6.289666405319372933e-01 8.473286819458007102e+00
5.000000000000000000e+01 6.355565180362673372e-01 6.083548844328409144e-01 8.541838836669922941e+00
5.100000000000000000e+01 6.141377256478663949e-01 6.424428692216848091e-01 8.504883956909180753e+00
5.200000000000000000e+01 6.453761707179505036e-01 6.199977281147815988e-01 8.568484497070313566e+00
5.300000000000000000e+01 6.220748540256030301e-01 6.511063519277293654e-01 8.534998703002930398e+00
5.400000000000000000e+01 6.538840286894719300e-01 6.298704823149561260e-01 8.598048591613769887e+00
5.500000000000000000e+01 6.324135105077385299e-01 6.608605741158177782e-01 8.562178802490233664e+00
5.600000000000000000e+01 6.614872863773909595e-01 6.374401638735748277e-01 8.623246955871582742e+00
5.700000000000000000e+01 6.420461970854748346e-01 6.672803490278363947e-01 8.588555717468262074e+00
5.800000000000000000e+01 6.689516554966027373e-01 6.437330469792850174e-01 8.646811866760254262e+00
5.900000000000000000e+01 6.473575148565056114e-01 6.735944918530208936e-01 8.609958839416503196e+00
6.000000000000000000e+01 6.772923173406263375e-01 6.554329340136055837e-01 8.667462921142577770e+00
6.100000000000000000e+01 6.548217609663851135e-01 6.844337746314943516e-01 8.631694984436034446e+00
6.200000000000000000e+01 6.835016138276682751e-01 6.621072336717307438e-01 8.688862037658690696e+00
6.300000000000000000e+01 6.627298333271817166e-01 6.924305912955700526e-01 8.653510665893554332e+00
6.400000000000000000e+01 6.931315484394935389e-01 6.710125234419042073e-01 8.709274864196776988e+00
6.500000000000000000e+01 6.703944556410904587e-01 6.970034192620945257e-01 8.671900939941405539e+00
6.600000000000000000e+01 6.987151746530267937e-01 6.746630232278696404e-01 8.729392814636229403e+00
6.700000000000000000e+01 6.768707543235418234e-01 7.017635357203708679e-01 8.687143898010255327e+00
6.800000000000000000e+01 7.037117785839056561e-01 6.815272540875775276e-01 8.747414970397949574e+00
6.900000000000000000e+01 6.820586320980126516e-01 7.087720355875584133e-01 8.705012702941894887e+00
7.000000000000000000e+01 7.057324862562468493e-01 6.880127926197462385e-01 8.761305618286133523e+00
7.100000000000000000e+01 6.852654958809510921e-01 7.137527400439226399e-01 8.718956756591797586e+00
7.200000000000000000e+01 7.111092343882218225e-01 6.921811597129855498e-01 8.774289894104004617e+00
7.300000000000000000e+01 6.917859654666151936e-01 7.193565516862787668e-01 8.734739875793458452e+00
7.400000000000000000e+01 7.166595526532127947e-01 6.987149368828020624e-01 8.786774444580078836e+00
7.500000000000000000e+01 6.951567476305822169e-01 7.245921920251606752e-01 8.749915885925291903e+00
7.600000000000000000e+01 7.210596022614267353e-01 7.028378246153550446e-01 8.800155639648437500e+00
7.700000000000000000e+01 7.017671627500586817e-01 7.283858412335818544e-01 8.761849784851074574e+00
7.800000000000000000e+01 7.253128668608329610e-01 7.079751063992979487e-01 8.813325881958007812e+00
7.900000000000000000e+01 7.037951431420632620e-01 7.324165627227116060e-01 8.776823616027833452e+00
8.000000000000000000e+01 7.291921789820586808e-01 7.120900415674115136e-01 8.825184822082519531e+00
8.100000000000000000e+01 7.087488129535449710e-01 7.373405856151892257e-01 8.789960861206054688e+00
8.200000000000000000e+01 7.331109905858135267e-01 7.178482779655470658e-01 8.833353805541992898e+00
8.300000000000000000e+01 7.099662297257262056e-01 7.425191023257085021e-01 8.798273849487305398e+00
8.400000000000000000e+01 7.378314649789716739e-01 7.214101299981602322e-01 8.843560791015624645e+00
8.500000000000000000e+01 7.155654792263456132e-01 7.456065363890833630e-01 8.806486892700194247e+00
8.600000000000000000e+01 7.412533864370379755e-01 7.212767940391731081e-01 8.851682853698731535e+00
8.700000000000000000e+01 7.189081637572152239e-01 7.475063693420382904e-01 8.814902877807616832e+00
8.800000000000000000e+01 7.452559212417272372e-01 7.245097981675693299e-01 8.859056663513182883e+00
8.900000000000000000e+01 7.232369118357498960e-01 7.506292680802848505e-01 8.820733642578124645e+00
9.000000000000000000e+01 7.470265511882036025e-01 7.266733281873132277e-01 8.868297767639159446e+00
9.100000000000000000e+01 7.242187218793418868e-01 7.512191139393954442e-01 8.829096794128417969e+00
9.200000000000000000e+01 7.497666941975974497e-01 7.301303265660170627e-01 8.878786849975586648e+00
9.300000000000000000e+01 7.273704916995714642e-01 7.525115991798378978e-01 8.837136840820312145e+00
9.400000000000000000e+01 7.524537903511213655e-01 7.310895253989415643e-01 8.885727691650391336e+00
9.500000000000000000e+01 7.306313416259293536e-01 7.562078620442930221e-01 8.843843650817870383e+00
9.600000000000000000e+01 7.527900722938886124e-01 7.354385298998351583e-01 8.892365837097168324e+00
9.700000000000000000e+01 7.311014176473481507e-01 7.598561329242911055e-01 8.851966857910156250e+00
9.800000000000000000e+01 7.534382688883061174e-01 7.363403746388031967e-01 8.896598815917968750e+00
9.900000000000000000e+01 7.337598390946831195e-01 7.585590245034636858e-01 8.859693717956542258e+00
1.000000000000000000e+02 7.570792815622987559e-01 7.380852583304912118e-01 8.902611923217774503e+00
1.010000000000000000e+02 7.383092382958270639e-01 7.622411632769123813e-01 8.865147590637207031e+00
1.020000000000000000e+02 7.599217445621744282e-01 7.390800759487617944e-01 8.910089492797851562e+00
1.030000000000000000e+02 7.371624898776351076e-01 7.615788410872390557e-01 8.870789909362793324e+00
1.040000000000000000e+02 7.606792508275739273e-01 7.409727703296657975e-01 8.915674781799316051e+00
1.050000000000000000e+02 7.382558797586851185e-01 7.643845841401006869e-01 8.878268814086915484e+00
1.060000000000000000e+02 7.628659159705641901e-01 7.419968019260994030e-01 8.919169616699219816e+00
1.070000000000000000e+02 7.413054711897855142e-01 7.642946011421939412e-01 8.884832763671875355e+00
1.080000000000000000e+02 7.611470334514774949e-01 7.439700143782639330e-01 8.925052642822265625e+00
1.090000000000000000e+02 7.406699534092170412e-01 7.677803702623414717e-01 8.887079811096191051e+00
1.100000000000000000e+02 7.642804409964114587e-01 7.474054327772016171e-01 8.932007598876952059e+00
1.110000000000000000e+02 7.440883236172531889e-01 7.692623639350067988e-01 8.893818855285644531e+00
1.120000000000000000e+02 7.662384588218361658e-01 7.486140573661583808e-01 8.938755798339844461e+00
1.130000000000000000e+02 7.437118236452009423e-01 7.697472801637733619e-01 8.896982574462890980e+00
1.140000000000000000e+02 7.689935061672876770e-01 7.488416455763673429e-01 8.942281723022460938e+00
1.150000000000000000e+02 7.463027830732111845e-01 7.726870641671599316e-01 8.900508689880371804e+00
1.160000000000000000e+02 7.670327673118659817e-01 7.510422631488115064e-01 8.945086669921876066e+00
1.170000000000000000e+02 7.463893152376457341e-01 7.729860227646307980e-01 8.903751754760742543e+00
1.180000000000000000e+02 7.671144663024280774e-01 7.504849908692402538e-01 8.949104881286622515e+00
1.190000000000000000e+02 7.488968656868579821e-01 7.726150058153198330e-01 8.907445907592773438e+00
1.200000000000000000e+02 7.676064206370393217e-01 7.516529574636880984e-01 8.950460815429687855e+00
1.210000000000000000e+02 7.477370690357285632e-01 7.739893638913240004e-01 8.910637855529785156e+00
1.220000000000000000e+02 7.702935025386312695e-01 7.531017953712590973e-01 8.951093673706054688e+00
1.230000000000000000e+02 7.499518220037980631e-01 7.756069446196275363e-01 8.915085792541503906e+00
1.240000000000000000e+02 7.714811275248247835e-01 7.543825146667016979e-01 8.955452919006347656e+00
1.250000000000000000e+02 7.483978138298540417e-01 7.745436146963966539e-01 8.917202949523925781e+00
1.260000000000000000e+02 7.713521766537895230e-01 7.537456143516048090e-01 8.960146522521972301e+00
1.270000000000000000e+02 7.520835484631943624e-01 7.749629179881466490e-01 8.920487022399901988e+00
1.280000000000000000e+02 7.758250452629228411e-01 7.548276391555448495e-01 8.967036628723144887e+00
1.290000000000000000e+02 7.539354575614496401e-01 7.757596475360519772e-01 8.920531082153321023e+00
1.300000000000000000e+02 7.754845640880458912e-01 7.549152653381765443e-01 8.969876670837400923e+00
1.310000000000000000e+02 7.548502954429453515e-01 7.763061407271412140e-01 8.924792671203613637e+00
1.320000000000000000e+02 7.758017879303533704e-01 7.556575302299036734e-01 8.970537757873534801e+00
1.330000000000000000e+02 7.529847203229225183e-01 7.764825622636861713e-01 8.927706527709961648e+00
1.340000000000000000e+02 7.749834385295344408e-01 7.566804424460735756e-01 8.974135589599608664e+00
1.350000000000000000e+02 7.566960363819539293e-01 7.778823879309990641e-01 8.927404785156250355e+00
1.360000000000000000e+02 7.786152847549980827e-01 7.562273387725776397e-01 8.974542808532715910e+00
1.370000000000000000e+02 7.570141695159773310e-01 7.766662120533339708e-01 8.927609825134277699e+00
1.380000000000000000e+02 7.785989928164280816e-01 7.597802086545669686e-01 8.975996780395506747e+00
1.390000000000000000e+02 7.574976322064225220e-01 7.774949055639727158e-01 8.926493835449218039e+00
1.400000000000000000e+02 7.794410309667459957e-01 7.558603102543316465e-01 8.976759529113769176e+00
1.410000000000000000e+02 7.589534768492318673e-01 7.766078572339897290e-01 8.924675750732420809e+00
1.420000000000000000e+02 7.800960541332283560e-01 7.563237062252575749e-01 8.980890655517578480e+00
1.430000000000000000e+02 7.591957249250445017e-01 7.776275726071328886e-01 8.925529861450195668e+00
1.440000000000000000e+02 7.788532551092816059e-01 7.589025101759844238e-01 8.982961845397950285e+00
1.450000000000000000e+02 7.593584045523290582e-01 7.771950672879438526e-01 8.926875686645507457e+00
1.460000000000000000e+02 7.811629910700460533e-01 7.577961924241396474e-01 8.981820678710937145e+00
1.470000000000000000e+02 7.583992630034551707e-01 7.797380972974338187e-01 8.927573585510252485e+00
1.480000000000000000e+02 7.799487594410409175e-01 7.572456129052140827e-01 8.980939865112304688e+00
1.490000000000000000e+02 7.611584775815566362e-01 7.786394077899168042e-01 8.930991744995116832e+00
1.500000000000000000e+02 7.836264552051593890e-01 7.590343053572893295e-01 8.982212638854980113e+00
1.510000000000000000e+02 7.626512500916825532e-01 7.834451067263674684e-01 8.928384780883789062e+00
1.520000000000000000e+02 7.817422307489410027e-01 7.621347132323655904e-01 8.982765769958495738e+00
1.530000000000000000e+02 7.609754929062887419e-01 7.810369282037158412e-01 8.929539680480957031e+00
1.540000000000000000e+02 7.821090142581437199e-01 7.607721144792400914e-01 8.982970619201660512e+00
1.550000000000000000e+02 7.622487987180639468e-01 7.819543116787799342e-01 8.932370758056642046e+00
1.560000000000000000e+02 7.842309479892036750e-01 7.620295351197226008e-01 8.985158538818359020e+00
1.570000000000000000e+02 7.620262665969985694e-01 7.816971601854572071e-01 8.933111953735352273e+00
1.580000000000000000e+02 7.799489679369326911e-01 7.628232580161909970e-01 8.984118843078613637e+00
1.590000000000000000e+02 7.603954009598064001e-01 7.824307363714654295e-01 8.937264060974120738e+00
1.600000000000000000e+02 7.802837628991299290e-01 7.627182844966593489e-01 8.982912635803222301e+00
1.610000000000000000e+02 7.599982151062241176e-01 7.826257752367472564e-01 8.939144897460938211e+00
1.620000000000000000e+02 7.803406397178812570e-01 7.629297618951266235e-01 8.984894752502441406e+00
1.630000000000000000e+02 7.586872198722540706e-01 7.833860509826543472e-01 8.940723800659180043e+00
1.640000000000000000e+02 7.809377338582830230e-01 7.644531474855058573e-01 8.982261085510254262e+00
1.650000000000000000e+02 7.599211461429387082e-01 7.840347781967241803e-01 8.941427040100098367e+00
1.660000000000000000e+02 7.806272252342073559e-01 7.607168681655277487e-01 8.983028793334961293e+00
1.670000000000000000e+02 7.590415808466046688e-01 7.840161189823945387e-01 8.942585754394530184e+00
1.680000000000000000e+02 7.807215983738394760e-01 7.633481891648917772e-01 8.982840728759764914e+00
1.690000000000000000e+02 7.590842971748147372e-01 7.838134808167493972e-01 8.943679809570312500e+00
1.700000000000000000e+02 7.802993559055234618e-01 7.639721506906277382e-01 8.981920623779297230e+00
1.710000000000000000e+02 7.599354227140333595e-01 7.833431106511392628e-01 8.943890953063965199e+00
1.720000000000000000e+02 7.802084967143985139e-01 7.635963789108919375e-01 8.986800765991210582e+00
1.730000000000000000e+02 7.600793344784989580e-01 7.829797466367736103e-01 8.943232727050780539e+00
1.740000000000000000e+02 7.814503804405272813e-01 7.622014235072545052e-01 8.988440704345702414e+00
1.750000000000000000e+02 7.617785215419911049e-01 7.814028192323326794e-01 8.943214035034179332e+00
1.760000000000000000e+02 7.823539336900721120e-01 7.635085925761252446e-01 8.988904762268067117e+00
1.770000000000000000e+02 7.600925160331253316e-01 7.831773176982423923e-01 8.942338752746582742e+00
1.780000000000000000e+02 7.822917483771808511e-01 7.634849863391167668e-01 8.988639831542968750e+00
1.790000000000000000e+02 7.618789390837824582e-01 7.850208937000904275e-01 8.941510772705077770e+00
1.800000000000000000e+02 7.846133577101114254e-01 7.630819053112637418e-01 8.988892936706541548e+00
1.810000000000000000e+02 7.645549690752583283e-01 7.821934221615981508e-01 8.942907905578612926e+00
1.820000000000000000e+02 7.845022071733536162e-01 7.624589511245534190e-01 8.993838691711426137e+00
1.830000000000000000e+02 7.631476573864328650e-01 7.825671053427922796e-01 8.942660713195801137e+00
1.840000000000000000e+02 7.837925708754218679e-01 7.606605877421707129e-01 8.995211791992186789e+00
1.850000000000000000e+02 7.641787252380808360e-01 7.812414161452334582e-01 8.939876937866211293e+00
1.860000000000000000e+02 7.855989163631469374e-01 7.598076202840847726e-01 8.997526741027831676e+00
1.870000000000000000e+02 7.661043959946212123e-01 7.806296176140345988e-01 8.941350936889648438e+00
1.880000000000000000e+02 7.858084372196049161e-01 7.626619801113387886e-01 8.998608970642088423e+00
1.890000000000000000e+02 7.658734293081546074e-01 7.814402149721144664e-01 8.942432975769042613e+00
1.900000000000000000e+02 7.856574836811148765e-01 7.611858696113374956e-01 8.999476623535157316e+00
1.910000000000000000e+02 7.670694953240883018e-01 7.834608127334770078e-01 8.943812751770019887e+00
1.920000000000000000e+02 7.894465329944964083e-01 7.614970766712709782e-01 9.004606819152833452e+00
1.930000000000000000e+02 7.665836111108682571e-01 7.806469616860512994e-01 8.942846870422362926e+00
1.940000000000000000e+02 7.867515376432264729e-01 7.610450596273150570e-01 9.004454803466796164e+00
1.950000000000000000e+02 7.649355485219141437e-01 7.822522932443989330e-01 8.942488670349121094e+00
1.960000000000000000e+02 7.874003197917688324e-01 7.603364600491568925e-01 9.004404830932617898e+00
1.970000000000000000e+02 7.638155402117745574e-01 7.811808825827577518e-01 8.943248748779296875e+00
1.980000000000000000e+02 7.824686667749407576e-01 7.613419608517869586e-01 9.003854751586914062e+00
1.990000000000000000e+02 7.665937462247198741e-01 7.837437235306241590e-01 8.945441818237304332e+00
2.000000000000000000e+02 7.849579656981211517e-01 7.607286460712554543e-01 9.002379608154296164e+00
2.010000000000000000e+02 7.629774131352674571e-01 7.824122380190938753e-01 8.946582603454590554e+00
2.020000000000000000e+02 7.825301745473577375e-01 7.614512659901824243e-01 9.002896881103515270e+00
2.030000000000000000e+02 7.645982216781779250e-01 7.814046761696287202e-01 8.949258613586426492e+00
2.040000000000000000e+02 7.860297025972573515e-01 7.614165048635069821e-01 9.002165794372558594e+00
2.050000000000000000e+02 7.628721930293282938e-01 7.806094538427975627e-01 8.946384811401367543e+00
2.060000000000000000e+02 7.848117333351396496e-01 7.595156872802822923e-01 9.003750610351561434e+00
2.070000000000000000e+02 7.661592995737338541e-01 7.841253548780487970e-01 8.947687911987305398e+00
2.080000000000000000e+02 7.830418524130821067e-01 7.604551678727703434e-01 9.004455566406250000e+00
2.090000000000000000e+02 7.640752007143268854e-01 7.817494755107334825e-01 8.948555946350097656e+00
2.100000000000000000e+02 7.833050750672099216e-01 7.604546695549097013e-01 9.004803466796873934e+00
2.110000000000000000e+02 7.652288980080141911e-01 7.818063838261281040e-01 8.949162673950196378e+00
2.120000000000000000e+02 7.852800800388537450e-01 7.627549952229759622e-01 9.003152847290039062e+00
2.130000000000000000e+02 7.664865583446434094e-01 7.805953938623668709e-01 8.949697685241700285e+00
2.140000000000000000e+02 7.867058520389906828e-01 7.609028125174096546e-01 9.002914810180664418e+00
2.150000000000000000e+02 7.642540260211151404e-01 7.803305245853487948e-01 8.945973777770996449e+00
2.160000000000000000e+02 7.860369044202104583e-01 7.601524745376873060e-01 9.002634811401367898e+00
2.170000000000000000e+02 7.661590317718062204e-01 7.827391141108698269e-01 8.944835662841796875e+00
2.180000000000000000e+02 7.871789180230099880e-01 7.604053107019348445e-01 9.002531623840331676e+00
2.190000000000000000e+02 7.665898105007307173e-01 7.823044808850089238e-01 8.946844100952148438e+00
2.200000000000000000e+02 7.882844066652091586e-01 7.617353019691517346e-01 9.002053070068358309e+00
2.210000000000000000e+02 7.632156232434555987e-01 7.825502924517979686e-01 8.950584793090820668e+00
2.220000000000000000e+02 7.854649877063507590e-01 7.644095089002259646e-01 9.001825523376464133e+00
2.230000000000000000e+02 7.647997155133787750e-01 7.837731634259353930e-01 8.951321601867675781e+00
2.240000000000000000e+02 7.850663696593082053e-01 7.635840484210998369e-01 9.000680923461914062e+00
2.250000000000000000e+02 7.631376791375142910e-01 7.835078702632353176e-01 8.953633689880371449e+00
2.260000000000000000e+02 7.842792445058971440e-01 7.637049937296233049e-01 8.999962615966797586e+00
2.270000000000000000e+02 7.641426601611531755e-01 7.831048873823903689e-01 8.953351974487304688e+00
2.280000000000000000e+02 7.841399046371149151e-01 7.633306025825360441e-01 8.999530792236328125e+00
2.290000000000000000e+02 7.645050711212044714e-01 7.799379348961286151e-01 8.952565765380859020e+00
2.300000000000000000e+02 7.872861071058236959e-01 7.635086464016372920e-01 9.000525856018066762e+00
2.310000000000000000e+02 7.659276097507505821e-01 7.849277901480132824e-01 8.953665924072264914e+00
2.320000000000000000e+02 7.864355940136775747e-01 7.631278698330989929e-01 9.001819801330565696e+00
2.330000000000000000e+02 7.643721560578486951e-01 7.831666463765936115e-01 8.952430534362791903e+00
2.340000000000000000e+02 7.855591443115160777e-01 7.628482307866594203e-01 9.001811599731444957e+00
2.350000000000000000e+02 7.659096115674629557e-01 7.834033209424644539e-01 8.952342033386230469e+00
2.360000000000000000e+02 7.853223639494113506e-01 7.628824149897969198e-01 9.001791954040527344e+00
2.370000000000000000e+02 7.665106225999034351e-01 7.836032568629542894e-01 8.952365684509278054e+00
2.380000000000000000e+02 7.867387939771558480e-01 7.624329551974212693e-01 9.002287673950194247e+00
2.390000000000000000e+02 7.656986804011111092e-01 7.832449923796780400e-01 8.951047706604004617e+00
2.400000000000000000e+02 7.856007143185564923e-01 7.639424654812662085e-01 9.002134895324708452e+00
2.410000000000000000e+02 7.645599146406550917e-01 7.830240523526968976e-01 8.951329803466798296e+00
2.420000000000000000e+02 7.853271894741937764e-01 7.644006793376927344e-01 9.005075836181640980e+00
2.430000000000000000e+02 7.664629090655628030e-01 7.873145714696809794e-01 8.954566574096681109e+00
2.440000000000000000e+02 7.865464648267225245e-01 7.661253227322164516e-01 9.002323722839355113e+00
2.450000000000000000e+02 7.630108472076487791e-01 7.865823755123165784e-01 8.956380653381348367e+00
2.460000000000000000e+02 7.840019246399574371e-01 7.657224960650904633e-01 8.998998641967773438e+00
2.470000000000000000e+02 7.625527203214698124e-01 7.862094591430235369e-01 8.956485748291015625e+00
2.480000000000000000e+02 7.835066683008417021e-01 7.658737346192603379e-01 9.000518798828125000e+00
2.490000000000000000e+02 7.653489220930819181e-01 7.844914618973365394e-01 8.957162666320801492e+00
2.500000000000000000e+02 7.825580148737319996e-01 7.635304189644175343e-01 8.999981689453125711e+00
2.510000000000000000e+02 7.641736000737399115e-01 7.850234013869814564e-01 8.953976631164550781e+00
2.520000000000000000e+02 7.839447676609097027e-01 7.660875864317094885e-01 9.000351905822753906e+00
2.530000000000000000e+02 7.623347388850028050e-01 7.880684900297969531e-01 8.956159782409667258e+00
2.540000000000000000e+02 7.855159521846775128e-01 7.672238449657271531e-01 8.996173858642578125e+00
2.550000000000000000e+02 7.642398309098701326e-01 7.869086265958725734e-01 8.956403732299804688e+00
2.560000000000000000e+02 7.854964691025300150e-01 7.676520587160734488e-01 8.993840980529784090e+00
2.570000000000000000e+02 7.641725408083892557e-01 7.866656499626423216e-01 8.954362869262695312e+00
2.580000000000000000e+02 7.839566044530070776e-01 7.665382415349454304e-01 8.994897842407226562e+00
2.590000000000000000e+02 7.650228256233451152e-01 7.882170759302298269e-01 8.954224777221680753e+00
2.600000000000000000e+02 7.858736184903182265e-01 7.701886575977455740e-01 8.995906829833984375e+00
2.610000000000000000e+02 7.630716201102135665e-01 7.884166396713887526e-01 8.953787994384766691e+00
2.620000000000000000e+02 7.857793969505244558e-01 7.683909793670081756e-01 8.996957778930664062e+00
2.630000000000000000e+02 7.597872781816599197e-01 7.871323170607271713e-01 8.952247619628906250e+00
2.640000000000000000e+02 7.813109246329882351e-01 7.664152784586490963e-01 8.996111679077149148e+00
2.650000000000000000e+02 7.626276771151695444e-01 7.899465613777729711e-01 8.954057884216309660e+00
2.660000000000000000e+02 7.834051122767394792e-01 7.674650554908106770e-01 8.995639801025390625e+00
2.670000000000000000e+02 7.615270430696512438e-01 7.878691063650392623e-01 8.956743812561034801e+00
2.680000000000000000e+02 7.834858491482955545e-01 7.685832788428336171e-01 8.995318603515624289e+00
2.690000000000000000e+02 7.615735775621560455e-01 7.905898325842330987e-01 8.958999824523925071e+00
2.700000000000000000e+02 7.833181321718082346e-01 7.675958922932994977e-01 8.993726921081542258e+00
2.710000000000000000e+02 7.628467042484573524e-01 7.898619919025575697e-01 8.956851768493651278e+00
2.720000000000000000e+02 7.845137555675243402e-01 7.677295431358676092e-01 8.996726799011229403e+00
2.730000000000000000e+02 7.636602528321958516e-01 7.895197937978286618e-01 8.956979560852051492e+00
2.740000000000000000e+02 7.831119334643277252e-01 7.683105984707415681e-01 8.994367790222167258e+00
2.750000000000000000e+02 7.633079473951828176e-01 7.894173170475921042e-01 8.955368804931641336e+00
2.760000000000000000e+02 7.826428903095271616e-01 7.688382367053607780e-01 8.994949913024901988e+00
2.770000000000000000e+02 7.618311269129174335e-01 7.892176439821939615e-01 8.956180572509765625e+00
2.780000000000000000e+02 7.828633099271207207e-01 7.704960015143939023e-01 8.994364738464355469e+00
2.790000000000000000e+02 7.631312634806743933e-01 7.911132579743370696e-01 8.955557632446287997e+00
2.800000000000000000e+02 7.851444906218095765e-01 7.691742285835315718e-01 8.996538734436034801e+00
2.810000000000000000e+02 7.654544197103247960e-01 7.883120447393592301e-01 8.954338836669922586e+00
2.820000000000000000e+02 7.840433635465620110e-01 7.714987285509102843e-01 8.997412681579589844e+00
2.830000000000000000e+02 7.650440484065889057e-01 7.912730687155024034e-01 8.953158760070801137e+00
2.840000000000000000e+02 7.877148806525919866e-01 7.700093949414581473e-01 8.993839454650878196e+00
2.850000000000000000e+02 7.626694921464446386e-01 7.905370228199224414e-01 8.952416801452637074e+00
2.860000000000000000e+02 7.858736500079396281e-01 7.710202683379272504e-01 8.994530868530272727e+00
2.870000000000000000e+02 7.666752568050479999e-01 7.886422957610539353e-01 8.952051925659180398e+00
2.880000000000000000e+02 7.862944215594024344e-01 7.697623148811187921e-01 8.996195793151855469e+00
2.890000000000000000e+02 7.665235083299393182e-01 7.878778583064163232e-01 8.951064872741698153e+00
2.900000000000000000e+02 7.846939311481755386e-01 7.689659041001541961e-01 8.995806694030761719e+00
2.910000000000000000e+02 7.656110014726608126e-01 7.874379302070432241e-01 8.950528526306150923e+00
2.920000000000000000e+02 7.848519462007268466e-01 7.686185267043847968e-01 8.995650672912598012e+00
2.930000000000000000e+02 7.667251145442536275e-01 7.878487354408071353e-01 8.950729942321778765e+00
2.940000000000000000e+02 7.864843298504283764e-01 7.680748007691073909e-01 8.997892761230469105e+00
2.950000000000000000e+02 7.648149836006791213e-01 7.861028411497673618e-01 8.950249862670897727e+00
2.960000000000000000e+02 7.849390621948658664e-01 7.666808716030782955e-01 8.995936584472657316e+00
2.970000000000000000e+02 7.668678594281974625e-01 7.861411324248438470e-01 8.951843643188476918e+00
2.980000000000000000e+02 7.862191314453360613e-01 7.672470670686104555e-01 8.997909736633300071e+00
2.990000000000000000e+02 7.648654727750001658e-01 7.894855231685297126e-01 8.952804756164551847e+00
3.000000000000000000e+02 7.865193417568039358e-01 7.667659450155484002e-01 8.998010635375976562e+00
3.010000000000000000e+02 7.672617078529894163e-01 7.911608054388042932e-01 8.953479766845703125e+00
3.020000000000000000e+02 7.874441800559605076e-01 7.693549473403737959e-01 8.997768974304198863e+00
3.030000000000000000e+02 7.671902146247943088e-01 7.879783184389571593e-01 8.953886985778808594e+00
3.040000000000000000e+02 7.869445558258785223e-01 7.686117434078746369e-01 8.998613739013672230e+00
3.050000000000000000e+02 7.656238486003255073e-01 7.905164523242320662e-01 8.952172470092772727e+00
3.060000000000000000e+02 7.875441070226210094e-01 7.690012507313012113e-01 8.998461914062499289e+00
3.070000000000000000e+02 7.647174849486318982e-01 7.903965967815392846e-01 8.954993629455566762e+00
3.080000000000000000e+02 7.885511824316456808e-01 7.694466975437275202e-01 8.996150779724121804e+00
3.090000000000000000e+02 7.659244401984730555e-01 7.898841398225695531e-01 8.952265739440917969e+00
3.100000000000000000e+02 7.851287987060971973e-01 7.708848713732482372e-01 8.999065780639648793e+00
3.110000000000000000e+02 7.655706534400079644e-01 7.915752956287027686e-01 8.954324722290039062e+00
3.120000000000000000e+02 7.840033499561119834e-01 7.706459052181654501e-01 8.996780586242675071e+00
3.130000000000000000e+02 7.632988869870467319e-01 7.909632409003564124e-01 8.953219795227051137e+00
3.140000000000000000e+02 7.843112619690548737e-01 7.719708976287293911e-01 8.994401931762695312e+00
3.150000000000000000e+02 7.625300899302057678e-01 7.906829271843037743e-01 8.953576660156249645e+00
3.160000000000000000e+02 7.866191998432723320e-01 7.705522673481730589e-01 8.995351791381835938e+00
3.170000000000000000e+02 7.661041906931130852e-01 7.921462338320530705e-01 8.952986907958983664e+00
3.180000000000000000e+02 7.840625229751992942e-01 7.701996463680345073e-01 8.997987747192382812e+00
3.190000000000000000e+02 7.656207911533178256e-01 7.921388212779340021e-01 8.952962684631348367e+00
3.200000000000000000e+02 7.865467225036777421e-01 7.699917995251800429e-01 8.999044799804687855e+00
3.210000000000000000e+02 7.660480437655612374e-01 7.880141819797323866e-01 8.952379035949707742e+00
3.220000000000000000e+02 7.853102241416612950e-01 7.671167493627322198e-01 9.000029945373535512e+00
3.230000000000000000e+02 7.616796745442666605e-01 7.865510481283827238e-01 8.949688720703123934e+00
3.240000000000000000e+02 7.855232786639111398e-01 7.686890597572191286e-01 8.996099853515625355e+00
3.250000000000000000e+02 7.646686944543721332e-01 7.879515458492614144e-01 8.950247573852539773e+00
3.260000000000000000e+02 7.860725910654482451e-01 7.676765522305778466e-01 8.995822906494140625e+00
3.270000000000000000e+02 7.643822529516292041e-01 7.868626211278464400e-01 8.948927688598633523e+00
3.280000000000000000e+02 7.853950817774135729e-01 7.662137545187093224e-01 8.997064018249512074e+00
3.290000000000000000e+02 7.642277689424109566e-01 7.893862089123967474e-01 8.949102783203125355e+00
3.300000000000000000e+02 7.833673430888083988e-01 7.674857951641009812e-01 8.998162841796876421e+00
3.310000000000000000e+02 7.656933789931213985e-01 7.883827475076207181e-01 8.949251937866211648e+00
3.320000000000000000e+02 7.851847042860462533e-01 7.680358031051569556e-01 8.999345779418945312e+00
3.330000000000000000e+02 7.656934890426790874e-01 7.883510190570596210e-01 8.948748779296874289e+00
3.340000000000000000e+02 7.856876832225467844e-01 7.677616286186765837e-01 9.000367927551268465e+00
3.350000000000000000e+02 7.661238129493008753e-01 7.863001308768740039e-01 8.949474906921386363e+00
3.360000000000000000e+02 7.871203469444271184e-01 7.678564347227387898e-01 9.001289749145508168e+00
3.370000000000000000e+02 7.672781641539093700e-01 7.850431822745265187e-01 8.947377777099610796e+00
3.380000000000000000e+02 7.876462168059261693e-01 7.653858278390661685e-01 9.002437782287596946e+00
3.390000000000000000e+02 7.669876711219080212e-01 7.873770496774092909e-01 8.945248794555663352e+00
3.400000000000000000e+02 7.872286215172272783e-01 7.682636184869791052e-01 8.999966621398925781e+00
3.410000000000000000e+02 7.651116991451254457e-01 7.878757228740654872e-01 8.949921035766600141e+00
3.420000000000000000e+02 7.856526982247956647e-01 7.662242623663233498e-01 8.998861885070800426e+00
3.430000000000000000e+02 7.667224422008185325e-01 7.889991405197571694e-01 8.947399711608886363e+00
3.440000000000000000e+02 7.889718662091063095e-01 7.646106938196099989e-01 8.998486709594725852e+00
3.450000000000000000e+02 7.667011991281930117e-01 7.825306700111198666e-01 8.943556976318358664e+00
3.460000000000000000e+02 7.858435254249291901e-01 7.627269277997191788e-01 9.000569915771484020e+00
3.470000000000000000e+02 7.686872854311869174e-01 7.853428781103494183e-01 8.943034744262694957e+00
3.480000000000000000e+02 7.866597584402489352e-01 7.619728004373202968e-01 8.999365997314452414e+00
3.490000000000000000e+02 7.658621630284119242e-01 7.828902231067805806e-01 8.944000625610351918e+00
3.500000000000000000e+02 7.879634035011824356e-01 7.645832249002748604e-01 9.000384712219238637e+00
3.510000000000000000e+02 7.666475530860120680e-01 7.844255524502979915e-01 8.942432022094726207e+00
3.520000000000000000e+02 7.867901105052722555e-01 7.637731012069707281e-01 8.997772789001464488e+00
3.530000000000000000e+02 7.674290374667741554e-01 7.830329879896001932e-01 8.944362640380859375e+00
3.540000000000000000e+02 7.864675674759727952e-01 7.618634014230720730e-01 9.000772666931151633e+00
3.550000000000000000e+02 7.673399973153237630e-01 7.815920753045150215e-01 8.942355537414551137e+00
3.560000000000000000e+02 7.889604497640605452e-01 7.639302568497852164e-01 9.003403663635253906e+00
3.570000000000000000e+02 7.672879115924846616e-01 7.840022626889424640e-01 8.941665649414062500e+00
3.580000000000000000e+02 7.882399427200623698e-01 7.606392921710248833e-01 9.002685737609864347e+00
3.590000000000000000e+02 7.666275306910816933e-01 7.840088203298386516e-01 8.946583747863769531e+00
3.600000000000000000e+02 7.873402297314600062e-01 7.610291464274866469e-01 9.000895690917968039e+00
3.610000000000000000e+02 7.660004496315664380e-01 7.843273974370038593e-01 8.946609878540039418e+00
3.620000000000000000e+02 7.876431556123917321e-01 7.630144710185737811e-01 9.001628684997559304e+00
3.630000000000000000e+02 7.665623521273575713e-01 7.819605059492095167e-01 8.947997665405274859e+00
3.640000000000000000e+02 7.862478552238993945e-01 7.623585348654973171e-01 9.003887557983398793e+00
3.650000000000000000e+02 7.676523803444313954e-01 7.863341011663167457e-01 8.949377632141114702e+00
3.660000000000000000e+02 7.860781927105482403e-01 7.643497718665532847e-01 9.001351547241210227e+00
3.670000000000000000e+02 7.670930433833659245e-01 7.841588658703745329e-01 8.948699569702148082e+00
3.680000000000000000e+02 7.858707752589345619e-01 7.609367902386419136e-01 9.002067756652831321e+00
3.690000000000000000e+02 7.669668771729910572e-01 7.825698306330353127e-01 8.950059890747072089e+00
3.700000000000000000e+02 7.870972938022970933e-01 7.617374870927676733e-01 9.003059768676758168e+00
3.710000000000000000e+02 7.650675957347212730e-01 7.840531414112873465e-01 8.949597740173340199e+00
3.720000000000000000e+02 7.864490832284197763e-01 7.632630975514366201e-01 9.003908729553222301e+00
3.730000000000000000e+02 7.649401419954343639e-01 7.856462313228673722e-01 8.948781776428221590e+00
3.740000000000000000e+02 7.848987547848145230e-01 7.657570358393407384e-01 9.003003883361817117e+00
3.750000000000000000e+02 7.647121713558843181e-01 7.868891330321291511e-01 8.949148750305175426e+00
3.760000000000000000e+02 7.846571326700079174e-01 7.668901010325349654e-01 9.001329803466795454e+00
3.770000000000000000e+02 7.640651395501844023e-01 7.867362626258359581e-01 8.953125762939453836e+00
3.780000000000000000e+02 7.839176447504524470e-01 7.662364123536191673e-01 9.001759910583496449e+00
3.790000000000000000e+02 7.623675280925572562e-01 7.873172630448438403e-01 8.954050827026366122e+00
3.800000000000000000e+02 7.822591079042549023e-01 7.664437679972041506e-01 9.000211715698242188e+00
3.810000000000000000e+02 7.611620174349182921e-01 7.866082516165899818e-01 8.954732894897460938e+00
3.820000000000000000e+02 7.816585706746782547e-01 7.649695110651203445e-01 8.998371696472167613e+00
3.830000000000000000e+02 7.614600041231428529e-01 7.884398074638035991e-01 8.955251693725585938e+00
3.840000000000000000e+02 7.823604543354142349e-01 7.652412582518637318e-01 8.998997879028319602e+00
3.850000000000000000e+02 7.629304984439647663e-01 7.850760833907844960e-01 8.953298759460448508e+00
3.860000000000000000e+02 7.839385602858562896e-01 7.653654016629107826e-01 9.000290679931641336e+00
3.870000000000000000e+02 7.619842358739371546e-01 7.868804877700277256e-01 8.951338768005371094e+00
3.880000000000000000e+02 7.837484392994354954e-01 7.672093899943158712e-01 9.000669670104981535e+00
3.890000000000000000e+02 7.604147996619812222e-01 7.854915390907850625e-01 8.949583816528321023e+00
3.900000000000000000e+02 7.837820048038661724e-01 7.674675035510060139e-01 8.999448776245117188e+00
3.910000000000000000e+02 7.624066736131709376e-01 7.891375207711754936e-01 8.950360679626465199e+00
3.920000000000000000e+02 7.843513067872847078e-01 7.681885784808429873e-01 8.999047851562499645e+00
3.930000000000000000e+02 7.623121724307996283e-01 7.858503058170165367e-01 8.949356651306151988e+00
3.940000000000000000e+02 7.823529753960458688e-01 7.671807412320145181e-01 8.998270797729492898e+00
3.950000000000000000e+02 7.611920798048366077e-01 7.858588028504617240e-01 8.950218772888183238e+00
3.960000000000000000e+02 7.814768100187089450e-01 7.658730358760414969e-01 8.997496795654297941e+00
3.970000000000000000e+02 7.624657018864049451e-01 7.866064355786038798e-01 8.950245666503905184e+00
3.980000000000000000e+02 7.827715070726373181e-01 7.665904750402343648e-01 8.996166038513184304e+00
