0.000000000000000000e+00 9.258599949698172182e-02 7.499893314996619598e-02 5.994379901885985795e+00
1.000000000000000000e+00 9.047495690936827040e-02 9.388748180868547455e-02 6.010340690612792969e+00
2.000000000000000000e+00 1.254726639408675348e-01 9.114929822429918005e-02 6.303792858123779652e+00
3.000000000000000000e+00 1.223774688491076901e-01 1.280354918265416975e-01 6.319167137145996094e+00
4.000000000000000000e+00 1.626555044071089084e-01 1.239372885250521611e-01 6.570091533660889382e+00
5.000000000000000000e+00 1.582710833331788802e-01 1.692302706362928955e-01 6.579409408569335760e+00
6.000000000000000000e+00 2.067634582459623449e-01 1.609221261466822761e-01 6.796470642089843750e+00
7.000000000000000000e+00 1.972685903325133161e-01 2.104862391472357153e-01 6.801480007171631925e+00
8.000000000000000000e+00 2.452468133341703660e-01 1.997807974076701854e-01 6.988761520385741832e+00
9.000000000000000000e+00 2.342166730917010220e-01 2.514485835414865256e-01 6.993895530700682706e+00
1.000000000000000000e+01 2.874886332328310257e-01 2.389892563153971083e-01 7.159580707550048828e+00
1.100000000000000000e+01 2.739287326599881278e-01 2.905900645157450946e-01 7.158684253692627841e+00
1.200000000000000000e+01 3.274419796434812069e-01 2.772420282383933343e-01 7.304931354522704368e+00
1.300000000000000000e+01 3.080300149629786044e-01 3.297731616708263758e-01 7.302692890167236328e+00
1.400000000000000000e+01 3.591577604400778556e-01 3.132694841754526949e-01 7.436015701293944957e+00
1.500000000000000000e+01 3.411461678363154060e-01 3.597779915463711897e-01 7.431082916259764914e+00
1.600000000000000000e+01 3.919420186583498222e-01 3.447406776278399976e-01 7.553555011749268466e+00
1.700000000000000000e+01 3.710175603374233910e-01 3.930039674150571649e-01 7.546432113647460582e+00
1.800000000000000000e+01 4.217844441952108836e-01 3.742484531099217193e-01 7.656984329223631924e+00
1.900000000000000000e+01 3.993822969367826770e-01 4.199013357431164994e-01 7.648232841491698686e+00
2.000000000000000000e+01 4.474161632270564626e-01 4.003481066353329343e-01 7.751952171325683594e+00
2.100000000000000000e+01 4.285130190081644641e-01 4.494817426423943219e-01 7.739134311676025391e+00
2.200000000000000000e+01 4.731176361784353857e-01 4.314639078604855515e-01 7.838863563537597834e+00
2.300000000000000000e+01 4.502203932634297190e-01 4.731445735314432910e-01 7.825954246520995916e+00
2.400000000000000000e+01 4.974759421229628109e-01 4.525534283534417557e-01 7.916807079315185902e+00
2.500000000000000000e+01 4.760935242657787225e-01 4.995199927183368582e-01 7.904827785491943537e+00
2.600000000000000000e+01 5.189110798772246236e-01 4.776881210307878378e-01 7.992719268798827770e+00
2.700000000000000000e+01 4.968890052680896563e-01 5.203739596916024945e-01 7.977761459350586115e+00
2.800000000000000000e+01 5.362471420287124868e-01 4.986323183441148665e-01 8.059024333953857422e+00
2.900000000000000000e+01 5.143833000265533029e-01 5.401819828739816698e-01 8.043267726898193359e+00
3.000000000000000000e+01 5.582542499004436998e-01 5.190405853095053645e-01 8.120037269592284446e+00
3.100000000000000000e+01 5.366111259522136079e-01 5.610146993913761593e-01 8.103908538818359375e+00
3.200000000000000000e+01 5.736203402146857755e-01 5.416307828160645821e-01 8.177830696105957031e+00
3.300000000000000000e+01 5.507952573162339105e-01 5.797659839735842535e-01 8.160509872436522372e+00
3.400000000000000000e+01 5.913339480140895610e-01 5.562721840231488191e-01 8.230342292785644887e+00
3.500000000000000000e+01 5.685197487863106192e-01 5.970610196153831595e-01 8.213512039184569957e+00
3.600000000000000000e+01 6.062484370039245007e-01 5.726470992495799051e-01 8.281389808654784801e+00
3.700000000000000000e+01 5.856127752418355259e-01 6.115945426093553072e-01 8.263896560668944957e+00
3.800000000000000000e+01 6.247842429248607887e-01 5.905963460263187192e-01 8.327412414550781961e+00
3.900000000000000000e+01 5.989656980572251044e-01 6.280909376238376085e-01 8.309867095947264914e+00
4.000000000000000000e+01 6.369100910325324882e-01 6.062972501092250832e-01 8.368429946899414773e+00
4.100000000000000000e+01 6.158956100735188954e-01 6.397755009536980619e-01 8.353400802612304332e+00
4.200000000000000000e+01 6.533951602988077312e-01 6.174693059480230728e-01 8.411207962036131747e+00
4.300000000000000000e+01 6.272622900787071520e-01 6.550257777920177604e-01 8.394007301330566051e+00
4.400000000000000000e+01 6.625430550256106166e-01 6.338661632577751170e-01 8.447515678405762785e+00
4.500000000000000000e+01 6.396540479272523338e-01 6.663023020442917499e-01 8.432067871093750000e+00
4.600000000000000000e+01 6.735494034945075370e-01 6.432339388931244128e-01 8.480139160156250355e+00
4.700000000000000000e+01 6.498399203333007357e-01 6.765428735143572680e-01 8.467359924316406605e+00
4.800000000000000000e+01 6.836506917408321504e-01 6.566378454356355254e-01 8.512894248962403765e+00
4.900000000000000000e+01 6.592865119744127922e-01 6.899017418875730279e-01 8.500049972534178266e+00
5.000000000000000000e+01 6.939435756787765142e-01 6.658545617633246927e-01 8.543462944030761008e+00
5.100000000000000000e+01 6.706617136415654601e-01 6.993740915431583272e-01 8.533199119567871804e+00
5.200000000000000000e+01 7.034681530854681730e-01 6.754658052144825175e-01 8.572055625915528054e+00
5.300000000000000000e+01 6.812609593279346232e-01 7.049073635585069164e-01 8.562278747558593750e+00
5.400000000000000000e+01 7.095396062026813055e-01 6.842575390826127757e-01 8.598139953613282316e+00
5.500000000000000000e+01 6.867653326210462206e-01 7.152068088982813654e-01 8.588227081298828836e+00
5.600000000000000000e+01 7.172915876452139461e-01 6.940831231403333801e-01 8.621373748779296520e+00
5.700000000000000000e+01 6.960276948705982347e-01 7.240533954023714580e-01 8.612087821960448863e+00
5.800000000000000000e+01 7.264220805826105964e-01 6.993405035189071972e-01 8.646349334716797230e+00
5.900000000000000000e+01 7.044655109030136808e-01 7.294713598820252720e-01 8.633188438415528410e+00
6.000000000000000000e+01 7.326362317122726564e-01 7.099385656211109064e-01 8.666101455688476562e+00
6.100000000000000000e+01 7.119149660148094139e-01 7.384421487380584681e-01 8.655750656127930043e+00
6.200000000000000000e+01 7.397851179940782007e-01 7.166114506251667349e-01 8.685826492309571378e+00
6.300000000000000000e+01 7.167713025407238536e-01 7.459357745911807669e-01 8.677547264099121804e+00
6.400000000000000000e+01 7.427699971446679594e-01 7.244844120999527348e-01 8.703345298767089844e+00
6.500000000000000000e+01 7.236993831296159030e-01 7.493807879875294953e-01 8.696006965637208097e+00
6.600000000000000000e+01 7.508062264652138884e-01 7.277254225736798920e-01 8.720878791809081321e+00
6.700000000000000000e+01 7.289041514383302056e-01 7.554465648379593556e-01 8.713027191162108664e+00
6.800000000000000000e+01 7.559710519105015125e-01 7.345055656805128397e-01 8.739212226867676847e+00
6.900000000000000000e+01 7.343897307323106194e-01 7.603355799352241595e-01 8.729013633728028410e+00
7.000000000000000000e+01 7.599604876666772313e-01 7.386291908208513224e-01 8.754115676879882457e+00
7.100000000000000000e+01 7.411732840824220014e-01 7.661640703025098809e-01 8.743758583068848012e+00
7.200000000000000000e+01 7.665850745618202344e-01 7.436654660992765287e-01 8.768386840820312500e+00
7.300000000000000000e+01 7.428110244456115341e-01 7.701192104399441352e-01 8.754701614379882812e+00
7.400000000000000000e+01 7.678697630856865519e-01 7.489206571774383869e-01 8.781077384948730469e+00
7.500000000000000000e+01 7.469524621835023082e-01 7.712186500697548741e-01 8.769103622436523082e+00
7.600000000000000000e+01 7.732627970386001248e-01 7.525073882290030935e-01 8.791982841491698508e+00
7.700000000000000000e+01 7.512819936490878758e-01 7.781532100595544010e-01 8.780099487304687145e+00
7.800000000000000000e+01 7.755273893270150376e-01 7.566967062853673376e-01 8.803380584716796520e+00
7.900000000000000000e+01 7.561503060976096924e-01 7.800057902065230531e-01 8.791686630249023082e+00
8.000000000000000000e+01 7.799970583962299031e-01 7.600660998023839321e-01 8.814330101013183594e+00
8.100000000000000000e+01 7.541399904337963145e-01 7.833855423494165970e-01 8.801541328430175781e+00
8.200000000000000000e+01 7.825219321359535574e-01 7.650647223272981634e-01 8.824579429626464133e+00
8.300000000000000000e+01 7.590945908656163699e-01 7.891355723195309091e-01 8.812038421630859375e+00
8.400000000000000000e+01 7.828696836022638328e-01 7.671140887799124952e-01 8.831107902526856179e+00
8.500000000000000000e+01 7.611766640294871378e-01 7.902486020259860133e-01 8.821352767944334872e+00
8.600000000000000000e+01 7.867618209885652858e-01 7.703952046990216740e-01 8.838508415222168679e+00
8.700000000000000000e+01 7.644809970088032314e-01 7.922832232799547070e-01 8.827379798889159801e+00
8.800000000000000000e+01 7.890794663974042278e-01 7.709503911501183193e-01 8.848967170715333452e+00
8.900000000000000000e+01 7.664999062793529383e-01 7.955980939808496855e-01 8.834450149536133168e+00
9.000000000000000000e+01 7.889627233078650992e-01 7.733104819000323760e-01 8.854888534545898082e+00
9.100000000000000000e+01 7.703164894277342301e-01 7.985047832900913356e-01 8.842909812927246094e+00
9.200000000000000000e+01 7.923116463922755814e-01 7.753584344132417039e-01 8.863692855834960582e+00
9.300000000000000000e+01 7.711469783446236459e-01 7.999443719206645875e-01 8.850360870361328125e+00
9.400000000000000000e+01 7.935638890006163626e-01 7.792913647129148247e-01 8.869438552856445668e+00
9.500000000000000000e+01 7.739607049352182910e-01 8.010795220349976598e-01 8.856762313842773793e+00
9.600000000000000000e+01 7.980047851275019477e-01 7.817682979098543594e-01 8.872226524353028054e+00
9.700000000000000000e+01 7.759121308756353752e-01 8.038690644406100150e-01 8.862666511535643110e+00
9.800000000000000000e+01 7.980872050343493784e-01 7.818025865540864094e-01 8.877267837524414062e+00
9.900000000000000000e+01 7.774552663132658914e-01 8.031549678437305273e-01 8.868125915527343750e+00
1.000000000000000000e+02 7.993123289052832536e-01 7.871361759547651493e-01 8.881567955017089844e+00
1.010000000000000000e+02 7.786689820305712217e-01 8.061544037851418043e-01 8.875634193420410156e+00
1.020000000000000000e+02 8.005051954518986879e-01 7.858685829252747279e-01 8.888438606262205610e+00
1.030000000000000000e+02 7.800425808434034991e-01 8.089869760545294053e-01 8.881485748291014559e+00
1.040000000000000000e+02 8.011014169579802058e-01 7.868533857609970594e-01 8.893798065185546164e+00
1.050000000000000000e+02 7.832707801084419774e-01 8.104550370170532370e-01 8.884281539916990766e+00
1.060000000000000000e+02 8.054784980548141959e-01 7.910234677558521943e-01 8.899430847167968395e+00
1.070000000000000000e+02 7.826039193432171581e-01 8.092564925120590003e-01 8.888522148132324219e+00
1.080000000000000000e+02 8.036428109767891348e-01 7.909046800317106607e-01 8.900876426696777699e+00
1.090000000000000000e+02 7.825480110096704189e-01 8.108988413856912381e-01 8.892379188537598012e+00
1.100000000000000000e+02 8.040713502279428493e-01 7.914657328586848228e-01 8.903577041625975852e+00
1.110000000000000000e+02 7.822740608644210836e-01 8.137286508059511370e-01 8.896558761596679688e+00
1.120000000000000000e+02 8.053552337410410100e-01 7.915412204213287950e-01 8.907222175598144887e+00
1.130000000000000000e+02 7.836171159727534086e-01 8.143309738654287422e-01 8.900015258789062855e+00
1.140000000000000000e+02 8.075195673797236351e-01 7.954555572775520167e-01 8.908345222473144531e+00
1.150000000000000000e+02 7.861739132248002360e-01 8.144906884234976996e-01 8.904854965209962003e+00
1.160000000000000000e+02 8.062117818507922307e-01 7.954134428430179593e-01 8.911393547058105824e+00
1.170000000000000000e+02 7.885874900388959441e-01 8.159514988704452687e-01 8.908328437805176137e+00
1.180000000000000000e+02 8.084784862885849854e-01 7.947517766256400051e-01 8.916158676147460938e+00
1.190000000000000000e+02 7.878502734280603548e-01 8.153918291905822846e-01 8.911183547973632102e+00
1.200000000000000000e+02 8.093791440266699944e-01 7.962683033133387545e-01 8.921479415893553977e+00
1.210000000000000000e+02 7.886904077911248701e-01 8.178087714366292227e-01 8.914805221557616122e+00
1.220000000000000000e+02 8.107582636735314319e-01 7.969162137743819319e-01 8.923210716247558238e+00
1.230000000000000000e+02 7.912145602365471264e-01 8.177653686528404409e-01 8.916590881347657316e+00
1.240000000000000000e+02 8.123557689399301118e-01 7.982666766274947312e-01 8.925431442260743253e+00
1.250000000000000000e+02 7.915737528810593560e-01 8.183010510114965275e-01 8.919309425354002840e+00
1.260000000000000000e+02 8.126960716704443310e-01 7.973986436256152999e-01 8.929279899597167613e+00
1.270000000000000000e+02 7.939224945438646541e-01 8.208127578682528069e-01 8.920862007141113992e+00
1.280000000000000000e+02 8.138719153546472018e-01 7.976219286324524038e-01 8.930302810668946378e+00
1.290000000000000000e+02 7.915845530102793015e-01 8.185420450241908119e-01 8.922223472595215199e+00
1.300000000000000000e+02 8.140884129876736486e-01 7.992045722969384203e-01 8.933681488037109375e+00
1.310000000000000000e+02 7.929336232751017510e-01 8.193945128693904678e-01 8.924327850341796875e+00
1.320000000000000000e+02 8.138853212186196728e-01 7.995161937541047648e-01 8.934212684631347656e+00
1.330000000000000000e+02 7.946169373389722068e-01 8.212912981771761656e-01 8.925743103027343750e+00
1.340000000000000000e+02 8.130303202852429134e-01 8.016093971715420041e-01 8.935081291198731179e+00
1.350000000000000000e+02 7.937055779937659539e-01 8.211315862641004326e-01 8.928767776489259234e+00
1.360000000000000000e+02 8.152837716315404215e-01 8.015782864860488965e-01 8.940013504028319957e+00
1.370000000000000000e+02 7.943945821712178335e-01 8.222867641367569425e-01 8.932086944580078125e+00
1.380000000000000000e+02 8.155819882611653471e-01 8.027519690797249030e-01 8.942419815063475497e+00
1.390000000000000000e+02 7.968673051784385120e-01 8.228156695332625725e-01 8.934107208251953480e+00
1.400000000000000000e+02 8.160540755319953821e-01 7.998211964317164524e-01 8.947202301025390270e+00
1.410000000000000000e+02 7.966834572851160257e-01 8.213451381266586582e-01 8.934579849243164062e+00
1.420000000000000000e+02 8.175775244987120161e-01 8.014275514725118787e-01 8.947045135498047586e+00
1.430000000000000000e+02 7.963719186558378960e-01 8.187627927718210685e-01 8.931706428527832031e+00
1.440000000000000000e+02 8.160149089699703095e-01 8.011642992184563328e-01 8.946852874755860441e+00
1.450000000000000000e+02 7.964295462949250171e-01 8.238805296787407029e-01 8.930830764770508523e+00
1.460000000000000000e+02 8.189003554386519168e-01 8.029012580585828118e-01 8.945955657958984730e+00
1.470000000000000000e+02 7.974291779111525313e-01 8.192380729639564541e-01 8.931487274169921164e+00
1.480000000000000000e+02 8.183879637497085691e-01 8.008744244315493255e-01 8.946494483947752485e+00
1.490000000000000000e+02 7.980149616164530224e-01 8.211086930313306054e-01 8.931677246093750355e+00
1.500000000000000000e+02 8.171461553063783523e-01 8.013385943179681670e-01 8.945054435729980824e+00
1.510000000000000000e+02 7.987013875937259977e-01 8.215695508554785587e-01 8.932256317138673296e+00
1.520000000000000000e+02 8.198529784961380296e-01 8.019756792300076764e-01 8.947483634948730113e+00
1.530000000000000000e+02 7.985462330485557647e-01 8.213601909292079783e-01 8.934250068664550071e+00
1.540000000000000000e+02 8.203810404461467920e-01 8.016836667644888781e-01 8.947945785522460227e+00
1.550000000000000000e+02 8.000801853166360500e-01 8.231104737955023953e-01 8.933160209655762074e+00
1.560000000000000000e+02 8.199851037647480911e-01 8.041402158820066814e-01 8.950035285949706321e+00
1.570000000000000000e+02 7.982186504656041404e-01 8.220864138069668980e-01 8.933326339721679332e+00
1.580000000000000000e+02 8.188873638037020841e-01 8.029828672756330610e-01 8.949677276611328836e+00
1.590000000000000000e+02 7.994343240838113207e-01 8.221020337848584658e-01 8.933832168579101562e+00
1.600000000000000000e+02 8.209435476648143659e-01 8.013787575896820226e-01 8.953009223937987926e+00
1.610000000000000000e+02 7.997384231407738131e-01 8.227087088578496354e-01 8.935183143615722301e+00
1.620000000000000000e+02 8.204946736548378583e-01 8.031764590068924958e-01 8.953002357482910512e+00
1.630000000000000000e+02 8.007745396041601182e-01 8.214701076285144676e-01 8.936695861816406961e+00
1.640000000000000000e+02 8.220966138498619902e-01 8.020000024118641990e-01 8.955842018127441406e+00
1.650000000000000000e+02 8.019314863984726705e-01 8.210451128492302075e-01 8.935311889648437145e+00
1.660000000000000000e+02 8.230423009598220041e-01 8.042541309632366131e-01 8.957150840759277699e+00
1.670000000000000000e+02 8.007868299963974978e-01 8.205905854562971502e-01 8.935232734680175426e+00
1.680000000000000000e+02 8.226293976808825015e-01 8.011337911362186315e-01 8.957767105102538707e+00
1.690000000000000000e+02 8.026305614217178475e-01 8.224159870935399130e-01 8.937179374694824929e+00
1.700000000000000000e+02 8.201106309082369927e-01 8.021459541420243866e-01 8.958503532409666903e+00
1.710000000000000000e+02 8.032617022585544220e-01 8.231764860918201476e-01 8.939076423645019531e+00
1.720000000000000000e+02 8.214911866121840101e-01 8.048513742337483068e-01 8.958540534973144176e+00
1.730000000000000000e+02 8.007527006151949900e-01 8.240333722363623048e-01 8.940212440490721946e+00
1.740000000000000000e+02 8.224653462221664935e-01 8.044852246456283273e-01 8.958219909667969105e+00
1.750000000000000000e+02 8.020962571659208118e-01 8.227129596627060781e-01 8.942106246948242188e+00
1.760000000000000000e+02 8.211472336376186565e-01 8.046588258922263703e-01 8.959552955627440696e+00
1.770000000000000000e+02 8.024422392096924872e-01 8.221958674309219894e-01 8.941103553771972301e+00
1.780000000000000000e+02 8.207000789486810222e-01 8.034706807392293371e-01 8.959024238586424715e+00
1.790000000000000000e+02 8.018684148643294707e-01 8.223646392028944874e-01 8.940672874450683594e+00
1.800000000000000000e+02 8.213697429975759245e-01 8.034846752366933131e-01 8.960812759399415128e+00
1.810000000000000000e+02 8.017105034652979301e-01 8.221603213289335743e-01 8.942529869079589133e+00
1.820000000000000000e+02 8.218069746881709881e-01 8.040609034917264308e-01 8.961655616760253906e+00
1.830000000000000000e+02 8.033297921164112010e-01 8.221733798611469135e-01 8.945326042175292258e+00
1.840000000000000000e+02 8.215109887949861855e-01 8.025009508441656170e-01 8.964820098876954191e+00
1.850000000000000000e+02 8.012833034701458690e-01 8.224013515691229737e-01 8.944412040710449929e+00
1.860000000000000000e+02 8.214681435975937918e-01 8.030617229019513248e-01 8.965399360656737926e+00
1.870000000000000000e+02 8.028620411828633063e-01 8.220213597742331846e-01 8.943863487243653765e+00
1.880000000000000000e+02 8.216179076940705039e-01 7.999313238405891813e-01 8.963148117065429688e+00
1.890000000000000000e+02 8.027602372075894888e-01 8.216866624132913577e-01 8.943352317810058238e+00
1.900000000000000000e+02 8.228587307715603538e-01 8.005909062318378178e-01 8.965778541564942472e+00
1.910000000000000000e+02 8.039707901913955013e-01 8.229286290108388524e-01 8.943599319458007457e+00
1.920000000000000000e+02 8.217178613803671761e-01 8.023877030184661807e-01 8.968140602111816406e+00
1.930000000000000000e+02 8.023516965274565260e-01 8.225891366690585293e-01 8.944423484802246804e+00
1.940000000000000000e+02 8.220290822914811946e-01 8.010917794777893119e-01 8.968197250366211293e+00
1.950000000000000000e+02 8.026284696415546538e-01 8.221983691448915277e-01 8.942252159118652344e+00
1.960000000000000000e+02 8.202107598532377697e-01 8.027357649281054996e-01 8.968095016479491477e+00
1.970000000000000000e+02 8.019432219011196628e-01 8.229563161837897267e-01 8.943219947814942117e+00
1.980000000000000000e+02 8.220719715047241083e-01 8.028762773211756132e-01 8.967763710021973367e+00
1.990000000000000000e+02 8.022697041619165637e-01 8.216665737882221654e-01 8.943475151062012074e+00
2.000000000000000000e+02 8.242957270562601968e-01 8.044532856611327221e-01 8.968242073059082387e+00
2.010000000000000000e+02 8.034651877918203011e-01 8.236498544104513542e-01 8.943987846374511719e+00
2.020000000000000000e+02 8.237674633364291399e-01 8.027262207852311482e-01 8.969472885131835938e+00
2.030000000000000000e+02 8.016708257830016393e-01 8.226489034570098058e-01 8.944795989990234730e+00
2.040000000000000000e+02 8.222271067968264235e-01 8.038854620405556650e-01 8.971732711791993609e+00
2.050000000000000000e+02 8.017342094661720209e-01 8.216581890425644907e-01 8.943034172058105469e+00
2.060000000000000000e+02 8.238078988831109006e-01 8.047783264544993154e-01 8.975490188598632457e+00
2.070000000000000000e+02 8.040442858447147678e-01 8.236733209911281106e-01 8.945954322814941406e+00
2.080000000000000000e+02 8.225915181048844005e-01 8.043286420475749265e-01 8.974785804748535156e+00
2.090000000000000000e+02 8.032504117377593511e-01 8.247176554029810314e-01 8.947416496276854758e+00
2.100000000000000000e+02 8.224912996042988977e-01 8.045489958394125285e-01 8.974513626098632457e+00
2.110000000000000000e+02 8.028349290017451345e-01 8.244237564364939042e-01 8.948431968688964844e+00
2.120000000000000000e+02 8.217310916143069077e-01 8.062829282655046281e-01 8.972598457336426137e+00
2.130000000000000000e+02 8.028745822590498404e-01 8.262327159230633544e-01 8.948397254943849077e+00
2.140000000000000000e+02 8.231819552986464616e-01 8.070587365360460952e-01 8.969616508483886363e+00
2.150000000000000000e+02 8.017830408523903829e-01 8.252959157680113123e-01 8.950659942626952414e+00
2.160000000000000000e+02 8.198689979551354590e-01 8.051052570109407114e-01 8.971133613586426137e+00
2.170000000000000000e+02 8.029342927724163470e-01 8.251459496454239817e-01 8.952163696289062500e+00
2.180000000000000000e+02 8.238865599967702957e-01 8.035392765497018086e-01 8.973205566406250000e+00
2.190000000000000000e+02 8.022663120046736873e-01 8.250626977165493869e-01 8.949862098693847301e+00
2.200000000000000000e+02 8.224890804602155159e-01 8.060442786715059649e-01 8.973662948608398082e+00
2.210000000000000000e+02 8.017360908094335326e-01 8.250051028721512303e-01 8.951091003417969816e+00
2.220000000000000000e+02 8.229374646622292788e-01 8.056680785604068973e-01 8.971587753295898082e+00
2.230000000000000000e+02 8.016416402213296655e-01 8.266710618517877363e-01 8.953277206420898082e+00
2.240000000000000000e+02 8.226402493493670809e-01 8.026962738416457688e-01 8.973003578186034446e+00
2.250000000000000000e+02 8.016489683790331000e-01 8.236639442145929912e-01 8.952549934387207031e+00
2.260000000000000000e+02 8.231653257292114167e-01 8.044404157111740838e-01 8.971909523010253906e+00
2.270000000000000000e+02 8.017508399484073456e-01 8.223637196626919499e-01 8.952556991577147016e+00
2.280000000000000000e+02 8.225726661015159147e-01 8.031339338793977989e-01 8.970889472961424360e+00
2.290000000000000000e+02 8.017468893084418458e-01 8.237719557585372332e-01 8.951514053344725497e+00
2.300000000000000000e+02 8.227273279023485930e-01 8.026643469576205669e-01 8.969467735290526988e+00
2.310000000000000000e+02 8.022398907834797921e-01 8.242874196118542551e-01 8.951173591613768465e+00
2.320000000000000000e+02 8.219017953227601980e-01 8.049782363186048784e-01 8.971896553039551137e+00
2.330000000000000000e+02 8.039965934031600980e-01 8.259871327177981115e-01 8.950590133666992188e+00
2.340000000000000000e+02 8.233417301614349704e-01 8.051436970370767776e-01 8.972667884826659446e+00
2.350000000000000000e+02 8.022531520587007359e-01 8.238713970063404890e-01 8.950920677185058238e+00
2.360000000000000000e+02 8.234704703231852108e-01 8.072787198876707482e-01 8.971047019958495738e+00
2.370000000000000000e+02 8.010327230076473848e-01 8.241755634478279413e-01 8.953205108642578125e+00
2.380000000000000000e+02 8.222760907307419265e-01 8.050477957105897087e-01 8.969553756713867898e+00
2.390000000000000000e+02 8.030553152619085422e-01 8.260112232181210379e-01 8.950897216796875000e+00
2.400000000000000000e+02 8.257381152267811997e-01 8.062794486670619154e-01 8.970978736877439630e+00
2.410000000000000000e+02 8.020398117132140348e-01 8.240642496513095328e-01 8.952268218994140270e+00
2.420000000000000000e+02 8.228009142767529482e-01 8.050039464695667446e-01 8.971386528015136363e+00
2.430000000000000000e+02 8.043445859251903141e-01 8.265043254815142015e-01 8.952127838134765980e+00
2.440000000000000000e+02 8.223860087859057311e-01 8.037452604020993707e-01 8.971728515624999289e+00
2.450000000000000000e+02 8.060593469379618847e-01 8.247955406761187103e-01 8.951016235351561434e+00
2.460000000000000000e+02 8.238531942985737322e-01 8.046801640414174006e-01 8.972661972045898438e+00
2.470000000000000000e+02 8.051253325171763287e-01 8.257009003895969812e-01 8.951307678222656605e+00
2.480000000000000000e+02 8.236729542117993130e-01 8.052994125014286686e-01 8.971051406860352628e+00
2.490000000000000000e+02 8.036918954444565166e-01 8.248259038824523603e-01 8.951108551025390270e+00
2.500000000000000000e+02 8.232599661979546068e-01 8.056238477790537145e-01 8.969273567199707031e+00
2.510000000000000000e+02 8.046884660230498865e-01 8.245996326076997507e-01 8.950382232666015625e+00
2.520000000000000000e+02 8.234555280491540064e-01 8.046779203481291276e-01 8.971557998657226918e+00
2.530000000000000000e+02 8.050593048511127670e-01 8.239872360607287671e-01 8.948602867126465910e+00
2.540000000000000000e+02 8.236203545802173176e-01 8.031162939936284939e-01 8.971705627441405539e+00
2.550000000000000000e+02 8.042033453774264373e-01 8.241029737165395108e-01 8.948486518859862571e+00
2.560000000000000000e+02 8.258365141585418678e-01 8.038807452449610036e-01 8.974665832519532316e+00
2.570000000000000000e+02 8.045898423957137391e-01 8.236936189895439631e-01 8.946532249450683594e+00
2.580000000000000000e+02 8.234884634817266624e-01 8.031939689659761683e-01 8.972702217102050071e+00
2.590000000000000000e+02 8.037971242427295326e-01 8.225673273580150768e-01 8.945995712280273793e+00
2.600000000000000000e+02 8.226168840158513129e-01 8.022912305041910441e-01 8.969169998168943891e+00
2.610000000000000000e+02 8.054348161290033614e-01 8.235407201389318699e-01 8.946436309814453480e+00
2.620000000000000000e+02 8.219028728091897218e-01 8.022560629638962881e-01 8.969291305541991832e+00
2.630000000000000000e+02 8.032267449392069825e-01 8.210731063114329320e-01 8.946413040161134589e+00
2.640000000000000000e+02 8.222619541267710552e-01 8.000975047800737983e-01 8.969768142700194957e+00
2.650000000000000000e+02 8.038215390241880698e-01 8.221949899135193585e-01 8.945912170410156961e+00
2.660000000000000000e+02 8.232281923991292549e-01 7.993600874025275083e-01 8.970745086669921875e+00
2.670000000000000000e+02 8.050275717303916334e-01 8.225247483543604021e-01 8.945005798339844105e+00
2.680000000000000000e+02 8.224682555855682420e-01 8.012944642857064981e-01 8.972184562683105824e+00
2.690000000000000000e+02 8.028587087855154625e-01 8.206061081696093273e-01 8.945236396789551847e+00
2.700000000000000000e+02 8.244304915649544041e-01 8.009101689456629147e-01 8.972476387023924360e+00
2.710000000000000000e+02 8.027530870214635295e-01 8.211664980975776906e-01 8.944455528259275923e+00
2.720000000000000000e+02 8.251575183226164123e-01 8.009071546459768376e-01 8.972606468200682528e+00
2.730000000000000000e+02 8.043249519545879744e-01 8.205605883339096573e-01 8.943344688415528765e+00
2.740000000000000000e+02 8.245611143331380566e-01 7.997091261861620781e-01 8.973237609863280895e+00
2.750000000000000000e+02 8.067331851669859999e-01 8.204289949499926626e-01 8.940468406677247515e+00
2.760000000000000000e+02 8.260701688150269284e-01 7.999415401042867524e-01 8.972405624389649503e+00
2.770000000000000000e+02 8.064829875678375393e-01 8.236982370331848990e-01 8.939357948303221946e+00
2.780000000000000000e+02 8.253257786338434876e-01 8.006032002450352847e-01 8.969393348693847301e+00
2.790000000000000000e+02 8.047461010745505794e-01 8.207164661271052486e-01 8.940559959411620738e+00
2.800000000000000000e+02 8.236266515579148129e-01 8.020217450325403119e-01 8.970826530456543324e+00
2.810000000000000000e+02 8.055162948051451943e-01 8.215155909765826658e-01 8.941057777404784801e+00
2.820000000000000000e+02 8.246231053451901216e-01 8.024619130504676567e-01 8.968542289733887785e+00
2.830000000000000000e+02 8.043756964883987948e-01 8.207866686078699736e-01 8.941192054748535512e+00
2.840000000000000000e+02 8.257110565912205713e-01 7.994611720606984440e-01 8.969565200805662997e+00
2.850000000000000000e+02 8.057957370966094546e-01 8.196531844651334664e-01 8.938163757324218750e+00
2.860000000000000000e+02 8.260539214260560481e-01 7.993478283196803202e-01 8.970312309265136008e+00
2.870000000000000000e+02 8.074343589700642143e-01 8.189783023773816728e-01 8.936563110351562145e+00
2.880000000000000000e+02 8.240551850619459717e-01 7.998176131433125668e-01 8.970245742797850141e+00
2.890000000000000000e+02 8.033777652761874277e-01 8.201322128854606763e-01 8.934983634948730824e+00
2.900000000000000000e+02 8.247671725401325427e-01 7.995715741044625569e-01 8.970100784301758168e+00
2.910000000000000000e+02 8.064760937223006687e-01 8.185989978571461823e-01 8.934847068786620383e+00
2.920000000000000000e+02 8.256699849062180130e-01 7.993325752358387826e-01 8.971779823303222656e+00
2.930000000000000000e+02 8.069118710928478988e-01 8.178043333763926892e-01 8.933659553527832031e+00
2.940000000000000000e+02 8.263583327206389662e-01 7.991060924154498313e-01 8.974134826660156605e+00
2.950000000000000000e+02 8.040989539108213124e-01 8.171314675126755134e-01 8.934834289550781961e+00
2.960000000000000000e+02 8.260461377870661481e-01 7.975766111485534937e-01 8.975765037536621804e+00
2.970000000000000000e+02 8.069562824327765060e-01 8.181501309974460456e-01 8.935432243347168679e+00
2.980000000000000000e+02 8.262595066978986047e-01 7.965287762933433990e-01 8.974945831298828836e+00
2.990000000000000000e+02 8.090325059913140437e-01 8.197396593279282495e-01 8.932493591308594105e+00
3.000000000000000000e+02 8.267824095416510533e-01 7.972609888809293333e-01 8.975615882873535512e+00
3.010000000000000000e+02 8.065022211782941763e-01 8.205466604560571753e-01 8.933082962036133168e+00
3.020000000000000000e+02 8.250372088238218105e-01 7.975427418293601356e-01 8.975959205627439985e+00
3.030000000000000000e+02 8.050293461346786916e-01 8.173906892780826716e-01 8.933913421630858664e+00
3.040000000000000000e+02 8.264620528105809383e-01 7.984731466127713562e-01 8.974322319030761719e+00
3.050000000000000000e+02 8.065959082168475680e-01 8.183814418429106174e-01 8.934733581542969816e+00
3.060000000000000000e+02 8.261303576967539142e-01 7.981865209224544566e-01 8.975710105895995383e+00
3.070000000000000000e+02 8.048936993655768646e-01 8.199893298424876242e-01 8.937800025939941051e+00
3.080000000000000000e+02 8.276932608870026797e-01 7.988875080415056562e-01 8.974292182922363637e+00
3.090000000000000000e+02 8.044121604478746690e-01 8.193940921552775869e-01 8.940692710876465554e+00
3.100000000000000000e+02 8.251319105226345707e-01 7.980343623155301547e-01 8.974156570434569602e+00
3.110000000000000000e+02 8.055534042063887679e-01 8.221968049515757659e-01 8.941425704956053266e+00
3.120000000000000000e+02 8.246565834388519534e-01 7.990135366865724897e-01 8.971859169006346946e+00
3.130000000000000000e+02 8.056636720526519913e-01 8.217587902534935207e-01 8.940780830383300071e+00
3.140000000000000000e+02 8.251096854052439866e-01 8.013389149208567375e-01 8.973503494262695668e+00
3.150000000000000000e+02 8.017647833129707413e-01 8.218037096047879908e-01 8.939065742492674715e+00
3.160000000000000000e+02 8.251400364223094863e-01 8.007508331534372026e-01 8.973768043518065340e+00
3.170000000000000000e+02 8.040723246139803715e-01 8.229524467785704900e-01 8.939512252807617188e+00
3.180000000000000000e+02 8.237148342256490618e-01 8.041333370219185817e-01 8.974368476867676137e+00
3.190000000000000000e+02 8.054588681615901802e-01 8.222811618921449517e-01 8.940468406677245738e+00
3.200000000000000000e+02 8.246112145381605529e-01 8.030539494803012879e-01 8.973173713684083452e+00
3.210000000000000000e+02 8.031549867666261111e-01 8.211549762201519886e-01 8.941401290893555398e+00
3.220000000000000000e+02 8.226501297074900743e-01 8.012979744229008494e-01 8.972323036193847301e+00
3.230000000000000000e+02 8.036594627314889161e-01 8.216353297255358790e-01 8.941627120971679332e+00
3.240000000000000000e+02 8.234204110971047319e-01 8.014035956668208449e-01 8.973545074462890625e+00
3.250000000000000000e+02 8.031607869028819513e-01 8.229042448446707292e-01 8.942956352233887074e+00
3.260000000000000000e+02 8.226610899124024989e-01 8.048719982225169822e-01 8.974021530151368609e+00
3.270000000000000000e+02 8.043641363704919778e-01 8.260751143159378307e-01 8.944578552246092329e+00
3.280000000000000000e+02 8.223620645896555503e-01 8.052686461256838291e-01 8.971430015563964133e+00
3.290000000000000000e+02 8.023207747711643689e-01 8.232579995075575141e-01 8.946862983703613992e+00
3.300000000000000000e+02 8.230845509832624973e-01 8.036469867163140712e-01 8.970582008361816406e+00
3.310000000000000000e+02 8.023124750921812876e-01 8.226003891067306117e-01 8.947605514526367543e+00
3.320000000000000000e+02 8.229560482417287437e-01 8.047328450951554135e-01 8.969229316711425426e+00
3.330000000000000000e+02 8.014941091488078095e-01 8.234955892933980559e-01 8.948754310607910156e+00
3.340000000000000000e+02 8.222391668825858035e-01 8.050832309546924748e-01 8.969908142089844105e+00
3.350000000000000000e+02 8.027752656319464553e-01 8.248757672768134430e-01 8.950615119934081321e+00
3.360000000000000000e+02 8.224688859360094195e-01 8.057816463838693988e-01 8.968714141845703480e+00
3.370000000000000000e+02 8.022602991238413361e-01 8.240714155942635566e-01 8.951186561584471235e+00
3.380000000000000000e+02 8.198057849018665078e-01 8.066602064311958475e-01 8.967688751220704191e+00
3.390000000000000000e+02 8.019975329410727882e-01 8.261932928871705828e-01 8.950306701660156961e+00
3.400000000000000000e+02 8.224126736658086134e-01 8.077155266103979159e-01 8.965360832214354758e+00
3.410000000000000000e+02 8.023480390546720020e-01 8.249877304030129865e-01 8.952922821044921875e+00
3.420000000000000000e+02 8.208170444085736150e-01 8.054873501954745718e-01 8.965728759765625000e+00
3.430000000000000000e+02 8.027251778093558165e-01 8.276933265804258255e-01 8.953306198120117188e+00
3.440000000000000000e+02 8.231993769946731598e-01 8.061608881139651350e-01 8.965756416320800781e+00
3.450000000000000000e+02 8.015518597886490682e-01 8.251240521269850303e-01 8.950491905212402344e+00
3.460000000000000000e+02 8.214937761411795769e-01 8.049304956663355659e-01 8.967921638488768110e+00
3.470000000000000000e+02 8.007551097550681396e-01 8.256262536421896669e-01 8.949137878417968039e+00
3.480000000000000000e+02 8.224747253004666137e-01 8.054419068484399702e-01 8.968950653076172230e+00
3.490000000000000000e+02 8.031620334282838503e-01 8.241944559936538184e-01 8.947873497009277699e+00
3.500000000000000000e+02 8.239806363610977513e-01 8.052620971318956711e-01 8.968758010864258168e+00
3.510000000000000000e+02 8.019538442124630739e-01 8.275601888242054560e-01 8.946553802490234020e+00
3.520000000000000000e+02 8.233690307318971557e-01 8.070843045047617625e-01 8.967370605468749645e+00
3.530000000000000000e+02 8.031252628865319654e-01 8.269078505452748251e-01 8.946757316589357245e+00
3.540000000000000000e+02 8.219735802799001956e-01 8.068691745785137037e-01 8.967606163024901988e+00
3.550000000000000000e+02 8.013434207660895536e-01 8.287370052782916385e-01 8.947091484069824574e+00
3.560000000000000000e+02 8.229291975064257914e-01 8.056755876526268123e-01 8.969210052490234730e+00
3.570000000000000000e+02 8.008930958475850570e-01 8.263237199840073322e-01 8.947590637207030184e+00
3.580000000000000000e+02 8.222272310299352238e-01 8.068102257768583474e-01 8.967502975463867543e+00
3.590000000000000000e+02 8.008721299948646788e-01 8.259819256403446719e-01 8.947978782653807528e+00
3.600000000000000000e+02 8.200131776686911955e-01 8.065953431251787764e-01 8.968196296691893110e+00
3.610000000000000000e+02 8.015750470290584628e-01 8.257082139050656577e-01 8.948047256469726207e+00
3.620000000000000000e+02 8.192638556243171388e-01 8.064075474697104395e-01 8.965044975280761719e+00
3.630000000000000000e+02 8.005113518690397667e-01 8.273826900932884643e-01 8.947222137451172230e+00
3.640000000000000000e+02 8.204083439293985425e-01 8.084882216483423312e-01 8.962374305725097301e+00
3.650000000000000000e+02 8.007724382745432523e-01 8.276386569690805661e-01 8.949480819702149148e+00
3.660000000000000000e+02 8.204752896998660505e-01 8.040946226469257718e-01 8.961499404907225852e+00
3.670000000000000000e+02 8.013463778267990723e-01 8.272445235618944848e-01 8.945802879333495383e+00
3.680000000000000000e+02 8.218103976555711787e-01 8.066770112552192895e-01 8.962590599060057173e+00
3.690000000000000000e+02 7.998264756668492792e-01 8.276409505453646842e-01 8.947044372558595526e+00
3.700000000000000000e+02 8.220672176476881976e-01 8.080628409472433438e-01 8.962891197204589488e+00
3.710000000000000000e+02 7.997098304612043629e-01 8.273006443957323652e-01 8.948031997680663707e+00
3.720000000000000000e+02 8.202383358738150054e-01 8.073149731690066888e-01 8.960735702514648793e+00
3.730000000000000000e+02 7.991663852675527924e-01 8.271360254922753841e-01 8.946870613098145242e+00
3.740000000000000000e+02 8.226164685087125061e-01 8.115216634267918838e-01 8.961645507812498579e+00
3.750000000000000000e+02 8.006559758707689767e-01 8.275578808586135926e-01 8.948336601257324219e+00
3.760000000000000000e+02 8.213827466491719909e-01 8.078662029854511983e-01 8.961330413818359375e+00
3.770000000000000000e+02 7.990500365354884504e-01 8.251521547531910361e-01 8.947415733337400923e+00
3.780000000000000000e+02 8.203225179141021561e-01 8.076277373753213418e-01 8.961949920654296520e+00
3.790000000000000000e+02 8.001155860726221203e-01 8.266926277058457284e-01 8.947437095642090554e+00
3.800000000000000000e+02 8.206291759072672498e-01 8.060308476304056668e-01 8.961760139465333452e+00
3.810000000000000000e+02 8.030828864616601503e-01 8.256009696442928592e-01 8.948309898376464844e+00
3.820000000000000000e+02 8.212992982700139111e-01 8.070938664524089923e-01 8.962177848815917613e+00
3.830000000000000000e+02 7.999059637400262046e-01 8.280067579489290841e-01 8.946603393554687145e+00
3.840000000000000000e+02 8.231153650654809972e-01 8.061483708251488967e-01 8.963957405090331676e+00
3.850000000000000000e+02 8.014364036516493650e-01 8.271779728134753817e-01 8.946282958984374645e+00
3.860000000000000000e+02 8.222677026541016509e-01 8.072459910224893953e-01 8.962924385070801137e+00
3.870000000000000000e+02 8.020090128493410075e-01 8.254562999053129957e-01 8.947134971618652344e+00
3.880000000000000000e+02 8.180556973504373719e-01 8.047097364388458018e-01 8.961518096923828836e+00
3.890000000000000000e+02 7.989461230107343104e-01 8.260473547450899456e-01 8.948482131958009234e+00
3.900000000000000000e+02 8.198868460347278342e-01 8.077974989628861069e-01 8.963710975646971946e+00
3.910000000000000000e+02 8.018429504724948753e-01 8.270790881529251903e-01 8.949246406555175781e+00
3.920000000000000000e+02 8.197455275432714572e-01 8.050760002740844357e-01 8.965282058715819957e+00
3.930000000000000000e+02 7.987093630855560678e-01 8.254255240869544652e-01 8.948179244995117188e+00
3.940000000000000000e+02 8.195120338752593936e-01 8.058311899716239513e-01 8.965219306945801492e+00
3.950000000000000000e+02 7.987858997969066177e-01 8.259370063209393598e-01 8.948866844177246094e+00
3.960000000000000000e+02 8.193036541805441830e-01 8.054730961937934808e-01 8.966071510314941762e+00
3.970000000000000000e+02 8.018576779786176223e-01 8.265991822962214242e-01 8.948591423034667258e+00
3.980000000000000000e+02 8.228597184135598708e-01 8.056595040811443953e-01 8.966678619384765625e+00
