0.000000000000000000e+00 2.623089513296564951e-02 2.354798435531893497e-02 6.045180034637451350e+00
1.000000000000000000e+00 2.361258513242656468e-02 2.557093610797295941e-02 5.982866859436034801e+00
2.000000000000000000e+00 3.123114189821129746e-02 2.464986228105389698e-02 6.223460006713867010e+00
3.000000000000000000e+00 2.880245377226282877e-02 2.968130149084223859e-02 6.170473384857177557e+00
4.000000000000000000e+00 3.639125577050455335e-02 2.986267115449247819e-02 6.385073471069335760e+00
5.000000000000000000e+00 3.480442563048102150e-02 3.875819457640290733e-02 6.338000106811523260e+00
6.000000000000000000e+00 4.543542049334770017e-02 3.669940242090698884e-02 6.528679943084716442e+00
7.000000000000000000e+00 4.154533094721898218e-02 4.649811806611106602e-02 6.482940006256104226e+00
8.000000000000000000e+00 5.157069749736967884e-02 4.386946216573361229e-02 6.655240058898925781e+00
9.000000000000000000e+00 5.027239989789555191e-02 5.503945014861323648e-02 6.611326694488525391e+00
1.000000000000000000e+01 6.247103404036179197e-02 5.466610007946575561e-02 6.767226791381835582e+00
1.100000000000000000e+01 5.924802257276361173e-02 6.496034316526297370e-02 6.725886631011961825e+00
1.200000000000000000e+01 7.151950105336483954e-02 6.190909048041813578e-02 6.870366668701171520e+00
1.300000000000000000e+01 6.673471138790053325e-02 7.370091814476738279e-02 6.828613471984863459e+00
1.400000000000000000e+01 8.103398929248888105e-02 7.174966651143988017e-02 6.962839984893799183e+00
1.500000000000000000e+01 7.639119869367909377e-02 8.308877158249300399e-02 6.920700073242187500e+00
1.600000000000000000e+01 8.815401096361502598e-02 7.951277703704176525e-02 7.050906848907470881e+00
1.700000000000000000e+01 8.582542015303369631e-02 9.336332478859329931e-02 7.006060123443603516e+00
1.800000000000000000e+01 9.870326506187653004e-02 8.875300125962126696e-02 7.130686759948730469e+00
1.900000000000000000e+01 9.284154153441227797e-02 1.031350073284930252e-01 7.088553428649901456e+00
2.000000000000000000e+01 1.061699392216961108e-01 9.924622504661261002e-02 7.204486751556396840e+00
2.100000000000000000e+01 1.022101027567623721e-01 1.138101080950711802e-01 7.169260025024413174e+00
2.200000000000000000e+01 1.160526933713497966e-01 1.085380922893445510e-01 7.272140026092529297e+00
2.300000000000000000e+01 1.106647217299087105e-01 1.222185615214793075e-01 7.240193367004394531e+00
2.400000000000000000e+01 1.258490438126884103e-01 1.155728803580809566e-01 7.339320182800292969e+00
2.500000000000000000e+01 1.181968639922489211e-01 1.303273320282656023e-01 7.304139995574951527e+00
2.600000000000000000e+01 1.335115917091409254e-01 1.266789885774936286e-01 7.403480052947998047e+00
2.700000000000000000e+01 1.275297681296956032e-01 1.429677695792912484e-01 7.366153335571288707e+00
2.800000000000000000e+01 1.431282076158570116e-01 1.368065348940092907e-01 7.461326694488525035e+00
2.900000000000000000e+01 1.366172259285106660e-01 1.506415215637033067e-01 7.429920101165770951e+00
3.000000000000000000e+01 1.527632825959485685e-01 1.448216079103895604e-01 7.524366664886474432e+00
3.100000000000000000e+01 1.466863470092093780e-01 1.611603802765738946e-01 7.489913272857665838e+00
3.200000000000000000e+01 1.636044242329539045e-01 1.539896058676808177e-01 7.581526756286621094e+00
3.300000000000000000e+01 1.551124297960003728e-01 1.699349993497491496e-01 7.544666767120360440e+00
3.400000000000000000e+01 1.709516142072173284e-01 1.598533780111877356e-01 7.636620044708251953e+00
3.500000000000000000e+01 1.622381852449176209e-01 1.754141501745692944e-01 7.589580059051514560e+00
3.600000000000000000e+01 1.794955761253904380e-01 1.694598273810232203e-01 7.684673500061035334e+00
3.700000000000000000e+01 1.720009622281809258e-01 1.840218490622473058e-01 7.635520076751708629e+00
3.800000000000000000e+01 1.861995238208576375e-01 1.767521011588272795e-01 7.729473400115967507e+00
3.900000000000000000e+01 1.794243170191420766e-01 1.932524728681390969e-01 7.673900032043456498e+00
4.000000000000000000e+01 1.923069360351438162e-01 1.845723132642651809e-01 7.765793418884277877e+00
4.100000000000000000e+01 1.841617642660208221e-01 2.010072892351295326e-01 7.717900085449219461e+00
4.200000000000000000e+01 1.984010085047860639e-01 1.942766158156201406e-01 7.805893421173095703e+00
4.300000000000000000e+01 1.918928326131411344e-01 2.099107968387454448e-01 7.762653446197509410e+00
4.400000000000000000e+01 2.049740768196860186e-01 2.011721895948557493e-01 7.832986831665039062e+00
4.500000000000000000e+01 1.953014484137474138e-01 2.156921269303254118e-01 7.801460170745849965e+00
4.600000000000000000e+01 2.108762966392488669e-01 2.085661069116674371e-01 7.859993457794189453e+00
4.700000000000000000e+01 2.026106547282018611e-01 2.249179164773202622e-01 7.839720153808594105e+00
4.800000000000000000e+01 2.184742977069008829e-01 2.157343557954299051e-01 7.895926761627196200e+00
4.900000000000000000e+01 2.108448802669905808e-01 2.305490499292950912e-01 7.869519996643065340e+00
5.000000000000000000e+01 2.259412953847234895e-01 2.222471746304967577e-01 7.926213455200195490e+00
5.100000000000000000e+01 2.136825034005782054e-01 2.394623027823025996e-01 7.905406761169434304e+00
5.200000000000000000e+01 2.313447020369037710e-01 2.279228949457104969e-01 7.957860088348388317e+00
5.300000000000000000e+01 2.211391079060830711e-01 2.429178155746900547e-01 7.934966754913330256e+00
5.400000000000000000e+01 2.376820035260877872e-01 2.318547452562297606e-01 7.984420108795165838e+00
5.500000000000000000e+01 2.244602834546228221e-01 2.487095746233588256e-01 7.958073329925537287e+00
5.600000000000000000e+01 2.402161723575267915e-01 2.372920490394071491e-01 8.008006763458251243e+00
5.700000000000000000e+01 2.301557143648171044e-01 2.523434597978900795e-01 7.979833507537842152e+00
5.800000000000000000e+01 2.448292022411607816e-01 2.441048811470422353e-01 8.032700157165528765e+00
5.900000000000000000e+01 2.344425835266692737e-01 2.590567730536703639e-01 8.003993606567384234e+00
6.000000000000000000e+01 2.481486200134135067e-01 2.472566423657617252e-01 8.047293376922608488e+00
6.100000000000000000e+01 2.384698671865629616e-01 2.625873242973382760e-01 8.019826698303223367e+00
6.200000000000000000e+01 2.554196851856356254e-01 2.515492064544347928e-01 8.072160148620605824e+00
6.300000000000000000e+01 2.428306069853590765e-01 2.658633061901967687e-01 8.037433338165284269e+00
6.400000000000000000e+01 2.594145264032713394e-01 2.566670652101583072e-01 8.091306877136229758e+00
6.500000000000000000e+01 2.479296128683278200e-01 2.737313212360545922e-01 8.058060073852539418e+00
6.600000000000000000e+01 2.647882508524952994e-01 2.617607508136212680e-01 8.114060020446776988e+00
6.700000000000000000e+01 2.528236458697161737e-01 2.764823442980498536e-01 8.080213356018067117e+00
6.800000000000000000e+01 2.681878842257425788e-01 2.668829443215797181e-01 8.135233497619630327e+00
6.900000000000000000e+01 2.589901479736364531e-01 2.790726312058288139e-01 8.097066879272460938e+00
7.000000000000000000e+01 2.735769743027700041e-01 2.676253171332692582e-01 8.157100296020507457e+00
7.100000000000000000e+01 2.625404983292502492e-01 2.816105776150374940e-01 8.104080200195312500e+00
7.200000000000000000e+01 2.780631893179588143e-01 2.710078659631792175e-01 8.170560264587402699e+00
7.300000000000000000e+01 2.653771446180028803e-01 2.855716448245250727e-01 8.118773460388183594e+00
7.400000000000000000e+01 2.809620793037150843e-01 2.750679799063550091e-01 8.189173316955566051e+00
7.500000000000000000e+01 2.716849652105258195e-01 2.898488991897881784e-01 8.134573364257812855e+00
7.600000000000000000e+01 2.868412622515565391e-01 2.786762006596951724e-01 8.205020141601561789e+00
7.700000000000000000e+01 2.756295277170923153e-01 2.909802212672821242e-01 8.144720268249511008e+00
7.800000000000000000e+01 2.918717675568708869e-01 2.787180386070218785e-01 8.224533462524414418e+00
7.900000000000000000e+01 2.779505926096724200e-01 2.959910088554364438e-01 8.155033302307129972e+00
8.000000000000000000e+01 2.942959907980956524e-01 2.824270111514838866e-01 8.240280151367187500e+00
8.100000000000000000e+01 2.816400852102192709e-01 2.988923444964753373e-01 8.169759941101073508e+00
8.200000000000000000e+01 2.971544438735014837e-01 2.869567754718674868e-01 8.250953674316406250e+00
8.300000000000000000e+01 2.829524778873587221e-01 3.025290748827536569e-01 8.191233444213867898e+00
8.400000000000000000e+01 2.998108016655378072e-01 2.912411565098243504e-01 8.266866683959960938e+00
8.500000000000000000e+01 2.867760071413392176e-01 3.061900453476033013e-01 8.197566795349121804e+00
8.600000000000000000e+01 3.031160601839808511e-01 2.924503724979735653e-01 8.276500129699707387e+00
8.700000000000000000e+01 2.913273610606362252e-01 3.079352560498202496e-01 8.206826782226562145e+00
8.800000000000000000e+01 3.073269184172673363e-01 2.961225984439246894e-01 8.290479850769042258e+00
8.900000000000000000e+01 2.937066817958381426e-01 3.103123303394737520e-01 8.215066719055176492e+00
9.000000000000000000e+01 3.103790492234378418e-01 2.962302860680280925e-01 8.302386856079101207e+00
9.100000000000000000e+01 2.972841874733070933e-01 3.132282791131945632e-01 8.219333457946778054e+00
9.200000000000000000e+01 3.114347728696051365e-01 3.004572243926258990e-01 8.312153434753417613e+00
9.300000000000000000e+01 2.984626466505523323e-01 3.155457600125287088e-01 8.234500122070311789e+00
9.400000000000000000e+01 3.120125307182333163e-01 3.024712871225737620e-01 8.318953514099121094e+00
9.500000000000000000e+01 3.011100209708825748e-01 3.183539155669837806e-01 8.241753387451170809e+00
9.600000000000000000e+01 3.146792528994253324e-01 3.066891227619585325e-01 8.328806686401367898e+00
9.700000000000000000e+01 2.985466014040812355e-01 3.217457818483532295e-01 8.259866523742674715e+00
9.800000000000000000e+01 3.169208812658856900e-01 3.075376120526713275e-01 8.332926940917968039e+00
9.900000000000000000e+01 3.034339435558426334e-01 3.238019071241564073e-01 8.268446731567381747e+00
1.000000000000000000e+02 3.191905270213498125e-01 3.096076839276307724e-01 8.341920089721678977e+00
1.010000000000000000e+02 3.057733490438086510e-01 3.247925537645076632e-01 8.275413513183593750e+00
1.020000000000000000e+02 3.210158421365182368e-01 3.110989072436385894e-01 8.351420211791992898e+00
1.030000000000000000e+02 3.064718782521148599e-01 3.259557787623977854e-01 8.280660057067871449e+00
1.040000000000000000e+02 3.226067451301353750e-01 3.128879548315732784e-01 8.358073043823242898e+00
1.050000000000000000e+02 3.084857397074229346e-01 3.271580998386719452e-01 8.288480186462402699e+00
1.060000000000000000e+02 3.250041862474203902e-01 3.125610444876387728e-01 8.363053321838378906e+00
1.070000000000000000e+02 3.113735630613097549e-01 3.300008396750256368e-01 8.288393402099609730e+00
1.080000000000000000e+02 3.259680787936976576e-01 3.164820384393577934e-01 8.370486831665038707e+00
1.090000000000000000e+02 3.123138375254299604e-01 3.324365804007101133e-01 8.299413490295409090e+00
1.100000000000000000e+02 3.268967773823407419e-01 3.203741219344481972e-01 8.374113273620604758e+00
1.110000000000000000e+02 3.110255380119857915e-01 3.353044446806479617e-01 8.309439849853516691e+00
1.120000000000000000e+02 3.271166507378185928e-01 3.214601729503208105e-01 8.376060104370116832e+00
1.130000000000000000e+02 3.143905377761122555e-01 3.344916629362061911e-01 8.316913223266601207e+00
1.140000000000000000e+02 3.293681653849477864e-01 3.210937059132156213e-01 8.386466789245604403e+00
1.150000000000000000e+02 3.149518275189311378e-01 3.365139032356446180e-01 8.319406890869139204e+00
1.160000000000000000e+02 3.278214751520089898e-01 3.232082416279038473e-01 8.382480239868165484e+00
1.170000000000000000e+02 3.135272464554487715e-01 3.365672660291437190e-01 8.324653434753418679e+00
1.180000000000000000e+02 3.298200127356840650e-01 3.234757211697312229e-01 8.383766746520995738e+00
1.190000000000000000e+02 3.153265660997777164e-01 3.393533180910410785e-01 8.328340148925780895e+00
1.200000000000000000e+02 3.288376187016591179e-01 3.262207821685343956e-01 8.386746788024902699e+00
1.210000000000000000e+02 3.140947043723135712e-01 3.413280671926189891e-01 8.334666824340819957e+00
1.220000000000000000e+02 3.287916083381333676e-01 3.286489835370480228e-01 8.384640121459961293e+00
1.230000000000000000e+02 3.163290269323575377e-01 3.420965633173803644e-01 8.340440177917480824e+00
1.240000000000000000e+02 3.318719408099859991e-01 3.298326011773195510e-01 8.390880012512205610e+00
1.250000000000000000e+02 3.191105839186886839e-01 3.416193053859951645e-01 8.342733573913573508e+00
1.260000000000000000e+02 3.317894683395486988e-01 3.291471231871152536e-01 8.393993377685546875e+00
1.270000000000000000e+02 3.210212247862237467e-01 3.447493215858269955e-01 8.341620063781737926e+00
1.280000000000000000e+02 3.348039369756701245e-01 3.319868566737266824e-01 8.397506904602050071e+00
1.290000000000000000e+02 3.198853159828278780e-01 3.441642364077455718e-01 8.341520309448242188e+00
1.300000000000000000e+02 3.351732463198340284e-01 3.301370446978396100e-01 8.394053268432617898e+00
1.310000000000000000e+02 3.194666254868457345e-01 3.449675710212793955e-01 8.341519927978515270e+00
1.320000000000000000e+02 3.344145209265017571e-01 3.312977160093237838e-01 8.388999938964843750e+00
1.330000000000000000e+02 3.221130075983994479e-01 3.453481529559951357e-01 8.344573593139648082e+00
1.340000000000000000e+02 3.355783414549570187e-01 3.328665028993857966e-01 8.395426750183105469e+00
1.350000000000000000e+02 3.229699044975850031e-01 3.472539602296303429e-01 8.350306892395019887e+00
1.360000000000000000e+02 3.365680953350572158e-01 3.324558998403567833e-01 8.401386833190917613e+00
1.370000000000000000e+02 3.232837343106176875e-01 3.474328911436784795e-01 8.347399902343751066e+00
1.380000000000000000e+02 3.374509148602384268e-01 3.330296196968858258e-01 8.404540061950683594e+00
1.390000000000000000e+02 3.247197860437379680e-01 3.462347796997419236e-01 8.349553489685057173e+00
1.400000000000000000e+02 3.395380051614739769e-01 3.333304580957138219e-01 8.408633613586426137e+00
1.410000000000000000e+02 3.271021768487306636e-01 3.446200908808170205e-01 8.346146774291993253e+00
1.420000000000000000e+02 3.393331523527273186e-01 3.300830348934388203e-01 8.421386909484862571e+00
1.430000000000000000e+02 3.261243657564947274e-01 3.474061664446121966e-01 8.348846817016601918e+00
1.440000000000000000e+02 3.422720987116175118e-01 3.329809449613641004e-01 8.426140213012695668e+00
1.450000000000000000e+02 3.276083733616427796e-01 3.487737407970833980e-01 8.353080177307129262e+00
1.460000000000000000e+02 3.413302084248642232e-01 3.351099286680998546e-01 8.426126861572265980e+00
1.470000000000000000e+02 3.278792071469577296e-01 3.481043716378404151e-01 8.356533432006836293e+00
1.480000000000000000e+02 3.410589726105217045e-01 3.341405176469643967e-01 8.427080154418945312e+00
1.490000000000000000e+02 3.262869519544057129e-01 3.493402496355027531e-01 8.359506797790526633e+00
1.500000000000000000e+02 3.408469118723537750e-01 3.357986590370439228e-01 8.424946975708007102e+00
1.510000000000000000e+02 3.257051405391672705e-01 3.507856846578999432e-01 8.368893432617186434e+00
1.520000000000000000e+02 3.414986793940291698e-01 3.356667974086594008e-01 8.428673171997070668e+00
1.530000000000000000e+02 3.277827238033387269e-01 3.497836001719388799e-01 8.368600082397460227e+00
1.540000000000000000e+02 3.396844768468116893e-01 3.380662586686420390e-01 8.435006904602051492e+00
1.550000000000000000e+02 3.280621206801404566e-01 3.501949570752938556e-01 8.378506851196290128e+00
1.560000000000000000e+02 3.427174598759091806e-01 3.353133025610219864e-01 8.434966659545898082e+00
1.570000000000000000e+02 3.287371733991140133e-01 3.515505292204278986e-01 8.373260116577148082e+00
1.580000000000000000e+02 3.447428806495868581e-01 3.375194512683580284e-01 8.438900375366211293e+00
1.590000000000000000e+02 3.309245629802485267e-01 3.526914957682649177e-01 8.379286766052246094e+00
1.600000000000000000e+02 3.451501680666366201e-01 3.387336619127290782e-01 8.447273445129393821e+00
1.610000000000000000e+02 3.320673442372479300e-01 3.508284305695423266e-01 8.379506874084473367e+00
1.620000000000000000e+02 3.456389835565522595e-01 3.367638239660420973e-01 8.446213531494141336e+00
1.630000000000000000e+02 3.325620905738955191e-01 3.513724446223441267e-01 8.372940063476562500e+00
1.640000000000000000e+02 3.451128290521000008e-01 3.352818483791244475e-01 8.449933433532713423e+00
1.650000000000000000e+02 3.339707478454779221e-01 3.495725772828057187e-01 8.372973442077636719e+00
1.660000000000000000e+02 3.466685982870118532e-01 3.368104518300094607e-01 8.458693504333496094e+00
1.670000000000000000e+02 3.322925949413852442e-01 3.517407979495549841e-01 8.373386764526367543e+00
1.680000000000000000e+02 3.456452089076763046e-01 3.358536252439326963e-01 8.459126663208008878e+00
1.690000000000000000e+02 3.340113818337667184e-01 3.496134777256296178e-01 8.370240211486816406e+00
1.700000000000000000e+02 3.476667252616524317e-01 3.365134436430442522e-01 8.456999969482422941e+00
1.710000000000000000e+02 3.356640000851783268e-01 3.519319753388964744e-01 8.372120094299317472e+00
1.720000000000000000e+02 3.496720322197162112e-01 3.371557755300101378e-01 8.459040069580076704e+00
1.730000000000000000e+02 3.326321252904594350e-01 3.513848119151209981e-01 8.372133636474607954e+00
1.740000000000000000e+02 3.486846919753881502e-01 3.366187160897518016e-01 8.456546783447265625e+00
1.750000000000000000e+02 3.348772215222822757e-01 3.507108097505586830e-01 8.373053550720214844e+00
1.760000000000000000e+02 3.504796583618741135e-01 3.377707774154423692e-01 8.459040069580078480e+00
1.770000000000000000e+02 3.361958898110262717e-01 3.522627977069215377e-01 8.376420021057128906e+00
1.780000000000000000e+02 3.510283320969082022e-01 3.361889328305939784e-01 8.458713531494140625e+00
1.790000000000000000e+02 3.362046668591767706e-01 3.485393419868699216e-01 8.372473526000977273e+00
1.800000000000000000e+02 3.512331104204815535e-01 3.367899256977374134e-01 8.461246871948240766e+00
1.810000000000000000e+02 3.384223364437757842e-01 3.500183513719876682e-01 8.367680168151856890e+00
1.820000000000000000e+02 3.555564102101658186e-01 3.359317043881715481e-01 8.464273262023926492e+00
1.830000000000000000e+02 3.414540092096440271e-01 3.517865924843636694e-01 8.370599937438964133e+00
1.840000000000000000e+02 3.539594168065480217e-01 3.358998503226260368e-01 8.473440170288085938e+00
1.850000000000000000e+02 3.407072695486236258e-01 3.496511052728261126e-01 8.371940040588379262e+00
1.860000000000000000e+02 3.536439450583562794e-01 3.358509234208227889e-01 8.472733497619628906e+00
1.870000000000000000e+02 3.406583813619335488e-01 3.514817344365849250e-01 8.376053428649901988e+00
1.880000000000000000e+02 3.572235011116422498e-01 3.371731556494625415e-01 8.476393318176269176e+00
1.890000000000000000e+02 3.408005177367072758e-01 3.521697871617168185e-01 8.377573394775390980e+00
1.900000000000000000e+02 3.536010837307962951e-01 3.390988275737740199e-01 8.475846672058105824e+00
1.910000000000000000e+02 3.393883531422859923e-01 3.523098269113879022e-01 8.381913566589355824e+00
1.920000000000000000e+02 3.526438861496782318e-01 3.385566793295854970e-01 8.469113349914550781e+00
1.930000000000000000e+02 3.394440656121427424e-01 3.532344477302320485e-01 8.379826736450194602e+00
1.940000000000000000e+02 3.531646975767622210e-01 3.375557722129828297e-01 8.471000099182129262e+00
1.950000000000000000e+02 3.380790728248352361e-01 3.541277918047158746e-01 8.383540153503417969e+00
1.960000000000000000e+02 3.536561086579292357e-01 3.395905808163513506e-01 8.472320365905762429e+00
1.970000000000000000e+02 3.391717889268403563e-01 3.528163581472780197e-01 8.382173538208007812e+00
1.980000000000000000e+02 3.539825067221709087e-01 3.391067068004453011e-01 8.470406723022460227e+00
1.990000000000000000e+02 3.386109930999877671e-01 3.524187839457472715e-01 8.374473190307616832e+00
2.000000000000000000e+02 3.517813617390769254e-01 3.389007136442065415e-01 8.469820213317870383e+00
2.010000000000000000e+02 3.393206830407136110e-01 3.544935712072398992e-01 8.373959922790527699e+00
2.020000000000000000e+02 3.522292847845082120e-01 3.391347374168358630e-01 8.467633438110350852e+00
2.030000000000000000e+02 3.385601034651920527e-01 3.522807525046908195e-01 8.379326820373535156e+00
2.040000000000000000e+02 3.542959615103699611e-01 3.373847394047322368e-01 8.470140075683593395e+00
2.050000000000000000e+02 3.406364535518389691e-01 3.535365453816253778e-01 8.377833557128905539e+00
2.060000000000000000e+02 3.551838330767148610e-01 3.376174218246735248e-01 8.470480155944823508e+00
2.070000000000000000e+02 3.403007454453139125e-01 3.533851012815674708e-01 8.377219772338866832e+00
2.080000000000000000e+02 3.546956005470836559e-01 3.392777099194784207e-01 8.473760223388671520e+00
2.090000000000000000e+02 3.401178068703288315e-01 3.556592624018271587e-01 8.375600051879883878e+00
2.100000000000000000e+02 3.537046630764458244e-01 3.409097262530289552e-01 8.472160148620604403e+00
2.110000000000000000e+02 3.385406181057453168e-01 3.545137644296537660e-01 8.384506797790526988e+00
2.120000000000000000e+02 3.533590955102635656e-01 3.400588809191547046e-01 8.470686912536621094e+00
2.130000000000000000e+02 3.397214456554777939e-01 3.550925230750575645e-01 8.384293174743651988e+00
2.140000000000000000e+02 3.559447134561656290e-01 3.392607381051679916e-01 8.470026779174803622e+00
2.150000000000000000e+02 3.399724779478995873e-01 3.542368214994084941e-01 8.387913322448730113e+00
2.160000000000000000e+02 3.559524906639147668e-01 3.391403173012304539e-01 8.470900154113769176e+00
2.170000000000000000e+02 3.420163340472799907e-01 3.532522852169895922e-01 8.382846450805663707e+00
2.180000000000000000e+02 3.566608981694815439e-01 3.410106951242353746e-01 8.475373649597166548e+00
2.190000000000000000e+02 3.421094629424423772e-01 3.524903793790045703e-01 8.388440132141113281e+00
2.200000000000000000e+02 3.572183461810909400e-01 3.393261071897728520e-01 8.480220031738282316e+00
2.210000000000000000e+02 3.433013638859255257e-01 3.541381250826547977e-01 8.387426757812500355e+00
2.220000000000000000e+02 3.580480393118023463e-01 3.406034017628732924e-01 8.486966705322265270e+00
2.230000000000000000e+02 3.451777343820865429e-01 3.558349951599352190e-01 8.390326881408691762e+00
2.240000000000000000e+02 3.578029603834352868e-01 3.392798141256014310e-01 8.486059951782227273e+00
2.250000000000000000e+02 3.453429288962600596e-01 3.542952371065613559e-01 8.390913391113281605e+00
2.260000000000000000e+02 3.586470148519512180e-01 3.405781451075968191e-01 8.493640136718749289e+00
2.270000000000000000e+02 3.435966471540592981e-01 3.548078928393424425e-01 8.395779991149902699e+00
2.280000000000000000e+02 3.592195371866691578e-01 3.412449903236099980e-01 8.494253349304198508e+00
2.290000000000000000e+02 3.424663384521673959e-01 3.565207476752692561e-01 8.394433403015137074e+00
2.300000000000000000e+02 3.586322644086539224e-01 3.405292170159472387e-01 8.494340133666991477e+00
2.310000000000000000e+02 3.438029881599402038e-01 3.575267441396755563e-01 8.396353340148925426e+00
2.320000000000000000e+02 3.575324320293853386e-01 3.433977774717197340e-01 8.500706863403321378e+00
2.330000000000000000e+02 3.422678225871193525e-01 3.563180451997240983e-01 8.401473426818848012e+00
2.340000000000000000e+02 3.577273498109646566e-01 3.430087524706045832e-01 8.495940017700194247e+00
2.350000000000000000e+02 3.437998069118693989e-01 3.585027563775088355e-01 8.401533508300781605e+00
2.360000000000000000e+02 3.584891211425357826e-01 3.463074627253055482e-01 8.494760322570801492e+00
2.370000000000000000e+02 3.422750863949939881e-01 3.585833886590215069e-01 8.404753303527831676e+00
2.380000000000000000e+02 3.570971351805469207e-01 3.453438821939224246e-01 8.486000061035156250e+00
2.390000000000000000e+02 3.451984833779366268e-01 3.593326523200241485e-01 8.409073448181151988e+00
2.400000000000000000e+02 3.603511156621812539e-01 3.437182641533567118e-01 8.489560127258300781e+00
2.410000000000000000e+02 3.453982814419789271e-01 3.586172426926159118e-01 8.402433776855467329e+00
2.420000000000000000e+02 3.588234774886440714e-01 3.451176913477864705e-01 8.490120315551758168e+00
2.430000000000000000e+02 3.448529269325792956e-01 3.597812637168252836e-01 8.400880050659178977e+00
2.440000000000000000e+02 3.572338899273256874e-01 3.448579532131580971e-01 8.492040252685546520e+00
2.450000000000000000e+02 3.445726179761660624e-01 3.598133378321541342e-01 8.408173370361327059e+00
2.460000000000000000e+02 3.586375343922870162e-01 3.464012452832327393e-01 8.490333366394043679e+00
2.470000000000000000e+02 3.433793976936129755e-01 3.605312702135887726e-01 8.407820129394531605e+00
2.480000000000000000e+02 3.583794943614739825e-01 3.436321755464389338e-01 8.488299942016602984e+00
2.490000000000000000e+02 3.421576868151356421e-01 3.585241230374424104e-01 8.405566787719726207e+00
2.500000000000000000e+02 3.564750801753976406e-01 3.432020136365936946e-01 8.486726760864257812e+00
2.510000000000000000e+02 3.415567170444859801e-01 3.569430374172008480e-01 8.408166694641113992e+00
2.520000000000000000e+02 3.589200840848700280e-01 3.434712998250294969e-01 8.485646629333496449e+00
2.530000000000000000e+02 3.421460535735724728e-01 3.585907674099841902e-01 8.403613471984863637e+00
2.540000000000000000e+02 3.565864139682267675e-01 3.452088440425480353e-01 8.483073425292969816e+00
2.550000000000000000e+02 3.413495844373776178e-01 3.567791071313810014e-01 8.411193466186523082e+00
2.560000000000000000e+02 3.563070187517011211e-01 3.437117767538206414e-01 8.482539939880371804e+00
2.570000000000000000e+02 3.422534928306251167e-01 3.568312712973577550e-01 8.407893562316894887e+00
2.580000000000000000e+02 3.563657430975526452e-01 3.453621475195423618e-01 8.481980133056641336e+00
2.590000000000000000e+02 3.422161973403849422e-01 3.585859430636332279e-01 8.404433441162108664e+00
2.600000000000000000e+02 3.574281877101744831e-01 3.444038699405033155e-01 8.485626983642578836e+00
2.610000000000000000e+02 3.436785244196793321e-01 3.583220102541270768e-01 8.402493476867675781e+00
2.620000000000000000e+02 3.587195094866068024e-01 3.434197582920511804e-01 8.484553337097167969e+00
2.630000000000000000e+02 3.426929016533931671e-01 3.571826951857425825e-01 8.399746894836425781e+00
2.640000000000000000e+02 3.569347328932345187e-01 3.443291442384745493e-01 8.485026741027832387e+00
2.650000000000000000e+02 3.425161228573764816e-01 3.582297354837222225e-01 8.405106735229493253e+00
2.660000000000000000e+02 3.569835747081970823e-01 3.440381390249296345e-01 8.482313537597656605e+00
2.670000000000000000e+02 3.408642583414504545e-01 3.607458668299901028e-01 8.406500053405762785e+00
2.680000000000000000e+02 3.553184468072538293e-01 3.449614689689563529e-01 8.483906745910644531e+00
2.690000000000000000e+02 3.432716576262231367e-01 3.600063725772421619e-01 8.410840225219727628e+00
2.700000000000000000e+02 3.571182924644684120e-01 3.468346008868578578e-01 8.485146903991699574e+00
2.710000000000000000e+02 3.415585631946886358e-01 3.608412091577290481e-01 8.411426925659180043e+00
2.720000000000000000e+02 3.564987089346899896e-01 3.480887345895783413e-01 8.484780120849610086e+00
2.730000000000000000e+02 3.410945224047758351e-01 3.637064343221670382e-01 8.416906738281250355e+00
2.740000000000000000e+02 3.557798601592729870e-01 3.494123926834515892e-01 8.474373626708983309e+00
2.750000000000000000e+02 3.415427958720512192e-01 3.644806806597173376e-01 8.419426918029785156e+00
2.760000000000000000e+02 3.543668109876070282e-01 3.494507831801342279e-01 8.473593330383302202e+00
2.770000000000000000e+02 3.408855493456336982e-01 3.645821472850847011e-01 8.420106697082518465e+00
2.780000000000000000e+02 3.543413477923944566e-01 3.491293604972930398e-01 8.475393486022948508e+00
2.790000000000000000e+02 3.393078243155166485e-01 3.601593251291456133e-01 8.418753623962404120e+00
2.800000000000000000e+02 3.533947705585794852e-01 3.485440554507577837e-01 8.477740097045899148e+00
2.810000000000000000e+02 3.409133400041514661e-01 3.639198501700394717e-01 8.421113395690918324e+00
2.820000000000000000e+02 3.543034470541162606e-01 3.486859252459457714e-01 8.482846832275390270e+00
2.830000000000000000e+02 3.408290878785276146e-01 3.611357806933731540e-01 8.421393203735350497e+00
2.840000000000000000e+02 3.548446567917745709e-01 3.474350362175034901e-01 8.480946540832519531e+00
2.850000000000000000e+02 3.409302175894912690e-01 3.620890722797105443e-01 8.420040130615234375e+00
2.860000000000000000e+02 3.548292343105872160e-01 3.476419170250219515e-01 8.483780097961425071e+00
2.870000000000000000e+02 3.414456506393411805e-01 3.606270516255717373e-01 8.422206687927246804e+00
2.880000000000000000e+02 3.536603828064088795e-01 3.463937245015328292e-01 8.483626747131348012e+00
2.890000000000000000e+02 3.423268318538417176e-01 3.590349757239810202e-01 8.417346763610840554e+00
2.900000000000000000e+02 3.562939770361943648e-01 3.450804633244815012e-01 8.486786651611328836e+00
2.910000000000000000e+02 3.414282595116243657e-01 3.600713713719101983e-01 8.411446571350097656e+00
2.920000000000000000e+02 3.562527095234819807e-01 3.456444482996486323e-01 8.482760238647461648e+00
2.930000000000000000e+02 3.387649652558221702e-01 3.611164721751041196e-01 8.412253379821777344e+00
2.940000000000000000e+02 3.547169375877777253e-01 3.460080868825706202e-01 8.486580085754393821e+00
2.950000000000000000e+02 3.414295179025811922e-01 3.585871443941721082e-01 8.408006858825682883e+00
2.960000000000000000e+02 3.536508847092416086e-01 3.448008869811127752e-01 8.489659881591796520e+00
2.970000000000000000e+02 3.399882337256939779e-01 3.586142799457683883e-01 8.409773445129394176e+00
2.980000000000000000e+02 3.528103700176749569e-01 3.450983961498579333e-01 8.492140197753906605e+00
2.990000000000000000e+02 3.412443579597967402e-01 3.592316570365063910e-01 8.410720252990723012e+00
3.000000000000000000e+02 3.562028878985514235e-01 3.453355866604528868e-01 8.490253639221190696e+00
3.010000000000000000e+02 3.431051885585266747e-01 3.582299474432312780e-01 8.410153579711913352e+00
3.020000000000000000e+02 3.576778142002298710e-01 3.438757767467955917e-01 8.495040130615233664e+00
3.030000000000000000e+02 3.447526772748514268e-01 3.589680922678520902e-01 8.404786491394041548e+00
3.040000000000000000e+02 3.568001714021226678e-01 3.442810499793381718e-01 8.500766754150390625e+00
3.050000000000000000e+02 3.434471727819540243e-01 3.584746580096161428e-01 8.403980064392090554e+00
3.060000000000000000e+02 3.574011946429453412e-01 3.444091019063556525e-01 8.503879928588867543e+00
3.070000000000000000e+02 3.458353561883080740e-01 3.589740876609192055e-01 8.403093147277832742e+00
3.080000000000000000e+02 3.595908612008298921e-01 3.469378264029182590e-01 8.501220130920408735e+00
3.090000000000000000e+02 3.440501983268683395e-01 3.600631156172546810e-01 8.405940246582030539e+00
3.100000000000000000e+02 3.564384154966717122e-01 3.451524498401160601e-01 8.499326705932617188e+00
3.110000000000000000e+02 3.444881770683035360e-01 3.599131836366590287e-01 8.407799911499022727e+00
3.120000000000000000e+02 3.566660012102669808e-01 3.451097291534155342e-01 8.495206832885742188e+00
3.130000000000000000e+02 3.436285014578874253e-01 3.612466921451442103e-01 8.406006622314453836e+00
3.140000000000000000e+02 3.571140266517837669e-01 3.477542207514320305e-01 8.490593528747558238e+00
3.150000000000000000e+02 3.441274721480147569e-01 3.601087040082852075e-01 8.409273338317870383e+00
3.160000000000000000e+02 3.581221935107224974e-01 3.466607530297156070e-01 8.492766761779785512e+00
3.170000000000000000e+02 3.423660934184570293e-01 3.600132633814634442e-01 8.406486701965333097e+00
3.180000000000000000e+02 3.542135716579694615e-01 3.466723820727038996e-01 8.484500122070311789e+00
3.190000000000000000e+02 3.427894607458850662e-01 3.597747830115831658e-01 8.411993408203125355e+00
3.200000000000000000e+02 3.559406530319034201e-01 3.453148257391231435e-01 8.483186912536622160e+00
3.210000000000000000e+02 3.427455235562535396e-01 3.600772322407226889e-01 8.402646827697752840e+00
3.220000000000000000e+02 3.540037927753858504e-01 3.465663566729984546e-01 8.480526733398438211e+00
3.230000000000000000e+02 3.404282330092242570e-01 3.594839828793758296e-01 8.405513381958007457e+00
3.240000000000000000e+02 3.570193982884832251e-01 3.459398988192667890e-01 8.474986839294434304e+00
3.250000000000000000e+02 3.412965523999244577e-01 3.608649063650969380e-01 8.407506561279296520e+00
3.260000000000000000e+02 3.557943067564716122e-01 3.465213313438255671e-01 8.476560211181640270e+00
3.270000000000000000e+02 3.406042557767134937e-01 3.621096448571924364e-01 8.412453460693360086e+00
3.280000000000000000e+02 3.556310268910519157e-01 3.473188470410749629e-01 8.476240158081054688e+00
3.290000000000000000e+02 3.423068867792206649e-01 3.599969441131470882e-01 8.415260124206543679e+00
3.300000000000000000e+02 3.570717107234048782e-01 3.464897735228289477e-01 8.482280158996582387e+00
3.310000000000000000e+02 3.446721037062106530e-01 3.617937471874935196e-01 8.409160232543946734e+00
3.320000000000000000e+02 3.592643291898206526e-01 3.456972777534030317e-01 8.491426658630372160e+00
3.330000000000000000e+02 3.442241080474074399e-01 3.605277466106564521e-01 8.410260200500488281e+00
3.340000000000000000e+02 3.612298647745073588e-01 3.452101746492063916e-01 8.494313240051269531e+00
3.350000000000000000e+02 3.458043772341180544e-01 3.593046621896931470e-01 8.403500175476073863e+00
3.360000000000000000e+02 3.582477065442862263e-01 3.450328349943988515e-01 8.492986679077148438e+00
3.370000000000000000e+02 3.438647390467638454e-01 3.601567554900275137e-01 8.406600189208985441e+00
3.380000000000000000e+02 3.566411525179899455e-01 3.465379569919088132e-01 8.488066673278808594e+00
3.390000000000000000e+02 3.410217569463933063e-01 3.607858762290950816e-01 8.404980278015136363e+00
3.400000000000000000e+02 3.554386437106471508e-01 3.468075255506318233e-01 8.482173156738282316e+00
3.410000000000000000e+02 3.404575855933419937e-01 3.621887005133898052e-01 8.410660171508789418e+00
3.420000000000000000e+02 3.527379282233293889e-01 3.469055590416290635e-01 8.479513549804687855e+00
3.430000000000000000e+02 3.395658225146423459e-01 3.612017793367321983e-01 8.408600044250487571e+00
3.440000000000000000e+02 3.548282969190647007e-01 3.462834818137464632e-01 8.479887008666992188e+00
3.450000000000000000e+02 3.397900639012728652e-01 3.624550175852727651e-01 8.405186653137207031e+00
3.460000000000000000e+02 3.545821230918727585e-01 3.464345948915845685e-01 8.478606796264649859e+00
3.470000000000000000e+02 3.407246549567381488e-01 3.616934402005890781e-01 8.411300277709960582e+00
3.480000000000000000e+02 3.542076119693586822e-01 3.473547357051903761e-01 8.479360198974609020e+00
3.490000000000000000e+02 3.410610643742855164e-01 3.603760133645300123e-01 8.416240119934080610e+00
3.500000000000000000e+02 3.545973291481958056e-01 3.457790565411898442e-01 8.485740089416504262e+00
3.510000000000000000e+02 3.411681847769680309e-01 3.612418821616611431e-01 8.413360214233398082e+00
3.520000000000000000e+02 3.527818002449962242e-01 3.466279247284330678e-01 8.479773139953612926e+00
3.530000000000000000e+02 3.391193499129830369e-01 3.597784946924948990e-01 8.409973335266112571e+00
3.540000000000000000e+02 3.541995519398823955e-01 3.478661893381202463e-01 8.478346824645996094e+00
3.550000000000000000e+02 3.394418343539734040e-01 3.605987285283516752e-01 8.411559867858885653e+00
3.560000000000000000e+02 3.551427102928884083e-01 3.441519960259898925e-01 8.474020195007323508e+00
3.570000000000000000e+02 3.402236220324145743e-01 3.581177998041310540e-01 8.403540229797362926e+00
3.580000000000000000e+02 3.540838660982993380e-01 3.441474527365370184e-01 8.472446632385253196e+00
3.590000000000000000e+02 3.403180359653710241e-01 3.588575689760268306e-01 8.402933502197265980e+00
3.600000000000000000e+02 3.530039421430085644e-01 3.446784188787540559e-01 8.467873382568360086e+00
3.610000000000000000e+02 3.403961563439048543e-01 3.588313867571055749e-01 8.403993415832520242e+00
3.620000000000000000e+02 3.541396556523245254e-01 3.433205017309549634e-01 8.471326828002929688e+00
3.630000000000000000e+02 3.398846148123309541e-01 3.595088407689369658e-01 8.401746940612792258e+00
3.640000000000000000e+02 3.538914184283797892e-01 3.434871698539248563e-01 8.471086692810059660e+00
3.650000000000000000e+02 3.395693263600472744e-01 3.605461001885129635e-01 8.403186798095703125e+00
3.660000000000000000e+02 3.528172730896994569e-01 3.457356925026084382e-01 8.468953514099119673e+00
3.670000000000000000e+02 3.381044024496827616e-01 3.584552282824594038e-01 8.403513336181640980e+00
3.680000000000000000e+02 3.541261695766810269e-01 3.442575022820072439e-01 8.469906806945800781e+00
3.690000000000000000e+02 3.395843088034299351e-01 3.586821167265551447e-01 8.401166725158692117e+00
3.700000000000000000e+02 3.535294525782357589e-01 3.454937118569725296e-01 8.472693443298339844e+00
3.710000000000000000e+02 3.387817144818660586e-01 3.595106861242902130e-01 8.397426795959473722e+00
3.720000000000000000e+02 3.517523758869260386e-01 3.434505661063549931e-01 8.470460128784180753e+00
3.730000000000000000e+02 3.382564015888376852e-01 3.579823615571455786e-01 8.398280334472655539e+00
3.740000000000000000e+02 3.531187103732974508e-01 3.459569910905080925e-01 8.466460037231444247e+00
3.750000000000000000e+02 3.385698653906218936e-01 3.596557229986286908e-01 8.397406768798829191e+00
3.760000000000000000e+02 3.527693894145010889e-01 3.462237662683929074e-01 8.464573669433594461e+00
3.770000000000000000e+02 3.374280809855826346e-01 3.586271498523628809e-01 8.400553512573242898e+00
3.780000000000000000e+02 3.517055806817253605e-01 3.448449834435579620e-01 8.467566871643066762e+00
3.790000000000000000e+02 3.354319257012392530e-01 3.596127909558876623e-01 8.399986648559570668e+00
3.800000000000000000e+02 3.511833508197473863e-01 3.465494165396414417e-01 8.460513496398926137e+00
3.810000000000000000e+02 3.362718530534734018e-01 3.608268106955535570e-01 8.406406784057617543e+00
3.820000000000000000e+02 3.510589889173027500e-01 3.472586974024886031e-01 8.459213447570800071e+00
3.830000000000000000e+02 3.350231890959994852e-01 3.628879686125883186e-01 8.409400177001952414e+00
3.840000000000000000e+02 3.493450955690314830e-01 3.494665966709370464e-01 8.461813545227050426e+00
3.850000000000000000e+02 3.352877758896462002e-01 3.627114562766465822e-01 8.411753273010253551e+00
3.860000000000000000e+02 3.499434967572494504e-01 3.491439603489998600e-01 8.465686798095703125e+00
3.870000000000000000e+02 3.355478898849862390e-01 3.633765931792068971e-01 8.415133476257324219e+00
3.880000000000000000e+02 3.505163370752063523e-01 3.487790756315676255e-01 8.466340065002441406e+00
3.890000000000000000e+02 3.365341805498383576e-01 3.621851413029920086e-01 8.415860176086425781e+00
3.900000000000000000e+02 3.483418031916107327e-01 3.474843885304281232e-01 8.461159896850587003e+00
3.910000000000000000e+02 3.352449082761672083e-01 3.619449723272673558e-01 8.410980224609375000e+00
3.920000000000000000e+02 3.504559040248558244e-01 3.496820622852333527e-01 8.457480049133300426e+00
3.930000000000000000e+02 3.354902488940391669e-01 3.632451716884393944e-01 8.411253547668456676e+00
3.940000000000000000e+02 3.503733687645347872e-01 3.501060767882626656e-01 8.459959983825683594e+00
3.950000000000000000e+02 3.373576530147885388e-01 3.626375244987553592e-01 8.414053344726562855e+00
3.960000000000000000e+02 3.507070186096629683e-01 3.479215923162161106e-01 8.464920043945312500e+00
3.970000000000000000e+02 3.374389810950278457e-01 3.617622267178953743e-01 8.413680267333983664e+00
3.980000000000000000e+02 3.493948884668371946e-01 3.463998135599726802e-01 8.463206672668457387e+00
