0.000000000000000000e+00 9.736174768985209060e-02 7.320105185834011041e-02 5.956854248046874467e+00
1.000000000000000000e+00 9.132713043242728090e-02 9.298320022464255652e-02 6.021303558349609730e+00
2.000000000000000000e+00 1.332214760245161445e-01 9.031857564528107674e-02 6.267926120758056108e+00
3.000000000000000000e+00 1.259674700756696353e-01 1.265154881967660849e-01 6.334734249114990057e+00
4.000000000000000000e+00 1.758040806266350509e-01 1.188858019118982368e-01 6.533512973785400746e+00
5.000000000000000000e+00 1.680697897964249787e-01 1.658018576093911178e-01 6.600040531158446910e+00
6.000000000000000000e+00 2.203326400998581736e-01 1.569076224830407429e-01 6.760394287109374289e+00
7.000000000000000000e+00 2.064789484129661290e-01 2.120047758341335742e-01 6.829140377044677912e+00
8.000000000000000000e+00 2.614285233489517246e-01 1.996244673474514286e-01 6.957174205780029652e+00
9.000000000000000000e+00 2.514790567568342405e-01 2.505005929404290343e-01 7.027943038940430043e+00
1.000000000000000000e+01 3.033113419385862763e-01 2.403586888436814450e-01 7.128254795074463246e+00
1.100000000000000000e+01 2.886884563522244540e-01 2.917204360107455430e-01 7.200784111022949574e+00
1.200000000000000000e+01 3.443334906400188911e-01 2.797219405595053332e-01 7.278488540649414418e+00
1.300000000000000000e+01 3.294535572479896923e-01 3.300831723098263670e-01 7.349059867858885653e+00
1.400000000000000000e+01 3.807585115755005578e-01 3.178181158449010502e-01 7.410261726379394176e+00
1.500000000000000000e+01 3.613898738805678690e-01 3.655464993721947997e-01 7.479380989074707387e+00
1.600000000000000000e+01 4.122594884616809230e-01 3.505798443231971651e-01 7.527979278564453480e+00
1.700000000000000000e+01 3.933167901922072218e-01 3.985780500016026795e-01 7.594046688079832741e+00
1.800000000000000000e+01 4.437081147253422175e-01 3.811448672609899502e-01 7.634185409545898970e+00
1.900000000000000000e+01 4.219829798476605331e-01 4.271993239564387257e-01 7.698554801940916903e+00
2.000000000000000000e+01 4.716863712364510186e-01 4.099885473748029474e-01 7.726517391204835050e+00
2.100000000000000000e+01 4.516758275195454919e-01 4.565641307168135654e-01 7.794937896728515447e+00
2.200000000000000000e+01 4.984096481083039598e-01 4.382317884736261493e-01 7.812795352935790305e+00
2.300000000000000000e+01 4.763503264572045426e-01 4.851127072566255860e-01 7.882607364654541371e+00
2.400000000000000000e+01 5.213902701651420557e-01 4.643353199747883298e-01 7.891343688964843395e+00
2.500000000000000000e+01 5.015753383612825411e-01 5.066504204451696136e-01 7.964289188385008877e+00
2.600000000000000000e+01 5.436373638781251127e-01 4.879289615322298657e-01 7.962894153594970881e+00
2.700000000000000000e+01 5.226774002987409906e-01 5.304948453661553209e-01 8.035981559753416548e+00
2.800000000000000000e+01 5.657966456507086406e-01 5.102826795081802924e-01 8.028602313995360618e+00
2.900000000000000000e+01 5.455791590488506815e-01 5.555024153831294997e-01 8.104975891113282316e+00
3.000000000000000000e+01 5.849123934780495748e-01 5.319512879702102959e-01 8.090431118011474965e+00
3.100000000000000000e+01 5.642056232242523839e-01 5.720580723999073580e-01 8.167137908935547586e+00
3.200000000000000000e+01 6.026179042045576306e-01 5.536148712030665164e-01 8.145454788208008168e+00
3.300000000000000000e+01 5.819322883688203829e-01 5.932725890872744268e-01 8.223877334594726918e+00
3.400000000000000000e+01 6.204731940279593072e-01 5.715071715968097488e-01 8.197870445251464133e+00
3.500000000000000000e+01 5.983608241707434328e-01 6.113340237584925507e-01 8.280263519287109020e+00
3.600000000000000000e+01 6.366901269298084198e-01 5.917908072993113278e-01 8.246920585632324219e+00
3.700000000000000000e+01 6.124039924548210223e-01 6.278432286834753073e-01 8.333061599731445668e+00
3.800000000000000000e+01 6.509943252820867832e-01 6.064665910195959908e-01 8.293189811706543679e+00
3.900000000000000000e+01 6.301753926251476567e-01 6.439133834033601289e-01 8.379133605957031605e+00
4.000000000000000000e+01 6.649670837540535562e-01 6.233773509379350042e-01 8.335251235961914418e+00
4.100000000000000000e+01 6.424255257984505807e-01 6.602830035823185062e-01 8.422326087951660156e+00
4.200000000000000000e+01 6.781174330204766676e-01 6.371615046190362008e-01 8.371952819824217684e+00
4.300000000000000000e+01 6.575298113846923531e-01 6.701474590026510469e-01 8.463703536987305043e+00
4.400000000000000000e+01 6.889779755674224626e-01 6.496439248763574703e-01 8.407205009460449574e+00
4.500000000000000000e+01 6.691670006689757200e-01 6.824693363997859086e-01 8.501705932617186434e+00
4.600000000000000000e+01 7.011591883706231876e-01 6.604410259726281041e-01 8.441487884521484020e+00
4.700000000000000000e+01 6.791685301110773620e-01 6.947117790285263217e-01 8.535069084167480113e+00
4.800000000000000000e+01 7.155752529499357362e-01 6.728995706558849044e-01 8.475320816040039062e+00
4.900000000000000000e+01 6.916838154157095575e-01 7.074969875809012931e-01 8.568209075927734730e+00
5.000000000000000000e+01 7.212216946667139306e-01 6.813326496189977544e-01 8.507378387451172586e+00
5.100000000000000000e+01 7.004894995058612572e-01 7.151471198562711074e-01 8.599010848999023793e+00
5.200000000000000000e+01 7.297914982947455442e-01 6.942371553764448144e-01 8.533732986450194957e+00
5.300000000000000000e+01 7.086221196669020284e-01 7.234716092553088451e-01 8.627769851684570668e+00
5.400000000000000000e+01 7.363106665439799192e-01 7.007698756049247635e-01 8.558722305297852273e+00
5.500000000000000000e+01 7.132915907369384856e-01 7.324488986079857877e-01 8.655777359008789418e+00
5.600000000000000000e+01 7.444007054135398649e-01 7.108745747614281241e-01 8.580944442749023793e+00
5.700000000000000000e+01 7.232996369501554224e-01 7.395442926500062075e-01 8.681398582458495383e+00
5.800000000000000000e+01 7.545149623402899186e-01 7.189499280828233196e-01 8.603174972534180398e+00
5.900000000000000000e+01 7.307113495019087468e-01 7.458421395455786529e-01 8.707131767272949574e+00
6.000000000000000000e+01 7.592260717628114275e-01 7.244284527039973609e-01 8.624462509155273793e+00
6.100000000000000000e+01 7.367393971587825607e-01 7.532116943578718304e-01 8.727969741821288707e+00
6.200000000000000000e+01 7.656260951510874824e-01 7.311882741518123119e-01 8.641346740722656961e+00
6.300000000000000000e+01 7.447603086668338479e-01 7.594166482839751486e-01 8.749732208251952414e+00
6.400000000000000000e+01 7.710785855055968252e-01 7.367974827549728101e-01 8.661518478393555043e+00
6.500000000000000000e+01 7.487947732601490936e-01 7.651769718489775940e-01 8.767226791381835582e+00
6.600000000000000000e+01 7.736436397745698468e-01 7.441885016340276104e-01 8.677866744995117898e+00
6.700000000000000000e+01 7.520104227132317076e-01 7.694340959159424731e-01 8.785305404663086293e+00
6.800000000000000000e+01 7.802118322590485544e-01 7.493564038700315511e-01 8.695363616943359020e+00
6.900000000000000000e+01 7.599205011482049743e-01 7.739673132829787416e-01 8.801249885559082387e+00
7.000000000000000000e+01 7.856163170750311009e-01 7.548866638354427838e-01 8.707563972473144176e+00
7.100000000000000000e+01 7.632285741909845544e-01 7.799767171819657063e-01 8.816156578063964133e+00
7.200000000000000000e+01 7.896113099367889632e-01 7.572750065307760625e-01 8.720574188232422586e+00
7.300000000000000000e+01 7.687052220909690314e-01 7.828993020877100806e-01 8.829027366638184660e+00
7.400000000000000000e+01 7.909990546395259114e-01 7.633049367268635033e-01 8.736050224304198863e+00
7.500000000000000000e+01 7.704840391703562386e-01 7.859530081085462916e-01 8.841858482360839488e+00
7.600000000000000000e+01 7.969275305854491842e-01 7.655850838138518188e-01 8.747670555114746449e+00
7.700000000000000000e+01 7.752668815885758180e-01 7.883680195537291491e-01 8.854832458496094461e+00
7.800000000000000000e+01 7.971526646602727917e-01 7.677023017581662279e-01 8.759559822082518821e+00
7.900000000000000000e+01 7.780939312491613746e-01 7.912647864333063330e-01 8.865765571594240058e+00
8.000000000000000000e+01 8.011700248619691989e-01 7.709634305858255043e-01 8.769691085815429332e+00
8.100000000000000000e+01 7.815608201380747078e-01 7.931251020936740392e-01 8.875123405456541548e+00
8.200000000000000000e+01 8.048405273392482684e-01 7.714046836784899108e-01 8.781078529357911222e+00
8.300000000000000000e+01 7.847736967686993470e-01 7.955837482132014360e-01 8.885242271423340554e+00
8.400000000000000000e+01 8.072561003053023709e-01 7.758252679897449378e-01 8.791992378234862571e+00
8.500000000000000000e+01 7.866076386980614954e-01 7.983315512033076766e-01 8.895588302612305043e+00
8.600000000000000000e+01 8.094505280363261113e-01 7.771864903362979415e-01 8.800376129150391691e+00
8.700000000000000000e+01 7.886498956334130339e-01 8.004063075312357611e-01 8.904213523864745738e+00
8.800000000000000000e+01 8.102003058142807079e-01 7.783790999665947119e-01 8.807663536071776988e+00
8.900000000000000000e+01 7.910129276486751460e-01 8.039017607166869528e-01 8.913481330871583452e+00
9.000000000000000000e+01 8.138368856524383910e-01 7.832098965696301374e-01 8.814583015441893821e+00
9.100000000000000000e+01 7.922892463027407794e-01 8.055812430324930107e-01 8.921926116943359020e+00
9.200000000000000000e+01 8.146151403233816701e-01 7.872196828488534637e-01 8.821000099182128906e+00
9.300000000000000000e+01 7.948105573018426906e-01 8.076858527034889157e-01 8.928867340087890625e+00
9.400000000000000000e+01 8.172547345448251122e-01 7.866021252078629900e-01 8.828661727905272372e+00
9.500000000000000000e+01 7.967784429825213177e-01 8.073521581900962030e-01 8.935850906372071023e+00
9.600000000000000000e+01 8.180686675973959376e-01 7.873525453370882055e-01 8.833757591247557883e+00
9.700000000000000000e+01 7.972623251965998969e-01 8.095704999372993482e-01 8.940238571166991832e+00
9.800000000000000000e+01 8.190030674652268861e-01 7.900993457547467180e-01 8.838261604309082031e+00
9.900000000000000000e+01 7.993104540897031374e-01 8.124716056594127878e-01 8.945965957641602628e+00
1.000000000000000000e+02 8.217208997330084363e-01 7.923291408961343762e-01 8.842083358764647016e+00
1.010000000000000000e+02 8.034817717108031498e-01 8.128239221381010626e-01 8.948480224609374645e+00
1.020000000000000000e+02 8.233799598796219810e-01 7.921390692588273774e-01 8.848859214782715199e+00
1.030000000000000000e+02 8.039671624593597299e-01 8.148947582821186586e-01 8.950779151916503196e+00
1.040000000000000000e+02 8.238386640131828420e-01 7.947308218174641281e-01 8.854211044311522727e+00
1.050000000000000000e+02 8.045888702461565511e-01 8.166642696169452709e-01 8.954516029357909801e+00
1.060000000000000000e+02 8.255529529865498484e-01 7.963867233715384852e-01 8.857556152343748934e+00
1.070000000000000000e+02 8.053184547835813278e-01 8.163789786545128102e-01 8.959106636047364347e+00
1.080000000000000000e+02 8.285394752079130454e-01 7.969272878289060946e-01 8.861908721923828836e+00
1.090000000000000000e+02 8.064510505653603722e-01 8.187175891827666030e-01 8.963912963867187500e+00
1.100000000000000000e+02 8.286620620076162735e-01 7.963885168854595298e-01 8.865215492248536222e+00
1.110000000000000000e+02 8.073580484422008263e-01 8.218432514503566377e-01 8.966835403442381391e+00
1.120000000000000000e+02 8.294380278294094522e-01 7.993829694515871553e-01 8.869902229309083452e+00
1.130000000000000000e+02 8.103981632154084735e-01 8.219956335645902668e-01 8.969634246826172941e+00
1.140000000000000000e+02 8.303695195609404056e-01 7.998277506197730702e-01 8.875049781799315696e+00
1.150000000000000000e+02 8.105225467544842077e-01 8.206870714044363080e-01 8.973966217041015270e+00
1.160000000000000000e+02 8.298406932042481365e-01 8.015400463904981398e-01 8.874667930603028054e+00
1.170000000000000000e+02 8.108610252890907644e-01 8.221065298624891104e-01 8.979050445556641336e+00
1.180000000000000000e+02 8.290337532389886466e-01 8.035232578107576185e-01 8.876406097412109730e+00
1.190000000000000000e+02 8.108139489900797470e-01 8.246938664009766384e-01 8.983294868469238637e+00
1.200000000000000000e+02 8.296652650925323558e-01 8.041037728351120295e-01 8.878439521789550426e+00
1.210000000000000000e+02 8.114759352009531801e-01 8.255310763739505120e-01 8.986656379699708097e+00
1.220000000000000000e+02 8.340530157948231604e-01 8.051192164855093258e-01 8.880265235900878906e+00
1.230000000000000000e+02 8.123298545743370402e-01 8.242690761604410943e-01 8.988766670227050781e+00
1.240000000000000000e+02 8.340653903442971639e-01 8.052556717019958565e-01 8.881268692016600852e+00
1.250000000000000000e+02 8.137052148273057339e-01 8.259990603395014341e-01 8.990594673156738992e+00
1.260000000000000000e+02 8.336122037297195586e-01 8.067199100072273144e-01 8.882867240905762074e+00
1.270000000000000000e+02 8.148763290922282909e-01 8.255921258032536958e-01 8.993926620483398082e+00
1.280000000000000000e+02 8.355417541800592707e-01 8.069368399132718084e-01 8.886283683776856179e+00
1.290000000000000000e+02 8.150935264255971813e-01 8.257711876231241810e-01 8.995740509033202770e+00
1.300000000000000000e+02 8.342570238891742207e-01 8.064515996023045030e-01 8.888337326049803977e+00
1.310000000000000000e+02 8.151196495580417256e-01 8.257029632636322392e-01 8.995203399658203480e+00
1.320000000000000000e+02 8.358298963444485974e-01 8.071641348452387454e-01 8.888817405700683238e+00
1.330000000000000000e+02 8.161962187898168519e-01 8.266135633439941621e-01 8.998973655700684304e+00
1.340000000000000000e+02 8.358456959008635501e-01 8.056201314086822718e-01 8.890950202941894531e+00
1.350000000000000000e+02 8.150646452605222470e-01 8.252059653892246383e-01 9.000846099853514914e+00
1.360000000000000000e+02 8.340397076504232343e-01 8.070537420321256539e-01 8.893610382080078480e+00
1.370000000000000000e+02 8.151917837787644450e-01 8.272651199442658809e-01 9.001853179931639914e+00
1.380000000000000000e+02 8.362276019150927109e-01 8.079080923336771081e-01 8.896366691589356890e+00
1.390000000000000000e+02 8.152864716741379247e-01 8.273006070699900905e-01 9.005721664428710582e+00
1.400000000000000000e+02 8.359425338818464724e-01 8.065529694628646995e-01 8.895389747619629972e+00
1.410000000000000000e+02 8.164192014467301917e-01 8.270443006267882424e-01 9.006536674499511008e+00
1.420000000000000000e+02 8.351747856604738729e-01 8.068732900644552952e-01 8.896117210388183594e+00
1.430000000000000000e+02 8.136878919302006352e-01 8.299114172735779782e-01 9.007247161865233664e+00
1.440000000000000000e+02 8.358411133390932779e-01 8.085181828744572030e-01 8.897192192077636008e+00
1.450000000000000000e+02 8.160654590822121746e-01 8.283013761167716815e-01 9.007908439636231890e+00
1.460000000000000000e+02 8.376292684968473790e-01 8.094318990814659553e-01 8.899201202392578836e+00
1.470000000000000000e+02 8.175535473733350766e-01 8.294322250380226080e-01 9.008417892456055398e+00
1.480000000000000000e+02 8.381347774900712588e-01 8.093747905889611127e-01 8.898614692687988992e+00
1.490000000000000000e+02 8.164146531042122401e-01 8.291406889632634281e-01 9.008712768554687500e+00
1.500000000000000000e+02 8.360788704684858352e-01 8.089878609452587632e-01 8.900626373291014914e+00
1.510000000000000000e+02 8.184900672884148909e-01 8.275517751056278293e-01 9.011069297790527344e+00
1.520000000000000000e+02 8.378918101564044596e-01 8.077792980806993706e-01 8.901274681091308594e+00
1.530000000000000000e+02 8.177185278162432125e-01 8.279125753963533230e-01 9.012254714965820312e+00
1.540000000000000000e+02 8.382422673572886840e-01 8.072370869242951885e-01 8.902724647521973012e+00
1.550000000000000000e+02 8.199983257313142593e-01 8.290289276175651922e-01 9.013397979736328836e+00
1.560000000000000000e+02 8.377703114892309788e-01 8.094368642336706721e-01 8.904959869384766691e+00
1.570000000000000000e+02 8.188982733255127933e-01 8.310700490259385065e-01 9.014777183532714844e+00
1.580000000000000000e+02 8.376531715480475260e-01 8.086051407693215509e-01 8.906175994873047230e+00
1.590000000000000000e+02 8.182202801360444200e-01 8.302915911952600814e-01 9.016280364990233664e+00
1.600000000000000000e+02 8.386734059513806239e-01 8.093029419391750690e-01 8.906346511840819602e+00
1.610000000000000000e+02 8.201564190874220950e-01 8.298945178770142928e-01 9.018146514892578125e+00
1.620000000000000000e+02 8.404813133230515376e-01 8.108944517228643400e-01 8.908000373840332387e+00
1.630000000000000000e+02 8.214479386858193344e-01 8.308725184516673190e-01 9.017659759521484020e+00
1.640000000000000000e+02 8.396570511255196934e-01 8.086241703374592582e-01 8.909158515930174715e+00
1.650000000000000000e+02 8.207455834177855847e-01 8.286415410787373315e-01 9.018630409240721235e+00
1.660000000000000000e+02 8.405573620199583429e-01 8.096223353460488825e-01 8.910865974426270597e+00
1.670000000000000000e+02 8.219006224787699377e-01 8.338085914050321623e-01 9.016881561279296520e+00
1.680000000000000000e+02 8.413052691915863246e-01 8.112819848746813944e-01 8.908495521545409801e+00
1.690000000000000000e+02 8.199751313306932188e-01 8.303659532098425222e-01 9.018987846374512785e+00
1.700000000000000000e+02 8.414749940148341656e-01 8.110225172681326811e-01 8.908087921142579191e+00
1.710000000000000000e+02 8.189469776314255434e-01 8.309734022610697490e-01 9.019507980346679332e+00
1.720000000000000000e+02 8.394017282145002090e-01 8.129672400594625259e-01 8.910069274902344461e+00
1.730000000000000000e+02 8.209222036915747589e-01 8.311080277210912692e-01 9.021560478210448153e+00
1.740000000000000000e+02 8.386711680088749787e-01 8.098767997666626028e-01 8.910664749145507102e+00
1.750000000000000000e+02 8.195148292686856850e-01 8.318477943568317601e-01 9.020791053771972656e+00
1.760000000000000000e+02 8.382621424537837207e-01 8.130566659746213398e-01 8.909894180297852628e+00
1.770000000000000000e+02 8.194453213589748541e-01 8.323951713098265426e-01 9.020444869995117188e+00
1.780000000000000000e+02 8.402384243541205500e-01 8.130973126003089302e-01 8.909959030151366477e+00
1.790000000000000000e+02 8.201178602879718449e-01 8.342463554673006376e-01 9.019690132141112926e+00
1.800000000000000000e+02 8.402320216224212768e-01 8.130303542318970678e-01 8.910969924926758878e+00
1.810000000000000000e+02 8.201298505259239091e-01 8.324210033764603001e-01 9.022605514526368609e+00
1.820000000000000000e+02 8.397676667624440761e-01 8.117946512893914335e-01 8.912654304504394887e+00
1.830000000000000000e+02 8.189405840997712183e-01 8.334273806332910262e-01 9.023272895812988637e+00
1.840000000000000000e+02 8.401071469948312442e-01 8.127671367308682004e-01 8.913582229614256391e+00
1.850000000000000000e+02 8.194955952263398569e-01 8.335322214630175308e-01 9.024460983276368253e+00
1.860000000000000000e+02 8.390809200984722382e-01 8.142125109594162691e-01 8.912583541870116477e+00
1.870000000000000000e+02 8.173343031756166166e-01 8.321389887631900351e-01 9.024766540527343395e+00
1.880000000000000000e+02 8.369649779269014989e-01 8.141979796098307576e-01 8.912832832336425426e+00
1.890000000000000000e+02 8.178156638862661421e-01 8.320719518999033504e-01 9.023109054565429332e+00
1.900000000000000000e+02 8.404779453105668541e-01 8.115328108432590115e-01 8.912537384033203836e+00
1.910000000000000000e+02 8.193299630094184050e-01 8.309261234406468688e-01 9.022555732727051137e+00
1.920000000000000000e+02 8.380213733994527070e-01 8.116618842487741681e-01 8.913994026184081321e+00
1.930000000000000000e+02 8.195876076518280318e-01 8.312479867408684164e-01 9.022099876403808949e+00
1.940000000000000000e+02 8.386716416870079183e-01 8.126959814447701769e-01 8.912266159057617543e+00
1.950000000000000000e+02 8.197257655952991939e-01 8.342569509528374727e-01 9.023899841308592684e+00
1.960000000000000000e+02 8.396058015942611252e-01 8.130108952023706870e-01 8.912723541259765625e+00
1.970000000000000000e+02 8.188184504953404108e-01 8.337042577717979075e-01 9.025634384155273082e+00
1.980000000000000000e+02 8.406600557301675547e-01 8.140222923843164482e-01 8.912654876708984375e+00
1.990000000000000000e+02 8.186034790098930536e-01 8.326743019681333013e-01 9.026660537719726207e+00
2.000000000000000000e+02 8.392293074480575710e-01 8.151299418309575495e-01 8.912598419189453836e+00
2.010000000000000000e+02 8.207114664286525585e-01 8.337283286636377744e-01 9.027083587646483664e+00
2.020000000000000000e+02 8.386166147386022729e-01 8.161922990672731970e-01 8.912385177612303977e+00
2.030000000000000000e+02 8.178092423817943102e-01 8.339160137518357718e-01 9.027820396423340554e+00
2.040000000000000000e+02 8.396893338315816191e-01 8.155154573440759336e-01 8.910496711730957031e+00
2.050000000000000000e+02 8.196245076684043340e-01 8.355232530547419545e-01 9.026218414306640625e+00
2.060000000000000000e+02 8.407068476514221178e-01 8.145385383486424269e-01 8.913094520568847656e+00
2.070000000000000000e+02 8.206325726783325614e-01 8.340969555506146937e-01 9.024686622619629617e+00
2.080000000000000000e+02 8.394086665870731379e-01 8.139889361951365698e-01 8.913110351562499645e+00
2.090000000000000000e+02 8.191519597031121647e-01 8.358038440003826564e-01 9.023878479003906605e+00
2.100000000000000000e+02 8.393385493360054905e-01 8.134546985964780097e-01 8.913232421874999645e+00
2.110000000000000000e+02 8.204760478798360790e-01 8.351161246026870266e-01 9.021702384948730113e+00
2.120000000000000000e+02 8.388498655622130817e-01 8.151447190935631193e-01 8.912587928771971590e+00
2.130000000000000000e+02 8.203402195841488220e-01 8.350415442168307445e-01 9.019971466064452770e+00
2.140000000000000000e+02 8.423735592263077443e-01 8.156206973022712692e-01 8.913414955139160156e+00
2.150000000000000000e+02 8.193117219089578462e-01 8.357034787059579584e-01 9.019530487060546164e+00
2.160000000000000000e+02 8.394186597898773972e-01 8.177771197410387272e-01 8.911344146728517046e+00
2.170000000000000000e+02 8.201425538693796202e-01 8.363331273973384494e-01 9.022248458862305753e+00
2.180000000000000000e+02 8.392201688484068889e-01 8.166522942156284603e-01 8.910800361633301137e+00
2.190000000000000000e+02 8.203123692723012228e-01 8.362544039287969078e-01 9.022831153869628196e+00
2.200000000000000000e+02 8.407975413440152979e-01 8.145430603932590774e-01 8.909503364562986860e+00
2.210000000000000000e+02 8.195444547344408193e-01 8.354968954931636382e-01 9.024105453491211293e+00
2.220000000000000000e+02 8.406758749896352523e-01 8.156519469588273674e-01 8.908036041259764559e+00
2.230000000000000000e+02 8.202497892989074613e-01 8.342837020110286383e-01 9.024413490295410512e+00
2.240000000000000000e+02 8.385269301122898478e-01 8.153007568500751923e-01 8.909857177734375355e+00
2.250000000000000000e+02 8.204305819736125160e-01 8.348501101642316069e-01 9.025191116333006747e+00
2.260000000000000000e+02 8.399036983792009803e-01 8.154343088997764166e-01 8.910009002685546520e+00
2.270000000000000000e+02 8.199624286441288268e-01 8.348118589073203477e-01 9.028514289855957387e+00
2.280000000000000000e+02 8.380494316361244422e-01 8.174171508541911990e-01 8.911304092407226207e+00
2.290000000000000000e+02 8.182080014516428523e-01 8.352720300141420751e-01 9.026614189147949219e+00
2.300000000000000000e+02 8.367524807834977318e-01 8.148751460269975100e-01 8.910157966613768465e+00
2.310000000000000000e+02 8.184912719351153942e-01 8.345221461830950593e-01 9.027921104431152699e+00
2.320000000000000000e+02 8.393621868186484924e-01 8.156687945791043504e-01 8.910998344421386719e+00
2.330000000000000000e+02 8.179132031925314683e-01 8.358072132974980750e-01 9.028346061706542969e+00
2.340000000000000000e+02 8.395388904408948028e-01 8.156474381863748624e-01 8.912878227233886008e+00
2.350000000000000000e+02 8.193229717139998147e-01 8.351788250580687301e-01 9.026096153259278054e+00
2.360000000000000000e+02 8.391678283288820372e-01 8.151949033897430974e-01 8.913743782043457742e+00
2.370000000000000000e+02 8.210813945108036416e-01 8.353660027444252956e-01 9.027634239196776988e+00
2.380000000000000000e+02 8.377896242201395838e-01 8.150186613411466441e-01 8.911725997924804688e+00
2.390000000000000000e+02 8.194701639468360277e-01 8.364225823368702795e-01 9.026765251159668324e+00
2.400000000000000000e+02 8.365980667270833671e-01 8.149462364864169528e-01 8.909562683105468395e+00
2.410000000000000000e+02 8.162116385045000699e-01 8.346287754038770323e-01 9.024732208251952770e+00
2.420000000000000000e+02 8.369005674786390570e-01 8.159651764030458887e-01 8.906217384338377840e+00
2.430000000000000000e+02 8.160916037896558395e-01 8.363909588634137471e-01 9.026936721801757102e+00
2.440000000000000000e+02 8.366102157174586385e-01 8.167248998577451014e-01 8.904907226562500000e+00
2.450000000000000000e+02 8.173813894396708690e-01 8.351582013754301759e-01 9.025363731384278054e+00
2.460000000000000000e+02 8.367069362075679750e-01 8.161241306473919765e-01 8.907014846801757812e+00
2.470000000000000000e+02 8.173517699717520735e-01 8.336551632964988023e-01 9.026984786987304332e+00
2.480000000000000000e+02 8.373637991205197251e-01 8.152796524690624214e-01 8.907486343383789418e+00
2.490000000000000000e+02 8.166813202587335230e-01 8.356915294941414940e-01 9.025741958618164418e+00
2.500000000000000000e+02 8.379546621835211040e-01 8.147145853194819320e-01 8.905645942687987926e+00
2.510000000000000000e+02 8.165620802868600592e-01 8.347824382698282308e-01 9.026827239990234730e+00
2.520000000000000000e+02 8.382118975383764381e-01 8.157081080637476056e-01 8.906658363342284446e+00
2.530000000000000000e+02 8.168098814750432979e-01 8.344465345966139980e-01 9.025773239135741477e+00
2.540000000000000000e+02 8.377340245885896985e-01 8.138784794550569801e-01 8.906654548645020597e+00
2.550000000000000000e+02 8.156732188686403040e-01 8.355006922364788258e-01 9.025787162780760653e+00
2.560000000000000000e+02 8.363722985196756499e-01 8.161481042985894163e-01 8.906053543090820312e+00
2.570000000000000000e+02 8.188638915159563991e-01 8.348180293059049850e-01 9.024829864501953125e+00
2.580000000000000000e+02 8.358040502944270589e-01 8.173157434733957505e-01 8.906939125061034801e+00
2.590000000000000000e+02 8.149901340240875980e-01 8.332365918595350252e-01 9.024390983581543679e+00
2.600000000000000000e+02 8.366995296028105766e-01 8.169938689021486455e-01 8.905774307250977628e+00
2.610000000000000000e+02 8.181889242730928657e-01 8.335634009991321758e-01 9.022988700866699574e+00
2.620000000000000000e+02 8.360549319850395511e-01 8.154310952338964524e-01 8.905624580383300071e+00
2.630000000000000000e+02 8.161095344194292389e-01 8.362268738751645891e-01 9.021528434753419035e+00
2.640000000000000000e+02 8.382983071466185709e-01 8.166254213290657926e-01 8.905962944030761719e+00
2.650000000000000000e+02 8.144288258023837379e-01 8.359262580890357563e-01 9.021754837036132457e+00
2.660000000000000000e+02 8.365864302228773752e-01 8.153875251573440286e-01 8.905742835998534446e+00
2.670000000000000000e+02 8.163644182546830885e-01 8.356205016985576162e-01 9.021348571777343395e+00
2.680000000000000000e+02 8.346645338843393658e-01 8.172633926341983379e-01 8.906568717956544035e+00
2.690000000000000000e+02 8.180104618828611951e-01 8.374851008417346643e-01 9.023080444335937145e+00
2.700000000000000000e+02 8.382611589164393751e-01 8.149091372681894763e-01 8.906202316284179688e+00
2.710000000000000000e+02 8.173860809997305354e-01 8.344692841496530455e-01 9.022213745117188211e+00
2.720000000000000000e+02 8.379516249249268078e-01 8.176737228048964745e-01 8.905221557617187145e+00
2.730000000000000000e+02 8.177008369261660192e-01 8.382949452637822318e-01 9.023042106628418324e+00
2.740000000000000000e+02 8.372755137659096958e-01 8.165069072761873548e-01 8.907132720947265270e+00
2.750000000000000000e+02 8.161529439020289711e-01 8.357909688315171559e-01 9.020834922790527344e+00
2.760000000000000000e+02 8.374600056886248867e-01 8.186880303163541761e-01 8.905818557739259234e+00
2.770000000000000000e+02 8.150773789826105675e-01 8.370757871685067242e-01 9.020623016357422586e+00
2.780000000000000000e+02 8.382177185962521593e-01 8.167416448700607345e-01 8.904849052429199219e+00
2.790000000000000000e+02 8.155926055480757775e-01 8.352212119611633900e-01 9.021239662170410512e+00
2.800000000000000000e+02 8.371656302470721345e-01 8.184675021895723157e-01 8.904029846191406250e+00
2.810000000000000000e+02 8.171545650838180075e-01 8.369624900969699910e-01 9.022398757934571023e+00
2.820000000000000000e+02 8.364786188896909946e-01 8.176446448936511846e-01 8.906563949584960227e+00
2.830000000000000000e+02 8.161038800180683284e-01 8.396389415258905808e-01 9.021650886535644176e+00
2.840000000000000000e+02 8.368447961803633373e-01 8.186593856756066989e-01 8.905565261840820312e+00
2.850000000000000000e+02 8.142019865383861577e-01 8.362568360053115324e-01 9.021156120300293679e+00
2.860000000000000000e+02 8.344577072394433470e-01 8.181823173217175338e-01 8.904309654235840199e+00
2.870000000000000000e+02 8.148884641165275999e-01 8.367328571590508801e-01 9.022682762145995738e+00
2.880000000000000000e+02 8.341288281911731772e-01 8.167558500316252079e-01 8.905855369567872160e+00
2.890000000000000000e+02 8.142635997153244709e-01 8.364957920430670102e-01 9.024497985839843750e+00
2.900000000000000000e+02 8.361846597590586461e-01 8.158354160138056033e-01 8.905931663513184660e+00
2.910000000000000000e+02 8.151011538867590778e-01 8.363105377243551519e-01 9.021154212951660867e+00
2.920000000000000000e+02 8.358543828900572015e-01 8.163589004745052113e-01 8.904514312744140625e+00
2.930000000000000000e+02 8.165958570518607740e-01 8.342299434374276235e-01 9.018644142150879617e+00
2.940000000000000000e+02 8.383497305407473510e-01 8.166237168575201100e-01 8.906648445129395242e+00
2.950000000000000000e+02 8.170871997374169471e-01 8.336989140925067376e-01 9.019610404968261719e+00
2.960000000000000000e+02 8.353116009153299659e-01 8.159621356334720854e-01 8.906258392333983309e+00
2.970000000000000000e+02 8.148337179034510491e-01 8.372058389791463551e-01 9.020363998413085227e+00
2.980000000000000000e+02 8.389149692084171273e-01 8.156325902506712522e-01 8.907283020019530539e+00
2.990000000000000000e+02 8.173839384380306994e-01 8.332724566223372875e-01 9.018117523193359020e+00
3.000000000000000000e+02 8.376050452925791756e-01 8.148324128072074179e-01 8.908752250671387429e+00
3.010000000000000000e+02 8.182816073378206267e-01 8.357409435516661711e-01 9.018343544006349077e+00
3.020000000000000000e+02 8.396985321147298897e-01 8.170550366207472992e-01 8.908633422851561789e+00
3.030000000000000000e+02 8.172152831944110574e-01 8.347751963751023352e-01 9.017702293395995383e+00
3.040000000000000000e+02 8.387517454128504690e-01 8.129978667665028746e-01 8.908702850341796875e+00
3.050000000000000000e+02 8.186617571672608618e-01 8.337930701191480498e-01 9.016699790954589844e+00
3.060000000000000000e+02 8.391584883876243017e-01 8.155258378082094195e-01 8.909499931335449929e+00
3.070000000000000000e+02 8.185095214636430860e-01 8.332788168952235397e-01 9.017422676086425781e+00
3.080000000000000000e+02 8.392852646945866413e-01 8.139608890223255511e-01 8.911439132690428977e+00
3.090000000000000000e+02 8.195883454218191311e-01 8.337706576454010365e-01 9.015901565551757812e+00
3.100000000000000000e+02 8.388268915495351585e-01 8.138892118843047419e-01 8.912069511413573508e+00
3.110000000000000000e+02 8.200825040906685182e-01 8.315308662431094566e-01 9.015796089172363637e+00
3.120000000000000000e+02 8.379031293195062791e-01 8.140585713530453793e-01 8.912165641784667969e+00
3.130000000000000000e+02 8.176350601812959473e-01 8.342316060786738596e-01 9.015669059753417258e+00
3.140000000000000000e+02 8.378475254251280813e-01 8.138536011259964731e-01 8.913224792480468395e+00
3.150000000000000000e+02 8.186534312903842592e-01 8.316476931779482884e-01 9.016904830932617188e+00
3.160000000000000000e+02 8.369216364285337884e-01 8.130890294850086075e-01 8.914154815673828836e+00
3.170000000000000000e+02 8.167847049490206679e-01 8.344457011464687657e-01 9.017347335815429688e+00
3.180000000000000000e+02 8.379712615860961389e-01 8.147833261166053109e-01 8.913083076477050781e+00
3.190000000000000000e+02 8.177026144340924230e-01 8.339267844620642522e-01 9.018811035156250711e+00
3.200000000000000000e+02 8.367133091868811379e-01 8.144242496791258556e-01 8.912069702148437855e+00
3.210000000000000000e+02 8.175236408553354650e-01 8.335137672704777678e-01 9.018091773986816051e+00
3.220000000000000000e+02 8.363034844741691343e-01 8.156109115675287402e-01 8.910682868957518821e+00
3.230000000000000000e+02 8.201021050388648259e-01 8.342031235862671368e-01 9.018795204162596946e+00
3.240000000000000000e+02 8.377484200177013340e-01 8.146947232806691641e-01 8.911504745483398438e+00
3.250000000000000000e+02 8.166096252478989292e-01 8.349412081833180732e-01 9.019294166564941762e+00
3.260000000000000000e+02 8.365321149106241805e-01 8.157806746220664929e-01 8.911537170410156250e+00
3.270000000000000000e+02 8.163804117350017542e-01 8.346310770579660199e-01 9.022031974792479758e+00
3.280000000000000000e+02 8.378071627833513224e-01 8.142818910634026519e-01 8.911922836303711293e+00
3.290000000000000000e+02 8.168249610001639960e-01 8.361883056244103773e-01 9.020512580871582031e+00
3.300000000000000000e+02 8.371750142075132795e-01 8.170908048268143986e-01 8.911539840698242898e+00
3.310000000000000000e+02 8.190464053624851859e-01 8.355752331278121225e-01 9.021738243103026633e+00
3.320000000000000000e+02 8.367272390137964200e-01 8.139033899614958045e-01 8.911724281311036222e+00
3.330000000000000000e+02 8.185091113011162545e-01 8.350877674927723593e-01 9.020289039611817827e+00
3.340000000000000000e+02 8.388971706772719861e-01 8.152861913816054074e-01 8.911749839782714844e+00
3.350000000000000000e+02 8.158897463207661627e-01 8.350228645390812554e-01 9.020441055297851562e+00
3.360000000000000000e+02 8.361889505995341310e-01 8.124423786081121923e-01 8.912825965881348012e+00
3.370000000000000000e+02 8.171101396523506866e-01 8.334585310044635431e-01 9.019682884216308594e+00
3.380000000000000000e+02 8.360514156110364636e-01 8.122354237948294919e-01 8.912278366088868253e+00
3.390000000000000000e+02 8.175380651450774305e-01 8.332896390717040580e-01 9.019632720947265980e+00
3.400000000000000000e+02 8.393723806850597047e-01 8.149346007408396764e-01 8.914909172058106179e+00
3.410000000000000000e+02 8.188664392325105679e-01 8.336263886590278283e-01 9.020077133178711293e+00
3.420000000000000000e+02 8.398742244303265547e-01 8.126486384353834858e-01 8.914417266845703125e+00
3.430000000000000000e+02 8.202757254240374829e-01 8.346163616826633991e-01 9.021344947814942117e+00
3.440000000000000000e+02 8.383836217379789790e-01 8.145408755060385975e-01 8.915025901794434660e+00
3.450000000000000000e+02 8.169092646101385746e-01 8.339535409636987806e-01 9.020169067382811434e+00
3.460000000000000000e+02 8.392677262933410098e-01 8.128182004582792386e-01 8.914726066589356179e+00
3.470000000000000000e+02 8.174871852557099583e-01 8.334744396797868493e-01 9.021339225769041903e+00
3.480000000000000000e+02 8.398378454050469122e-01 8.148605226076316432e-01 8.916962623596191406e+00
3.490000000000000000e+02 8.191889180486903177e-01 8.339984292385633768e-01 9.022910881042481179e+00
3.500000000000000000e+02 8.388573676011567004e-01 8.145714376334408646e-01 8.918280982971189985e+00
3.510000000000000000e+02 8.204365803385904599e-01 8.345029868652482641e-01 9.022322463989258523e+00
3.520000000000000000e+02 8.394045144825414972e-01 8.137992503791940946e-01 8.918988609313965199e+00
3.530000000000000000e+02 8.203574634227052131e-01 8.319634054263439493e-01 9.020451164245605113e+00
3.540000000000000000e+02 8.387897583233769883e-01 8.142417428180527272e-01 8.916534805297851918e+00
3.550000000000000000e+02 8.203187475894342384e-01 8.342645963170879364e-01 9.019610404968261719e+00
3.560000000000000000e+02 8.389039186273442583e-01 8.150656919528620481e-01 8.916598701477051137e+00
3.570000000000000000e+02 8.179380336176331756e-01 8.338739669269104038e-01 9.019603538513184304e+00
3.580000000000000000e+02 8.379129195861382273e-01 8.130374261121943169e-01 8.915831756591796164e+00
3.590000000000000000e+02 8.174334880240123891e-01 8.345996751392354973e-01 9.023222160339354758e+00
3.600000000000000000e+02 8.395173564899279794e-01 8.150287803561556688e-01 8.915150451660155184e+00
3.610000000000000000e+02 8.162404904179598741e-01 8.323200310119157619e-01 9.022275352478027699e+00
3.620000000000000000e+02 8.382057998013600075e-01 8.142493760733215957e-01 8.917163467407226207e+00
3.630000000000000000e+02 8.188635691253832727e-01 8.339310391679135570e-01 9.022454071044922586e+00
3.640000000000000000e+02 8.406929829637834750e-01 8.118534339364407160e-01 8.920219230651856179e+00
3.650000000000000000e+02 8.195921679114782643e-01 8.325900845826539332e-01 9.023533439636230113e+00
3.660000000000000000e+02 8.393571582361999406e-01 8.116613361404055871e-01 8.921881103515625355e+00
3.670000000000000000e+02 8.200705834304057307e-01 8.335107254505637053e-01 9.024459457397462359e+00
3.680000000000000000e+02 8.408064207769636589e-01 8.128910901832967495e-01 8.920897674560546164e+00
3.690000000000000000e+02 8.197024014585999607e-01 8.316088391512743705e-01 9.025372314453125711e+00
3.700000000000000000e+02 8.375959661501239939e-01 8.125246197656376124e-01 8.921277236938477628e+00
3.710000000000000000e+02 8.199803767093626350e-01 8.315871088226176600e-01 9.023475456237793679e+00
3.720000000000000000e+02 8.378805103899734652e-01 8.125424636898095354e-01 8.919775390624998579e+00
3.730000000000000000e+02 8.188731066410694925e-01 8.323247899459055299e-01 9.023372077941894887e+00
3.740000000000000000e+02 8.394311937239893329e-01 8.137959483975537589e-01 8.918230438232422230e+00
3.750000000000000000e+02 8.193611566858772788e-01 8.313695353125667431e-01 9.024057197570801492e+00
3.760000000000000000e+02 8.381793764455788276e-01 8.118463276200674761e-01 8.918390274047851562e+00
3.770000000000000000e+02 8.191418739069020738e-01 8.324141076207047796e-01 9.024701499938965199e+00
3.780000000000000000e+02 8.378367572433718102e-01 8.143491555960742367e-01 8.918682289123534446e+00
3.790000000000000000e+02 8.193166999012486684e-01 8.342201865912787229e-01 9.025958442687988637e+00
3.800000000000000000e+02 8.380663507059044059e-01 8.134180657628994338e-01 8.918321037292479048e+00
3.810000000000000000e+02 8.192191732681787242e-01 8.336877554937967005e-01 9.024524688720703125e+00
3.820000000000000000e+02 8.383895659934477163e-01 8.129489041069738464e-01 8.918499374389648793e+00
3.830000000000000000e+02 8.203567282416138751e-01 8.325882279725217439e-01 9.025482368469237571e+00
3.840000000000000000e+02 8.377411739483628939e-01 8.130101638761738636e-01 8.919793128967285156e+00
3.850000000000000000e+02 8.186613170462061495e-01 8.317590140634661955e-01 9.024755859374998579e+00
3.860000000000000000e+02 8.390161226234651437e-01 8.154551574088397814e-01 8.919948005676269887e+00
3.870000000000000000e+02 8.192698025737794598e-01 8.329427242602462922e-01 9.024644660949707742e+00
3.880000000000000000e+02 8.396214030147022278e-01 8.134708063935621736e-01 8.918892288208008168e+00
3.890000000000000000e+02 8.191103492267465258e-01 8.336873089719630814e-01 9.025547218322754972e+00
3.900000000000000000e+02 8.374820588113621733e-01 8.118985989307642148e-01 8.920030975341797230e+00
3.910000000000000000e+02 8.171923231078899175e-01 8.342270271453935404e-01 9.026745414733886363e+00
3.920000000000000000e+02 8.384031850893075566e-01 8.140619936556067193e-01 8.917613410949707387e+00
3.930000000000000000e+02 8.180857368097584903e-01 8.336414213127992801e-01 9.027774620056151278e+00
3.940000000000000000e+02 8.373569960013762525e-01 8.136174801692496183e-01 8.919611740112305398e+00
3.950000000000000000e+02 8.181382587112794313e-01 8.345338786466079961e-01 9.029054260253907671e+00
3.960000000000000000e+02 8.381762686743049473e-01 8.138171462508047016e-01 8.919262695312498934e+00
3.970000000000000000e+02 8.198163489134580040e-01 8.327095407107202307e-01 9.029142761230469105e+00
3.980000000000000000e+02 8.386518302139749359e-01 8.138110387117033495e-01 8.917532348632812855e+00
