0.000000000000000000e+00 4.976317560366122494e-02 4.703942147476591201e-02 5.993973255157469815e+00
1.000000000000000000e+00 4.635577970211327697e-02 5.184455983330128748e-02 5.998220062255859020e+00
2.000000000000000000e+00 6.239723465217482390e-02 5.027368976449052285e-02 6.226486682891845703e+00
3.000000000000000000e+00 6.015941106860509674e-02 5.951856168134031511e-02 6.225619983673095881e+00
4.000000000000000000e+00 7.600039492546112330e-02 6.065900729016508036e-02 6.430490016937255859e+00
5.000000000000000000e+00 7.393340398055187057e-02 7.352042638338103508e-02 6.422659969329833629e+00
6.000000000000000000e+00 9.047119082954922786e-02 7.420567012671347440e-02 6.601186752319335938e+00
7.000000000000000000e+00 8.620256287332724032e-02 9.067294650018689617e-02 6.595936775207519531e+00
8.000000000000000000e+00 1.074090527395636513e-01 9.044692594627830318e-02 6.754230022430419922e+00
9.000000000000000000e+00 1.031951369018619391e-01 1.089141284729100018e-01 6.751490116119384766e+00
1.000000000000000000e+01 1.230171542470948620e-01 1.057772998313054186e-01 6.886716842651367188e+00
1.100000000000000000e+01 1.192931340570369120e-01 1.253465699201809225e-01 6.884959983825684304e+00
1.200000000000000000e+01 1.400063543524193432e-01 1.186634447299784456e-01 7.009070014953612926e+00
1.300000000000000000e+01 1.330865290492618536e-01 1.441363839284993675e-01 7.005393314361572088e+00
1.400000000000000000e+01 1.555452109202985211e-01 1.345921296758358088e-01 7.116360092163086293e+00
1.500000000000000000e+01 1.492783937503468494e-01 1.592566244660164332e-01 7.111813354492186434e+00
1.600000000000000000e+01 1.717107960350890417e-01 1.514604271269526792e-01 7.218426799774169567e+00
1.700000000000000000e+01 1.650194717044095871e-01 1.762011223764388679e-01 7.214763355255126243e+00
1.800000000000000000e+01 1.873697858676520167e-01 1.694644610794705519e-01 7.309256649017333629e+00
1.900000000000000000e+01 1.783654233136188760e-01 1.897445861963731606e-01 7.306406688690184836e+00
2.000000000000000000e+01 2.007093275047509562e-01 1.840286169725909027e-01 7.391083431243895774e+00
2.100000000000000000e+01 1.922441008884704094e-01 2.069278615669512822e-01 7.390580081939696733e+00
2.200000000000000000e+01 2.182221421475358802e-01 1.939645064347407244e-01 7.472690105438233310e+00
2.300000000000000000e+01 2.083418722873083273e-01 2.219398544975739740e-01 7.466296768188477095e+00
2.400000000000000000e+01 2.315934067373440763e-01 2.093429857226805357e-01 7.543086719512938743e+00
2.500000000000000000e+01 2.198818009255390227e-01 2.361350170103766744e-01 7.541756820678710227e+00
2.600000000000000000e+01 2.461534758875514040e-01 2.269645574135215338e-01 7.611143398284911044e+00
2.700000000000000000e+01 2.348211527363337769e-01 2.510067632273301763e-01 7.611746788024902344e+00
2.800000000000000000e+01 2.599516424734347186e-01 2.368358608558038259e-01 7.673113441467285689e+00
2.900000000000000000e+01 2.478297810232282516e-01 2.634200617385504262e-01 7.674100208282469637e+00
3.000000000000000000e+01 2.741318420290754232e-01 2.514055940962008906e-01 7.732756805419922053e+00
3.100000000000000000e+01 2.618155172680465270e-01 2.764577158569866966e-01 7.735986804962157848e+00
3.200000000000000000e+01 2.840124786778355781e-01 2.674028563305950179e-01 7.783440017700195668e+00
3.300000000000000000e+01 2.727410893778822731e-01 2.897958610251463729e-01 7.792096710205077770e+00
3.400000000000000000e+01 2.968780945366457091e-01 2.795477410829279585e-01 7.837253379821777166e+00
3.500000000000000000e+01 2.861986437756479096e-01 3.028577926080692762e-01 7.845393562316893998e+00
3.600000000000000000e+01 3.106423952759387319e-01 2.907260155069040231e-01 7.887926769256591086e+00
3.700000000000000000e+01 2.975003097075082370e-01 3.169606425715389975e-01 7.894076824188232422e+00
3.800000000000000000e+01 3.228618221699403046e-01 3.013848158530172960e-01 7.934526729583739169e+00
3.900000000000000000e+01 3.070022331709609253e-01 3.261829807717420149e-01 7.937246704101562855e+00
4.000000000000000000e+01 3.300493899310077972e-01 3.129902270360085392e-01 7.974706649780273438e+00
4.100000000000000000e+01 3.164578045940903972e-01 3.353149930283922386e-01 7.980926609039306285e+00
4.200000000000000000e+01 3.403102729423058692e-01 3.224239099138938025e-01 8.012329959869385121e+00
4.300000000000000000e+01 3.269383919759161206e-01 3.493053953808170076e-01 8.021160030364990590e+00
4.400000000000000000e+01 3.503176645137089928e-01 3.352590552532883073e-01 8.052763366699219105e+00
4.500000000000000000e+01 3.336771950776215578e-01 3.603228280317097854e-01 8.059976863861084695e+00
4.600000000000000000e+01 3.596542170602018973e-01 3.455719105019034454e-01 8.085420227050780895e+00
4.700000000000000000e+01 3.426157418958010181e-01 3.685068011682136602e-01 8.093790245056151633e+00
4.800000000000000000e+01 3.684986075015698748e-01 3.519999113930256107e-01 8.117350196838378551e+00
4.900000000000000000e+01 3.547328317188696012e-01 3.770363799977343722e-01 8.127673530578613637e+00
5.000000000000000000e+01 3.772538319977878918e-01 3.608395207468876320e-01 8.151616859436035867e+00
5.100000000000000000e+01 3.634450570723472551e-01 3.847769133116007989e-01 8.156649971008301137e+00
5.200000000000000000e+01 3.862554659932315171e-01 3.682517733999816079e-01 8.184493446350098012e+00
5.300000000000000000e+01 3.683532664390369304e-01 3.930858313557690220e-01 8.186140060424804688e+00
5.400000000000000000e+01 3.961507574396445630e-01 3.783252551224062232e-01 8.211853599548339488e+00
5.500000000000000000e+01 3.796625725553344766e-01 3.975873452626160209e-01 8.211473274230955965e+00
5.600000000000000000e+01 4.052765106133269235e-01 3.842851940237433372e-01 8.236856842041015980e+00
5.700000000000000000e+01 3.866238743586333793e-01 4.078772315253886283e-01 8.238636589050292613e+00
5.800000000000000000e+01 4.098304753253893540e-01 3.889712058601869082e-01 8.263799858093261008e+00
5.900000000000000000e+01 3.942306385248836031e-01 4.124015178018492489e-01 8.261743545532226562e+00
6.000000000000000000e+01 4.195381000886184153e-01 3.981778625880939559e-01 8.290769767761231535e+00
6.100000000000000000e+01 4.005200697033231005e-01 4.190657407154904091e-01 8.284326744079589133e+00
6.200000000000000000e+01 4.245739729823068687e-01 4.036168233050937415e-01 8.310123443603515625e+00
6.300000000000000000e+01 4.092206112818734254e-01 4.300715695030564723e-01 8.302820205688478339e+00
6.400000000000000000e+01 4.322712675530158699e-01 4.124461568858749927e-01 8.334139823913574219e+00
6.500000000000000000e+01 4.177005506540861224e-01 4.350575507068705772e-01 8.325033569335937855e+00
6.600000000000000000e+01 4.365612864396884452e-01 4.167641891375798990e-01 8.354236793518065696e+00
6.700000000000000000e+01 4.195258592699856459e-01 4.408282995663004300e-01 8.345183181762696023e+00
6.800000000000000000e+01 4.432883015086490630e-01 4.234120280577489681e-01 8.370633316040038352e+00
6.900000000000000000e+01 4.267916250162070435e-01 4.466497489257682529e-01 8.361703300476074574e+00
7.000000000000000000e+01 4.519498718502691914e-01 4.277522720233180586e-01 8.389563560485839844e+00
7.100000000000000000e+01 4.322151379871193022e-01 4.525074724369596568e-01 8.376436614990234730e+00
7.200000000000000000e+01 4.555232155344587364e-01 4.329808387350823073e-01 8.407356643676758168e+00
7.300000000000000000e+01 4.369187788708051579e-01 4.560428043953519417e-01 8.397013092041015980e+00
7.400000000000000000e+01 4.595061571736082651e-01 4.408936299398205083e-01 8.423626708984373934e+00
7.500000000000000000e+01 4.435746840611094477e-01 4.608507040164867563e-01 8.415680122375489347e+00
7.600000000000000000e+01 4.650324955338372424e-01 4.469926753656593421e-01 8.441873359680174715e+00
7.700000000000000000e+01 4.488665853890344004e-01 4.665400284210972637e-01 8.430263519287109375e+00
7.800000000000000000e+01 4.687875946080680145e-01 4.496561140843500226e-01 8.457060241699219105e+00
7.900000000000000000e+01 4.501088912681573961e-01 4.704165847940162681e-01 8.448473548889159801e+00
8.000000000000000000e+01 4.749623682499717336e-01 4.534875195224971622e-01 8.465820312500000000e+00
8.100000000000000000e+01 4.552925458227272681e-01 4.737447153089671681e-01 8.459703445434570312e+00
8.200000000000000000e+01 4.771086134857545624e-01 4.574604279913759286e-01 8.475576591491700285e+00
8.300000000000000000e+01 4.587947802373438244e-01 4.795563982788281221e-01 8.473036766052246094e+00
8.400000000000000000e+01 4.816247459893576166e-01 4.622993493389753183e-01 8.487273216247558594e+00
8.500000000000000000e+01 4.613155841136545865e-01 4.840758563805523940e-01 8.485776710510254617e+00
8.600000000000000000e+01 4.859259640350299114e-01 4.647386697101275610e-01 8.495436668395996094e+00
8.700000000000000000e+01 4.671777624186791433e-01 4.863415575078751107e-01 8.496726608276366832e+00
8.800000000000000000e+01 4.883519162292913607e-01 4.737699381873651250e-01 8.509843444824220171e+00
8.900000000000000000e+01 4.697753589698686061e-01 4.934678209993573206e-01 8.507690048217774859e+00
9.000000000000000000e+01 4.943107781060204209e-01 4.755786176061076453e-01 8.519023323059082387e+00
9.100000000000000000e+01 4.778015626028437879e-01 4.981872249713337197e-01 8.515609931945800071e+00
9.200000000000000000e+01 4.994849867360001139e-01 4.778941308204758820e-01 8.529640007019043679e+00
9.300000000000000000e+01 4.791265466872595691e-01 4.975879327430586807e-01 8.520243263244628551e+00
9.400000000000000000e+01 5.013367107169299786e-01 4.805346821824144077e-01 8.537459945678710582e+00
9.500000000000000000e+01 4.834610090946645511e-01 5.009173092257006576e-01 8.524616622924805043e+00
9.600000000000000000e+01 5.039710064591106375e-01 4.824891439176363650e-01 8.547196960449218395e+00
9.700000000000000000e+01 4.868282121194675849e-01 5.058820284627372210e-01 8.533679962158203125e+00
9.800000000000000000e+01 5.095540553159668695e-01 4.863379742326262578e-01 8.559609985351562145e+00
9.900000000000000000e+01 4.905937055718899709e-01 5.070313962972701205e-01 8.544919967651367188e+00
1.000000000000000000e+02 5.091632410179265378e-01 4.908069522412179531e-01 8.566626739501954191e+00
1.010000000000000000e+02 4.931666172578171303e-01 5.104800579354465961e-01 8.553000259399414773e+00
1.020000000000000000e+02 5.111828074688605783e-01 4.897114690933660475e-01 8.572263336181640270e+00
1.030000000000000000e+02 4.916508502358915567e-01 5.112240315640450561e-01 8.560926818847656605e+00
1.040000000000000000e+02 5.131792309301409505e-01 4.937561633542696948e-01 8.577190208435057528e+00
1.050000000000000000e+02 4.958867922285514762e-01 5.121293044759017699e-01 8.564796829223633168e+00
1.060000000000000000e+02 5.165851202305097312e-01 4.945018027700711638e-01 8.587000083923339133e+00
1.070000000000000000e+02 4.956255166290437497e-01 5.138759526646208275e-01 8.568723487854004617e+00
1.080000000000000000e+02 5.169981338426465900e-01 4.955036311438926755e-01 8.591733360290527699e+00
1.090000000000000000e+02 5.003728311963492326e-01 5.173897010394964413e-01 8.574700164794920809e+00
1.100000000000000000e+02 5.192232500004057005e-01 4.968396802982818494e-01 8.593516731262207387e+00
1.110000000000000000e+02 4.984981199802450691e-01 5.155077000032703971e-01 8.577819824218750000e+00
1.120000000000000000e+02 5.223977711956921954e-01 5.002799660912800039e-01 8.597023200988768821e+00
1.130000000000000000e+02 5.007669252062689758e-01 5.199240490795599134e-01 8.582466506958008168e+00
1.140000000000000000e+02 5.197487788848323964e-01 4.991239342355436315e-01 8.599333572387696023e+00
1.150000000000000000e+02 5.050621848459840857e-01 5.223312985079189286e-01 8.586756706237792969e+00
1.160000000000000000e+02 5.213023911191625448e-01 5.021667492534052091e-01 8.602000045776367898e+00
1.170000000000000000e+02 5.050870184681847119e-01 5.245752740167446415e-01 8.591443252563475852e+00
1.180000000000000000e+02 5.262276223545375720e-01 5.039035033479104531e-01 8.612653541564942117e+00
1.190000000000000000e+02 5.060308990919010208e-01 5.253136091671308794e-01 8.595016860961914418e+00
1.200000000000000000e+02 5.283808534931947465e-01 5.050994039763883059e-01 8.620426559448242543e+00
1.210000000000000000e+02 5.066637341843577280e-01 5.253897949830179659e-01 8.598976898193360086e+00
1.220000000000000000e+02 5.272414436069029486e-01 5.084103543832019234e-01 8.624349975585937855e+00
1.230000000000000000e+02 5.101827130088725237e-01 5.271142653930511734e-01 8.603766822814941762e+00
1.240000000000000000e+02 5.297950143419110081e-01 5.089179743910975384e-01 8.629810333251953125e+00
1.250000000000000000e+02 5.102956127628816008e-01 5.312062051468690038e-01 8.608223533630372515e+00
1.260000000000000000e+02 5.312189104831880337e-01 5.114247104936741062e-01 8.631260299682617543e+00
1.270000000000000000e+02 5.110854020628456951e-01 5.326852054432900108e-01 8.610023498535156250e+00
1.280000000000000000e+02 5.291554074973375821e-01 5.110405813289261578e-01 8.631506538391112926e+00
1.290000000000000000e+02 5.124945301083896343e-01 5.304339188850871745e-01 8.609540367126465199e+00
1.300000000000000000e+02 5.324433320418994198e-01 5.100427919741841176e-01 8.636056518554687145e+00
1.310000000000000000e+02 5.136284363564672661e-01 5.324877625943565951e-01 8.614196777343750000e+00
1.320000000000000000e+02 5.315004273403756141e-01 5.149570636889332365e-01 8.640356826782227273e+00
1.330000000000000000e+02 5.144436957955851319e-01 5.316867448480803171e-01 8.617190361022949219e+00
1.340000000000000000e+02 5.363839182059788602e-01 5.113379458314635251e-01 8.642606735229492188e+00
1.350000000000000000e+02 5.173321493534421833e-01 5.297677426017324276e-01 8.614166831970216265e+00
1.360000000000000000e+02 5.375159398168157798e-01 5.125309036177655431e-01 8.649559974670410156e+00
1.370000000000000000e+02 5.179864497550994429e-01 5.331416582123402748e-01 8.616699981689452059e+00
1.380000000000000000e+02 5.375436945984445325e-01 5.148463903605782210e-01 8.651516723632813211e+00
1.390000000000000000e+02 5.181194526221883923e-01 5.351960633616560381e-01 8.621493530273436789e+00
1.400000000000000000e+02 5.376618310204149820e-01 5.154152596280783261e-01 8.651753425598144531e+00
1.410000000000000000e+02 5.210994307915383095e-01 5.365615791788462818e-01 8.622096824645995028e+00
1.420000000000000000e+02 5.422187833934049017e-01 5.150831232821150296e-01 8.653800201416014914e+00
1.430000000000000000e+02 5.211989567630840314e-01 5.360905761636131084e-01 8.627056884765623934e+00
1.440000000000000000e+02 5.402704995836095092e-01 5.146126511646549329e-01 8.656259918212890980e+00
1.450000000000000000e+02 5.218577864731347438e-01 5.335324729745951622e-01 8.623410034179686434e+00
1.460000000000000000e+02 5.412040034892693363e-01 5.145649460570083100e-01 8.659443473815917613e+00
1.470000000000000000e+02 5.229768643341692336e-01 5.350343420093575109e-01 8.624856758117676492e+00
1.480000000000000000e+02 5.419090775944064298e-01 5.161484448334950903e-01 8.662256813049316051e+00
1.490000000000000000e+02 5.241081783429352159e-01 5.371526652431775073e-01 8.629526901245117898e+00
1.500000000000000000e+02 5.452657548835546653e-01 5.173569915717664003e-01 8.665473365783691762e+00
1.510000000000000000e+02 5.269462883521390806e-01 5.371824290297817495e-01 8.630606842041014914e+00
1.520000000000000000e+02 5.457134019246603351e-01 5.190887900340713790e-01 8.669123458862305398e+00
1.530000000000000000e+02 5.255681820488423694e-01 5.384976334629790751e-01 8.630120086669920809e+00
1.540000000000000000e+02 5.445184572033003878e-01 5.198127400791858754e-01 8.670283508300780539e+00
1.550000000000000000e+02 5.250491838648938536e-01 5.385906405067570901e-01 8.638106727600098012e+00
1.560000000000000000e+02 5.470052892805026268e-01 5.201077757176720828e-01 8.674373435974121804e+00
1.570000000000000000e+02 5.254278859379217792e-01 5.424058688220284585e-01 8.643813323974608664e+00
1.580000000000000000e+02 5.419533376568442806e-01 5.188825214704864131e-01 8.675096702575682883e+00
1.590000000000000000e+02 5.266346052891609508e-01 5.388923340050690847e-01 8.644713592529297941e+00
1.600000000000000000e+02 5.427154785650992741e-01 5.188016356200569890e-01 8.679619979858399503e+00
1.610000000000000000e+02 5.252029033893812482e-01 5.392347673798539853e-01 8.644106864929199219e+00
1.620000000000000000e+02 5.442750238966270748e-01 5.194847407931731942e-01 8.673096847534180753e+00
1.630000000000000000e+02 5.244626062739665695e-01 5.400856059478652549e-01 8.647730064392090910e+00
1.640000000000000000e+02 5.444493482974623877e-01 5.223357600160639658e-01 8.675153350830077770e+00
1.650000000000000000e+02 5.240404021756641662e-01 5.411130218180277840e-01 8.648303413391113637e+00
1.660000000000000000e+02 5.432519376841273839e-01 5.237534048900339689e-01 8.677313423156737926e+00
1.670000000000000000e+02 5.266202477854579067e-01 5.409546046457399671e-01 8.648100090026856535e+00
1.680000000000000000e+02 5.450852946356928852e-01 5.204389165765707093e-01 8.679529762268066051e+00
1.690000000000000000e+02 5.249245555438603050e-01 5.417572238599553947e-01 8.645303535461426492e+00
1.700000000000000000e+02 5.433152103191141169e-01 5.228728474424634287e-01 8.675650215148925426e+00
1.710000000000000000e+02 5.264984021843535089e-01 5.431549873878653845e-01 8.650480079650879617e+00
1.720000000000000000e+02 5.450969557460422221e-01 5.260030056503166573e-01 8.673083305358886719e+00
1.730000000000000000e+02 5.283841959670715349e-01 5.435253418891843324e-01 8.649743461608887074e+00
1.740000000000000000e+02 5.463786854825858352e-01 5.251957284069181942e-01 8.672030067443847301e+00
1.750000000000000000e+02 5.242021612360051597e-01 5.469896471533991500e-01 8.650576782226563566e+00
1.760000000000000000e+02 5.473153965225824313e-01 5.252308571058731390e-01 8.673620223999023438e+00
1.770000000000000000e+02 5.260396346806913703e-01 5.453524143569490334e-01 8.650363731384276278e+00
1.780000000000000000e+02 5.436987412937035469e-01 5.263549895624418662e-01 8.671743583679200285e+00
1.790000000000000000e+02 5.241210649876504313e-01 5.486923022930564331e-01 8.656573486328126066e+00
1.800000000000000000e+02 5.468837688232334182e-01 5.292672496209672728e-01 8.671549987792969816e+00
1.810000000000000000e+02 5.253795662302714886e-01 5.481652157818198701e-01 8.657623481750487571e+00
1.820000000000000000e+02 5.458959870390229785e-01 5.288216630836003462e-01 8.675943183898924715e+00
1.830000000000000000e+02 5.268028405320510643e-01 5.469820622063006343e-01 8.658559989929200285e+00
1.840000000000000000e+02 5.463323871789809161e-01 5.273850037371817789e-01 8.677023696899414773e+00
1.850000000000000000e+02 5.273595768436378783e-01 5.461271810291530304e-01 8.661476707458495738e+00
1.860000000000000000e+02 5.445199158716133025e-01 5.283507333796698680e-01 8.675280189514159801e+00
1.870000000000000000e+02 5.269812244642185783e-01 5.479983372697617705e-01 8.661100196838379617e+00
1.880000000000000000e+02 5.460544332031496140e-01 5.277636804904168866e-01 8.677836608886718039e+00
1.890000000000000000e+02 5.282304285069209238e-01 5.480529706738812568e-01 8.659313583374023793e+00
1.900000000000000000e+02 5.446521490508010599e-01 5.272182333465811332e-01 8.676813507080078480e+00
1.910000000000000000e+02 5.252232494464784684e-01 5.484005894163350714e-01 8.655366706848145242e+00
1.920000000000000000e+02 5.463259386848043908e-01 5.281571007966975317e-01 8.674063301086425426e+00
1.930000000000000000e+02 5.257247314700378427e-01 5.487199417859550676e-01 8.662176895141600497e+00
1.940000000000000000e+02 5.469498065792041119e-01 5.282020001028427947e-01 8.674116897583008523e+00
1.950000000000000000e+02 5.268309754116505816e-01 5.470343937019105374e-01 8.665960311889648438e+00
1.960000000000000000e+02 5.471831635359636348e-01 5.287547274415078657e-01 8.673960113525390980e+00
1.970000000000000000e+02 5.263860726528533096e-01 5.466315843741160752e-01 8.660196876525878551e+00
1.980000000000000000e+02 5.475455921684159177e-01 5.319853565789570693e-01 8.675650024414061079e+00
1.990000000000000000e+02 5.265499248182741177e-01 5.513422237228153833e-01 8.663983535766600852e+00
2.000000000000000000e+02 5.463511818028036204e-01 5.307207873610619853e-01 8.676253509521483664e+00
2.010000000000000000e+02 5.273088458112871191e-01 5.472756910904820193e-01 8.666126823425292613e+00
2.020000000000000000e+02 5.489868016826088271e-01 5.302418258695607012e-01 8.680433464050292258e+00
2.030000000000000000e+02 5.259864722616439670e-01 5.492031528794527606e-01 8.667293357849121804e+00
2.040000000000000000e+02 5.446973669943754315e-01 5.273556367252099086e-01 8.679593276977540128e+00
2.050000000000000000e+02 5.259876960936559209e-01 5.492049097438935767e-01 8.665150070190428266e+00
2.060000000000000000e+02 5.480318071464381768e-01 5.297539972990737978e-01 8.680523490905761363e+00
2.070000000000000000e+02 5.261097867650196269e-01 5.493336584238289744e-01 8.667363357543944602e+00
2.080000000000000000e+02 5.444991201516200530e-01 5.320842420443853138e-01 8.680690193176269887e+00
2.090000000000000000e+02 5.268520396348602697e-01 5.487685410265966679e-01 8.671710014343261719e+00
2.100000000000000000e+02 5.455112785302138612e-01 5.307653079052825351e-01 8.678246879577637074e+00
2.110000000000000000e+02 5.265262023668928482e-01 5.525659657782018286e-01 8.669246864318848722e+00
2.120000000000000000e+02 5.479365505493046795e-01 5.310393360890294234e-01 8.677713394165039062e+00
2.130000000000000000e+02 5.284552919235333546e-01 5.502489803028972615e-01 8.669780158996582387e+00
2.140000000000000000e+02 5.462047363075793749e-01 5.301127294495413533e-01 8.678473281860352273e+00
2.150000000000000000e+02 5.271386213932219844e-01 5.496404952930972199e-01 8.667553520202636363e+00
2.160000000000000000e+02 5.487185271617046611e-01 5.304336790910623156e-01 8.675130081176757102e+00
2.170000000000000000e+02 5.264922008695769318e-01 5.497487398661525804e-01 8.665053367614746094e+00
2.180000000000000000e+02 5.479877072443843922e-01 5.295921031950550084e-01 8.672193145751952770e+00
2.190000000000000000e+02 5.276526730812803878e-01 5.516429663283249907e-01 8.666360092163085227e+00
2.200000000000000000e+02 5.479102459912325029e-01 5.318840827785646930e-01 8.675430297851562500e+00
2.210000000000000000e+02 5.287319603126735545e-01 5.532608375408853973e-01 8.666889953613280184e+00
2.220000000000000000e+02 5.472259282205653719e-01 5.335857298749997479e-01 8.675103378295897727e+00
2.230000000000000000e+02 5.282084776930324743e-01 5.534652232405125050e-01 8.674286651611328836e+00
2.240000000000000000e+02 5.457765860229121246e-01 5.375856300120934739e-01 8.672786712646484375e+00
2.250000000000000000e+02 5.265854320076568396e-01 5.552550305417285337e-01 8.675516700744628551e+00
2.260000000000000000e+02 5.460120055009809459e-01 5.341042484639094701e-01 8.676320266723632102e+00
2.270000000000000000e+02 5.254270805230505381e-01 5.534562216354560471e-01 8.673859786987303977e+00
2.280000000000000000e+02 5.465853708563724878e-01 5.361334530164429957e-01 8.674540138244628551e+00
2.290000000000000000e+02 5.260510367193591552e-01 5.558154186320100054e-01 8.676730155944824219e+00
2.300000000000000000e+02 5.496209883859055623e-01 5.335498560994900163e-01 8.674340248107910156e+00
2.310000000000000000e+02 5.310151062190463511e-01 5.559586365492449334e-01 8.672936820983887074e+00
2.320000000000000000e+02 5.494137100902488635e-01 5.363148916979499914e-01 8.674983596801757457e+00
2.330000000000000000e+02 5.283801122034722519e-01 5.562269832845385675e-01 8.671616744995116477e+00
2.340000000000000000e+02 5.503111270149215750e-01 5.329805381544518994e-01 8.676153564453125355e+00
2.350000000000000000e+02 5.315944234257230505e-01 5.535155148193398045e-01 8.670633316040039062e+00
2.360000000000000000e+02 5.481728960792400240e-01 5.347032690276224409e-01 8.674876785278319957e+00
2.370000000000000000e+02 5.251353233798717879e-01 5.523239678381037798e-01 8.669886779785155539e+00
2.380000000000000000e+02 5.454617085486158645e-01 5.330875698661676765e-01 8.674166679382324219e+00
2.390000000000000000e+02 5.275012912879271099e-01 5.540425104483012175e-01 8.669943428039550426e+00
2.400000000000000000e+02 5.461958652395534353e-01 5.356100851845424504e-01 8.678666687011718395e+00
2.410000000000000000e+02 5.286392539564446214e-01 5.550635654884438219e-01 8.678406906127928977e+00
2.420000000000000000e+02 5.486343462980116659e-01 5.352687213070120853e-01 8.681690216064453125e+00
2.430000000000000000e+02 5.270344852193405982e-01 5.549876682105790993e-01 8.678960227966307173e+00
2.440000000000000000e+02 5.485680257836637042e-01 5.359810509390866562e-01 8.681780052185059660e+00
2.450000000000000000e+02 5.273581100308242231e-01 5.585172272289871120e-01 8.681150245666504617e+00
2.460000000000000000e+02 5.447753194336314442e-01 5.349774436114776988e-01 8.678223419189453836e+00
2.470000000000000000e+02 5.276967659060047833e-01 5.548320619914092200e-01 8.678500175476074219e+00
2.480000000000000000e+02 5.466353410985843597e-01 5.360399674948045368e-01 8.677470016479492898e+00
2.490000000000000000e+02 5.294233882364692834e-01 5.568355492867171908e-01 8.681563377380371094e+00
2.500000000000000000e+02 5.476155684837102910e-01 5.352306073436301492e-01 8.677733421325683594e+00
2.510000000000000000e+02 5.316234073159309403e-01 5.547040825429432331e-01 8.678266906738279829e+00
2.520000000000000000e+02 5.508549542843155233e-01 5.338312078637732494e-01 8.681876754760741832e+00
2.530000000000000000e+02 5.290406161159691978e-01 5.528418820654569243e-01 8.677550125122071023e+00
2.540000000000000000e+02 5.481127282137489010e-01 5.346956265852558232e-01 8.682003211975096946e+00
2.550000000000000000e+02 5.302585030804622956e-01 5.538149983412566923e-01 8.677076721191406605e+00
2.560000000000000000e+02 5.476175156765086260e-01 5.328549926217228672e-01 8.681216812133788707e+00
2.570000000000000000e+02 5.293269634033019866e-01 5.523556405619195475e-01 8.674273300170899148e+00
2.580000000000000000e+02 5.513001370516750210e-01 5.314191745484377893e-01 8.681456756591797941e+00
2.590000000000000000e+02 5.313385045105645244e-01 5.522955613966448185e-01 8.674576759338378906e+00
2.600000000000000000e+02 5.480903391016572757e-01 5.310557772825289513e-01 8.682399940490721946e+00
2.610000000000000000e+02 5.299848915733962329e-01 5.532031849588459060e-01 8.673163414001464844e+00
2.620000000000000000e+02 5.495353093734882677e-01 5.301584971354942333e-01 8.683023262023926492e+00
2.630000000000000000e+02 5.307863037914257731e-01 5.535797555251080748e-01 8.669923400878905895e+00
2.640000000000000000e+02 5.494178677202204986e-01 5.312442819495367674e-01 8.679246520996095171e+00
2.650000000000000000e+02 5.291542031307870930e-01 5.509620073768903836e-01 8.669040107727051137e+00
2.660000000000000000e+02 5.488067220607398822e-01 5.328449037681388667e-01 8.676760101318359730e+00
2.670000000000000000e+02 5.274185327786753419e-01 5.524394907972132174e-01 8.667963600158691051e+00
2.680000000000000000e+02 5.468575896491970623e-01 5.346511415799262146e-01 8.673593521118164062e+00
2.690000000000000000e+02 5.264977642041025474e-01 5.529475632821529985e-01 8.671076774597167969e+00
2.700000000000000000e+02 5.463474485932217073e-01 5.326276224593042841e-01 8.672723388671874645e+00
2.710000000000000000e+02 5.270019423879791498e-01 5.516237332162308160e-01 8.669996833801269176e+00
2.720000000000000000e+02 5.459473903697100727e-01 5.326175364782376187e-01 8.672916793823242543e+00
2.730000000000000000e+02 5.259733866337947816e-01 5.522363566591721451e-01 8.670270156860352628e+00
2.740000000000000000e+02 5.476173914869011394e-01 5.350351814627712921e-01 8.672266769409180398e+00
2.750000000000000000e+02 5.278526620703958283e-01 5.560303238132630055e-01 8.668026924133300781e+00
2.760000000000000000e+02 5.458448041467730549e-01 5.350152201313753686e-01 8.669793510437012074e+00
2.770000000000000000e+02 5.269499987779143746e-01 5.555007113651421191e-01 8.669713401794433949e+00
2.780000000000000000e+02 5.489034511112119707e-01 5.345595654810426645e-01 8.672643280029296520e+00
2.790000000000000000e+02 5.288718753933213668e-01 5.571891461211743168e-01 8.668990135192871094e+00
2.800000000000000000e+02 5.496864688804831145e-01 5.333035080144921114e-01 8.678036689758300781e+00
2.810000000000000000e+02 5.298378766376377058e-01 5.541366780180957408e-01 8.669856834411621804e+00
2.820000000000000000e+02 5.504502328729174998e-01 5.369592307911355000e-01 8.676393318176270242e+00
2.830000000000000000e+02 5.320417737276531556e-01 5.547965841343591720e-01 8.670683479309081676e+00
2.840000000000000000e+02 5.476095418262600933e-01 5.353887492991490360e-01 8.676486778259278054e+00
2.850000000000000000e+02 5.298066784187047684e-01 5.536379831240972882e-01 8.670473480224609730e+00
2.860000000000000000e+02 5.476347321668266765e-01 5.356556760248392113e-01 8.678696632385253906e+00
2.870000000000000000e+02 5.258903731282498217e-01 5.585660459509251830e-01 8.676119995117188566e+00
2.880000000000000000e+02 5.464042383354826837e-01 5.367767362624833449e-01 8.673223304748535867e+00
2.890000000000000000e+02 5.289721823357865782e-01 5.553810224863882095e-01 8.673886680603027699e+00
2.900000000000000000e+02 5.474081402531068008e-01 5.355896996274029931e-01 8.675329971313477273e+00
2.910000000000000000e+02 5.304478191433609213e-01 5.537738632150602802e-01 8.677059936523438211e+00
2.920000000000000000e+02 5.459704643868950047e-01 5.356990669868707533e-01 8.679750061035155895e+00
2.930000000000000000e+02 5.284895377490129720e-01 5.567167256135685527e-01 8.678763389587402344e+00
2.940000000000000000e+02 5.484793456318756144e-01 5.365308068891495585e-01 8.676696586608885653e+00
2.950000000000000000e+02 5.299580994119200694e-01 5.525655819604822216e-01 8.674776840209961648e+00
2.960000000000000000e+02 5.492400003613763237e-01 5.319391436197831169e-01 8.680193328857420454e+00
2.970000000000000000e+02 5.267774916687236741e-01 5.526367923633910273e-01 8.672716712951659801e+00
2.980000000000000000e+02 5.478381966709036099e-01 5.333475585544719122e-01 8.676403427124023793e+00
2.990000000000000000e+02 5.279060461831739381e-01 5.510681751002978190e-01 8.670553398132323508e+00
3.000000000000000000e+02 5.464928167426422734e-01 5.343981558748128746e-01 8.679089927673338423e+00
3.010000000000000000e+02 5.281734870273153692e-01 5.550611382273481498e-01 8.672439956665039418e+00
3.020000000000000000e+02 5.492986420986029072e-01 5.354041064054895216e-01 8.678087043762207742e+00
3.030000000000000000e+02 5.284149348165660953e-01 5.555537559657948155e-01 8.676000213623046520e+00
3.040000000000000000e+02 5.477852120196663455e-01 5.374328617070106562e-01 8.682766914367675781e+00
3.050000000000000000e+02 5.291529216032215821e-01 5.568964532304661041e-01 8.679436683654785156e+00
3.060000000000000000e+02 5.463279838486491125e-01 5.383857208526205973e-01 8.682123374938964133e+00
3.070000000000000000e+02 5.298574325208158520e-01 5.561031135146570215e-01 8.681530189514159446e+00
3.080000000000000000e+02 5.483254542438069645e-01 5.370066825652844988e-01 8.682776832580566762e+00
3.090000000000000000e+02 5.290597036660118491e-01 5.541587064026237686e-01 8.685210037231446023e+00
3.100000000000000000e+02 5.492362605880944937e-01 5.356550321367797851e-01 8.678490066528320668e+00
3.110000000000000000e+02 5.294783144709646061e-01 5.568822368675631074e-01 8.688726806640623579e+00
3.120000000000000000e+02 5.518690124967768895e-01 5.367196898657816684e-01 8.680266571044921164e+00
3.130000000000000000e+02 5.279226426425409624e-01 5.576317391869044515e-01 8.686063575744627840e+00
3.140000000000000000e+02 5.502784006185255095e-01 5.365066209065773029e-01 8.677853393554686434e+00
3.150000000000000000e+02 5.291831288937863809e-01 5.562902661831925499e-01 8.684180259704591620e+00
3.160000000000000000e+02 5.482722458721719372e-01 5.376651915128972670e-01 8.680346679687501066e+00
3.170000000000000000e+02 5.310994251057750137e-01 5.561544607365681570e-01 8.683266830444335227e+00
3.180000000000000000e+02 5.471890259480124419e-01 5.400773084595903439e-01 8.679376792907714133e+00
3.190000000000000000e+02 5.294887731674334796e-01 5.587435766702081308e-01 8.682073211669921520e+00
3.200000000000000000e+02 5.511430103925398782e-01 5.396008740087709921e-01 8.679543304443358309e+00
3.210000000000000000e+02 5.288516410805285117e-01 5.553208046502272621e-01 8.684370040893554688e+00
3.220000000000000000e+02 5.488262214145613882e-01 5.352597870251913914e-01 8.679977035522460582e+00
3.230000000000000000e+02 5.277647040801713985e-01 5.545485139887380566e-01 8.680610275268554332e+00
3.240000000000000000e+02 5.468831168406136367e-01 5.369961396680258403e-01 8.675570106506349077e+00
3.250000000000000000e+02 5.260295997495468834e-01 5.534248276596008820e-01 8.677850151062012074e+00
3.260000000000000000e+02 5.463101516849762085e-01 5.332649487853381443e-01 8.671190071105957742e+00
3.270000000000000000e+02 5.238823501777438718e-01 5.536753018233955270e-01 8.675780105590819247e+00
3.280000000000000000e+02 5.424821923920609690e-01 5.357155451634230126e-01 8.668269920349121804e+00
3.290000000000000000e+02 5.222395602994861497e-01 5.561670722713288884e-01 8.676773452758789418e+00
3.300000000000000000e+02 5.457517233556562486e-01 5.344261809427114374e-01 8.667423439025879972e+00
3.310000000000000000e+02 5.245411855674314561e-01 5.531388993338659521e-01 8.677656745910644176e+00
3.320000000000000000e+02 5.441577432379569590e-01 5.355240750095734414e-01 8.665350151062011008e+00
3.330000000000000000e+02 5.231289489778747637e-01 5.551828039276611726e-01 8.678036880493165128e+00
3.340000000000000000e+02 5.454951463262982525e-01 5.353319393920249469e-01 8.665883445739746449e+00
3.350000000000000000e+02 5.241148382567336617e-01 5.539935996481631930e-01 8.676503562927244673e+00
3.360000000000000000e+02 5.431428783395049198e-01 5.353865221721644252e-01 8.662370300292970171e+00
3.370000000000000000e+02 5.233154513120213958e-01 5.554457360125254484e-01 8.677126884460449219e+00
3.380000000000000000e+02 5.453476568562989346e-01 5.350363735569770851e-01 8.664196586608886363e+00
3.390000000000000000e+02 5.237371856047291496e-01 5.553405954348558105e-01 8.678003311157226562e+00
3.400000000000000000e+02 5.435738317394535057e-01 5.340579066030777255e-01 8.662723350524903054e+00
3.410000000000000000e+02 5.240575458287541899e-01 5.535688423343200215e-01 8.677003479003905895e+00
3.420000000000000000e+02 5.433881492065860686e-01 5.367035148885985762e-01 8.665726661682128906e+00
3.430000000000000000e+02 5.266522241737842114e-01 5.564467579912162343e-01 8.678450202941894176e+00
3.440000000000000000e+02 5.436345924654439887e-01 5.355111880233049959e-01 8.667270088195801137e+00
3.450000000000000000e+02 5.266807708447844849e-01 5.562970943698413162e-01 8.674433708190917969e+00
3.460000000000000000e+02 5.473201072399002109e-01 5.338305193449708330e-01 8.671393203735352273e+00
3.470000000000000000e+02 5.273203775250769887e-01 5.549509932376509580e-01 8.675006866455078125e+00
3.480000000000000000e+02 5.468555612660386256e-01 5.354451241684073937e-01 8.674236679077147016e+00
3.490000000000000000e+02 5.290839217149794216e-01 5.552360791116799366e-01 8.675423240661620738e+00
3.500000000000000000e+02 5.467993839249239985e-01 5.356794164015116211e-01 8.674683570861816406e+00
3.510000000000000000e+02 5.292685757059235607e-01 5.562050717752069495e-01 8.676916694641112926e+00
3.520000000000000000e+02 5.475137615216817411e-01 5.374363014719091280e-01 8.676153564453125355e+00
3.530000000000000000e+02 5.269558250655752563e-01 5.563790397924897047e-01 8.679320144653319247e+00
3.540000000000000000e+02 5.487008070226518930e-01 5.370474748087563643e-01 8.676073455810547230e+00
3.550000000000000000e+02 5.284085205760494786e-01 5.563184522086404016e-01 8.682486724853516691e+00
3.560000000000000000e+02 5.485658597542276693e-01 5.383501971678472664e-01 8.676400375366210227e+00
3.570000000000000000e+02 5.299694792232851892e-01 5.589188729262226651e-01 8.683310127258300426e+00
3.580000000000000000e+02 5.497231503883956982e-01 5.405938232336710003e-01 8.677633285522460938e+00
3.590000000000000000e+02 5.301492838082125791e-01 5.574065040623894518e-01 8.685079956054686079e+00
3.600000000000000000e+02 5.508629208583907255e-01 5.365567363980234816e-01 8.680256652832031961e+00
3.610000000000000000e+02 5.315680405439645595e-01 5.544789747269531777e-01 8.681130027770995738e+00
3.620000000000000000e+02 5.481545864156881498e-01 5.380871366291815061e-01 8.681106948852539418e+00
3.630000000000000000e+02 5.313511105476965701e-01 5.551898281910961908e-01 8.679113578796387785e+00
3.640000000000000000e+02 5.496927506528918039e-01 5.349266029027833769e-01 8.683293342590332031e+00
3.650000000000000000e+02 5.280728172068140935e-01 5.572403170840160014e-01 8.676656913757325285e+00
3.660000000000000000e+02 5.469600623261150485e-01 5.335368689764442562e-01 8.680236816406250000e+00
3.670000000000000000e+02 5.284456038500036090e-01 5.541919262264820567e-01 8.675333404541015980e+00
3.680000000000000000e+02 5.463074103972189732e-01 5.346388739673801904e-01 8.680143547058104758e+00
3.690000000000000000e+02 5.255461863069450512e-01 5.529876002482689845e-01 8.673936653137205965e+00
3.700000000000000000e+02 5.463861973183197218e-01 5.334666906344321946e-01 8.674773406982421164e+00
3.710000000000000000e+02 5.274008241003985686e-01 5.542132247035083115e-01 8.672496604919434304e+00
3.720000000000000000e+02 5.482331823310500063e-01 5.323511081030153358e-01 8.678456687927246449e+00
3.730000000000000000e+02 5.277142457056224201e-01 5.528761420634514812e-01 8.667900085449218750e+00
3.740000000000000000e+02 5.470202885741231036e-01 5.321344087522936750e-01 8.675963211059569247e+00
3.750000000000000000e+02 5.256769119430548809e-01 5.508242809373742332e-01 8.671940040588378196e+00
3.760000000000000000e+02 5.454504158617200504e-01 5.339040161868703338e-01 8.675430107116698153e+00
3.770000000000000000e+02 5.271862178773942809e-01 5.494300233380745579e-01 8.673476600646973012e+00
3.780000000000000000e+02 5.477660851007113418e-01 5.309400758218781879e-01 8.679710197448729403e+00
3.790000000000000000e+02 5.264502509822762688e-01 5.490376369476382967e-01 8.674096870422363992e+00
3.800000000000000000e+02 5.459768447129829116e-01 5.288155466771785607e-01 8.677740097045898438e+00
3.810000000000000000e+02 5.259312268176998817e-01 5.490470994447815833e-01 8.665896606445313566e+00
3.820000000000000000e+02 5.468835669954194012e-01 5.308094049669509484e-01 8.673700141906737215e+00
3.830000000000000000e+02 5.271425479877416276e-01 5.503060094126537294e-01 8.666966819763183949e+00
3.840000000000000000e+02 5.467718221593030892e-01 5.307014642476686195e-01 8.678350067138671520e+00
3.850000000000000000e+02 5.279895725897408854e-01 5.490714810692994829e-01 8.664629936218261719e+00
3.860000000000000000e+02 5.486315135899035855e-01 5.332976440001401253e-01 8.675643539428710582e+00
3.870000000000000000e+02 5.270547181442576390e-01 5.499328592711298924e-01 8.663496780395508523e+00
3.880000000000000000e+02 5.480472959615196871e-01 5.298951631586070743e-01 8.676590156555175071e+00
3.890000000000000000e+02 5.288843483556218139e-01 5.495814158643276270e-01 8.663480186462400923e+00
3.900000000000000000e+02 5.472972774494819781e-01 5.316994019422727202e-01 8.680379867553710938e+00
3.910000000000000000e+02 5.297533750578404810e-01 5.523663495338470009e-01 8.665993499755858309e+00
3.920000000000000000e+02 5.462173410873925050e-01 5.298518416598969605e-01 8.680000114440918679e+00
3.930000000000000000e+02 5.261798725296923385e-01 5.511584875444063281e-01 8.666590309143066051e+00
3.940000000000000000e+02 5.465662354033603565e-01 5.311989843613348361e-01 8.678863334655762429e+00
3.950000000000000000e+02 5.268524728708252614e-01 5.510215979322071744e-01 8.666230201721191406e+00
3.960000000000000000e+02 5.472353619038520245e-01 5.327031869763368954e-01 8.682813453674317117e+00
3.970000000000000000e+02 5.277534029134011151e-01 5.498240791919314363e-01 8.667903327941894887e+00
3.980000000000000000e+02 5.476323326189030949e-01 5.313937732276899917e-01 8.683259963989257812e+00
