0.000000000000000000e+00 1.269624468976880138e-01 7.382868553892274477e-02 5.982943725585937678e+00
1.000000000000000000e+00 1.180999252691269236e-01 1.207626754524158824e-01 6.012072563171386719e+00
2.000000000000000000e+00 2.005427384643408140e-01 1.108814716040833481e-01 6.310013008117675071e+00
3.000000000000000000e+00 1.775956312374509793e-01 1.873510285799405428e-01 6.345282936096191762e+00
4.000000000000000000e+00 2.438066660236135608e-01 1.662825073774657214e-01 6.589338207244873402e+00
5.000000000000000000e+00 2.189540130720362410e-01 2.293566810149106350e-01 6.626638984680175426e+00
6.000000000000000000e+00 2.779665679912461385e-01 2.063865451469008294e-01 6.830198955535888850e+00
7.000000000000000000e+00 2.570440565285446177e-01 2.667648433608061920e-01 6.868162059783935902e+00
8.000000000000000000e+00 3.191307305401018812e-01 2.493642791545339077e-01 7.037340641021727627e+00
9.000000000000000000e+00 2.991033730715960126e-01 3.103985200360129815e-01 7.074238014221191584e+00
1.000000000000000000e+01 3.584715847765101993e-01 2.945792404795709030e-01 7.216656875610351740e+00
1.100000000000000000e+01 3.406213596202636307e-01 3.547528553925691219e-01 7.253075218200683238e+00
1.200000000000000000e+01 4.006227656036339679e-01 3.353828072934861293e-01 7.373302936553955966e+00
1.300000000000000000e+01 3.838596489986098037e-01 3.978916089616019169e-01 7.410540962219237748e+00
1.400000000000000000e+01 4.451577490786944868e-01 3.797074581297947282e-01 7.511913585662842507e+00
1.500000000000000000e+01 4.222617347620245543e-01 4.382375758357652806e-01 7.548612308502196555e+00
1.600000000000000000e+01 4.760352395901347733e-01 4.192342571804508755e-01 7.632921886444091086e+00
1.700000000000000000e+01 4.552242596958607224e-01 4.736241308510110715e-01 7.672075271606445312e+00
1.800000000000000000e+01 5.137390430022983345e-01 4.535635379361170338e-01 7.744122028350830966e+00
1.900000000000000000e+01 4.895940675796410790e-01 5.071599880533826932e-01 7.779914379119872159e+00
2.000000000000000000e+01 5.427074157204055949e-01 4.846797436337304532e-01 7.842849636077880326e+00
2.100000000000000000e+01 5.200291785611386164e-01 5.353449443113085238e-01 7.878579616546631748e+00
2.200000000000000000e+01 5.697558096806738526e-01 5.117103412205356028e-01 7.933292579650878196e+00
2.300000000000000000e+01 5.461523490842778994e-01 5.624892245622128417e-01 7.966095066070556285e+00
2.400000000000000000e+01 5.950597748295469724e-01 5.392222699528158580e-01 8.013477802276611328e+00
2.500000000000000000e+01 5.748495968077311780e-01 5.883941125611521494e-01 8.046038627624511719e+00
2.600000000000000000e+01 6.192464969259170449e-01 5.621194906862799767e-01 8.086851978302000532e+00
2.700000000000000000e+01 5.963921577161030996e-01 6.113285025967081232e-01 8.120213127136230113e+00
2.800000000000000000e+01 6.396309349406750222e-01 5.884265013979342873e-01 8.155411911010741477e+00
2.900000000000000000e+01 6.156387828305298626e-01 6.350273960091153969e-01 8.187137031555176137e+00
3.000000000000000000e+01 6.603976364051014070e-01 6.098820165158015394e-01 8.216817474365234020e+00
3.100000000000000000e+01 6.363024542907205205e-01 6.546495723512982812e-01 8.250095939636230113e+00
3.200000000000000000e+01 6.780081630416325833e-01 6.298250159994210895e-01 8.274451255798339844e+00
3.300000000000000000e+01 6.542788616600350160e-01 6.694163123166915197e-01 8.307616615295410512e+00
3.400000000000000000e+01 6.944213332151124574e-01 6.471476393691295570e-01 8.326641654968261363e+00
3.500000000000000000e+01 6.709058203659734598e-01 6.888499276534881810e-01 8.363394355773925426e+00
3.600000000000000000e+01 7.095603270181686240e-01 6.628919236273688176e-01 8.377156257629394531e+00
3.700000000000000000e+01 6.852881206579143347e-01 7.046479590816319138e-01 8.411736297607420809e+00
3.800000000000000000e+01 7.233122684474808661e-01 6.811276937200474446e-01 8.422245788574217684e+00
3.900000000000000000e+01 7.002024329394187507e-01 7.154275888434168396e-01 8.455395889282225852e+00
4.000000000000000000e+01 7.372333875065292252e-01 6.934703539808573236e-01 8.464300918579102273e+00
4.100000000000000000e+01 7.124558792678671315e-01 7.297392718772232056e-01 8.497145271301270952e+00
4.200000000000000000e+01 7.454695198855052496e-01 7.077787894366445176e-01 8.503367996215819957e+00
4.300000000000000000e+01 7.229714765465107273e-01 7.422611207551218504e-01 8.535817337036133878e+00
4.400000000000000000e+01 7.582996064814515602e-01 7.183248464427434143e-01 8.537952041625976207e+00
4.500000000000000000e+01 7.333948012303636022e-01 7.529314999931009389e-01 8.572290802001953480e+00
4.600000000000000000e+01 7.671803275726089000e-01 7.317372794892669230e-01 8.572925186157226207e+00
4.700000000000000000e+01 7.462968643641519906e-01 7.633981178143831592e-01 8.606346321105958097e+00
4.800000000000000000e+01 7.786859270327285421e-01 7.383749972660369476e-01 8.605265808105468039e+00
4.900000000000000000e+01 7.532804594577912072e-01 7.726735417089539704e-01 8.639402008056640270e+00
5.000000000000000000e+01 7.847305654828409249e-01 7.479378824240451307e-01 8.635352897644041903e+00
5.100000000000000000e+01 7.627828360505584104e-01 7.793149434226602779e-01 8.667424392700196378e+00
5.200000000000000000e+01 7.921555735083489758e-01 7.556690374944807775e-01 8.662450790405273438e+00
5.300000000000000000e+01 7.695067071213264054e-01 7.854202992099396097e-01 8.693691635131836293e+00
5.400000000000000000e+01 7.984509833941497714e-01 7.631425622405949571e-01 8.686230278015136363e+00
5.500000000000000000e+01 7.776841836244969830e-01 7.916252298187581582e-01 8.720311737060546520e+00
5.600000000000000000e+01 8.048743685010968374e-01 7.718363829531639242e-01 8.709934234619140625e+00
5.700000000000000000e+01 7.828201146050475234e-01 7.971956299961212578e-01 8.744646072387695312e+00
5.800000000000000000e+01 8.087842335122642501e-01 7.763307326718827950e-01 8.730767822265626421e+00
5.900000000000000000e+01 7.888608757680920514e-01 8.053787296380179317e-01 8.766136550903320668e+00
6.000000000000000000e+01 8.142346159675609707e-01 7.809036565225366822e-01 8.750033950805663707e+00
6.100000000000000000e+01 7.936186108351960256e-01 8.077103998777434013e-01 8.787735748291016336e+00
6.200000000000000000e+01 8.199568585687136979e-01 7.881711027689844995e-01 8.767861175537110086e+00
6.300000000000000000e+01 7.995362102939976845e-01 8.142021280203161071e-01 8.806933784484863637e+00
6.400000000000000000e+01 8.245401764855325721e-01 7.915682333027869166e-01 8.784791755676270242e+00
6.500000000000000000e+01 8.027619003092282268e-01 8.157506274776753497e-01 8.822449302673339488e+00
6.600000000000000000e+01 8.281435162957806462e-01 7.969458882621499596e-01 8.801160240173340199e+00
6.700000000000000000e+01 8.063073015065534976e-01 8.223738684670794941e-01 8.837544250488280184e+00
6.800000000000000000e+01 8.310740347487225455e-01 8.007973164045538716e-01 8.815707969665526278e+00
6.900000000000000000e+01 8.094301765323672626e-01 8.253546199322910892e-01 8.853053092956542969e+00
7.000000000000000000e+01 8.342520571881910652e-01 8.051493956087285575e-01 8.829801177978515270e+00
7.100000000000000000e+01 8.106018562807270067e-01 8.288148425208030634e-01 8.867054367065430043e+00
7.200000000000000000e+01 8.354004214074094437e-01 8.077515644388425509e-01 8.842182540893555043e+00
7.300000000000000000e+01 8.165606852582264485e-01 8.313552287947342245e-01 8.877752876281737926e+00
7.400000000000000000e+01 8.384670116982521071e-01 8.113395543738208815e-01 8.852465629577636719e+00
7.500000000000000000e+01 8.176708221683974820e-01 8.347206234391107982e-01 8.890298080444335227e+00
7.600000000000000000e+01 8.403949683711361418e-01 8.126998473578364024e-01 8.862708282470704191e+00
7.700000000000000000e+01 8.212391522098739793e-01 8.368217666395059151e-01 8.902101898193359730e+00
7.800000000000000000e+01 8.427583135247442847e-01 8.160115866897535986e-01 8.873788070678712003e+00
7.900000000000000000e+01 8.230108829513427260e-01 8.369380053502156747e-01 8.913414382934570668e+00
8.000000000000000000e+01 8.440825079045493062e-01 8.162639060075336239e-01 8.883233642578124645e+00
8.100000000000000000e+01 8.246395323223942864e-01 8.408334429057959802e-01 8.923249244689941406e+00
8.200000000000000000e+01 8.468536207601735644e-01 8.206985069818723000e-01 8.891282463073730824e+00
8.300000000000000000e+01 8.270706545033843504e-01 8.407067401022020325e-01 8.931013870239258523e+00
8.400000000000000000e+01 8.464510128991391547e-01 8.181334688924142284e-01 8.899769020080565696e+00
8.500000000000000000e+01 8.274810567361180480e-01 8.441786050769115590e-01 8.940019035339355824e+00
8.600000000000000000e+01 8.490143400288937547e-01 8.231097987770564783e-01 8.908446502685547941e+00
8.700000000000000000e+01 8.277238950045022747e-01 8.452155308829290004e-01 8.947502326965331321e+00
8.800000000000000000e+01 8.502725628165980210e-01 8.234188368809020053e-01 8.915354919433593039e+00
8.900000000000000000e+01 8.309213059165843074e-01 8.451527186536317293e-01 8.954898262023926137e+00
9.000000000000000000e+01 8.534335035740054920e-01 8.245625222661937537e-01 8.923091888427734375e+00
9.100000000000000000e+01 8.317564273247580742e-01 8.488866091786384516e-01 8.961263275146484020e+00
9.200000000000000000e+01 8.534415359773659393e-01 8.279513855486027030e-01 8.929840087890625000e+00
9.300000000000000000e+01 8.316176275352168412e-01 8.485785159086906004e-01 8.967915916442871449e+00
9.400000000000000000e+01 8.539892302872180707e-01 8.289035809594552662e-01 8.935225105285644176e+00
9.500000000000000000e+01 8.349039883602414891e-01 8.506685572431236242e-01 8.971688079833983309e+00
9.600000000000000000e+01 8.558345238323840087e-01 8.305399893658862442e-01 8.939155387878418679e+00
9.700000000000000000e+01 8.351817385258587523e-01 8.515285545029767089e-01 8.976803779602050781e+00
9.800000000000000000e+01 8.559486896415952062e-01 8.311451272862183659e-01 8.943811416625976562e+00
9.900000000000000000e+01 8.380496490056786874e-01 8.517483253757662798e-01 8.983237838745116832e+00
1.000000000000000000e+02 8.579208148959762692e-01 8.324782881019485714e-01 8.947875213623047941e+00
1.010000000000000000e+02 8.377067618115500158e-01 8.537739458770321477e-01 8.988150405883787997e+00
1.020000000000000000e+02 8.591246040785932570e-01 8.331155893369323051e-01 8.951430130004881747e+00
1.030000000000000000e+02 8.393467563787687657e-01 8.544787753639884187e-01 8.992149353027343750e+00
1.040000000000000000e+02 8.591974919929057375e-01 8.337731110030007775e-01 8.954232978820801492e+00
1.050000000000000000e+02 8.388057129182399096e-01 8.566260856279316327e-01 8.996808052062988281e+00
1.060000000000000000e+02 8.598685543417549093e-01 8.349559573755589437e-01 8.957463645935057173e+00
1.070000000000000000e+02 8.416594159201783443e-01 8.573974898886822515e-01 9.001433372497558594e+00
1.080000000000000000e+02 8.607302198447602803e-01 8.374610111998800344e-01 8.959954643249512074e+00
1.090000000000000000e+02 8.399558552123268518e-01 8.575871455195818172e-01 9.003916740417480469e+00
1.100000000000000000e+02 8.612279527460243722e-01 8.389478122567640694e-01 8.963297653198242898e+00
1.110000000000000000e+02 8.417136986177604641e-01 8.589328267317427601e-01 9.006768226623535156e+00
1.120000000000000000e+02 8.615477209069756226e-01 8.383908690919665840e-01 8.964657592773438211e+00
1.130000000000000000e+02 8.419526488497184324e-01 8.574153537698570027e-01 9.010074996948240766e+00
1.140000000000000000e+02 8.633090976128995342e-01 8.380391272901974720e-01 8.968175125122069602e+00
1.150000000000000000e+02 8.420680806899737414e-01 8.582878331023086060e-01 9.012194442749024148e+00
1.160000000000000000e+02 8.627355953080344531e-01 8.387509377623458828e-01 8.970033073425291548e+00
1.170000000000000000e+02 8.440121932617873357e-01 8.586277024637007926e-01 9.016391754150390625e+00
1.180000000000000000e+02 8.632218511279102779e-01 8.394597327662025599e-01 8.970578956604004617e+00
1.190000000000000000e+02 8.439364812316183517e-01 8.613432343114608702e-01 9.019737243652343750e+00
1.200000000000000000e+02 8.627729193879919434e-01 8.404615179133045899e-01 8.973270988464355113e+00
1.210000000000000000e+02 8.428351398677231820e-01 8.591979605052927349e-01 9.023560714721680753e+00
1.220000000000000000e+02 8.639502226534018225e-01 8.397661893200444316e-01 8.976496887207030539e+00
1.230000000000000000e+02 8.455600158708299618e-01 8.624837527196619336e-01 9.024498367309570668e+00
1.240000000000000000e+02 8.634178714313737180e-01 8.402615496307521692e-01 8.978528594970702770e+00
1.250000000000000000e+02 8.439226036738691761e-01 8.615809489768320173e-01 9.024975204467773793e+00
1.260000000000000000e+02 8.639004535177818855e-01 8.415907750935990306e-01 8.981050682067870383e+00
1.270000000000000000e+02 8.445793695967621639e-01 8.603209884417235553e-01 9.026492881774903054e+00
1.280000000000000000e+02 8.656428079686888655e-01 8.404801617208454978e-01 8.983917617797851918e+00
1.290000000000000000e+02 8.442250444470199566e-01 8.609097560644732861e-01 9.027689170837401633e+00
1.300000000000000000e+02 8.654465366296402173e-01 8.412846509940689055e-01 8.986486244201660867e+00
1.310000000000000000e+02 8.454730842623716658e-01 8.631790945973281115e-01 9.028507614135742543e+00
1.320000000000000000e+02 8.658252218312886272e-01 8.413022668376092250e-01 8.987012290954590199e+00
1.330000000000000000e+02 8.458450691548892175e-01 8.611986740320758393e-01 9.030858039855957031e+00
1.340000000000000000e+02 8.656513390668153507e-01 8.424783564782493128e-01 8.986847305297851918e+00
1.350000000000000000e+02 8.450101256122664051e-01 8.641633473808960630e-01 9.032933998107910867e+00
1.360000000000000000e+02 8.660870255648780436e-01 8.430176238207105488e-01 8.987263298034667613e+00
1.370000000000000000e+02 8.449618741354448792e-01 8.633406225716763194e-01 9.035085296630859020e+00
1.380000000000000000e+02 8.641447391658469979e-01 8.426387172252033375e-01 8.989537620544433949e+00
1.390000000000000000e+02 8.449414229083757055e-01 8.631315338164864404e-01 9.035243797302246804e+00
1.400000000000000000e+02 8.650093440523816124e-01 8.437163231932144347e-01 8.991939926147461293e+00
1.410000000000000000e+02 8.449157079420168692e-01 8.622140473706896291e-01 9.035730552673339133e+00
1.420000000000000000e+02 8.651325935824797364e-01 8.427854880322287467e-01 8.993154907226562855e+00
1.430000000000000000e+02 8.468813817847757885e-01 8.642611873762279240e-01 9.034929275512695312e+00
1.440000000000000000e+02 8.665559061489084280e-01 8.436002674513268795e-01 8.992782020568848012e+00
1.450000000000000000e+02 8.459237888925619231e-01 8.620934948010032794e-01 9.035871124267577770e+00
1.460000000000000000e+02 8.675662723696032641e-01 8.420638710303858243e-01 8.993615341186522727e+00
1.470000000000000000e+02 8.452377642516298861e-01 8.639865732099478723e-01 9.036629676818847656e+00
1.480000000000000000e+02 8.651819210353303147e-01 8.415021038836119072e-01 8.994060897827148793e+00
1.490000000000000000e+02 8.471040537269245441e-01 8.629758685956376851e-01 9.036572074890136363e+00
1.500000000000000000e+02 8.655425759918048412e-01 8.442546360290638097e-01 8.995434379577636363e+00
1.510000000000000000e+02 8.467463405083796024e-01 8.633772142735025579e-01 9.037539863586424360e+00
1.520000000000000000e+02 8.678103911128938197e-01 8.431987844369719376e-01 8.994983291625976207e+00
1.530000000000000000e+02 8.466227906051985164e-01 8.632860161064926929e-01 9.037275123596192117e+00
1.540000000000000000e+02 8.665569321070694109e-01 8.446588616125599858e-01 8.995214462280273438e+00
1.550000000000000000e+02 8.459341221075736827e-01 8.632674616447546523e-01 9.037121391296386363e+00
1.560000000000000000e+02 8.685042319599333149e-01 8.446498807508207030e-01 8.995213127136230113e+00
1.570000000000000000e+02 8.486277413257327096e-01 8.644200186155820420e-01 9.036031532287598367e+00
1.580000000000000000e+02 8.681631992949525589e-01 8.443331475652270379e-01 8.997588348388672941e+00
1.590000000000000000e+02 8.495308880454878198e-01 8.629902790952318492e-01 9.036549186706542613e+00
1.600000000000000000e+02 8.686916913122610939e-01 8.444814971302831985e-01 8.997085571289062500e+00
1.610000000000000000e+02 8.496809589840643717e-01 8.663233863434390836e-01 9.036360931396485441e+00
1.620000000000000000e+02 8.675548559739336696e-01 8.451928583504934034e-01 8.996033096313476918e+00
1.630000000000000000e+02 8.496319754300244442e-01 8.666778805095434191e-01 9.037647056579590554e+00
1.640000000000000000e+02 8.676708462207201045e-01 8.448575169415674102e-01 8.995841407775879262e+00
1.650000000000000000e+02 8.477526605083007816e-01 8.655022757361546804e-01 9.038064956665040839e+00
1.660000000000000000e+02 8.697780612318056770e-01 8.459137558976270732e-01 8.994402694702149148e+00
1.670000000000000000e+02 8.484834983958384758e-01 8.666932228950687822e-01 9.039296722412109020e+00
1.680000000000000000e+02 8.676098823263430626e-01 8.457165425026057504e-01 8.995121574401855113e+00
1.690000000000000000e+02 8.479836125928164048e-01 8.654764417399231080e-01 9.039484596252441051e+00
1.700000000000000000e+02 8.681463870579843034e-01 8.452839441373208862e-01 8.996929550170898793e+00
1.710000000000000000e+02 8.473150539901281864e-01 8.636246139658573240e-01 9.041346549987792969e+00
1.720000000000000000e+02 8.685514970536626356e-01 8.453140684141861039e-01 8.997719764709472656e+00
1.730000000000000000e+02 8.467851767253807838e-01 8.642575329345851820e-01 9.041374015808106179e+00
1.740000000000000000e+02 8.681114773107947435e-01 8.461521968604700517e-01 8.997344207763671164e+00
1.750000000000000000e+02 8.488720301871578444e-01 8.647309235834172991e-01 9.041967964172364702e+00
1.760000000000000000e+02 8.671410828906477297e-01 8.448130593280964717e-01 8.997513580322266336e+00
1.770000000000000000e+02 8.479590148907564240e-01 8.644356810850256645e-01 9.041081237792967684e+00
1.780000000000000000e+02 8.676223245387817418e-01 8.441957569605836875e-01 8.997706222534180398e+00
1.790000000000000000e+02 8.492140860269098424e-01 8.638818980239566514e-01 9.040522956848144887e+00
1.800000000000000000e+02 8.706339905698047277e-01 8.447038364908907582e-01 8.998943328857421875e+00
1.810000000000000000e+02 8.497690625860707669e-01 8.654379556850055888e-01 9.041862106323241832e+00
1.820000000000000000e+02 8.668447165517435549e-01 8.450199843884560469e-01 9.000519561767578836e+00
1.830000000000000000e+02 8.478117186390945470e-01 8.643996150721463545e-01 9.043793869018555753e+00
1.840000000000000000e+02 8.683536712558614923e-01 8.460191399023881953e-01 9.001096534729002840e+00
1.850000000000000000e+02 8.495387785240262613e-01 8.656194505885312918e-01 9.044307136535644887e+00
1.860000000000000000e+02 8.678499888681621144e-01 8.461526497906231015e-01 9.000562286376952770e+00
1.870000000000000000e+02 8.480363662944739866e-01 8.654804309455369493e-01 9.044474029541015980e+00
1.880000000000000000e+02 8.677300356492202438e-01 8.455628624326090303e-01 9.001263236999513140e+00
1.890000000000000000e+02 8.485497109535976579e-01 8.651362913375139074e-01 9.043053436279297586e+00
1.900000000000000000e+02 8.678663151540743081e-01 8.457101542337664979e-01 9.001357269287108664e+00
1.910000000000000000e+02 8.472075182639272617e-01 8.657812706800265268e-01 9.043077850341797230e+00
1.920000000000000000e+02 8.680792237891749030e-01 8.451696713935392680e-01 9.002461814880371449e+00
1.930000000000000000e+02 8.487309409510306324e-01 8.636958702798037679e-01 9.042876243591308594e+00
1.940000000000000000e+02 8.691167251878273436e-01 8.453369610136441947e-01 9.002015876770018465e+00
1.950000000000000000e+02 8.498541557267139668e-01 8.649341626704433184e-01 9.041942787170411222e+00
1.960000000000000000e+02 8.678601197760512642e-01 8.442543321847432169e-01 9.003832054138182883e+00
1.970000000000000000e+02 8.473599945781503662e-01 8.658396839382799248e-01 9.043299293518066051e+00
1.980000000000000000e+02 8.681822161716638009e-01 8.447000287425940890e-01 9.005594253540039062e+00
1.990000000000000000e+02 8.485299140386532990e-01 8.655676053885031918e-01 9.044156837463379617e+00
2.000000000000000000e+02 8.681862256112202747e-01 8.446687540109881764e-01 9.004991531372070312e+00
2.010000000000000000e+02 8.489200314244593759e-01 8.641091548338650785e-01 9.044392013549805043e+00
2.020000000000000000e+02 8.700205991421147145e-01 8.445728745773857238e-01 9.006663322448730469e+00
2.030000000000000000e+02 8.471564422174008291e-01 8.647964565279899762e-01 9.045132255554198863e+00
2.040000000000000000e+02 8.657220251756114759e-01 8.459458494205820411e-01 9.007139015197754617e+00
2.050000000000000000e+02 8.493097552423977126e-01 8.653776126120004131e-01 9.045458412170409801e+00
2.060000000000000000e+02 8.696131469806395176e-01 8.467146798956504128e-01 9.006747436523436789e+00
2.070000000000000000e+02 8.496448804442774394e-01 8.672193273738387775e-01 9.045486259460449929e+00
2.080000000000000000e+02 8.668777103999217859e-01 8.449627655322270448e-01 9.006320953369140625e+00
2.090000000000000000e+02 8.500898099697625776e-01 8.648193058336911543e-01 9.045339012145996449e+00
2.100000000000000000e+02 8.685021913817803085e-01 8.460764167282093240e-01 9.007965469360350141e+00
2.110000000000000000e+02 8.482209607254939110e-01 8.667017090410817914e-01 9.043038558959960227e+00
2.120000000000000000e+02 8.684772312662660809e-01 8.466337662623605320e-01 9.007575798034666903e+00
2.130000000000000000e+02 8.487564534967810825e-01 8.674247208274491472e-01 9.043785285949706321e+00
2.140000000000000000e+02 8.694334178789849821e-01 8.460085342321421731e-01 9.007255363464354403e+00
2.150000000000000000e+02 8.476392745348007018e-01 8.657218308979023336e-01 9.045499038696290128e+00
2.160000000000000000e+02 8.684335334984375487e-01 8.477211321203005356e-01 9.006769180297851562e+00
2.170000000000000000e+02 8.494996033463831919e-01 8.666206793263003805e-01 9.046491432189942117e+00
2.180000000000000000e+02 8.680147790119423501e-01 8.465711399171206297e-01 9.007378005981445668e+00
2.190000000000000000e+02 8.487462285242903803e-01 8.679458897861764832e-01 9.045215415954588778e+00
2.200000000000000000e+02 8.667052469735267994e-01 8.464765681074103432e-01 9.006783866882324574e+00
2.210000000000000000e+02 8.457694738580161520e-01 8.664906021159081151e-01 9.046350097656249645e+00
2.220000000000000000e+02 8.682490638776183545e-01 8.461916342830154703e-01 9.005910301208494673e+00
2.230000000000000000e+02 8.461849322772865278e-01 8.661068688236661650e-01 9.044768524169921164e+00
2.240000000000000000e+02 8.672624947159123243e-01 8.448437813493441251e-01 9.005245399475096946e+00
2.250000000000000000e+02 8.467387339426666326e-01 8.668243286788326341e-01 9.045100784301757457e+00
2.260000000000000000e+02 8.661839143537269914e-01 8.444982554819505660e-01 9.004727363586425781e+00
2.270000000000000000e+02 8.471745663931767867e-01 8.647178236895697312e-01 9.044150543212889914e+00
2.280000000000000000e+02 8.658223099139286116e-01 8.454593613752998671e-01 9.004649353027343039e+00
2.290000000000000000e+02 8.491755820816744293e-01 8.665388042803904289e-01 9.044720077514648793e+00
2.300000000000000000e+02 8.676543580049037585e-01 8.450062618069492659e-01 9.004197120666503906e+00
2.310000000000000000e+02 8.487366417783189787e-01 8.666445018775037479e-01 9.044442176818847656e+00
2.320000000000000000e+02 8.694729624058820106e-01 8.461364714632809703e-01 9.006276512145996449e+00
2.330000000000000000e+02 8.488807732732159828e-01 8.648673763352705546e-01 9.044781875610350852e+00
2.340000000000000000e+02 8.691483771579209261e-01 8.448218091815393738e-01 9.008361625671385653e+00
2.350000000000000000e+02 8.510969704325486163e-01 8.665099765311539137e-01 9.044201469421388140e+00
2.360000000000000000e+02 8.698460244413757092e-01 8.465503309960236145e-01 9.007567024230956676e+00
2.370000000000000000e+02 8.485436736964686588e-01 8.658441713585320887e-01 9.045851135253906605e+00
2.380000000000000000e+02 8.700794181845129538e-01 8.458438784001699462e-01 9.007244682312011363e+00
2.390000000000000000e+02 8.483354997027103828e-01 8.654024206702097821e-01 9.047162628173827770e+00
2.400000000000000000e+02 8.677907527741426374e-01 8.466805170474974718e-01 9.008764076232910867e+00
2.410000000000000000e+02 8.496420742939577719e-01 8.670933239934739412e-01 9.047101402282715199e+00
2.420000000000000000e+02 8.682616431547188762e-01 8.456871048471952257e-01 9.008572578430175781e+00
2.430000000000000000e+02 8.500598932531286955e-01 8.672568359844942121e-01 9.046610069274901633e+00
2.440000000000000000e+02 8.693953087590762241e-01 8.449306974886421351e-01 9.007566642761231535e+00
2.450000000000000000e+02 8.482392023359200950e-01 8.660760604777677507e-01 9.046098518371582742e+00
2.460000000000000000e+02 8.684688114529169889e-01 8.454652066243275588e-01 9.007913208007812145e+00
2.470000000000000000e+02 8.500121571097982720e-01 8.657300503649363321e-01 9.044139671325682528e+00
2.480000000000000000e+02 8.704227999687278450e-01 8.458277887367279257e-01 9.008074569702147372e+00
2.490000000000000000e+02 8.507987091908065791e-01 8.663975631870192151e-01 9.043815422058106179e+00
2.500000000000000000e+02 8.697295335589713128e-01 8.456164035774516030e-01 9.007374763488769531e+00
2.510000000000000000e+02 8.500340532050453257e-01 8.670593404467695775e-01 9.043763160705566406e+00
2.520000000000000000e+02 8.692422427885380110e-01 8.445789824233770338e-01 9.007567977905273082e+00
2.530000000000000000e+02 8.501920433228580265e-01 8.662185520319106713e-01 9.042569923400877840e+00
2.540000000000000000e+02 8.691713153098812317e-01 8.469341248350010787e-01 9.006513977050781605e+00
2.550000000000000000e+02 8.483257985790053635e-01 8.672211395472169126e-01 9.043421745300292969e+00
2.560000000000000000e+02 8.699712337185326883e-01 8.459974834812742372e-01 9.005905723571778765e+00
2.570000000000000000e+02 8.500976407666162027e-01 8.669315980647190889e-01 9.043093490600584872e+00
2.580000000000000000e+02 8.678669140131001214e-01 8.459170524912502653e-01 9.006499862670898082e+00
2.590000000000000000e+02 8.477403887343790689e-01 8.656314269617128021e-01 9.043786621093749645e+00
2.600000000000000000e+02 8.679038651211460342e-01 8.461589692238624671e-01 9.005953598022459872e+00
2.610000000000000000e+02 8.485794759833649170e-01 8.666378270648325000e-01 9.043825531005857954e+00
2.620000000000000000e+02 8.696154457983056307e-01 8.469830038351796597e-01 9.005169868469238281e+00
2.630000000000000000e+02 8.485669728626654695e-01 8.661141043682962781e-01 9.046036911010741477e+00
2.640000000000000000e+02 8.707535649536261024e-01 8.463242696916538632e-01 9.005633926391602984e+00
2.650000000000000000e+02 8.495077796218689636e-01 8.658672289447646442e-01 9.044170379638671875e+00
2.660000000000000000e+02 8.688130581576329892e-01 8.455034800821683572e-01 9.005860710144043324e+00
2.670000000000000000e+02 8.464455390412636282e-01 8.650202490442694403e-01 9.042506790161132457e+00
2.680000000000000000e+02 8.695919303417538604e-01 8.469908881912971976e-01 9.005135726928712003e+00
2.690000000000000000e+02 8.476952668402263358e-01 8.658064758129678795e-01 9.043735885620115766e+00
2.700000000000000000e+02 8.690424467137094489e-01 8.453744300062780992e-01 9.005988502502441762e+00
2.710000000000000000e+02 8.505826583024029830e-01 8.671828423549453602e-01 9.045021629333495738e+00
2.720000000000000000e+02 8.674484741384358433e-01 8.450191191235881805e-01 9.007507514953614347e+00
2.730000000000000000e+02 8.488024119727463068e-01 8.654219262965099357e-01 9.044214630126953480e+00
2.740000000000000000e+02 8.691777326013990779e-01 8.467390043693746593e-01 9.005936241149901988e+00
2.750000000000000000e+02 8.485151111229150001e-01 8.662941655081917158e-01 9.043834495544432528e+00
2.760000000000000000e+02 8.688860607315986861e-01 8.442812377569736126e-01 9.005333900451660156e+00
2.770000000000000000e+02 8.486183417467884071e-01 8.655273263434906106e-01 9.043317604064942117e+00
2.780000000000000000e+02 8.686237889010475222e-01 8.440549811385432699e-01 9.004801559448242898e+00
2.790000000000000000e+02 8.484065551434398778e-01 8.665001002079197878e-01 9.045267677307130327e+00
2.800000000000000000e+02 8.692952516800064311e-01 8.470534578414287141e-01 9.003185653686523793e+00
2.810000000000000000e+02 8.481406976353610405e-01 8.661883242243577641e-01 9.046006584167480824e+00
2.820000000000000000e+02 8.664204173726436364e-01 8.457880746944260730e-01 9.004571914672851562e+00
2.830000000000000000e+02 8.466641669940323522e-01 8.663718947646878998e-01 9.045614814758300426e+00
2.840000000000000000e+02 8.677377312692740041e-01 8.471144605151348372e-01 9.002916908264159801e+00
2.850000000000000000e+02 8.480126285393199126e-01 8.669375925117149828e-01 9.045785713195801492e+00
2.860000000000000000e+02 8.679856308201434612e-01 8.465999532309449460e-01 9.002931785583497160e+00
2.870000000000000000e+02 8.489908841593557520e-01 8.678642727534633394e-01 9.043585205078123579e+00
2.880000000000000000e+02 8.661310425550546865e-01 8.459990459817763320e-01 9.002211380004881747e+00
2.890000000000000000e+02 8.486501812530629074e-01 8.673674824365725788e-01 9.043421745300292969e+00
2.900000000000000000e+02 8.691306247653602934e-01 8.483486155520928440e-01 9.002293586730957031e+00
2.910000000000000000e+02 8.482116865887058266e-01 8.679020883255751384e-01 9.045073127746581676e+00
2.920000000000000000e+02 8.679270096776061649e-01 8.466802740885512879e-01 9.003111267089844105e+00
2.930000000000000000e+02 8.476718783831102000e-01 8.688946539030062421e-01 9.046011734008787997e+00
2.940000000000000000e+02 8.683527187957037485e-01 8.478708913780702572e-01 9.002822303771971235e+00
2.950000000000000000e+02 8.490380963359703825e-01 8.681084505379038641e-01 9.046959114074706321e+00
2.960000000000000000e+02 8.687936396198483457e-01 8.483192750536182603e-01 9.002763938903807883e+00
2.970000000000000000e+02 8.499855428552307579e-01 8.688932279562002758e-01 9.046802330017088778e+00
2.980000000000000000e+02 8.681262991288331010e-01 8.477458220712977832e-01 9.002445411682128196e+00
2.990000000000000000e+02 8.472387572981109338e-01 8.666221795403072914e-01 9.046026420593261008e+00
3.000000000000000000e+02 8.686166075694249367e-01 8.490050768903355527e-01 9.002664566040039062e+00
3.010000000000000000e+02 8.474126571080434767e-01 8.659872615267634188e-01 9.044500541687011008e+00
3.020000000000000000e+02 8.680674983485541230e-01 8.459415360924065208e-01 9.001984596252441406e+00
3.030000000000000000e+02 8.489659955930277668e-01 8.681927469991348456e-01 9.045078086853028054e+00
3.040000000000000000e+02 8.674217096832582685e-01 8.470067467764873514e-01 9.002047348022461648e+00
3.050000000000000000e+02 8.474190184154243299e-01 8.704880848191213216e-01 9.046175193786620383e+00
3.060000000000000000e+02 8.669920997720694800e-01 8.487663818352513267e-01 9.000834274291992898e+00
3.070000000000000000e+02 8.478790002736440456e-01 8.671098897921354354e-01 9.045706748962402344e+00
3.080000000000000000e+02 8.670267888557837699e-01 8.447751117901113327e-01 9.001901054382322798e+00
3.090000000000000000e+02 8.481450012680427086e-01 8.668958100555523849e-01 9.047738265991210227e+00
3.100000000000000000e+02 8.665937156100136374e-01 8.463548897058786880e-01 9.002096366882323508e+00
3.110000000000000000e+02 8.483337258956539229e-01 8.669601691216041184e-01 9.047826576232909090e+00
3.120000000000000000e+02 8.662699151447111889e-01 8.475657883017966299e-01 9.002390670776367898e+00
3.130000000000000000e+02 8.476012461128777931e-01 8.666754343562950158e-01 9.048727607727050426e+00
3.140000000000000000e+02 8.663822709652553300e-01 8.469368510394762462e-01 9.001521492004393110e+00
3.150000000000000000e+02 8.469611722557630618e-01 8.653826602382473920e-01 9.049400711059570668e+00
3.160000000000000000e+02 8.672832079010965867e-01 8.483932868927648308e-01 9.002433204650879262e+00
3.170000000000000000e+02 8.469721083567591791e-01 8.657188948332457112e-01 9.049580574035644531e+00
3.180000000000000000e+02 8.671944301024359092e-01 8.455486340990536753e-01 9.002393150329590199e+00
3.190000000000000000e+02 8.463712084966444893e-01 8.651567188932021146e-01 9.049246215820312855e+00
3.200000000000000000e+02 8.683049419553979797e-01 8.467813940504317349e-01 9.004795074462890625e+00
3.210000000000000000e+02 8.470835215458920597e-01 8.642917800947880203e-01 9.049563407897949219e+00
3.220000000000000000e+02 8.667838481471842327e-01 8.461469269023987883e-01 9.005306243896484375e+00
3.230000000000000000e+02 8.461630104004606023e-01 8.649745790338120299e-01 9.050204086303711648e+00
3.240000000000000000e+02 8.674813444995957967e-01 8.476068151289347652e-01 9.004335594177247160e+00
3.250000000000000000e+02 8.468979534399613263e-01 8.679339609811592693e-01 9.050428771972654829e+00
3.260000000000000000e+02 8.668288589884353135e-01 8.467109115368856020e-01 9.004247093200683949e+00
3.270000000000000000e+02 8.473678385328330398e-01 8.655558649840008334e-01 9.049503517150878196e+00
3.280000000000000000e+02 8.663091390083397236e-01 8.474824153038276187e-01 9.004376983642577770e+00
3.290000000000000000e+02 8.467278267518013601e-01 8.683558870167991106e-01 9.048304748535155539e+00
3.300000000000000000e+02 8.681951976597651610e-01 8.489470157116811855e-01 9.004756355285644887e+00
3.310000000000000000e+02 8.463162031986629641e-01 8.679704907433384298e-01 9.048161888122558949e+00
3.320000000000000000e+02 8.683677255060845424e-01 8.495671154991603080e-01 9.004376792907715199e+00
3.330000000000000000e+02 8.468613994367624187e-01 8.648916269001808432e-01 9.047512245178221946e+00
3.340000000000000000e+02 8.673657065755409068e-01 8.484501211026690415e-01 9.002260589599609730e+00
3.350000000000000000e+02 8.459772669382310539e-01 8.685276934081727074e-01 9.046078872680663352e+00
3.360000000000000000e+02 8.656351901809237193e-01 8.474955278534276326e-01 9.002775764465331676e+00
3.370000000000000000e+02 8.468303115985834628e-01 8.665743319364582753e-01 9.045247840881348367e+00
3.380000000000000000e+02 8.674605526503642583e-01 8.484329464285679245e-01 9.002129554748535156e+00
3.390000000000000000e+02 8.470222512283710481e-01 8.665107022888810517e-01 9.045130920410155539e+00
3.400000000000000000e+02 8.663705328400578276e-01 8.473003529387532762e-01 9.001362800598144531e+00
3.410000000000000000e+02 8.483682565809029796e-01 8.685935221543639173e-01 9.044623565673829191e+00
3.420000000000000000e+02 8.667845120749700927e-01 8.481075619048319414e-01 9.001520538330078480e+00
3.430000000000000000e+02 8.479427735414140077e-01 8.686459986314694071e-01 9.044367408752442827e+00
3.440000000000000000e+02 8.672499690795212324e-01 8.488169462889286754e-01 9.000054740905762074e+00
3.450000000000000000e+02 8.479958609708665440e-01 8.690773641238609404e-01 9.044605064392090554e+00
3.460000000000000000e+02 8.674708834030813165e-01 8.465222558849430090e-01 8.999884796142577414e+00
3.470000000000000000e+02 8.483093416687722543e-01 8.663495617497711798e-01 9.045058631896973012e+00
3.480000000000000000e+02 8.657111719918832993e-01 8.463301764399188132e-01 8.999658584594726562e+00
3.490000000000000000e+02 8.469443355380638083e-01 8.668086657378090143e-01 9.044960975646972656e+00
3.500000000000000000e+02 8.660442957212910464e-01 8.472173688130296698e-01 8.999619102478026988e+00
3.510000000000000000e+02 8.475712753894917295e-01 8.693509802989927149e-01 9.044985771179199219e+00
3.520000000000000000e+02 8.670162106767590471e-01 8.476922596198688264e-01 8.999241256713867543e+00
3.530000000000000000e+02 8.456365716695031232e-01 8.668632469686423647e-01 9.044814682006835582e+00
3.540000000000000000e+02 8.663903475610488236e-01 8.457543567882676028e-01 8.999380683898925426e+00
3.550000000000000000e+02 8.481767513541028647e-01 8.650457996127233207e-01 9.045789909362794035e+00
3.560000000000000000e+02 8.666223586051907679e-01 8.472364236539301485e-01 8.999929046630859020e+00
3.570000000000000000e+02 8.467300325061209998e-01 8.652856583897339249e-01 9.045018577575683949e+00
3.580000000000000000e+02 8.668030202279389806e-01 8.483593010143581914e-01 9.002355766296386008e+00
3.590000000000000000e+02 8.462385797791261988e-01 8.655730877880956076e-01 9.044925880432128196e+00
3.600000000000000000e+02 8.668167415726772962e-01 8.463753100860624823e-01 9.002384567260742543e+00
3.610000000000000000e+02 8.481656497633223157e-01 8.678094822052639934e-01 9.045700073242187500e+00
3.620000000000000000e+02 8.659590433657260444e-01 8.463703584866317797e-01 9.003347206115723367e+00
3.630000000000000000e+02 8.464345153068363325e-01 8.645475604710589623e-01 9.045043182373047941e+00
3.640000000000000000e+02 8.657659865005011834e-01 8.470961177072509063e-01 9.003034782409667258e+00
3.650000000000000000e+02 8.464409608980313360e-01 8.653012900022027942e-01 9.045191955566405539e+00
3.660000000000000000e+02 8.663095345108705603e-01 8.466538149151792148e-01 9.003368949890136363e+00
3.670000000000000000e+02 8.452519158906107721e-01 8.652433833205037672e-01 9.045302772521973012e+00
3.680000000000000000e+02 8.656618015408876765e-01 8.458457177440180663e-01 9.003101921081542613e+00
3.690000000000000000e+02 8.462251049035657280e-01 8.655842045615126379e-01 9.045720672607423296e+00
3.700000000000000000e+02 8.664526741067759552e-01 8.470098252127632454e-01 9.004378318786621094e+00
3.710000000000000000e+02 8.474240549442683124e-01 8.670327764561162054e-01 9.045746994018553977e+00
3.720000000000000000e+02 8.668423384783547903e-01 8.465439997878616563e-01 9.007016181945800781e+00
3.730000000000000000e+02 8.462493893401275002e-01 8.632715628545561959e-01 9.046584129333496094e+00
3.740000000000000000e+02 8.662672304329788187e-01 8.445062062118071644e-01 9.006369781494141691e+00
3.750000000000000000e+02 8.466543083706129513e-01 8.661526570487660948e-01 9.047123527526856890e+00
3.760000000000000000e+02 8.661210756124556598e-01 8.453577460000774035e-01 9.005738067626952059e+00
3.770000000000000000e+02 8.471223751512781952e-01 8.639645039341488086e-01 9.047306251525878196e+00
3.780000000000000000e+02 8.676291773308116850e-01 8.450560182608344295e-01 9.005693244934082742e+00
3.790000000000000000e+02 8.483556024447981292e-01 8.649352018967946254e-01 9.047830963134765980e+00
3.800000000000000000e+02 8.682894167651953321e-01 8.455300208890984548e-01 9.004590988159179688e+00
3.810000000000000000e+02 8.469544371174853037e-01 8.666242339313396936e-01 9.046843910217285512e+00
3.820000000000000000e+02 8.675092968083706335e-01 8.444913574546605295e-01 9.005413246154786222e+00
3.830000000000000000e+02 8.482890806535072770e-01 8.641681625572927850e-01 9.047721099853514914e+00
3.840000000000000000e+02 8.665697449310071354e-01 8.452707872521374455e-01 9.004441070556641336e+00
3.850000000000000000e+02 8.460214125010520059e-01 8.649970654962882977e-01 9.049391365051269176e+00
3.860000000000000000e+02 8.664043434163224422e-01 8.442138996552628338e-01 9.004270935058594105e+00
3.870000000000000000e+02 8.461360256502910016e-01 8.640556168340357557e-01 9.050586318969726207e+00
3.880000000000000000e+02 8.651626713834564830e-01 8.436730865433602622e-01 9.005647087097168324e+00
3.890000000000000000e+02 8.456497707644906603e-01 8.632785996356423519e-01 9.050386810302734730e+00
3.900000000000000000e+02 8.656323341449423392e-01 8.434407129878659370e-01 9.005129432678222301e+00
3.910000000000000000e+02 8.453207092136254541e-01 8.628159989133787899e-01 9.051953887939454546e+00
3.920000000000000000e+02 8.676989624838860049e-01 8.446128654627101939e-01 9.005351638793946734e+00
3.930000000000000000e+02 8.462533104007247120e-01 8.618880670063421290e-01 9.050864028930664773e+00
3.940000000000000000e+02 8.675722353781302187e-01 8.450599531280293952e-01 9.006368064880371449e+00
3.950000000000000000e+02 8.460354549489638165e-01 8.654795641763113334e-01 9.051302337646484730e+00
3.960000000000000000e+02 8.676712381586274558e-01 8.462773727103201082e-01 9.005389022827147372e+00
3.970000000000000000e+02 8.476854699891388512e-01 8.646019164918455902e-01 9.052490997314453836e+00
3.980000000000000000e+02 8.666583782794332613e-01 8.448828774801141472e-01 9.006838226318359730e+00
