0.000000000000000000e+00 1.475667124656644125e-01 7.381053344902688274e-02 5.988114070892334162e+00
1.000000000000000000e+00 1.356503073119635916e-01 1.433946652693785795e-01 6.011228084564208096e+00
2.000000000000000000e+00 2.546478975909651776e-01 1.282157558338621051e-01 6.319217872619629084e+00
3.000000000000000000e+00 2.239009967667096590e-01 2.315660085258817447e-01 6.342495155334471946e+00
4.000000000000000000e+00 3.075579956688437866e-01 1.976170299665473418e-01 6.601566791534423828e+00
5.000000000000000000e+00 2.674257204046965875e-01 2.730512083565393988e-01 6.624900245666504262e+00
6.000000000000000000e+00 3.316924347799192208e-01 2.409164231489019370e-01 6.844946479797363814e+00
7.000000000000000000e+00 2.999603076508678967e-01 2.999169652707505684e-01 6.867402267456054865e+00
8.000000000000000000e+00 3.565587308969020985e-01 2.738233740513997816e-01 7.055236339569091797e+00
9.000000000000000000e+00 3.298300181865698733e-01 3.382576528894176149e-01 7.077175331115721946e+00
1.000000000000000000e+01 3.941027266774876359e-01 3.143379060259997582e-01 7.239961719512939098e+00
1.100000000000000000e+01 3.738790771549336811e-01 3.795841120077770858e-01 7.258440780639648260e+00
1.200000000000000000e+01 4.365293592869316508e-01 3.607716608689736093e-01 7.402840137481690341e+00
1.300000000000000000e+01 4.160843506363728350e-01 4.233748736109407274e-01 7.418894004821777521e+00
1.400000000000000000e+01 4.759838101925766840e-01 4.009835750429806556e-01 7.546045970916749113e+00
1.500000000000000000e+01 4.566825635424741070e-01 4.657806069800859428e-01 7.560843944549560547e+00
1.600000000000000000e+01 5.169217360493328917e-01 4.449103961299798460e-01 7.671662521362303977e+00
1.700000000000000000e+01 4.945295626021692370e-01 5.029764418380332502e-01 7.686059951782226562e+00
1.800000000000000000e+01 5.517154684587901592e-01 4.799394580930217979e-01 7.783633995056152166e+00
1.900000000000000000e+01 5.265830650276630553e-01 5.379075267540296412e-01 7.798274517059326172e+00
2.000000000000000000e+01 5.801347169199403409e-01 5.124338152031677751e-01 7.882917308807373402e+00
2.100000000000000000e+01 5.542355955075107810e-01 5.679121032962456406e-01 7.898549842834472479e+00
2.200000000000000000e+01 6.070569876448408397e-01 5.444741140195603624e-01 7.972727108001709695e+00
2.300000000000000000e+01 5.844898037084130804e-01 5.965307213529963404e-01 7.988330459594726207e+00
2.400000000000000000e+01 6.316855946238326691e-01 5.729399527110107249e-01 8.054760265350342507e+00
2.500000000000000000e+01 6.046995986253589361e-01 6.201615655334380417e-01 8.070356750488281605e+00
2.600000000000000000e+01 6.568642971315750145e-01 5.967363627919218816e-01 8.127271842956542258e+00
2.700000000000000000e+01 6.301693637024672334e-01 6.395761564073666472e-01 8.143966293334960582e+00
2.800000000000000000e+01 6.754829821088562669e-01 6.165987127150274194e-01 8.196351623535155895e+00
2.900000000000000000e+01 6.514446433072126341e-01 6.598015256111413596e-01 8.213266944885253551e+00
3.000000000000000000e+01 6.940706783720497208e-01 6.391395864895652590e-01 8.258291625976561079e+00
3.100000000000000000e+01 6.703637782761662223e-01 6.805586549029160048e-01 8.277322387695313921e+00
3.200000000000000000e+01 7.099270333052404292e-01 6.563792849532177343e-01 8.315778160095215199e+00
3.300000000000000000e+01 6.860646575911598655e-01 6.972317508189705970e-01 8.334824562072753906e+00
3.400000000000000000e+01 7.250469313917046188e-01 6.731831774287825310e-01 8.368045997619629972e+00
3.500000000000000000e+01 7.043682845684650085e-01 7.136910595809528024e-01 8.389215469360351562e+00
3.600000000000000000e+01 7.403435925133105000e-01 6.899013181315043486e-01 8.417082023620604758e+00
3.700000000000000000e+01 7.183315283550198993e-01 7.282081890636302735e-01 8.441112709045409446e+00
3.800000000000000000e+01 7.523418491073896597e-01 7.050885360846240735e-01 8.461725044250488992e+00
3.900000000000000000e+01 7.300302946345686994e-01 7.420363377159137075e-01 8.486829376220702770e+00
4.000000000000000000e+01 7.663282946584043520e-01 7.170230899483058806e-01 8.503461265563965199e+00
4.100000000000000000e+01 7.415286438130582747e-01 7.537598294108254215e-01 8.528836631774900923e+00
4.200000000000000000e+01 7.749070712270221817e-01 7.295447336771726521e-01 8.541184997558595171e+00
4.300000000000000000e+01 7.499193239513891607e-01 7.663741899824935144e-01 8.566977310180662997e+00
4.400000000000000000e+01 7.862407814292604602e-01 7.397516007991816744e-01 8.576676559448241477e+00
4.500000000000000000e+01 7.620911206788640868e-01 7.740208831008772439e-01 8.602812767028808594e+00
4.600000000000000000e+01 7.932129128829166209e-01 7.536584371263989057e-01 8.609255409240722301e+00
4.700000000000000000e+01 7.723370294026399296e-01 7.825826170207428323e-01 8.635919189453124645e+00
4.800000000000000000e+01 8.022520357251983203e-01 7.595905749100408944e-01 8.639475250244140980e+00
4.900000000000000000e+01 7.765214576956128711e-01 7.917432453426410666e-01 8.667087936401367543e+00
5.000000000000000000e+01 8.076186490492257564e-01 7.678588033344557751e-01 8.667208862304686789e+00
5.100000000000000000e+01 7.847103036558739086e-01 7.997369006634881261e-01 8.697005653381348012e+00
5.200000000000000000e+01 8.134120281948090669e-01 7.765326733013462324e-01 8.691489219665527344e+00
5.300000000000000000e+01 7.923512926518954114e-01 8.046502007209186402e-01 8.723623847961425426e+00
5.400000000000000000e+01 8.193356304199028717e-01 7.837759830445771847e-01 8.715241622924803977e+00
5.500000000000000000e+01 7.987234558428294440e-01 8.124304114859441928e-01 8.747795486450195668e+00
5.600000000000000000e+01 8.243999484772288611e-01 7.907640917190031926e-01 8.737302589416502840e+00
5.700000000000000000e+01 8.045310569639502196e-01 8.199549673102188851e-01 8.770240783691406250e+00
5.800000000000000000e+01 8.296697384587891078e-01 7.981214152850893973e-01 8.758165740966797230e+00
5.900000000000000000e+01 8.079241142762375594e-01 8.216698953571620612e-01 8.791113281250000355e+00
6.000000000000000000e+01 8.333920622480476270e-01 7.988491543407502116e-01 8.778443145751953836e+00
6.100000000000000000e+01 8.126326119238862500e-01 8.275141406367442221e-01 8.810102844238281605e+00
6.200000000000000000e+01 8.389171717947132567e-01 8.064757821046697472e-01 8.795732688903807883e+00
6.300000000000000000e+01 8.183414342646295747e-01 8.307985247061677736e-01 8.827955436706544035e+00
6.400000000000000000e+01 8.439094495235036630e-01 8.092973157701222053e-01 8.811672210693359375e+00
6.500000000000000000e+01 8.210283128941978648e-01 8.370185088969070986e-01 8.844732284545900214e+00
6.600000000000000000e+01 8.472051393478692294e-01 8.151666208741251696e-01 8.827155494689941762e+00
6.700000000000000000e+01 8.254709790943399739e-01 8.396339930673181184e-01 8.859860038757323863e+00
6.800000000000000000e+01 8.472541324098437077e-01 8.154230407481792842e-01 8.840564918518065696e+00
6.900000000000000000e+01 8.276318456805483725e-01 8.409534720870509572e-01 8.874502563476561079e+00
7.000000000000000000e+01 8.516553236596390297e-01 8.216848207853640895e-01 8.854434967041015625e+00
7.100000000000000000e+01 8.291768265491042955e-01 8.457344830177850881e-01 8.887848281860351918e+00
7.200000000000000000e+01 8.512943569483345518e-01 8.256716250863100903e-01 8.864930152893066406e+00
7.300000000000000000e+01 8.295296870242591103e-01 8.474956282305036170e-01 8.900327873229981535e+00
7.400000000000000000e+01 8.540932977980963958e-01 8.280220366330077741e-01 8.876696777343749289e+00
7.500000000000000000e+01 8.331953293699948526e-01 8.501470908277706240e-01 8.911687469482421520e+00
7.600000000000000000e+01 8.558620246887954641e-01 8.303302036258422003e-01 8.886087226867674715e+00
7.700000000000000000e+01 8.362284983083843048e-01 8.543623535862833185e-01 8.922805404663087359e+00
7.800000000000000000e+01 8.585413535043547872e-01 8.309514853964463654e-01 8.895012283325195668e+00
7.900000000000000000e+01 8.368275816635057929e-01 8.537410656448944923e-01 8.931323623657227984e+00
8.000000000000000000e+01 8.603449320575249359e-01 8.326518299912867294e-01 8.902668190002440696e+00
8.100000000000000000e+01 8.388311934965774208e-01 8.551369280202805179e-01 8.941223144531250000e+00
8.200000000000000000e+01 8.606867380271507884e-01 8.338527311358695515e-01 8.909485816955566406e+00
8.300000000000000000e+01 8.418639310695119615e-01 8.566584112371796733e-01 8.948734474182128196e+00
8.400000000000000000e+01 8.624293071513441378e-01 8.370385437695048170e-01 8.916265106201171520e+00
8.500000000000000000e+01 8.421161034975322979e-01 8.600574317330628160e-01 8.955942535400389204e+00
8.600000000000000000e+01 8.643042538819503129e-01 8.389380876524720199e-01 8.923961257934569957e+00
8.700000000000000000e+01 8.432838879097153129e-01 8.603217228796465887e-01 8.963372611999510298e+00
8.800000000000000000e+01 8.660639336170754543e-01 8.413038998737575325e-01 8.931723785400389914e+00
8.900000000000000000e+01 8.452839704164563095e-01 8.618108715874630565e-01 8.970534133911133523e+00
9.000000000000000000e+01 8.661607589150449593e-01 8.409933662623425565e-01 8.936688423156738281e+00
9.100000000000000000e+01 8.465403682300995936e-01 8.639354405044817886e-01 8.977213668823242898e+00
9.200000000000000000e+01 8.674304105985937152e-01 8.417265548091630301e-01 8.943661880493163352e+00
9.300000000000000000e+01 8.484520372633111984e-01 8.663575609737949046e-01 8.982483100891112571e+00
9.400000000000000000e+01 8.719564258405707591e-01 8.442010682542464561e-01 8.949419212341309660e+00
9.500000000000000000e+01 8.496143818786584534e-01 8.635560569688405241e-01 8.987011337280273793e+00
9.600000000000000000e+01 8.698712843178373344e-01 8.462723329314844056e-01 8.953032112121581676e+00
9.700000000000000000e+01 8.479010242630288241e-01 8.664883891842464214e-01 8.991777801513672230e+00
9.800000000000000000e+01 8.699983283128310818e-01 8.445957182253066575e-01 8.957446289062501066e+00
9.900000000000000000e+01 8.482574783392413664e-01 8.657227587142926062e-01 8.994242668151855469e+00
1.000000000000000000e+02 8.688865602884494610e-01 8.465698945752544446e-01 8.960132598876953125e+00
1.010000000000000000e+02 8.516549260083828843e-01 8.671258819870023560e-01 8.996461677551270242e+00
1.020000000000000000e+02 8.723914114733800629e-01 8.490960826154527741e-01 8.964251899719238637e+00
1.030000000000000000e+02 8.513677741372652763e-01 8.704009930590039801e-01 9.001549911499022727e+00
1.040000000000000000e+02 8.719425562106860594e-01 8.499744417203031199e-01 8.966755867004394531e+00
1.050000000000000000e+02 8.511430773643376968e-01 8.703137556704491073e-01 9.005998992919922230e+00
1.060000000000000000e+02 8.717248255366180087e-01 8.492468774218401295e-01 8.968814086914061789e+00
1.070000000000000000e+02 8.511954404487868109e-01 8.714850510805763895e-01 9.008428001403807173e+00
1.080000000000000000e+02 8.730331035921656824e-01 8.511854820152825463e-01 8.973132705688476207e+00
1.090000000000000000e+02 8.535618318319199149e-01 8.718270674333871151e-01 9.012083816528319247e+00
1.100000000000000000e+02 8.745683679988776049e-01 8.525238189048310877e-01 8.976170539855957031e+00
1.110000000000000000e+02 8.546052956686320812e-01 8.741245350984296891e-01 9.015134048461915128e+00
1.120000000000000000e+02 8.746316783490140079e-01 8.510769254989556387e-01 8.978280067443847656e+00
1.130000000000000000e+02 8.552552136251176940e-01 8.748232246928046019e-01 9.018016433715819957e+00
1.140000000000000000e+02 8.749256044158352230e-01 8.539090304666505649e-01 8.981163024902343750e+00
1.150000000000000000e+02 8.558436310252240942e-01 8.734593311248126657e-01 9.019972610473633523e+00
1.160000000000000000e+02 8.767314709937603645e-01 8.538549080493670340e-01 8.984667205810547230e+00
1.170000000000000000e+02 8.587787443348794403e-01 8.750447920419855974e-01 9.022707557678222301e+00
1.180000000000000000e+02 8.771273835426088850e-01 8.543174163440500068e-01 8.987986373901367898e+00
1.190000000000000000e+02 8.578036550191145970e-01 8.744000632497072045e-01 9.023398590087889914e+00
1.200000000000000000e+02 8.782938152324522019e-01 8.543396935782097135e-01 8.989023971557617898e+00
1.210000000000000000e+02 8.573807777773363448e-01 8.741494159167629840e-01 9.026446342468261719e+00
1.220000000000000000e+02 8.763358449311764442e-01 8.541638372162537740e-01 8.992642402648925781e+00
1.230000000000000000e+02 8.584184894159937462e-01 8.752664432943637607e-01 9.028568267822265625e+00
1.240000000000000000e+02 8.772438339137786922e-01 8.546757049038408161e-01 8.993777084350586648e+00
1.250000000000000000e+02 8.571849798487428673e-01 8.751612131250289250e-01 9.031207656860351207e+00
1.260000000000000000e+02 8.782978145455655472e-01 8.551206450581714247e-01 8.996567535400389559e+00
1.270000000000000000e+02 8.572007572155310173e-01 8.766660300552376883e-01 9.034171867370606179e+00
1.280000000000000000e+02 8.786942374721450344e-01 8.567977336206925587e-01 8.996376037597656250e+00
1.290000000000000000e+02 8.587260859603944585e-01 8.754907312655301199e-01 9.035859870910643465e+00
1.300000000000000000e+02 8.783495489519159705e-01 8.572365943310532588e-01 8.998659896850586648e+00
1.310000000000000000e+02 8.575231953333534163e-01 8.772174045416848420e-01 9.037026023864745738e+00
1.320000000000000000e+02 8.782609005786871093e-01 8.555729191967271774e-01 8.999897956848144531e+00
1.330000000000000000e+02 8.574928055929251780e-01 8.762942464180990543e-01 9.036974143981934660e+00
1.340000000000000000e+02 8.786062120387093666e-01 8.567047516476486990e-01 9.000270271301269887e+00
1.350000000000000000e+02 8.572049937811337950e-01 8.751704777327914409e-01 9.038250160217284446e+00
1.360000000000000000e+02 8.778308819342404146e-01 8.561767394669215214e-01 9.001196098327636008e+00
1.370000000000000000e+02 8.570545861845622060e-01 8.767176447035071041e-01 9.038638114929199219e+00
1.380000000000000000e+02 8.792444123313066795e-01 8.570357520531057816e-01 9.003285598754883878e+00
1.390000000000000000e+02 8.601022620903303606e-01 8.795412370046438166e-01 9.038681983947753906e+00
1.400000000000000000e+02 8.804840655446916076e-01 8.554900637161920729e-01 9.005308914184571023e+00
1.410000000000000000e+02 8.603939357837082635e-01 8.765745611847658436e-01 9.038670158386230113e+00
1.420000000000000000e+02 8.793890042711227650e-01 8.568096739852220090e-01 9.005281066894530895e+00
1.430000000000000000e+02 8.598336445941270334e-01 8.774471825555723026e-01 9.039296722412109020e+00
1.440000000000000000e+02 8.793005832360816232e-01 8.577552319538049863e-01 9.006381416320801137e+00
1.450000000000000000e+02 8.603299017093305467e-01 8.770906068613912865e-01 9.039471626281738281e+00
1.460000000000000000e+02 8.789990971836100231e-01 8.558770035142025945e-01 9.006687164306640625e+00
1.470000000000000000e+02 8.597216864895917965e-01 8.767301233198656618e-01 9.040754890441895952e+00
1.480000000000000000e+02 8.800623835918136573e-01 8.568900060220461246e-01 9.007572174072265625e+00
1.490000000000000000e+02 8.600693835532259302e-01 8.779562606578839024e-01 9.041079902648926137e+00
1.500000000000000000e+02 8.794249627127940228e-01 8.568473760893288160e-01 9.007459259033202770e+00
1.510000000000000000e+02 8.601466938653683503e-01 8.784830244875023730e-01 9.041557884216310015e+00
1.520000000000000000e+02 8.792703596933370003e-01 8.569462173451269926e-01 9.007424736022947798e+00
1.530000000000000000e+02 8.594198476331429415e-01 8.785192864928553780e-01 9.041382789611816406e+00
1.540000000000000000e+02 8.790148703719296019e-01 8.568938626741109399e-01 9.008741569519042258e+00
1.550000000000000000e+02 8.598951043505567160e-01 8.782261575726277858e-01 9.042635917663574219e+00
1.560000000000000000e+02 8.795978927706411543e-01 8.574041068681412803e-01 9.009255218505860086e+00
1.570000000000000000e+02 8.600449353807374520e-01 8.781629952419933716e-01 9.042264175415038352e+00
1.580000000000000000e+02 8.793833281546752367e-01 8.563952404098488236e-01 9.009011459350585227e+00
1.590000000000000000e+02 8.591347736465240192e-01 8.769449146190199107e-01 9.042974090576171520e+00
1.600000000000000000e+02 8.800796405720354709e-01 8.580186251972964362e-01 9.008856964111327414e+00
1.610000000000000000e+02 8.599910295478012667e-01 8.777756022696999727e-01 9.044231605529784446e+00
1.620000000000000000e+02 8.804751032235553776e-01 8.583729363186193284e-01 9.007901954650879617e+00
1.630000000000000000e+02 8.602911215694989400e-01 8.783637919335858246e-01 9.044875907897949929e+00
1.640000000000000000e+02 8.817526505855607377e-01 8.588103044901501670e-01 9.008558654785154829e+00
1.650000000000000000e+02 8.601799193377772657e-01 8.765591080851389272e-01 9.045391845703125711e+00
1.660000000000000000e+02 8.793638551895111011e-01 8.577842161438621327e-01 9.008994674682616832e+00
1.670000000000000000e+02 8.610666374760242991e-01 8.773829538868334055e-01 9.044367027282714133e+00
1.680000000000000000e+02 8.804245534115092697e-01 8.561324743190196207e-01 9.009177207946777344e+00
1.690000000000000000e+02 8.597914208005104086e-01 8.771265489433982543e-01 9.043035888671875355e+00
1.700000000000000000e+02 8.800491139489785564e-01 8.570156179439437638e-01 9.009505081176758523e+00
1.710000000000000000e+02 8.589606275737164953e-01 8.762570142694774411e-01 9.043082237243652344e+00
1.720000000000000000e+02 8.792921743439614524e-01 8.554948663687252930e-01 9.008783531188965910e+00
1.730000000000000000e+02 8.587049495479704975e-01 8.753358603919222380e-01 9.042939949035645242e+00
1.740000000000000000e+02 8.793637323626665170e-01 8.558801315804605014e-01 9.010376167297362571e+00
1.750000000000000000e+02 8.600401823448479144e-01 8.782503823349967487e-01 9.044730377197264914e+00
1.760000000000000000e+02 8.795574952022086057e-01 8.571445020079081489e-01 9.010100936889648082e+00
1.770000000000000000e+02 8.607818752912667071e-01 8.776204395856751495e-01 9.044958114624023438e+00
1.780000000000000000e+02 8.806353025818391966e-01 8.571924197615206076e-01 9.010392570495605824e+00
1.790000000000000000e+02 8.590571474184538481e-01 8.759276738447459021e-01 9.044991302490235086e+00
1.800000000000000000e+02 8.816616340775196292e-01 8.565186439044157884e-01 9.010011291503905895e+00
1.810000000000000000e+02 8.589940160845672690e-01 8.767595415252821267e-01 9.045083427429199574e+00
1.820000000000000000e+02 8.775268696252649381e-01 8.561091694942832842e-01 9.010207939147949929e+00
1.830000000000000000e+02 8.575325625229687221e-01 8.755529905145603697e-01 9.045860671997070668e+00
1.840000000000000000e+02 8.785040265555132954e-01 8.569321031230082708e-01 9.009586524963378196e+00
1.850000000000000000e+02 8.571945673221383899e-01 8.769069715482257221e-01 9.046667480468750355e+00
1.860000000000000000e+02 8.787708827700383418e-01 8.566232947392060648e-01 9.009741020202636008e+00
1.870000000000000000e+02 8.593882076547532112e-01 8.780470059391285442e-01 9.046664810180663707e+00
1.880000000000000000e+02 8.756218915686732052e-01 8.559343567694164268e-01 9.009552001953125000e+00
1.890000000000000000e+02 8.569594397645817763e-01 8.778742069188504304e-01 9.047494888305664062e+00
1.900000000000000000e+02 8.781042527691605981e-01 8.575534333297903933e-01 9.008935928344726562e+00
1.910000000000000000e+02 8.584085858697062532e-01 8.786671714286358181e-01 9.050418090820311789e+00
1.920000000000000000e+02 8.773723784790380398e-01 8.580631923398781558e-01 9.009113502502442472e+00
1.930000000000000000e+02 8.564528486439604293e-01 8.789329730029635801e-01 9.050748443603517046e+00
1.940000000000000000e+02 8.753032165547766086e-01 8.572855391394367253e-01 9.008338546752929332e+00
1.950000000000000000e+02 8.583724006233611759e-01 8.789792995912063533e-01 9.050597572326660512e+00
1.960000000000000000e+02 8.751437411626074026e-01 8.566888720115081179e-01 9.009988594055176492e+00
1.970000000000000000e+02 8.559453554976594880e-01 8.769970597938182566e-01 9.050494766235351207e+00
1.980000000000000000e+02 8.759746553669924829e-01 8.564621460049149926e-01 9.011257934570313211e+00
1.990000000000000000e+02 8.570698439247356193e-01 8.764575281710247356e-01 9.049141502380370738e+00
2.000000000000000000e+02 8.762617100602523301e-01 8.582918549126061780e-01 9.011259078979492188e+00
2.010000000000000000e+02 8.541924419626991671e-01 8.756712338754666369e-01 9.050709342956542613e+00
2.020000000000000000e+02 8.751282045723423053e-01 8.565349644049463640e-01 9.010878372192383523e+00
2.030000000000000000e+02 8.548386994477007450e-01 8.760006167054396053e-01 9.050449943542480113e+00
2.040000000000000000e+02 8.749900398855202655e-01 8.560099797679794342e-01 9.011063194274901988e+00
2.050000000000000000e+02 8.583565211795805006e-01 8.772133245848737770e-01 9.049337959289550426e+00
2.060000000000000000e+02 8.755424136650109546e-01 8.567470223638880000e-01 9.010423088073730824e+00
2.070000000000000000e+02 8.555292039051365371e-01 8.765036924732252377e-01 9.049633979797363281e+00
2.080000000000000000e+02 8.765179800509214081e-01 8.582224516966674432e-01 9.010939598083496094e+00
2.090000000000000000e+02 8.564283751122989674e-01 8.777447479170698008e-01 9.048888778686523082e+00
2.100000000000000000e+02 8.764124565385285059e-01 8.574977974118360713e-01 9.010382652282714844e+00
2.110000000000000000e+02 8.558545783627532488e-01 8.771069748432660518e-01 9.048684501647949574e+00
2.120000000000000000e+02 8.766492519888251511e-01 8.574562873309231614e-01 9.010782241821289062e+00
2.130000000000000000e+02 8.580306559204209371e-01 8.782874948439164386e-01 9.047150230407716265e+00
2.140000000000000000e+02 8.767184292534021539e-01 8.561112247452324908e-01 9.011004066467284801e+00
2.150000000000000000e+02 8.565309281063766544e-01 8.779760342485805058e-01 9.046373748779297230e+00
2.160000000000000000e+02 8.769540425791861882e-01 8.587171248384759537e-01 9.010646820068359375e+00
2.170000000000000000e+02 8.556005148969765273e-01 8.781471633808655142e-01 9.046726417541504972e+00
2.180000000000000000e+02 8.758897758302522929e-01 8.580522792765298279e-01 9.011421203613281250e+00
2.190000000000000000e+02 8.558203342929436852e-01 8.758924762240886119e-01 9.046752166748047941e+00
2.200000000000000000e+02 8.763537823044758035e-01 8.564242008685449825e-01 9.011182975769042258e+00
2.210000000000000000e+02 8.563657776172414193e-01 8.777072380056512024e-01 9.046858596801756747e+00
2.220000000000000000e+02 8.751578213239503690e-01 8.574990780698468207e-01 9.012841796874999645e+00
2.230000000000000000e+02 8.588252796122176624e-01 8.784362548337822929e-01 9.047909927368163352e+00
2.240000000000000000e+02 8.779264530567107983e-01 8.586132565926222204e-01 9.012528610229491477e+00
2.250000000000000000e+02 8.584795158621446598e-01 8.782127759925607569e-01 9.046858215332031605e+00
2.260000000000000000e+02 8.778643915675814480e-01 8.579577864945894250e-01 9.011350822448731535e+00
2.270000000000000000e+02 8.570952035986790785e-01 8.781764051648813796e-01 9.047399139404296520e+00
2.280000000000000000e+02 8.774484529935744348e-01 8.577235245043536294e-01 9.009686470031738281e+00
2.290000000000000000e+02 8.559177713130828868e-01 8.794264151357319426e-01 9.047221946716309304e+00
2.300000000000000000e+02 8.764107870081210283e-01 8.577978863380757435e-01 9.010199546813964844e+00
2.310000000000000000e+02 8.574658851182220820e-01 8.788893804375594865e-01 9.048021125793457742e+00
2.320000000000000000e+02 8.776879630940482846e-01 8.608168010469950948e-01 9.011267852783204191e+00
2.330000000000000000e+02 8.580546770064131357e-01 8.806155034743164967e-01 9.049295806884764204e+00
2.340000000000000000e+02 8.774523020887609048e-01 8.586613520547161649e-01 9.011003875732422230e+00
2.350000000000000000e+02 8.579792691841335861e-01 8.793022921026794059e-01 9.050386238098145242e+00
2.360000000000000000e+02 8.767720863423017486e-01 8.590716001050835438e-01 9.010845565795897016e+00
2.370000000000000000e+02 8.573760384231708942e-01 8.809257510486923071e-01 9.051350021362305043e+00
2.380000000000000000e+02 8.763718110127930450e-01 8.587635943214525502e-01 9.009944725036620028e+00
2.390000000000000000e+02 8.575444224407796634e-01 8.794835249248850184e-01 9.050543975830077414e+00
2.400000000000000000e+02 8.775390573153213358e-01 8.601428393739788403e-01 9.009395980834961293e+00
2.410000000000000000e+02 8.558060367220013953e-01 8.800087754608514334e-01 9.050852966308594816e+00
2.420000000000000000e+02 8.774351347581247351e-01 8.608345565095372187e-01 9.009876441955565696e+00
2.430000000000000000e+02 8.571786863492655284e-01 8.800802073653019031e-01 9.051220130920411222e+00
2.440000000000000000e+02 8.752783612748944453e-01 8.589580251193263960e-01 9.008629798889160156e+00
2.450000000000000000e+02 8.547357498011429744e-01 8.800257713380607028e-01 9.050934410095214488e+00
2.460000000000000000e+02 8.772102118743260180e-01 8.591444428700769631e-01 9.007908248901367543e+00
2.470000000000000000e+02 8.556927248000042452e-01 8.777556761610781910e-01 9.050784111022949219e+00
2.480000000000000000e+02 8.750975524067589051e-01 8.583327334402525155e-01 9.008277893066406250e+00
2.490000000000000000e+02 8.571144470701145268e-01 8.797038317488050652e-01 9.051642227172852273e+00
2.500000000000000000e+02 8.776640805944871948e-01 8.602296485585119168e-01 9.009039306640625355e+00
2.510000000000000000e+02 8.564812549936868802e-01 8.792291577431537997e-01 9.052329063415527344e+00
2.520000000000000000e+02 8.776593473852335459e-01 8.617270150732803113e-01 9.008732986450194602e+00
2.530000000000000000e+02 8.568307047138774557e-01 8.819435689510080056e-01 9.052462959289551137e+00
2.540000000000000000e+02 8.759406911203961865e-01 8.586048707921427603e-01 9.008462333679199574e+00
2.550000000000000000e+02 8.565227740133829482e-01 8.803018568698082191e-01 9.052343368530273438e+00
2.560000000000000000e+02 8.755870758275102750e-01 8.601493632937762257e-01 9.009062767028808594e+00
2.570000000000000000e+02 8.560904446038473115e-01 8.785327898904508048e-01 9.053872108459472656e+00
2.580000000000000000e+02 8.771199941608152084e-01 8.599035011828038977e-01 9.008046531677246449e+00
2.590000000000000000e+02 8.569688888979355434e-01 8.787739547458666145e-01 9.052116966247558238e+00
2.600000000000000000e+02 8.778281586500685796e-01 8.601239624820230523e-01 9.009362030029297586e+00
2.610000000000000000e+02 8.556654108126108271e-01 8.804706756454255823e-01 9.050897979736328480e+00
2.620000000000000000e+02 8.761802866078850505e-01 8.607538480891443466e-01 9.011207580566406250e+00
2.630000000000000000e+02 8.561838259083636160e-01 8.786745054608516847e-01 9.051436042785644176e+00
2.640000000000000000e+02 8.766355521003085238e-01 8.594033293160285858e-01 9.009902763366699929e+00
2.650000000000000000e+02 8.566631115810714459e-01 8.800050940462657012e-01 9.050526046752930043e+00
2.660000000000000000e+02 8.785812396302118410e-01 8.610763362328686110e-01 9.009295654296876066e+00
2.670000000000000000e+02 8.570660419203132152e-01 8.800966417859932278e-01 9.050886535644531605e+00
2.680000000000000000e+02 8.791873874221608487e-01 8.612608480582886195e-01 9.011170768737793324e+00
2.690000000000000000e+02 8.562426354641258230e-01 8.804192977751288396e-01 9.050853919982911222e+00
2.700000000000000000e+02 8.780138066229506988e-01 8.602197007704454057e-01 9.011590576171874645e+00
2.710000000000000000e+02 8.567577502604168949e-01 8.793196318869320738e-01 9.051427078247069602e+00
2.720000000000000000e+02 8.772416685670070269e-01 8.584066658993015908e-01 9.010493659973144887e+00
2.730000000000000000e+02 8.571264535350164859e-01 8.811589561093519096e-01 9.051484680175780895e+00
2.740000000000000000e+02 8.774924164015920347e-01 8.597970234299431302e-01 9.011116218566893821e+00
2.750000000000000000e+02 8.561900689164916312e-01 8.788923685195164648e-01 9.049963378906250355e+00
2.760000000000000000e+02 8.766273327649445335e-01 8.578780311141658288e-01 9.010759544372557883e+00
2.770000000000000000e+02 8.556114411770624484e-01 8.789155357006664948e-01 9.049227714538574219e+00
2.780000000000000000e+02 8.781103548998767661e-01 8.586366222070803689e-01 9.010703468322754262e+00
2.790000000000000000e+02 8.566386391416946910e-01 8.773751804105354157e-01 9.048999595642090554e+00
2.800000000000000000e+02 8.769391015412539847e-01 8.589182613934372990e-01 9.010672187805177202e+00
2.810000000000000000e+02 8.572740702055664519e-01 8.784923733450960004e-01 9.048836135864256391e+00
2.820000000000000000e+02 8.787516583266865577e-01 8.594058682265693916e-01 9.012089157104492543e+00
2.830000000000000000e+02 8.586118356257407269e-01 8.768043283281552469e-01 9.048222351074219461e+00
2.840000000000000000e+02 8.787713609932272796e-01 8.582327798489595150e-01 9.012572288513183594e+00
2.850000000000000000e+02 8.582033066024156165e-01 8.783231547848845411e-01 9.048235893249511719e+00
2.860000000000000000e+02 8.785040242585906434e-01 8.560843151534531792e-01 9.010944557189942472e+00
2.870000000000000000e+02 8.578831439616707577e-01 8.773885712284117400e-01 9.046964645385742188e+00
2.880000000000000000e+02 8.770663453453596548e-01 8.569532335450839033e-01 9.012677574157715199e+00
2.890000000000000000e+02 8.573584717099078656e-01 8.766984335149193841e-01 9.046895980834960938e+00
2.900000000000000000e+02 8.753150942460067307e-01 8.577786477903183160e-01 9.012802124023437500e+00
2.910000000000000000e+02 8.584019296357763285e-01 8.766065417226164280e-01 9.047684097290039418e+00
2.920000000000000000e+02 8.782543343164125327e-01 8.577687958868954743e-01 9.012982177734375711e+00
2.930000000000000000e+02 8.584510762922710203e-01 8.775775237717209354e-01 9.048296546936036577e+00
2.940000000000000000e+02 8.778791157647691801e-01 8.568876032785619490e-01 9.013877487182616832e+00
2.950000000000000000e+02 8.573340933029957034e-01 8.757828726212754100e-01 9.048793220520019887e+00
2.960000000000000000e+02 8.799374381771334352e-01 8.573292410170960665e-01 9.013594627380371094e+00
2.970000000000000000e+02 8.589825463536954198e-01 8.781455930756748574e-01 9.050081825256349077e+00
2.980000000000000000e+02 8.783971304140670844e-01 8.569515890613756959e-01 9.012576484680176137e+00
2.990000000000000000e+02 8.590834317018263278e-01 8.795639143828509754e-01 9.050660896301270242e+00
3.000000000000000000e+02 8.786904284656890107e-01 8.579958908392260053e-01 9.012652778625488637e+00
3.010000000000000000e+02 8.588106884674761021e-01 8.776860317998679273e-01 9.050240516662597656e+00
3.020000000000000000e+02 8.799021441203846994e-01 8.594912126737392910e-01 9.014555168151854758e+00
3.030000000000000000e+02 8.594329914197650355e-01 8.784402785151810278e-01 9.050719833374023082e+00
3.040000000000000000e+02 8.797303158063383144e-01 8.590522211019039345e-01 9.013783645629883878e+00
3.050000000000000000e+02 8.588005698206078176e-01 8.789795322976560188e-01 9.051591682434082742e+00
3.060000000000000000e+02 8.770921504002423541e-01 8.581839397444532835e-01 9.013442802429199929e+00
3.070000000000000000e+02 8.583465139808662547e-01 8.771805350960248937e-01 9.051637840270995383e+00
3.080000000000000000e+02 8.784288902366464979e-01 8.587136080604254040e-01 9.012366104125975497e+00
3.090000000000000000e+02 8.575318164946735822e-01 8.784035240401923961e-01 9.052517700195313211e+00
3.100000000000000000e+02 8.777981131753900268e-01 8.582201176468744475e-01 9.012748336791991832e+00
3.110000000000000000e+02 8.582929118842719252e-01 8.764199876256665300e-01 9.051613235473631391e+00
3.120000000000000000e+02 8.779713473831062265e-01 8.582488637088944161e-01 9.011441040039063211e+00
3.130000000000000000e+02 8.570126906329168515e-01 8.765238656284299879e-01 9.051859283447265980e+00
3.140000000000000000e+02 8.782025335136472988e-01 8.571052500047817713e-01 9.011527061462402344e+00
3.150000000000000000e+02 8.591679033352442874e-01 8.766184324587332766e-01 9.049332046508787641e+00
3.160000000000000000e+02 8.783887441983425637e-01 8.578443208227273242e-01 9.011839485168456676e+00
3.170000000000000000e+02 8.579622058329331447e-01 8.768809581269249032e-01 9.048165130615233309e+00
3.180000000000000000e+02 8.783759741991485903e-01 8.564913043301743967e-01 9.012375068664551847e+00
3.190000000000000000e+02 8.576463188700961249e-01 8.764355296309644938e-01 9.048348045349122515e+00
3.200000000000000000e+02 8.774587009556876760e-01 8.558926281713908901e-01 9.011108589172364347e+00
3.210000000000000000e+02 8.591514901267928161e-01 8.750586128557471532e-01 9.048552131652831676e+00
3.220000000000000000e+02 8.773828251559440128e-01 8.579394845931270774e-01 9.011449241638183949e+00
3.230000000000000000e+02 8.588456964825029738e-01 8.773756901622102866e-01 9.049314880371094105e+00
3.240000000000000000e+02 8.781920078333554924e-01 8.570039066796044658e-01 9.010453987121580965e+00
3.250000000000000000e+02 8.571848549608661605e-01 8.765950999879356109e-01 9.050408363342285156e+00
3.260000000000000000e+02 8.773972719685736443e-01 8.575906648869880966e-01 9.011183357238769176e+00
3.270000000000000000e+02 8.576887051564630049e-01 8.781896188849389606e-01 9.050792312622069957e+00
3.280000000000000000e+02 8.783868385596096395e-01 8.571982638691484357e-01 9.011222267150879262e+00
3.290000000000000000e+02 8.566852577487439335e-01 8.766309951298827396e-01 9.051126480102539062e+00
3.300000000000000000e+02 8.787501598971971806e-01 8.575900739203157208e-01 9.011888694763182883e+00
3.310000000000000000e+02 8.588818216425321284e-01 8.794359145331638317e-01 9.050463867187499289e+00
3.320000000000000000e+02 8.785839496165064322e-01 8.587065928540575932e-01 9.010901451110839844e+00
3.330000000000000000e+02 8.581495703482104886e-01 8.774088058684695879e-01 9.050187683105468395e+00
3.340000000000000000e+02 8.778428138046033835e-01 8.554106748714560560e-01 9.011770439147948508e+00
3.350000000000000000e+02 8.593271792755240446e-01 8.763850952174919717e-01 9.049626350402832031e+00
3.360000000000000000e+02 8.794670741341076292e-01 8.571315035309915453e-01 9.012244606018066762e+00
3.370000000000000000e+02 8.595159733600923335e-01 8.781274453557716964e-01 9.048828887939452059e+00
3.380000000000000000e+02 8.794547405298481779e-01 8.561036293995427648e-01 9.011120986938475852e+00
3.390000000000000000e+02 8.601094147287798863e-01 8.781355121459671897e-01 9.047555732727051492e+00
3.400000000000000000e+02 8.784631191569931552e-01 8.574104257004075968e-01 9.010477256774903410e+00
3.410000000000000000e+02 8.592918822159903991e-01 8.780707714790991769e-01 9.047839355468749289e+00
3.420000000000000000e+02 8.802104603801573779e-01 8.570551114690123651e-01 9.010018920898438921e+00
3.430000000000000000e+02 8.580673018682243303e-01 8.756430059547115619e-01 9.046589469909667613e+00
3.440000000000000000e+02 8.787340207813300053e-01 8.564288957130697932e-01 9.009995651245116477e+00
3.450000000000000000e+02 8.595495586648065345e-01 8.763870159763326173e-01 9.046915435791015980e+00
3.460000000000000000e+02 8.779556718542912419e-01 8.572265077171825620e-01 9.009912109374999645e+00
3.470000000000000000e+02 8.596833623605840691e-01 8.777106287817990626e-01 9.048199081420897016e+00
3.480000000000000000e+02 8.792627671321171512e-01 8.563040344370571599e-01 9.010898399353028054e+00
3.490000000000000000e+02 8.593696897221211328e-01 8.754807158897626174e-01 9.045425987243651988e+00
3.500000000000000000e+02 8.776173691302736612e-01 8.554917171305739254e-01 9.011795806884766336e+00
3.510000000000000000e+02 8.585706083308640713e-01 8.760907222123104354e-01 9.045302009582519176e+00
3.520000000000000000e+02 8.799551010896353720e-01 8.569766590289230601e-01 9.012850761413574219e+00
3.530000000000000000e+02 8.591524043076279593e-01 8.762895458528247028e-01 9.044689559936523793e+00
3.540000000000000000e+02 8.806053082124324360e-01 8.569437635524456143e-01 9.012383460998535156e+00
3.550000000000000000e+02 8.583084685587774043e-01 8.764951101566370584e-01 9.044678306579589488e+00
3.560000000000000000e+02 8.784400078937972811e-01 8.552059034671507520e-01 9.011492347717286577e+00
3.570000000000000000e+02 8.572462094599611060e-01 8.756493579235161695e-01 9.045292854309082031e+00
3.580000000000000000e+02 8.797345429464712430e-01 8.553657320971821409e-01 9.011878395080566762e+00
3.590000000000000000e+02 8.588704992623165113e-01 8.766287760240207838e-01 9.045241737365723012e+00
3.600000000000000000e+02 8.819720875075190980e-01 8.568772296548645695e-01 9.011211395263671875e+00
3.610000000000000000e+02 8.596762299339698599e-01 8.773193370488566734e-01 9.046124649047850852e+00
3.620000000000000000e+02 8.799177348008658806e-01 8.567179208095434539e-01 9.010897445678709872e+00
3.630000000000000000e+02 8.591309055026545849e-01 8.771149797770954049e-01 9.046371078491210582e+00
3.640000000000000000e+02 8.790173217781155346e-01 8.584813241271558315e-01 9.011478996276855113e+00
3.650000000000000000e+02 8.585980857515258524e-01 8.761412871074196751e-01 9.047211074829101918e+00
3.660000000000000000e+02 8.794514398197604832e-01 8.576187136210573492e-01 9.012492370605469816e+00
3.670000000000000000e+02 8.576732759336144207e-01 8.760132410543393089e-01 9.045331954956054688e+00
3.680000000000000000e+02 8.775657507526413159e-01 8.575465123474422802e-01 9.011926269531249645e+00
3.690000000000000000e+02 8.579429423048848813e-01 8.748946859920279095e-01 9.046822166442870738e+00
3.700000000000000000e+02 8.779048218187298636e-01 8.559869118398081289e-01 9.011852455139159446e+00
3.710000000000000000e+02 8.598208477113752357e-01 8.772086644313994430e-01 9.046274757385253551e+00
3.720000000000000000e+02 8.787754723044217675e-01 8.564113737831005047e-01 9.013569068908690696e+00
3.730000000000000000e+02 8.608527273218917752e-01 8.777536175139593055e-01 9.047288322448730824e+00
3.740000000000000000e+02 8.766849502691278495e-01 8.550756418345923926e-01 9.013217926025388849e+00
3.750000000000000000e+02 8.587719307652130762e-01 8.777438921274396399e-01 9.049489784240721590e+00
3.760000000000000000e+02 8.787766415503062145e-01 8.576574424419878273e-01 9.012652397155761719e+00
3.770000000000000000e+02 8.598230044484617141e-01 8.788838415353000810e-01 9.048824501037598722e+00
3.780000000000000000e+02 8.765765651288827121e-01 8.541191776954486503e-01 9.012868309020996449e+00
3.790000000000000000e+02 8.581711262499478465e-01 8.762477966921088379e-01 9.049359321594238281e+00
3.800000000000000000e+02 8.789534305591407692e-01 8.559580536928504957e-01 9.012774276733399148e+00
3.810000000000000000e+02 8.580506674104512177e-01 8.767260352478206675e-01 9.049440574645995383e+00
3.820000000000000000e+02 8.782205899833945839e-01 8.579287567767353018e-01 9.012802696228026988e+00
3.830000000000000000e+02 8.571120598673996893e-01 8.766262460512227461e-01 9.049245834350585938e+00
3.840000000000000000e+02 8.789935787192678651e-01 8.567047235988057841e-01 9.013302421569823863e+00
3.850000000000000000e+02 8.580737135063702947e-01 8.762279627655732428e-01 9.047552108764648438e+00
3.860000000000000000e+02 8.799200893870934292e-01 8.578817045801295782e-01 9.013758850097657316e+00
3.870000000000000000e+02 8.605795087815752975e-01 8.787906160571989922e-01 9.047240638732908735e+00
3.880000000000000000e+02 8.780433562455428609e-01 8.559090135395912569e-01 9.013539695739746449e+00
3.890000000000000000e+02 8.586076114515330815e-01 8.777785418290841024e-01 9.046769714355470171e+00
3.900000000000000000e+02 8.792061279028992038e-01 8.578742333652333851e-01 9.012487411499023438e+00
3.910000000000000000e+02 8.601863971439330792e-01 8.779553934898721712e-01 9.046373558044432883e+00
3.920000000000000000e+02 8.786268063579121268e-01 8.581201734501829881e-01 9.012770271301269176e+00
3.930000000000000000e+02 8.600347633345302167e-01 8.784115798188590896e-01 9.046162796020507102e+00
3.940000000000000000e+02 8.780878155069959945e-01 8.583076598123529077e-01 9.012939643859862571e+00
3.950000000000000000e+02 8.589799469379093555e-01 8.762219516774307770e-01 9.046856498718261363e+00
3.960000000000000000e+02 8.803141009614831036e-01 8.586937543638213377e-01 9.010493278503417969e+00
3.970000000000000000e+02 8.598813615040472591e-01 8.776232653226258007e-01 9.046769523620605824e+00
3.980000000000000000e+02 8.797018415439405992e-01 8.588637694816091406e-01 9.010085868835448153e+00
