0.000000000000000000e+00 8.477176712996224717e-02 0.000000000000000000e+00 3.010480403900146484e+00
1.000000000000000000e+00 9.667669538258556738e-02 0.000000000000000000e+00 3.130249500274658203e+00
2.000000000000000000e+00 1.095083773238392927e-01 0.000000000000000000e+00 3.238223075866699219e+00
3.000000000000000000e+00 1.315266273224008353e-01 0.000000000000000000e+00 3.335714101791381836e+00
4.000000000000000000e+00 1.481216606804984515e-01 0.000000000000000000e+00 3.422549009323120117e+00
5.000000000000000000e+00 1.729273167342690321e-01 0.000000000000000000e+00 3.501960039138793945e+00
6.000000000000000000e+00 1.932475016679316426e-01 0.000000000000000000e+00 3.573887586593627930e+00
7.000000000000000000e+00 2.157683382719777776e-01 0.000000000000000000e+00 3.639187574386596680e+00
8.000000000000000000e+00 2.345413219523165005e-01 0.000000000000000000e+00 3.699250459671020508e+00
9.000000000000000000e+00 2.561116071914609216e-01 0.000000000000000000e+00 3.755358457565307617e+00
1.000000000000000000e+01 2.759067195141213236e-01 0.000000000000000000e+00 3.806417942047119141e+00
1.100000000000000000e+01 2.965652559598987437e-01 0.000000000000000000e+00 3.854212522506713867e+00
1.200000000000000000e+01 3.170780097261244324e-01 0.000000000000000000e+00 3.899606466293334961e+00
1.300000000000000000e+01 3.377891843988624632e-01 0.000000000000000000e+00 3.942059516906738281e+00
1.400000000000000000e+01 3.569482342361952609e-01 0.000000000000000000e+00 3.982295036315917969e+00
1.500000000000000000e+01 3.745712724098351765e-01 0.000000000000000000e+00 4.020322799682617188e+00
1.600000000000000000e+01 3.923791160388437338e-01 0.000000000000000000e+00 4.057192325592041016e+00
1.700000000000000000e+01 4.120095917006227904e-01 0.000000000000000000e+00 4.092801570892333984e+00
1.800000000000000000e+01 4.287848442549619943e-01 0.000000000000000000e+00 4.126307487487792969e+00
1.900000000000000000e+01 4.439101718467376445e-01 0.000000000000000000e+00 4.159698963165283203e+00
2.000000000000000000e+01 4.599470573772194704e-01 0.000000000000000000e+00 4.191427707672119141e+00
2.100000000000000000e+01 4.736116748467402715e-01 0.000000000000000000e+00 4.221990108489990234e+00
2.200000000000000000e+01 4.937270839978369907e-01 0.000000000000000000e+00 4.251203060150146484e+00
2.300000000000000000e+01 5.050761594275666733e-01 0.000000000000000000e+00 4.280198574066162109e+00
2.400000000000000000e+01 5.210869745505859463e-01 0.000000000000000000e+00 4.308126449584960938e+00
2.500000000000000000e+01 5.347175322383260765e-01 0.000000000000000000e+00 4.334565639495849609e+00
2.600000000000000000e+01 5.459412703361282704e-01 0.000000000000000000e+00 4.360303878784179688e+00
2.700000000000000000e+01 5.637354658627657944e-01 0.000000000000000000e+00 4.386552810668945312e+00
2.800000000000000000e+01 5.759023820775088787e-01 0.000000000000000000e+00 4.411812305450439453e+00
2.900000000000000000e+01 5.910379875406358563e-01 0.000000000000000000e+00 4.436435222625732422e+00
3.000000000000000000e+01 6.028157927708936992e-01 0.000000000000000000e+00 4.459944725036621094e+00
3.100000000000000000e+01 6.137800441521497063e-01 0.000000000000000000e+00 4.483646392822265625e+00
3.200000000000000000e+01 6.273520317596448237e-01 0.000000000000000000e+00 4.505826473236083984e+00
3.300000000000000000e+01 6.383710188441742428e-01 0.000000000000000000e+00 4.528354167938232422e+00
3.400000000000000000e+01 6.500286792200573593e-01 0.000000000000000000e+00 4.550518512725830078e+00
3.500000000000000000e+01 6.604802574293693329e-01 0.000000000000000000e+00 4.571105480194091797e+00
3.600000000000000000e+01 6.740191326770215152e-01 0.000000000000000000e+00 4.591660022735595703e+00
3.700000000000000000e+01 6.850884040829635646e-01 0.000000000000000000e+00 4.611229896545410156e+00
3.800000000000000000e+01 6.944603717770394535e-01 0.000000000000000000e+00 4.631097316741943359e+00
3.900000000000000000e+01 7.040790374664809281e-01 0.000000000000000000e+00 4.650280475616455078e+00
4.000000000000000000e+01 7.142104675533893499e-01 0.000000000000000000e+00 4.668892383575439453e+00
4.100000000000000000e+01 7.238596346890483479e-01 0.000000000000000000e+00 4.686793327331542969e+00
4.200000000000000000e+01 7.355042244316504219e-01 0.000000000000000000e+00 4.704712390899658203e+00
4.300000000000000000e+01 7.430298543559731295e-01 0.000000000000000000e+00 4.721939086914062500e+00
4.400000000000000000e+01 7.504162743461817442e-01 0.000000000000000000e+00 4.738908290863037109e+00
4.500000000000000000e+01 7.627049621386903233e-01 0.000000000000000000e+00 4.755192279815673828e+00
4.600000000000000000e+01 7.687944156797352768e-01 0.000000000000000000e+00 4.770670413970947266e+00
4.700000000000000000e+01 7.787186453075711778e-01 0.000000000000000000e+00 4.785171031951904297e+00
4.800000000000000000e+01 7.868290054043793891e-01 0.000000000000000000e+00 4.800344467163085938e+00
4.900000000000000000e+01 7.939401348101980949e-01 0.000000000000000000e+00 4.815296173095703125e+00
5.000000000000000000e+01 8.013419309404543611e-01 0.000000000000000000e+00 4.829061985015869141e+00
5.100000000000000000e+01 8.117960070200287426e-01 0.000000000000000000e+00 4.842688083648681641e+00
5.200000000000000000e+01 8.168721354853403227e-01 0.000000000000000000e+00 4.856390953063964844e+00
5.300000000000000000e+01 8.273892331928007771e-01 0.000000000000000000e+00 4.869402408599853516e+00
5.400000000000000000e+01 8.307243283325295158e-01 0.000000000000000000e+00 4.881677150726318359e+00
5.500000000000000000e+01 8.395470355174082799e-01 0.000000000000000000e+00 4.894230365753173828e+00
5.600000000000000000e+01 8.441474842206505569e-01 0.000000000000000000e+00 4.906522274017333984e+00
5.700000000000000000e+01 8.485087162031613728e-01 0.000000000000000000e+00 4.917820930480957031e+00
5.800000000000000000e+01 8.540407024464592434e-01 0.000000000000000000e+00 4.929385185241699219e+00
5.900000000000000000e+01 8.609019663949447621e-01 0.000000000000000000e+00 4.939151287078857422e+00
6.000000000000000000e+01 8.654504421092021893e-01 0.000000000000000000e+00 4.949262142181396484e+00
6.100000000000000000e+01 8.721848395878252225e-01 0.000000000000000000e+00 4.959306716918945312e+00
6.200000000000000000e+01 8.760734701421954984e-01 0.000000000000000000e+00 4.969636917114257812e+00
6.300000000000000000e+01 8.799978125540515173e-01 0.000000000000000000e+00 4.979602336883544922e+00
6.400000000000000000e+01 8.859602150411550747e-01 0.000000000000000000e+00 4.988751888275146484e+00
6.500000000000000000e+01 8.907845891710804986e-01 0.000000000000000000e+00 4.998139858245849609e+00
6.600000000000000000e+01 8.974343319975208733e-01 0.000000000000000000e+00 5.007272720336914062e+00
6.700000000000000000e+01 9.003395223801696767e-01 0.000000000000000000e+00 5.015447616577148438e+00
6.800000000000000000e+01 9.056488965289674065e-01 0.000000000000000000e+00 5.023739814758300781e+00
6.900000000000000000e+01 9.078096516431908292e-01 0.000000000000000000e+00 5.031797885894775391e+00
7.000000000000000000e+01 9.130157658582793712e-01 0.000000000000000000e+00 5.038905143737792969e+00
7.100000000000000000e+01 9.173519836703968311e-01 0.000000000000000000e+00 5.047082424163818359e+00
7.200000000000000000e+01 9.208609648170507089e-01 0.000000000000000000e+00 5.055028915405273438e+00
7.300000000000000000e+01 9.253998493086145194e-01 0.000000000000000000e+00 5.061931610107421875e+00
7.400000000000000000e+01 9.293141046399295835e-01 0.000000000000000000e+00 5.069096088409423828e+00
7.500000000000000000e+01 9.312955139599005117e-01 0.000000000000000000e+00 5.075676918029785156e+00
7.600000000000000000e+01 9.348416130246683942e-01 0.000000000000000000e+00 5.082153797149658203e+00
7.700000000000000000e+01 9.382945187901472472e-01 0.000000000000000000e+00 5.089172363281250000e+00
7.800000000000000000e+01 9.407888675547932955e-01 0.000000000000000000e+00 5.095207691192626953e+00
7.900000000000000000e+01 9.434421640941956788e-01 0.000000000000000000e+00 5.101446151733398438e+00
8.000000000000000000e+01 9.466048870708747565e-01 0.000000000000000000e+00 5.107111454010009766e+00
8.100000000000000000e+01 9.490569839946911834e-01 0.000000000000000000e+00 5.112631320953369141e+00
8.200000000000000000e+01 9.519017029520827622e-01 0.000000000000000000e+00 5.118086338043212891e+00
8.300000000000000000e+01 9.526715466895155915e-01 0.000000000000000000e+00 5.123715400695800781e+00
8.400000000000000000e+01 9.553306910240748628e-01 0.000000000000000000e+00 5.129405498504638672e+00
8.500000000000000000e+01 9.578982453345269432e-01 0.000000000000000000e+00 5.134283542633056641e+00
8.600000000000000000e+01 9.598625169489461983e-01 0.000000000000000000e+00 5.138923645019531250e+00
8.700000000000000000e+01 9.610033235850622413e-01 0.000000000000000000e+00 5.143653392791748047e+00
8.800000000000000000e+01 9.636747079545345818e-01 0.000000000000000000e+00 5.148137092590332031e+00
8.900000000000000000e+01 9.664407378316617336e-01 0.000000000000000000e+00 5.152126312255859375e+00
9.000000000000000000e+01 9.672535045299855971e-01 0.000000000000000000e+00 5.156508445739746094e+00
9.100000000000000000e+01 9.680687839012550588e-01 0.000000000000000000e+00 5.161030292510986328e+00
9.200000000000000000e+01 9.697415709162878761e-01 0.000000000000000000e+00 5.164616107940673828e+00
9.300000000000000000e+01 9.719106578094017790e-01 0.000000000000000000e+00 5.168373584747314453e+00
9.400000000000000000e+01 9.721434643745053839e-01 0.000000000000000000e+00 5.171706199645996094e+00
9.500000000000000000e+01 9.741501582505012191e-01 0.000000000000000000e+00 5.175475120544433594e+00
9.600000000000000000e+01 9.757154472812317181e-01 0.000000000000000000e+00 5.179038047790527344e+00
9.700000000000000000e+01 9.761873074672253736e-01 0.000000000000000000e+00 5.182437419891357422e+00
9.800000000000000000e+01 9.777198342385778895e-01 0.000000000000000000e+00 5.185624599456787109e+00
9.900000000000000000e+01 9.797049999803473241e-01 0.000000000000000000e+00 5.188508987426757812e+00
1.000000000000000000e+02 9.801552049873430983e-01 0.000000000000000000e+00 5.191347599029541016e+00
1.010000000000000000e+02 9.801401856644134103e-01 0.000000000000000000e+00 5.193935871124267578e+00
1.020000000000000000e+02 9.816863530270013571e-01 0.000000000000000000e+00 5.196561813354492188e+00
1.030000000000000000e+02 9.818124700957806539e-01 0.000000000000000000e+00 5.198979377746582031e+00
1.040000000000000000e+02 9.839216864144869623e-01 0.000000000000000000e+00 5.202109336853027344e+00
1.050000000000000000e+02 9.846765439199957060e-01 0.000000000000000000e+00 5.205350399017333984e+00
1.060000000000000000e+02 9.854340184756048560e-01 0.000000000000000000e+00 5.207358837127685547e+00
1.070000000000000000e+02 9.855870652519204134e-01 0.000000000000000000e+00 5.209620475769042969e+00
1.080000000000000000e+02 9.856345677927801363e-01 0.000000000000000000e+00 5.211956501007080078e+00
1.090000000000000000e+02 9.867727219299214925e-01 0.000000000000000000e+00 5.213812351226806641e+00
1.100000000000000000e+02 9.867933974024387656e-01 0.000000000000000000e+00 5.215968608856201172e+00
1.110000000000000000e+02 9.883445512504028807e-01 0.000000000000000000e+00 5.218697071075439453e+00
1.120000000000000000e+02 9.882515219689027575e-01 0.000000000000000000e+00 5.220818519592285156e+00
1.130000000000000000e+02 9.883974956965361214e-01 0.000000000000000000e+00 5.223406791687011719e+00
1.140000000000000000e+02 9.900754508739939563e-01 0.000000000000000000e+00 5.225192070007324219e+00
1.150000000000000000e+02 9.908012941481965097e-01 0.000000000000000000e+00 5.226743221282958984e+00
1.160000000000000000e+02 9.899181042794450436e-01 0.000000000000000000e+00 5.228232383728027344e+00
1.170000000000000000e+02 9.909876363582459380e-01 0.000000000000000000e+00 5.230080604553222656e+00
1.180000000000000000e+02 9.921878697884360943e-01 0.000000000000000000e+00 5.231804370880126953e+00
1.190000000000000000e+02 9.923261119976167777e-01 0.000000000000000000e+00 5.233178138732910156e+00
1.200000000000000000e+02 9.923017922873681451e-01 0.000000000000000000e+00 5.234299182891845703e+00
1.210000000000000000e+02 9.928815823465705348e-01 0.000000000000000000e+00 5.236376762390136719e+00
1.220000000000000000e+02 9.938490153801279314e-01 0.000000000000000000e+00 5.237758159637451172e+00
1.230000000000000000e+02 9.943659496721426461e-01 0.000000000000000000e+00 5.238950252532958984e+00
1.240000000000000000e+02 9.940745246321101014e-01 0.000000000000000000e+00 5.240328788757324219e+00
1.250000000000000000e+02 9.947087393534611577e-01 0.000000000000000000e+00 5.241543769836425781e+00
1.260000000000000000e+02 9.943883481713556849e-01 0.000000000000000000e+00 5.242839336395263672e+00
1.270000000000000000e+02 9.947641647866271031e-01 0.000000000000000000e+00 5.244487285614013672e+00
1.280000000000000000e+02 9.949263428973694756e-01 0.000000000000000000e+00 5.246061801910400391e+00
1.290000000000000000e+02 9.951809071977285592e-01 0.000000000000000000e+00 5.246820926666259766e+00
1.300000000000000000e+02 9.952898400054666084e-01 0.000000000000000000e+00 5.248044013977050781e+00
1.310000000000000000e+02 9.959743485049983303e-01 0.000000000000000000e+00 5.250432491302490234e+00
1.320000000000000000e+02 9.960664024280417861e-01 0.000000000000000000e+00 5.251732826232910156e+00
1.330000000000000000e+02 9.959969874863485728e-01 0.000000000000000000e+00 5.252536296844482422e+00
1.340000000000000000e+02 9.965283976835329627e-01 0.000000000000000000e+00 5.253507137298583984e+00
1.350000000000000000e+02 9.966526190127511509e-01 0.000000000000000000e+00 5.254733085632324219e+00
1.360000000000000000e+02 9.963240293843206308e-01 0.000000000000000000e+00 5.255540370941162109e+00
1.370000000000000000e+02 9.968518883135758513e-01 0.000000000000000000e+00 5.256369113922119141e+00
1.380000000000000000e+02 9.972753124866988728e-01 0.000000000000000000e+00 5.257148265838623047e+00
1.390000000000000000e+02 9.970806899299381465e-01 0.000000000000000000e+00 5.258473396301269531e+00
1.400000000000000000e+02 9.973252902446895218e-01 0.000000000000000000e+00 5.258691310882568359e+00
1.410000000000000000e+02 9.973637868571162413e-01 0.000000000000000000e+00 5.258983135223388672e+00
1.420000000000000000e+02 9.977497656654531477e-01 0.000000000000000000e+00 5.258920669555664062e+00
1.430000000000000000e+02 9.976482459629121280e-01 0.000000000000000000e+00 5.259118080139160156e+00
1.440000000000000000e+02 9.976331769620351286e-01 0.000000000000000000e+00 5.259898662567138672e+00
1.450000000000000000e+02 9.978470539673371942e-01 0.000000000000000000e+00 5.261033535003662109e+00
1.460000000000000000e+02 9.981642628119964389e-01 0.000000000000000000e+00 5.261840820312500000e+00
1.470000000000000000e+02 9.979415569314658008e-01 0.000000000000000000e+00 5.262495040893554688e+00
1.480000000000000000e+02 9.984180090181811185e-01 0.000000000000000000e+00 5.263245105743408203e+00
1.490000000000000000e+02 9.981991489718270438e-01 0.000000000000000000e+00 5.263475418090820312e+00
1.500000000000000000e+02 9.984296703244931459e-01 0.000000000000000000e+00 5.263352394104003906e+00
1.510000000000000000e+02 9.984012618536527439e-01 0.000000000000000000e+00 5.263947010040283203e+00
1.520000000000000000e+02 9.984158840025851855e-01 0.000000000000000000e+00 5.264490127563476562e+00
1.530000000000000000e+02 9.986690215103491974e-01 0.000000000000000000e+00 5.265338420867919922e+00
1.540000000000000000e+02 9.986742874912696299e-01 0.000000000000000000e+00 5.265907287597656250e+00
1.550000000000000000e+02 9.984227382546334573e-01 0.000000000000000000e+00 5.266125679016113281e+00
1.560000000000000000e+02 9.986539255856600183e-01 0.000000000000000000e+00 5.266480445861816406e+00
1.570000000000000000e+02 9.987972479980424811e-01 0.000000000000000000e+00 5.267290115356445312e+00
1.580000000000000000e+02 9.987053350574497390e-01 0.000000000000000000e+00 5.267642498016357422e+00
1.590000000000000000e+02 9.988897882200186151e-01 0.000000000000000000e+00 5.267343521118164062e+00
1.600000000000000000e+02 9.988172358952106533e-01 0.000000000000000000e+00 5.268015384674072266e+00
1.610000000000000000e+02 9.988154711503033356e-01 0.000000000000000000e+00 5.268692016601562500e+00
1.620000000000000000e+02 9.989177891157478006e-01 0.000000000000000000e+00 5.269304275512695312e+00
1.630000000000000000e+02 9.990154928537113843e-01 0.000000000000000000e+00 5.269680976867675781e+00
1.640000000000000000e+02 9.992166985482426877e-01 0.000000000000000000e+00 5.269910812377929688e+00
1.650000000000000000e+02 9.993946031539848729e-01 0.000000000000000000e+00 5.270274162292480469e+00
1.660000000000000000e+02 9.993405057186772744e-01 0.000000000000000000e+00 5.270508766174316406e+00
1.670000000000000000e+02 9.994498577435203535e-01 0.000000000000000000e+00 5.271116256713867188e+00
1.680000000000000000e+02 9.992797185205190003e-01 0.000000000000000000e+00 5.271234989166259766e+00
1.690000000000000000e+02 9.992967283071844120e-01 0.000000000000000000e+00 5.271364688873291016e+00
1.700000000000000000e+02 9.991471601010919468e-01 0.000000000000000000e+00 5.271488189697265625e+00
1.710000000000000000e+02 9.994566796263264497e-01 0.000000000000000000e+00 5.271527767181396484e+00
1.720000000000000000e+02 9.993973741342545569e-01 0.000000000000000000e+00 5.272247314453125000e+00
1.730000000000000000e+02 9.995186938389089004e-01 0.000000000000000000e+00 5.273670196533203125e+00
1.740000000000000000e+02 9.995759267260184711e-01 0.000000000000000000e+00 5.274453639984130859e+00
1.750000000000000000e+02 9.996285512992529876e-01 0.000000000000000000e+00 5.274452209472656250e+00
1.760000000000000000e+02 9.995272905480099279e-01 0.000000000000000000e+00 5.275527000427246094e+00
1.770000000000000000e+02 9.995464856735687409e-01 0.000000000000000000e+00 5.275912761688232422e+00
1.780000000000000000e+02 9.996339436525023547e-01 0.000000000000000000e+00 5.276018619537353516e+00
1.790000000000000000e+02 9.995131639710506111e-01 0.000000000000000000e+00 5.275952339172363281e+00
1.800000000000000000e+02 9.995788359957687996e-01 0.000000000000000000e+00 5.276041507720947266e+00
1.810000000000000000e+02 9.996202483916090120e-01 0.000000000000000000e+00 5.276473522186279297e+00
1.820000000000000000e+02 9.996113463460835069e-01 0.000000000000000000e+00 5.276015281677246094e+00
1.830000000000000000e+02 9.996595239675400979e-01 0.000000000000000000e+00 5.276140213012695312e+00
1.840000000000000000e+02 9.995807225561162968e-01 0.000000000000000000e+00 5.276727676391601562e+00
1.850000000000000000e+02 9.996380910494127026e-01 0.000000000000000000e+00 5.277129650115966797e+00
1.860000000000000000e+02 9.996407809805593070e-01 0.000000000000000000e+00 5.276976108551025391e+00
1.870000000000000000e+02 9.996444343419111922e-01 0.000000000000000000e+00 5.277061939239501953e+00
1.880000000000000000e+02 9.995640194147951130e-01 0.000000000000000000e+00 5.276722431182861328e+00
1.890000000000000000e+02 9.996614823072106359e-01 0.000000000000000000e+00 5.276923179626464844e+00
1.900000000000000000e+02 9.998346692042457962e-01 0.000000000000000000e+00 5.277107715606689453e+00
1.910000000000000000e+02 9.997441608779168432e-01 0.000000000000000000e+00 5.277248859405517578e+00
1.920000000000000000e+02 9.997594470365946950e-01 0.000000000000000000e+00 5.277838706970214844e+00
1.930000000000000000e+02 9.997380841344473135e-01 0.000000000000000000e+00 5.277441024780273438e+00
1.940000000000000000e+02 9.997677013188761563e-01 0.000000000000000000e+00 5.277781009674072266e+00
1.950000000000000000e+02 9.996841565070649915e-01 0.000000000000000000e+00 5.278337478637695312e+00
1.960000000000000000e+02 9.998746643401240641e-01 0.000000000000000000e+00 5.279282093048095703e+00
1.970000000000000000e+02 9.996551854396380499e-01 0.000000000000000000e+00 5.279673576354980469e+00
1.980000000000000000e+02 9.997927543436149200e-01 0.000000000000000000e+00 5.279558658599853516e+00
1.990000000000000000e+02 9.996802196006642216e-01 0.000000000000000000e+00 5.279648780822753906e+00
2.000000000000000000e+02 9.995933730364063852e-01 8.344023051169625893e-02 3.009205102920532227e+00
2.010000000000000000e+02 9.994676300828811977e-01 9.569396642295496802e-02 3.131799936294555664e+00
2.020000000000000000e+02 9.993216717023613027e-01 1.098920096864202112e-01 3.241291522979736328e+00
2.030000000000000000e+02 9.989920273288602770e-01 1.261415289174691590e-01 3.339252471923828125e+00
2.040000000000000000e+02 9.979190795592529639e-01 1.494689733415667521e-01 3.429249048233032227e+00
2.050000000000000000e+02 9.958678342525315585e-01 1.758060152997353021e-01 3.511662006378173828e+00
2.060000000000000000e+02 9.931881835043133711e-01 1.949983834520468140e-01 3.586096048355102539e+00
2.070000000000000000e+02 9.871129124019255574e-01 2.177942616259187503e-01 3.653765916824340820e+00
2.080000000000000000e+02 9.823538483205624949e-01 2.372091016600698377e-01 3.715837955474853516e+00
2.090000000000000000e+02 9.737002610876697162e-01 2.594499118776366076e-01 3.773209095001220703e+00
2.100000000000000000e+02 9.650587043457645731e-01 2.804258920972281799e-01 3.825905084609985352e+00
2.110000000000000000e+02 9.540316519811751217e-01 3.019401132792779441e-01 3.875609874725341797e+00
2.120000000000000000e+02 9.429130193908347168e-01 3.214216682284785076e-01 3.921294927597045898e+00
2.130000000000000000e+02 9.301998586442337125e-01 3.383085748268401249e-01 3.964639425277709961e+00
2.140000000000000000e+02 9.175721955335328639e-01 3.610872037007860635e-01 4.006054401397705078e+00
2.150000000000000000e+02 9.054979148671792322e-01 3.784276700227371948e-01 4.045010566711425781e+00
2.160000000000000000e+02 8.909247301567557731e-01 3.972574543720228668e-01 4.081544399261474609e+00
2.170000000000000000e+02 8.788167435337754796e-01 4.151624925478212269e-01 4.116533756256103516e+00
2.180000000000000000e+02 8.644157103437374312e-01 4.289762444132528274e-01 4.150916576385498047e+00
2.190000000000000000e+02 8.508976746556958792e-01 4.503378364216621410e-01 4.183132171630859375e+00
2.200000000000000000e+02 8.386258584811623340e-01 4.670046528133540709e-01 4.215149402618408203e+00
2.210000000000000000e+02 8.235902645177832770e-01 4.800033401010089240e-01 4.245099544525146484e+00
2.220000000000000000e+02 8.108826105484526758e-01 4.964282476909634423e-01 4.274221897125244141e+00
2.230000000000000000e+02 7.953889422619490057e-01 5.105872533635307242e-01 4.302543163299560547e+00
2.240000000000000000e+02 7.825554648301793481e-01 5.220701433275417580e-01 4.329665184020996094e+00
2.250000000000000000e+02 7.690845720912493633e-01 5.368104078389821510e-01 4.356990337371826172e+00
2.260000000000000000e+02 7.524654548735001391e-01 5.536055364194299999e-01 4.382721424102783203e+00
2.270000000000000000e+02 7.420379078790083627e-01 5.668479188830838345e-01 4.408348560333251953e+00
2.280000000000000000e+02 7.294219400879218274e-01 5.793650446687016453e-01 4.433132648468017578e+00
2.290000000000000000e+02 7.167322703530477623e-01 5.925221152390955925e-01 4.457406044006347656e+00
2.300000000000000000e+02 7.043449681138113094e-01 6.051383802816466817e-01 4.481324195861816406e+00
2.310000000000000000e+02 6.914952345504803422e-01 6.145930189930401966e-01 4.503077030181884766e+00
2.320000000000000000e+02 6.778349216051108295e-01 6.303492373936268045e-01 4.525292873382568359e+00
2.330000000000000000e+02 6.645956275126581048e-01 6.385289911295447540e-01 4.547533988952636719e+00
2.340000000000000000e+02 6.519353624392889568e-01 6.538140053925376449e-01 4.568855762481689453e+00
2.350000000000000000e+02 6.408864213216969308e-01 6.647935168946421669e-01 4.589749336242675781e+00
2.360000000000000000e+02 6.300508762762521142e-01 6.754298444063724371e-01 4.609902381896972656e+00
2.370000000000000000e+02 6.177660974436500751e-01 6.827714072191233274e-01 4.630461215972900391e+00
2.380000000000000000e+02 6.062710042432988278e-01 6.929713721174310948e-01 4.650249004364013672e+00
2.390000000000000000e+02 5.969940125186488089e-01 7.039617960954154263e-01 4.669012069702148438e+00
2.400000000000000000e+02 5.831484533466064768e-01 7.145975862181098703e-01 4.686655521392822266e+00
2.410000000000000000e+02 5.751034056798095540e-01 7.268162599149502467e-01 4.704829692840576172e+00
2.420000000000000000e+02 5.633956871443374093e-01 7.392520705187193286e-01 4.722636222839355469e+00
2.430000000000000000e+02 5.526247295817373617e-01 7.459092160593018273e-01 4.738851547241210938e+00
2.440000000000000000e+02 5.472530353965606720e-01 7.543845025763542544e-01 4.755712032318115234e+00
2.450000000000000000e+02 5.332017065114621479e-01 7.628819684786278810e-01 4.771658420562744141e+00
2.460000000000000000e+02 5.241287210665518392e-01 7.737548429990374066e-01 4.787439346313476562e+00
2.470000000000000000e+02 5.165215980599230372e-01 7.807904375343374115e-01 4.803301334381103516e+00
2.480000000000000000e+02 5.053656532116104216e-01 7.885779221137737549e-01 4.818337440490722656e+00
2.490000000000000000e+02 4.990892094700834503e-01 7.957611637174216712e-01 4.832615852355957031e+00
2.500000000000000000e+02 4.903881671490742944e-01 8.041385539249118475e-01 4.846449851989746094e+00
2.510000000000000000e+02 4.821656685427679334e-01 8.126709262671192313e-01 4.860073566436767578e+00
2.520000000000000000e+02 4.751486747413079526e-01 8.182419182438358529e-01 4.872963905334472656e+00
2.530000000000000000e+02 4.675992101135162948e-01 8.256871132147228787e-01 4.885821342468261719e+00
2.540000000000000000e+02 4.601609805559436217e-01 8.329739322186464623e-01 4.898688793182373047e+00
2.550000000000000000e+02 4.523932544714133197e-01 8.393167370226851665e-01 4.910057067871093750e+00
2.560000000000000000e+02 4.455311734082811892e-01 8.462525735899460999e-01 4.922109603881835938e+00
2.570000000000000000e+02 4.393986311042324400e-01 8.523272832990120840e-01 4.934280872344970703e+00
2.580000000000000000e+02 4.301989627304220187e-01 8.576588971572078890e-01 4.946075439453125000e+00
2.590000000000000000e+02 4.257338120002810977e-01 8.628352483232943904e-01 4.957238674163818359e+00
2.600000000000000000e+02 4.229919145337470154e-01 8.702191562183185791e-01 4.967576026916503906e+00
2.610000000000000000e+02 4.166816335216740330e-01 8.738667101471238041e-01 4.977023601531982422e+00
2.620000000000000000e+02 4.109359966683943099e-01 8.786591381768047437e-01 4.986767768859863281e+00
2.630000000000000000e+02 4.063954393792230113e-01 8.841016563407750883e-01 4.996059894561767578e+00
2.640000000000000000e+02 4.026292458111537798e-01 8.885941583440375435e-01 5.005372047424316406e+00
2.650000000000000000e+02 3.958923789286319939e-01 8.921502826436313871e-01 5.013788700103759766e+00
2.660000000000000000e+02 3.895124984470487717e-01 8.992782595405475199e-01 5.022105216979980469e+00
2.670000000000000000e+02 3.838933874790436129e-01 9.013476748472781797e-01 5.030868530273437500e+00
2.680000000000000000e+02 3.798369448438614349e-01 9.036139077758245097e-01 5.039106845855712891e+00
2.690000000000000000e+02 3.747570588991502305e-01 9.097308448598713237e-01 5.047579765319824219e+00
2.700000000000000000e+02 3.713222495243251320e-01 9.144288632415553675e-01 5.055311203002929688e+00
2.710000000000000000e+02 3.666949118923557571e-01 9.177617525927953546e-01 5.062870025634765625e+00
2.720000000000000000e+02 3.593554635106427364e-01 9.212743242751759709e-01 5.069821834564208984e+00
2.730000000000000000e+02 3.565738084927775886e-01 9.259137945529865021e-01 5.077217102050781250e+00
2.740000000000000000e+02 3.548856735488545855e-01 9.278254310047779896e-01 5.084108352661132812e+00
2.750000000000000000e+02 3.483388708300281245e-01 9.307930829167079256e-01 5.090611934661865234e+00
2.760000000000000000e+02 3.465226964022256606e-01 9.358951701700450876e-01 5.096312999725341797e+00
2.770000000000000000e+02 3.421158981904082741e-01 9.367942669829361080e-01 5.102630615234375000e+00
2.780000000000000000e+02 3.397504407924707981e-01 9.396979858625914561e-01 5.108700752258300781e+00
2.790000000000000000e+02 3.327657171077832987e-01 9.431996628135435046e-01 5.113943099975585938e+00
2.800000000000000000e+02 3.314605221580804173e-01 9.448518989356594622e-01 5.119040489196777344e+00
2.810000000000000000e+02 3.260299006665569044e-01 9.468624210751751535e-01 5.124510765075683594e+00
2.820000000000000000e+02 3.245283243140481555e-01 9.482443829105704491e-01 5.130085468292236328e+00
2.830000000000000000e+02 3.223995048475463143e-01 9.513679494817566251e-01 5.136156558990478516e+00
2.840000000000000000e+02 3.162609731666200519e-01 9.528931837320316900e-01 5.140643119812011719e+00
2.850000000000000000e+02 3.156691645602339724e-01 9.553771635522684269e-01 5.145806312561035156e+00
2.860000000000000000e+02 3.122601076621632221e-01 9.576312932966776215e-01 5.150389671325683594e+00
2.870000000000000000e+02 3.113151549744206936e-01 9.596556645096852023e-01 5.155052661895751953e+00
2.880000000000000000e+02 3.061726284387292218e-01 9.601968849723190313e-01 5.159842014312744141e+00
2.890000000000000000e+02 3.016502158280600088e-01 9.627444414530407224e-01 5.163578033447265625e+00
2.900000000000000000e+02 2.982093753409599257e-01 9.635147667700920682e-01 5.168065071105957031e+00
2.910000000000000000e+02 2.944661038425697708e-01 9.657878121541993988e-01 5.172274112701416016e+00
2.920000000000000000e+02 2.923682813369458677e-01 9.669698017976099402e-01 5.175612449645996094e+00
2.930000000000000000e+02 2.903020184719363184e-01 9.686387976757447893e-01 5.179083347320556641e+00
2.940000000000000000e+02 2.893411787836572824e-01 9.686776710800377721e-01 5.183562278747558594e+00
2.950000000000000000e+02 2.852240493618655726e-01 9.709853955390181923e-01 5.187503814697265625e+00
2.960000000000000000e+02 2.822392969102702764e-01 9.720097956705504583e-01 5.190968036651611328e+00
2.970000000000000000e+02 2.813984000117647488e-01 9.743777862315911031e-01 5.193533897399902344e+00
2.980000000000000000e+02 2.805733387186982730e-01 9.751738272863940127e-01 5.196947574615478516e+00
2.990000000000000000e+02 2.760827591255381463e-01 9.768863574490065371e-01 5.200133323669433594e+00
3.000000000000000000e+02 2.746764832315322091e-01 9.783841951633693856e-01 5.202931404113769531e+00
3.010000000000000000e+02 2.704976502268192085e-01 9.788958967126348831e-01 5.206040859222412109e+00
3.020000000000000000e+02 2.702016070810594472e-01 9.794759292909620552e-01 5.208196163177490234e+00
3.030000000000000000e+02 2.679115110369588715e-01 9.797451348097304669e-01 5.211069107055664062e+00
3.040000000000000000e+02 2.645368407738404315e-01 9.812685906364856381e-01 5.213757038116455078e+00
3.050000000000000000e+02 2.600745444026393849e-01 9.807849388894708254e-01 5.216534614562988281e+00
3.060000000000000000e+02 2.595776661449455402e-01 9.828207701704197996e-01 5.218594074249267578e+00
3.070000000000000000e+02 2.554620168744094477e-01 9.830781657108689231e-01 5.221100330352783203e+00
3.080000000000000000e+02 2.527364942070776110e-01 9.845455298410596967e-01 5.223310470581054688e+00
3.090000000000000000e+02 2.514571022998821070e-01 9.845737024448867336e-01 5.225318431854248047e+00
3.100000000000000000e+02 2.487719308528314466e-01 9.856459820530167892e-01 5.227203845977783203e+00
3.110000000000000000e+02 2.471088390834166593e-01 9.875563203778303656e-01 5.229107379913330078e+00
3.120000000000000000e+02 2.478924222685812973e-01 9.860505753075475832e-01 5.231389045715332031e+00
3.130000000000000000e+02 2.433657862574715725e-01 9.874184732967846712e-01 5.233181476593017578e+00
3.140000000000000000e+02 2.408565471057517726e-01 9.881701474375687022e-01 5.234630107879638672e+00
3.150000000000000000e+02 2.403655049210981776e-01 9.887428789162056031e-01 5.236507415771484375e+00
3.160000000000000000e+02 2.363719216264914824e-01 9.890638802854524458e-01 5.237922668457031250e+00
3.170000000000000000e+02 2.371315955184413460e-01 9.902150643007014974e-01 5.239315509796142578e+00
3.180000000000000000e+02 2.335770238664058307e-01 9.904981820608835807e-01 5.241014480590820312e+00
3.190000000000000000e+02 2.301472098595001292e-01 9.908224637877914853e-01 5.243478298187255859e+00
3.200000000000000000e+02 2.309375213532763593e-01 9.918804638184129940e-01 5.245318412780761719e+00
3.210000000000000000e+02 2.266480413188560195e-01 9.914398139343277849e-01 5.247166633605957031e+00
3.220000000000000000e+02 2.293803702196417771e-01 9.919090494667721636e-01 5.248447895050048828e+00
3.230000000000000000e+02 2.262854287907920259e-01 9.928656038753546076e-01 5.250146389007568359e+00
3.240000000000000000e+02 2.225612269819018663e-01 9.929998599702156703e-01 5.251295089721679688e+00
3.250000000000000000e+02 2.184822556506157420e-01 9.932478884110612638e-01 5.252772331237792969e+00
3.260000000000000000e+02 2.182360733789428242e-01 9.929516649936093176e-01 5.254214286804199219e+00
3.270000000000000000e+02 2.180049454319002711e-01 9.941216410210661492e-01 5.255633354187011719e+00
3.280000000000000000e+02 2.157056619728030256e-01 9.939583904240432144e-01 5.256455898284912109e+00
3.290000000000000000e+02 2.119825017553194080e-01 9.943987163724642420e-01 5.258187770843505859e+00
3.300000000000000000e+02 2.124085037559126088e-01 9.949966491024078152e-01 5.260054111480712891e+00
3.310000000000000000e+02 2.101376807590117635e-01 9.947419447361878220e-01 5.261799335479736328e+00
3.320000000000000000e+02 2.101438952951598382e-01 9.944229339319941019e-01 5.262960433959960938e+00
3.330000000000000000e+02 2.070112526353588001e-01 9.944727541765893131e-01 5.264456748962402344e+00
3.340000000000000000e+02 2.066688480036609488e-01 9.944938612263976019e-01 5.265419483184814453e+00
3.350000000000000000e+02 2.032894157251521061e-01 9.949527693722458599e-01 5.266123294830322266e+00
3.360000000000000000e+02 2.038702990675798632e-01 9.951990473656611158e-01 5.267080783843994141e+00
3.370000000000000000e+02 2.022099714224222800e-01 9.954401194158588595e-01 5.267923355102539062e+00
3.380000000000000000e+02 1.987456047750673638e-01 9.956143942926071189e-01 5.269019603729248047e+00
3.390000000000000000e+02 1.995182302793368778e-01 9.958941399377002623e-01 5.270195007324218750e+00
3.400000000000000000e+02 1.998262648679927922e-01 9.963994147384690470e-01 5.271190166473388672e+00
3.410000000000000000e+02 1.962339293947525654e-01 9.961058772801091310e-01 5.272230148315429688e+00
3.420000000000000000e+02 1.968777393602321180e-01 9.965110451557325222e-01 5.272706508636474609e+00
3.430000000000000000e+02 1.907852620585188397e-01 9.962807213463695799e-01 5.272884845733642578e+00
3.440000000000000000e+02 1.903087277994121029e-01 9.967466579544665972e-01 5.273218631744384766e+00
3.450000000000000000e+02 1.909145859716084304e-01 9.970651586733725313e-01 5.273742675781250000e+00
3.460000000000000000e+02 1.885093465338261720e-01 9.972224321939805458e-01 5.274264812469482422e+00
3.470000000000000000e+02 1.873787913446483266e-01 9.973634462058837968e-01 5.275443077087402344e+00
3.480000000000000000e+02 1.854563043022932067e-01 9.975030444215483572e-01 5.275715827941894531e+00
3.490000000000000000e+02 1.849571847156000481e-01 9.975835556854317776e-01 5.276340961456298828e+00
3.500000000000000000e+02 1.818700997157087773e-01 9.974763567025074495e-01 5.276904582977294922e+00
3.510000000000000000e+02 1.805444125855147908e-01 9.978846425313617763e-01 5.277494430541992188e+00
3.520000000000000000e+02 1.789944357331145486e-01 9.976749427150958249e-01 5.278096199035644531e+00
3.530000000000000000e+02 1.757721993591271625e-01 9.978811247015048069e-01 5.279036045074462891e+00
3.540000000000000000e+02 1.775256279424034800e-01 9.982190558663300850e-01 5.279176712036132812e+00
3.550000000000000000e+02 1.748637099139882245e-01 9.980264135715403162e-01 5.279644012451171875e+00
3.560000000000000000e+02 1.713320319061249208e-01 9.978487617464549819e-01 5.279702663421630859e+00
3.570000000000000000e+02 1.711178996893137350e-01 9.980657632173481897e-01 5.280289649963378906e+00
3.580000000000000000e+02 1.691812368032503122e-01 9.984383100007111489e-01 5.280757904052734375e+00
3.590000000000000000e+02 1.685971100752824137e-01 9.984425320442487095e-01 5.281521797180175781e+00
3.600000000000000000e+02 1.688693180613405342e-01 9.987544918626787283e-01 5.282430648803710938e+00
3.610000000000000000e+02 1.670871078309972835e-01 9.986885177467319519e-01 5.283222198486328125e+00
3.620000000000000000e+02 1.625728930159438534e-01 9.985426401100010452e-01 5.283746719360351562e+00
3.630000000000000000e+02 1.626972274664096607e-01 9.986083634969313838e-01 5.284462928771972656e+00
3.640000000000000000e+02 1.625353066514620970e-01 9.988334446962515711e-01 5.284586906433105469e+00
3.650000000000000000e+02 1.601374178371209878e-01 9.990039497925422562e-01 5.284440040588378906e+00
3.660000000000000000e+02 1.633809730953381389e-01 9.988288201013533207e-01 5.285007953643798828e+00
3.670000000000000000e+02 1.611025412698759707e-01 9.991573981262475979e-01 5.285558700561523438e+00
3.680000000000000000e+02 1.628170370211266815e-01 9.991033710029016968e-01 5.285415649414062500e+00
3.690000000000000000e+02 1.572882378073308940e-01 9.989231485030587443e-01 5.285733222961425781e+00
3.700000000000000000e+02 1.528847031868630357e-01 9.990867948043287150e-01 5.286180973052978516e+00
3.710000000000000000e+02 1.549363042208972974e-01 9.992878820203121570e-01 5.286449909210205078e+00
3.720000000000000000e+02 1.517034651914798138e-01 9.992058187314297735e-01 5.286950588226318359e+00
3.730000000000000000e+02 1.556076980620969274e-01 9.992819046220380308e-01 5.287367343902587891e+00
3.740000000000000000e+02 1.505756162734669112e-01 9.992255220293236873e-01 5.287569046020507812e+00
3.750000000000000000e+02 1.488582435936626758e-01 9.992858908143101848e-01 5.287752151489257812e+00
3.760000000000000000e+02 1.504243329779509919e-01 9.991388644075586134e-01 5.288233757019042969e+00
3.770000000000000000e+02 1.481613628643785319e-01 9.993540602878853152e-01 5.288117885589599609e+00
3.780000000000000000e+02 1.474140424338990230e-01 9.995550754069130184e-01 5.288593292236328125e+00
3.790000000000000000e+02 1.440397661016026010e-01 9.993603459759559104e-01 5.288593292236328125e+00
3.800000000000000000e+02 1.440467396964817126e-01 9.994144283060704126e-01 5.288632392883300781e+00
3.810000000000000000e+02 1.405083167403090583e-01 9.992778607807228930e-01 5.288194656372070312e+00
3.820000000000000000e+02 1.437688635271359427e-01 9.994245287119770671e-01 5.288658618927001953e+00
3.830000000000000000e+02 1.399549330541931813e-01 9.993521530743020298e-01 5.288993358612060547e+00
3.840000000000000000e+02 1.436308637731757154e-01 9.994133630908514920e-01 5.288519382476806641e+00
3.850000000000000000e+02 1.405119060681956356e-01 9.994026726050113663e-01 5.288146972656250000e+00
3.860000000000000000e+02 1.384384598434239000e-01 9.993483239296846454e-01 5.288469791412353516e+00
3.870000000000000000e+02 1.374995522368762102e-01 9.993938296517913544e-01 5.288774013519287109e+00
3.880000000000000000e+02 1.346493856794638011e-01 9.994504167390342309e-01 5.288996219635009766e+00
3.890000000000000000e+02 1.369202325487181571e-01 9.995260381493092927e-01 5.289419174194335938e+00
3.900000000000000000e+02 1.341288324256475761e-01 9.996172218075076721e-01 5.290024280548095703e+00
3.910000000000000000e+02 1.329914328651050637e-01 9.995000605240477176e-01 5.289846420288085938e+00
3.920000000000000000e+02 1.331402738216831694e-01 9.995472341405902128e-01 5.288991451263427734e+00
3.930000000000000000e+02 1.344896573491553282e-01 9.995580316286228895e-01 5.289825916290283203e+00
3.940000000000000000e+02 1.323490963552474142e-01 9.996219041603544575e-01 5.290110111236572266e+00
3.950000000000000000e+02 1.313631006354100683e-01 9.994446466261833750e-01 5.290407180786132812e+00
3.960000000000000000e+02 1.316730591984034970e-01 9.995378834936713419e-01 5.290639877319335938e+00
3.970000000000000000e+02 1.298791083292746840e-01 9.996299829958701366e-01 5.290675640106201172e+00
3.980000000000000000e+02 1.277847413029390977e-01 9.996117832750657239e-01 5.291081428527832031e+00
