0.000000000000000000e+00 8.617900811122829186e-02 0.000000000000000000e+00 2.985372543334960938e+00
1.000000000000000000e+00 1.041613119649074659e-01 0.000000000000000000e+00 3.120439529418945312e+00
2.000000000000000000e+00 1.257256224142295209e-01 0.000000000000000000e+00 3.241736412048339844e+00
3.000000000000000000e+00 1.515309399678901603e-01 0.000000000000000000e+00 3.349750041961669922e+00
4.000000000000000000e+00 1.823633771713293328e-01 0.000000000000000000e+00 3.446630477905273438e+00
5.000000000000000000e+00 2.091965615911396958e-01 0.000000000000000000e+00 3.534377574920654297e+00
6.000000000000000000e+00 2.405672273688114760e-01 0.000000000000000000e+00 3.613839387893676758e+00
7.000000000000000000e+00 2.716875084332516788e-01 0.000000000000000000e+00 3.686239957809448242e+00
8.000000000000000000e+00 2.972287108475341055e-01 0.000000000000000000e+00 3.751950502395629883e+00
9.000000000000000000e+00 3.243818201485341168e-01 0.000000000000000000e+00 3.811599016189575195e+00
1.000000000000000000e+01 3.478214464595617561e-01 0.000000000000000000e+00 3.867676019668579102e+00
1.100000000000000000e+01 3.736959814943468516e-01 0.000000000000000000e+00 3.919056892395019531e+00
1.200000000000000000e+01 3.998254477452013456e-01 0.000000000000000000e+00 3.967905044555664062e+00
1.300000000000000000e+01 4.216669458412711236e-01 0.000000000000000000e+00 4.013222694396972656e+00
1.400000000000000000e+01 4.438381922784199740e-01 0.000000000000000000e+00 4.055610179901123047e+00
1.500000000000000000e+01 4.644889027618206989e-01 0.000000000000000000e+00 4.096354484558105469e+00
1.600000000000000000e+01 4.836039888566249223e-01 0.000000000000000000e+00 4.134459495544433594e+00
1.700000000000000000e+01 5.048333480880482504e-01 0.000000000000000000e+00 4.170882225036621094e+00
1.800000000000000000e+01 5.252705830360645534e-01 0.000000000000000000e+00 4.205854892730712891e+00
1.900000000000000000e+01 5.419912818263139531e-01 0.000000000000000000e+00 4.239434719085693359e+00
2.000000000000000000e+01 5.596247709628737743e-01 0.000000000000000000e+00 4.271184921264648438e+00
2.100000000000000000e+01 5.784616045566793874e-01 0.000000000000000000e+00 4.301460266113281250e+00
2.200000000000000000e+01 5.982792735776382154e-01 0.000000000000000000e+00 4.331449985504150391e+00
2.300000000000000000e+01 6.108671741886683160e-01 0.000000000000000000e+00 4.360252380371093750e+00
2.400000000000000000e+01 6.263502064472601383e-01 0.000000000000000000e+00 4.387741088867187500e+00
2.500000000000000000e+01 6.414456060197828435e-01 0.000000000000000000e+00 4.415347099304199219e+00
2.600000000000000000e+01 6.601405413912782016e-01 0.000000000000000000e+00 4.440742015838623047e+00
2.700000000000000000e+01 6.748753691288122969e-01 0.000000000000000000e+00 4.466336250305175781e+00
2.800000000000000000e+01 6.864218803725881113e-01 0.000000000000000000e+00 4.490993976593017578e+00
2.900000000000000000e+01 6.997728807786594007e-01 0.000000000000000000e+00 4.513944149017333984e+00
3.000000000000000000e+01 7.113813517492185712e-01 0.000000000000000000e+00 4.536327362060546875e+00
3.100000000000000000e+01 7.261125373163449526e-01 0.000000000000000000e+00 4.558452606201171875e+00
3.200000000000000000e+01 7.382525323875703815e-01 0.000000000000000000e+00 4.579132080078125000e+00
3.300000000000000000e+01 7.509611740383798084e-01 0.000000000000000000e+00 4.600618362426757812e+00
3.400000000000000000e+01 7.629719768796865420e-01 0.000000000000000000e+00 4.620131492614746094e+00
3.500000000000000000e+01 7.734880424007987143e-01 0.000000000000000000e+00 4.639135360717773438e+00
3.600000000000000000e+01 7.826509901388879475e-01 0.000000000000000000e+00 4.657016754150390625e+00
3.700000000000000000e+01 7.920891071870821420e-01 0.000000000000000000e+00 4.674239158630371094e+00
3.800000000000000000e+01 8.027986952099668283e-01 0.000000000000000000e+00 4.691432952880859375e+00
3.900000000000000000e+01 8.157902588011786138e-01 0.000000000000000000e+00 4.708151340484619141e+00
4.000000000000000000e+01 8.217330870263864773e-01 0.000000000000000000e+00 4.723845958709716797e+00
4.100000000000000000e+01 8.330347300878606642e-01 0.000000000000000000e+00 4.739400386810302734e+00
4.200000000000000000e+01 8.424122923885516423e-01 0.000000000000000000e+00 4.754426002502441406e+00
4.300000000000000000e+01 8.481183205369520195e-01 0.000000000000000000e+00 4.768876552581787109e+00
4.400000000000000000e+01 8.551465437082359511e-01 0.000000000000000000e+00 4.782691955566406250e+00
4.500000000000000000e+01 8.628552938531165450e-01 0.000000000000000000e+00 4.795851707458496094e+00
4.600000000000000000e+01 8.691508730925722181e-01 0.000000000000000000e+00 4.807848453521728516e+00
4.700000000000000000e+01 8.747369497476858990e-01 0.000000000000000000e+00 4.820209503173828125e+00
4.800000000000000000e+01 8.822095321399657797e-01 0.000000000000000000e+00 4.832447052001953125e+00
4.900000000000000000e+01 8.881053999443927482e-01 0.000000000000000000e+00 4.844608783721923828e+00
5.000000000000000000e+01 8.935692943337494309e-01 0.000000000000000000e+00 4.855230808258056641e+00
5.100000000000000000e+01 8.996596063650315056e-01 0.000000000000000000e+00 4.866392612457275391e+00
5.200000000000000000e+01 9.058057562620003278e-01 0.000000000000000000e+00 4.876570701599121094e+00
5.300000000000000000e+01 9.116970391921774830e-01 0.000000000000000000e+00 4.886443138122558594e+00
5.400000000000000000e+01 9.143374141010290890e-01 0.000000000000000000e+00 4.896467685699462891e+00
5.500000000000000000e+01 9.203794749296979605e-01 0.000000000000000000e+00 4.905840396881103516e+00
5.600000000000000000e+01 9.260216658002340395e-01 0.000000000000000000e+00 4.915624618530273438e+00
5.700000000000000000e+01 9.302866157097482436e-01 0.000000000000000000e+00 4.923710346221923828e+00
5.800000000000000000e+01 9.327576448605475745e-01 0.000000000000000000e+00 4.932606220245361328e+00
5.900000000000000000e+01 9.371956707879076642e-01 0.000000000000000000e+00 4.940347671508789062e+00
6.000000000000000000e+01 9.410418323134827068e-01 0.000000000000000000e+00 4.948103427886962891e+00
6.100000000000000000e+01 9.438243983977124829e-01 0.000000000000000000e+00 4.955543994903564453e+00
6.200000000000000000e+01 9.485187857997733341e-01 0.000000000000000000e+00 4.962398052215576172e+00
6.300000000000000000e+01 9.510988841824152829e-01 0.000000000000000000e+00 4.968953609466552734e+00
6.400000000000000000e+01 9.524145632222751345e-01 0.000000000000000000e+00 4.975842475891113281e+00
6.500000000000000000e+01 9.578433914920220227e-01 0.000000000000000000e+00 4.982228755950927734e+00
6.600000000000000000e+01 9.583161986345772876e-01 0.000000000000000000e+00 4.988260269165039062e+00
6.700000000000000000e+01 9.600728002874602263e-01 0.000000000000000000e+00 4.994474411010742188e+00
6.800000000000000000e+01 9.637131918847932077e-01 0.000000000000000000e+00 5.000255584716796875e+00
6.900000000000000000e+01 9.653948491206256755e-01 0.000000000000000000e+00 5.006195545196533203e+00
7.000000000000000000e+01 9.689592853696351593e-01 0.000000000000000000e+00 5.010888576507568359e+00
7.100000000000000000e+01 9.698893891296923586e-01 0.000000000000000000e+00 5.016333103179931641e+00
7.200000000000000000e+01 9.714700484707373684e-01 0.000000000000000000e+00 5.022200584411621094e+00
7.300000000000000000e+01 9.731890092036986628e-01 0.000000000000000000e+00 5.026847362518310547e+00
7.400000000000000000e+01 9.747183892181305875e-01 0.000000000000000000e+00 5.030783176422119141e+00
7.500000000000000000e+01 9.758878316161332389e-01 0.000000000000000000e+00 5.035050868988037109e+00
7.600000000000000000e+01 9.773933479067670183e-01 0.000000000000000000e+00 5.039555549621582031e+00
7.700000000000000000e+01 9.786511368976232861e-01 0.000000000000000000e+00 5.044129371643066406e+00
7.800000000000000000e+01 9.801821324268487068e-01 0.000000000000000000e+00 5.047705173492431641e+00
7.900000000000000000e+01 9.801658294971112850e-01 0.000000000000000000e+00 5.051321506500244141e+00
8.000000000000000000e+01 9.824798621517719655e-01 0.000000000000000000e+00 5.054469585418701172e+00
8.100000000000000000e+01 9.838080142885672341e-01 0.000000000000000000e+00 5.057504177093505859e+00
8.200000000000000000e+01 9.844763137622980498e-01 0.000000000000000000e+00 5.061400413513183594e+00
8.300000000000000000e+01 9.860962934484739373e-01 0.000000000000000000e+00 5.064970970153808594e+00
8.400000000000000000e+01 9.855315537488567035e-01 0.000000000000000000e+00 5.068700313568115234e+00
8.500000000000000000e+01 9.872851103706350440e-01 0.000000000000000000e+00 5.072454452514648438e+00
8.600000000000000000e+01 9.872961783125753232e-01 0.000000000000000000e+00 5.074629306793212891e+00
8.700000000000000000e+01 9.881970951226376476e-01 0.000000000000000000e+00 5.077409267425537109e+00
8.800000000000000000e+01 9.891509748727559392e-01 0.000000000000000000e+00 5.078665256500244141e+00
8.900000000000000000e+01 9.894396563287398694e-01 0.000000000000000000e+00 5.080771446228027344e+00
9.000000000000000000e+01 9.898872819424213709e-01 0.000000000000000000e+00 5.082849502563476562e+00
9.100000000000000000e+01 9.906556363801358733e-01 0.000000000000000000e+00 5.084426403045654297e+00
9.200000000000000000e+01 9.917594816977154393e-01 0.000000000000000000e+00 5.086546421051025391e+00
9.300000000000000000e+01 9.913893251437684295e-01 0.000000000000000000e+00 5.088481903076171875e+00
9.400000000000000000e+01 9.919601044873167517e-01 0.000000000000000000e+00 5.090106010437011719e+00
9.500000000000000000e+01 9.920375818655557953e-01 0.000000000000000000e+00 5.091980934143066406e+00
9.600000000000000000e+01 9.927449759210237312e-01 0.000000000000000000e+00 5.093307495117187500e+00
9.700000000000000000e+01 9.940879662022958918e-01 0.000000000000000000e+00 5.094792842864990234e+00
9.800000000000000000e+01 9.940827603535606904e-01 0.000000000000000000e+00 5.096019268035888672e+00
9.900000000000000000e+01 9.940509948295618292e-01 0.000000000000000000e+00 5.097420692443847656e+00
1.000000000000000000e+02 9.948173835697654566e-01 0.000000000000000000e+00 5.098613262176513672e+00
1.010000000000000000e+02 9.946119712428627135e-01 0.000000000000000000e+00 5.100162506103515625e+00
1.020000000000000000e+02 9.953803178207395463e-01 0.000000000000000000e+00 5.102203369140625000e+00
1.030000000000000000e+02 9.952759315754718950e-01 0.000000000000000000e+00 5.103384017944335938e+00
1.040000000000000000e+02 9.954436856467950845e-01 0.000000000000000000e+00 5.105279922485351562e+00
1.050000000000000000e+02 9.955985642359100884e-01 0.000000000000000000e+00 5.106540203094482422e+00
1.060000000000000000e+02 9.961302452622060599e-01 0.000000000000000000e+00 5.107865810394287109e+00
1.070000000000000000e+02 9.959171089531558829e-01 0.000000000000000000e+00 5.109111309051513672e+00
1.080000000000000000e+02 9.963972807252303721e-01 0.000000000000000000e+00 5.110713958740234375e+00
1.090000000000000000e+02 9.968078747051514199e-01 0.000000000000000000e+00 5.112185955047607422e+00
1.100000000000000000e+02 9.972638265767298504e-01 0.000000000000000000e+00 5.112807273864746094e+00
1.110000000000000000e+02 9.971078957111089158e-01 0.000000000000000000e+00 5.114206790924072266e+00
1.120000000000000000e+02 9.973400088159303234e-01 0.000000000000000000e+00 5.115351200103759766e+00
1.130000000000000000e+02 9.973470854327842749e-01 0.000000000000000000e+00 5.116755962371826172e+00
1.140000000000000000e+02 9.976219579479028710e-01 0.000000000000000000e+00 5.117791652679443359e+00
1.150000000000000000e+02 9.977518703267206357e-01 0.000000000000000000e+00 5.118459701538085938e+00
1.160000000000000000e+02 9.976554040618076380e-01 0.000000000000000000e+00 5.119207382202148438e+00
1.170000000000000000e+02 9.980057767010752645e-01 0.000000000000000000e+00 5.119785785675048828e+00
1.180000000000000000e+02 9.979033859651390559e-01 0.000000000000000000e+00 5.120482444763183594e+00
1.190000000000000000e+02 9.982855653687596753e-01 0.000000000000000000e+00 5.121111869812011719e+00
1.200000000000000000e+02 9.984793933713792535e-01 0.000000000000000000e+00 5.121168136596679688e+00
1.210000000000000000e+02 9.984517462518013309e-01 0.000000000000000000e+00 5.122131824493408203e+00
1.220000000000000000e+02 9.983180761176733142e-01 0.000000000000000000e+00 5.123466968536376953e+00
1.230000000000000000e+02 9.983860711192408255e-01 0.000000000000000000e+00 5.124164104461669922e+00
1.240000000000000000e+02 9.986396115604890822e-01 0.000000000000000000e+00 5.124941349029541016e+00
1.250000000000000000e+02 9.984618895090024981e-01 0.000000000000000000e+00 5.125741958618164062e+00
1.260000000000000000e+02 9.987051208643339395e-01 0.000000000000000000e+00 5.126574039459228516e+00
1.270000000000000000e+02 9.989107248062775168e-01 0.000000000000000000e+00 5.126995563507080078e+00
1.280000000000000000e+02 9.989157642130084280e-01 0.000000000000000000e+00 5.127357006072998047e+00
1.290000000000000000e+02 9.986205821683742379e-01 0.000000000000000000e+00 5.128327369689941406e+00
1.300000000000000000e+02 9.987945330907170849e-01 0.000000000000000000e+00 5.128799915313720703e+00
1.310000000000000000e+02 9.988489890426895945e-01 0.000000000000000000e+00 5.129548549652099609e+00
1.320000000000000000e+02 9.987672715847938365e-01 0.000000000000000000e+00 5.129321098327636719e+00
1.330000000000000000e+02 9.990059235268722304e-01 0.000000000000000000e+00 5.129763126373291016e+00
1.340000000000000000e+02 9.988829659211643230e-01 0.000000000000000000e+00 5.130015850067138672e+00
1.350000000000000000e+02 9.985992919791872868e-01 0.000000000000000000e+00 5.130602836608886719e+00
1.360000000000000000e+02 9.988446257030114683e-01 0.000000000000000000e+00 5.130418777465820312e+00
1.370000000000000000e+02 9.991164553181852703e-01 0.000000000000000000e+00 5.130975723266601562e+00
1.380000000000000000e+02 9.989169287181303147e-01 0.000000000000000000e+00 5.131130695343017578e+00
1.390000000000000000e+02 9.990405154225774353e-01 0.000000000000000000e+00 5.131473064422607422e+00
1.400000000000000000e+02 9.989325418928634015e-01 0.000000000000000000e+00 5.132009506225585938e+00
1.410000000000000000e+02 9.991773747041551301e-01 0.000000000000000000e+00 5.132874488830566406e+00
1.420000000000000000e+02 9.991757066416716571e-01 0.000000000000000000e+00 5.132877826690673828e+00
1.430000000000000000e+02 9.992228871881784213e-01 0.000000000000000000e+00 5.132966518402099609e+00
1.440000000000000000e+02 9.993418343753014410e-01 0.000000000000000000e+00 5.132716178894042969e+00
1.450000000000000000e+02 9.992482890563757492e-01 0.000000000000000000e+00 5.132822036743164062e+00
1.460000000000000000e+02 9.993659794003855179e-01 0.000000000000000000e+00 5.133043766021728516e+00
1.470000000000000000e+02 9.992759668670031514e-01 0.000000000000000000e+00 5.133050918579101562e+00
1.480000000000000000e+02 9.994339890305729002e-01 0.000000000000000000e+00 5.133112907409667969e+00
1.490000000000000000e+02 9.992805733607887930e-01 0.000000000000000000e+00 5.133302688598632812e+00
1.500000000000000000e+02 9.993605228852036060e-01 0.000000000000000000e+00 5.133536815643310547e+00
1.510000000000000000e+02 9.993520574345174934e-01 0.000000000000000000e+00 5.134126663208007812e+00
1.520000000000000000e+02 9.994880829886867435e-01 0.000000000000000000e+00 5.134430885314941406e+00
1.530000000000000000e+02 9.996565236631258511e-01 0.000000000000000000e+00 5.134868144989013672e+00
1.540000000000000000e+02 9.995678122636243446e-01 0.000000000000000000e+00 5.134888172149658203e+00
1.550000000000000000e+02 9.994362130009697420e-01 0.000000000000000000e+00 5.134838581085205078e+00
1.560000000000000000e+02 9.995016441078611313e-01 0.000000000000000000e+00 5.134957790374755859e+00
1.570000000000000000e+02 9.993651555654127216e-01 0.000000000000000000e+00 5.134851932525634766e+00
1.580000000000000000e+02 9.994689141068027194e-01 0.000000000000000000e+00 5.135490894317626953e+00
1.590000000000000000e+02 9.994822580416702351e-01 0.000000000000000000e+00 5.135737895965576172e+00
1.600000000000000000e+02 9.996148936179369837e-01 0.000000000000000000e+00 5.135962009429931641e+00
1.610000000000000000e+02 9.996086254406756355e-01 0.000000000000000000e+00 5.135934829711914062e+00
1.620000000000000000e+02 9.995297745672233614e-01 0.000000000000000000e+00 5.135968685150146484e+00
1.630000000000000000e+02 9.995974310681841057e-01 0.000000000000000000e+00 5.136114597320556641e+00
1.640000000000000000e+02 9.996848168026115644e-01 0.000000000000000000e+00 5.136109828948974609e+00
1.650000000000000000e+02 9.996289305761684174e-01 0.000000000000000000e+00 5.136205673217773438e+00
1.660000000000000000e+02 9.997011753502055287e-01 0.000000000000000000e+00 5.136384963989257812e+00
1.670000000000000000e+02 9.996237839284505267e-01 0.000000000000000000e+00 5.136349201202392578e+00
1.680000000000000000e+02 9.996509628202286946e-01 0.000000000000000000e+00 5.136822700500488281e+00
1.690000000000000000e+02 9.996433938426517729e-01 0.000000000000000000e+00 5.137481212615966797e+00
1.700000000000000000e+02 9.997284096908041207e-01 0.000000000000000000e+00 5.137356758117675781e+00
1.710000000000000000e+02 9.998285604584307151e-01 0.000000000000000000e+00 5.137475013732910156e+00
1.720000000000000000e+02 9.997417059144650953e-01 0.000000000000000000e+00 5.137103557586669922e+00
1.730000000000000000e+02 9.998342522387633213e-01 0.000000000000000000e+00 5.136660099029541016e+00
1.740000000000000000e+02 9.996908225429975703e-01 0.000000000000000000e+00 5.136880874633789062e+00
1.750000000000000000e+02 9.997537618757253997e-01 0.000000000000000000e+00 5.137729644775390625e+00
1.760000000000000000e+02 9.997215525344640419e-01 0.000000000000000000e+00 5.138276100158691406e+00
1.770000000000000000e+02 9.997681031063067048e-01 0.000000000000000000e+00 5.138915538787841797e+00
1.780000000000000000e+02 9.997884169697784928e-01 0.000000000000000000e+00 5.139023780822753906e+00
1.790000000000000000e+02 9.998363637284318761e-01 0.000000000000000000e+00 5.139499664306640625e+00
1.800000000000000000e+02 9.999031140679178753e-01 0.000000000000000000e+00 5.139822483062744141e+00
1.810000000000000000e+02 9.999031140679178753e-01 0.000000000000000000e+00 5.139746665954589844e+00
1.820000000000000000e+02 9.998666068211640168e-01 0.000000000000000000e+00 5.140052318572998047e+00
1.830000000000000000e+02 9.998582632676125126e-01 0.000000000000000000e+00 5.140099048614501953e+00
1.840000000000000000e+02 9.998708316647905159e-01 0.000000000000000000e+00 5.140027999877929688e+00
1.850000000000000000e+02 9.999230881028203788e-01 0.000000000000000000e+00 5.140280723571777344e+00
1.860000000000000000e+02 9.999556836502864199e-01 0.000000000000000000e+00 5.140224933624267578e+00
1.870000000000000000e+02 9.999554426852210742e-01 0.000000000000000000e+00 5.141027927398681641e+00
1.880000000000000000e+02 9.998345910631252220e-01 0.000000000000000000e+00 5.141243457794189453e+00
1.890000000000000000e+02 9.999547856718601357e-01 0.000000000000000000e+00 5.141134262084960938e+00
1.900000000000000000e+02 9.999145428897201482e-01 0.000000000000000000e+00 5.141305446624755859e+00
1.910000000000000000e+02 9.999141183452354698e-01 0.000000000000000000e+00 5.141072750091552734e+00
1.920000000000000000e+02 9.998366772920179724e-01 0.000000000000000000e+00 5.140841484069824219e+00
1.930000000000000000e+02 9.998753656125406453e-01 0.000000000000000000e+00 5.140433311462402344e+00
1.940000000000000000e+02 9.999012751542072364e-01 0.000000000000000000e+00 5.140057563781738281e+00
1.950000000000000000e+02 9.999012751542073474e-01 0.000000000000000000e+00 5.139372348785400391e+00
1.960000000000000000e+02 9.998041917359276054e-01 0.000000000000000000e+00 5.139530181884765625e+00
1.970000000000000000e+02 9.998508559874088597e-01 0.000000000000000000e+00 5.138914108276367188e+00
1.980000000000000000e+02 9.998928990771643877e-01 0.000000000000000000e+00 5.139183521270751953e+00
1.990000000000000000e+02 9.997786139087262436e-01 0.000000000000000000e+00 5.139418601989746094e+00
2.000000000000000000e+02 9.996645134580144365e-01 8.623299919700791460e-02 2.987973451614379883e+00
2.010000000000000000e+02 9.995252727980189489e-01 1.022673122291513775e-01 3.125796079635620117e+00
2.020000000000000000e+02 9.991167295504818080e-01 1.264261274404638868e-01 3.247684001922607422e+00
2.030000000000000000e+02 9.980273706697391223e-01 1.518427911906025385e-01 3.357550382614135742e+00
2.040000000000000000e+02 9.961122159639106410e-01 1.807466479127308456e-01 3.455442905426025391e+00
2.050000000000000000e+02 9.913416855626209223e-01 2.095733714850289697e-01 3.544440507888793945e+00
2.060000000000000000e+02 9.847852518168077607e-01 2.414037301352351117e-01 3.625045061111450195e+00
2.070000000000000000e+02 9.765687337447795935e-01 2.699197499531394984e-01 3.698089599609375000e+00
2.080000000000000000e+02 9.647350497812757775e-01 2.975663356838016416e-01 3.764647960662841797e+00
2.090000000000000000e+02 9.498668724125687302e-01 3.263000230150059355e-01 3.827031373977661133e+00
2.100000000000000000e+02 9.359451666483387111e-01 3.503172921853552335e-01 3.883453607559204102e+00
2.110000000000000000e+02 9.198102557556034897e-01 3.777956407115555248e-01 3.935158491134643555e+00
2.120000000000000000e+02 9.018654229988265492e-01 4.001262836494285380e-01 3.982823371887207031e+00
2.130000000000000000e+02 8.848865900378761751e-01 4.243621612010454736e-01 4.029211044311523438e+00
2.140000000000000000e+02 8.656338015251338058e-01 4.466628854893096578e-01 4.072039127349853516e+00
2.150000000000000000e+02 8.477845068431554276e-01 4.672273909990077301e-01 4.112328052520751953e+00
2.160000000000000000e+02 8.293730653308452050e-01 4.871451342427168818e-01 4.150369167327880859e+00
2.170000000000000000e+02 8.092454565195411620e-01 5.068903753713046578e-01 4.186828613281250000e+00
2.180000000000000000e+02 7.945179884404055537e-01 5.267625906102590960e-01 4.222119808197021484e+00
2.190000000000000000e+02 7.743354480752673297e-01 5.445666080816623511e-01 4.255589962005615234e+00
2.200000000000000000e+02 7.567439703832666842e-01 5.630372865762679480e-01 4.288123130798339844e+00
2.210000000000000000e+02 7.395980498705478912e-01 5.818195957226808268e-01 4.319227695465087891e+00
2.220000000000000000e+02 7.210667160415940025e-01 6.006555366652565064e-01 4.349232673645019531e+00
2.230000000000000000e+02 7.035146835756069805e-01 6.111462045151200284e-01 4.377334594726562500e+00
2.240000000000000000e+02 6.870185800667762965e-01 6.291761925728743821e-01 4.404969692230224609e+00
2.250000000000000000e+02 6.712104877404816428e-01 6.405077904987807047e-01 4.432084560394287109e+00
2.260000000000000000e+02 6.548330432920425048e-01 6.589157647403480755e-01 4.456926345825195312e+00
2.270000000000000000e+02 6.363916197027889021e-01 6.737973965617050087e-01 4.481852531433105469e+00
2.280000000000000000e+02 6.207326404578198398e-01 6.905922618964335236e-01 4.506297588348388672e+00
2.290000000000000000e+02 6.079469376702754113e-01 7.021709192183565040e-01 4.530235767364501953e+00
2.300000000000000000e+02 5.931267779654637584e-01 7.151731619042475119e-01 4.552191257476806641e+00
2.310000000000000000e+02 5.798413245955726936e-01 7.261379821976098325e-01 4.573922634124755859e+00
2.320000000000000000e+02 5.657246048219645163e-01 7.392315493769102686e-01 4.595284461975097656e+00
2.330000000000000000e+02 5.512285737609055047e-01 7.516002636599465880e-01 4.615557670593261719e+00
2.340000000000000000e+02 5.375801217527460540e-01 7.631699514487612079e-01 4.635605335235595703e+00
2.350000000000000000e+02 5.262434895020342562e-01 7.733523777026801715e-01 4.654759883880615234e+00
2.360000000000000000e+02 5.143240790043455135e-01 7.844174751168228044e-01 4.673688888549804688e+00
2.370000000000000000e+02 5.034127328410397118e-01 7.931742992807716552e-01 4.691928386688232422e+00
2.380000000000000000e+02 4.914762214703072840e-01 8.035646208548788971e-01 4.708647251129150391e+00
2.390000000000000000e+02 4.834827526579874579e-01 8.130730692322108988e-01 4.725226879119873047e+00
2.400000000000000000e+02 4.642665415301029941e-01 8.224145272089750103e-01 4.741087913513183594e+00
2.410000000000000000e+02 4.599693776724333993e-01 8.304744674163084817e-01 4.757279396057128906e+00
2.420000000000000000e+02 4.485878584564963467e-01 8.423274053253921867e-01 4.772270202636718750e+00
2.430000000000000000e+02 4.402465069900209360e-01 8.493381057915757593e-01 4.787755489349365234e+00
2.440000000000000000e+02 4.304547412326751865e-01 8.563231621339344457e-01 4.800774574279785156e+00
2.450000000000000000e+02 4.245631614006148968e-01 8.638403899227617977e-01 4.813890457153320312e+00
2.460000000000000000e+02 4.158793581017112273e-01 8.716194960451353335e-01 4.826995849609375000e+00
2.470000000000000000e+02 4.074428696074878231e-01 8.764268998177183745e-01 4.839827537536621094e+00
2.480000000000000000e+02 3.987015807023302494e-01 8.851124882532142024e-01 4.851707458496093750e+00
2.490000000000000000e+02 3.917338990636522467e-01 8.893277886521011588e-01 4.862994670867919922e+00
2.500000000000000000e+02 3.822868370984963127e-01 8.973029382671368070e-01 4.874156475067138672e+00
2.510000000000000000e+02 3.783346222471980491e-01 9.025451204812389161e-01 4.885149002075195312e+00
2.520000000000000000e+02 3.699006948489581004e-01 9.080668845082792151e-01 4.896379470825195312e+00
2.530000000000000000e+02 3.681873204887280426e-01 9.125009086380602152e-01 4.906147003173828125e+00
2.540000000000000000e+02 3.583405533331572856e-01 9.179710553952321606e-01 4.916899681091308594e+00
2.550000000000000000e+02 3.509588125323234165e-01 9.228401040136280375e-01 4.926384449005126953e+00
2.560000000000000000e+02 3.458030652490894918e-01 9.282066310201408932e-01 4.935032367706298828e+00
2.570000000000000000e+02 3.388741213535039765e-01 9.303959653547193565e-01 4.943014144897460938e+00
2.580000000000000000e+02 3.335328223504966938e-01 9.354440910767626294e-01 4.952064990997314453e+00
2.590000000000000000e+02 3.294498871600871071e-01 9.381417909546927447e-01 4.959780693054199219e+00
2.600000000000000000e+02 3.259609508724681803e-01 9.423986715639218747e-01 4.967791080474853516e+00
2.610000000000000000e+02 3.210517773537946429e-01 9.461628895854745647e-01 4.975026130676269531e+00
2.620000000000000000e+02 3.140203498298261842e-01 9.491481124037380868e-01 4.982234001159667969e+00
2.630000000000000000e+02 3.057479064120662282e-01 9.519830580203657577e-01 4.990020751953125000e+00
2.640000000000000000e+02 3.038034981981354021e-01 9.542615613585656575e-01 4.996628761291503906e+00
2.650000000000000000e+02 2.984623066955863768e-01 9.580570545573392494e-01 5.003166198730468750e+00
2.660000000000000000e+02 2.959005705805587971e-01 9.599691846841191811e-01 5.009504318237304688e+00
2.670000000000000000e+02 2.912307128851094884e-01 9.625086978269984384e-01 5.015628814697265625e+00
2.680000000000000000e+02 2.881449201636526181e-01 9.650450641834563692e-01 5.021516799926757812e+00
2.690000000000000000e+02 2.812795874850747002e-01 9.670184568390910451e-01 5.027300357818603516e+00
2.700000000000000000e+02 2.777630620325791666e-01 9.692087107160871629e-01 5.032498836517333984e+00
2.710000000000000000e+02 2.737476327416949462e-01 9.699655258230037713e-01 5.037858486175537109e+00
2.720000000000000000e+02 2.702218017024227703e-01 9.730771738562576934e-01 5.042647361755371094e+00
2.730000000000000000e+02 2.663443441235778808e-01 9.730329429491108018e-01 5.047218322753906250e+00
2.740000000000000000e+02 2.632895815772241521e-01 9.749188424665937713e-01 5.052222251892089844e+00
2.750000000000000000e+02 2.575187992021008565e-01 9.755514124897071149e-01 5.057022571563720703e+00
2.760000000000000000e+02 2.549245276735741528e-01 9.787103459616283141e-01 5.061426162719726562e+00
2.770000000000000000e+02 2.524459126912168561e-01 9.789006915174962575e-01 5.065873622894287109e+00
2.780000000000000000e+02 2.503357601675554878e-01 9.802897058128445806e-01 5.069571495056152344e+00
2.790000000000000000e+02 2.453498769318936956e-01 9.819465372151628957e-01 5.072450160980224609e+00
2.800000000000000000e+02 2.421551635255811408e-01 9.822713855776159519e-01 5.076349258422851562e+00
2.810000000000000000e+02 2.389430217867380968e-01 9.837882137798301674e-01 5.079800128936767578e+00
2.820000000000000000e+02 2.360976099802041817e-01 9.842505317367488127e-01 5.082698822021484375e+00
2.830000000000000000e+02 2.329722459587779126e-01 9.853895566751099677e-01 5.086047172546386719e+00
2.840000000000000000e+02 2.327170226671257391e-01 9.856575763452145589e-01 5.088173866271972656e+00
2.850000000000000000e+02 2.293924091826504974e-01 9.868268414729589599e-01 5.090859413146972656e+00
2.860000000000000000e+02 2.225551989588593349e-01 9.880122757322804539e-01 5.093826770782470703e+00
2.870000000000000000e+02 2.201227101707464995e-01 9.880841371481855484e-01 5.096718311309814453e+00
2.880000000000000000e+02 2.151148065745865368e-01 9.895266295542894941e-01 5.099676132202148438e+00
2.890000000000000000e+02 2.169607576183218423e-01 9.896878922605667483e-01 5.101863861083984375e+00
2.900000000000000000e+02 2.128281636557561307e-01 9.900432500775125932e-01 5.104603767395019531e+00
2.910000000000000000e+02 2.115675773247052693e-01 9.906514013222401660e-01 5.106728553771972656e+00
2.920000000000000000e+02 2.080187910361429304e-01 9.913443320986258245e-01 5.108214855194091797e+00
2.930000000000000000e+02 2.060517237783046074e-01 9.916982625695839326e-01 5.109419822692871094e+00
2.940000000000000000e+02 2.025732348109163805e-01 9.923639020944649003e-01 5.111323356628417969e+00
2.950000000000000000e+02 2.017507795383194635e-01 9.925532753290561283e-01 5.113612651824951172e+00
2.960000000000000000e+02 2.017484773545195342e-01 9.934240250397969874e-01 5.115043163299560547e+00
2.970000000000000000e+02 1.976762298126659989e-01 9.943614740150666931e-01 5.116967678070068359e+00
2.980000000000000000e+02 1.936665902144113494e-01 9.936480836764519653e-01 5.118793964385986328e+00
2.990000000000000000e+02 1.921745487913980865e-01 9.937926641600510758e-01 5.120505809783935547e+00
3.000000000000000000e+02 1.907511081795091046e-01 9.943198116748428461e-01 5.122383117675781250e+00
3.010000000000000000e+02 1.892801275829485430e-01 9.944649335941951884e-01 5.123647689819335938e+00
3.020000000000000000e+02 1.871343273107974881e-01 9.941810582172466715e-01 5.124720573425292969e+00
3.030000000000000000e+02 1.825209339707705714e-01 9.947268850526350681e-01 5.125504493713378906e+00
3.040000000000000000e+02 1.803064428840956135e-01 9.952240761001588387e-01 5.127038002014160156e+00
3.050000000000000000e+02 1.781489203824394851e-01 9.960986736664310115e-01 5.128450870513916016e+00
3.060000000000000000e+02 1.804971514852572456e-01 9.957100750633633979e-01 5.129443645477294922e+00
3.070000000000000000e+02 1.789195114118315721e-01 9.960984625661905012e-01 5.130374908447265625e+00
3.080000000000000000e+02 1.726696916605815479e-01 9.964008564339122964e-01 5.131634712219238281e+00
3.090000000000000000e+02 1.735459599262458574e-01 9.966312611705439028e-01 5.132348060607910156e+00
3.100000000000000000e+02 1.700318894759718369e-01 9.965719360716092101e-01 5.133242607116699219e+00
3.110000000000000000e+02 1.675071848348625714e-01 9.965930059003413888e-01 5.134064197540283203e+00
3.120000000000000000e+02 1.651816300709938456e-01 9.970922852288862659e-01 5.135406970977783203e+00
3.130000000000000000e+02 1.631970440759414331e-01 9.972273684082236800e-01 5.137017250061035156e+00
3.140000000000000000e+02 1.618187103546904204e-01 9.979743370383109546e-01 5.138423442840576172e+00
3.150000000000000000e+02 1.594770649033146193e-01 9.978260759597324947e-01 5.139478683471679688e+00
3.160000000000000000e+02 1.586334321997373564e-01 9.978310747070837650e-01 5.140704154968261719e+00
3.170000000000000000e+02 1.544776117625526746e-01 9.981010920619400872e-01 5.140855312347412109e+00
3.180000000000000000e+02 1.539794299730795901e-01 9.982524638922544158e-01 5.141419410705566406e+00
3.190000000000000000e+02 1.537276956897984936e-01 9.979381480991886821e-01 5.142567634582519531e+00
3.200000000000000000e+02 1.495377150462507410e-01 9.982138508307200064e-01 5.143387317657470703e+00
3.210000000000000000e+02 1.510717046848862322e-01 9.984970741741342470e-01 5.143789768218994141e+00
3.220000000000000000e+02 1.469265778339156614e-01 9.985032539749765235e-01 5.144364356994628906e+00
3.230000000000000000e+02 1.469347033944681524e-01 9.985305882662944832e-01 5.144869327545166016e+00
3.240000000000000000e+02 1.442953813641820460e-01 9.988591735593344012e-01 5.145925521850585938e+00
3.250000000000000000e+02 1.415839846172106675e-01 9.988299871214636472e-01 5.145575046539306641e+00
3.260000000000000000e+02 1.417073378955496510e-01 9.988131603880507914e-01 5.145164489746093750e+00
3.270000000000000000e+02 1.394067638209653126e-01 9.991770036081999429e-01 5.145555973052978516e+00
3.280000000000000000e+02 1.379470774212010753e-01 9.989953357217227214e-01 5.146382808685302734e+00
3.290000000000000000e+02 1.355626992809000064e-01 9.989274119687602260e-01 5.146890163421630859e+00
3.300000000000000000e+02 1.358243213115502002e-01 9.992039292238952264e-01 5.146856784820556641e+00
3.310000000000000000e+02 1.325282350900972850e-01 9.991541100668113184e-01 5.147207260131835938e+00
3.320000000000000000e+02 1.331718408414707122e-01 9.991618599484143326e-01 5.147947788238525391e+00
3.330000000000000000e+02 1.311245658851805662e-01 9.993119439333840726e-01 5.148367881774902344e+00
3.340000000000000000e+02 1.301717531031989505e-01 9.992230001810598061e-01 5.148200988769531250e+00
3.350000000000000000e+02 1.281087258515295202e-01 9.992728100284844484e-01 5.148200511932373047e+00
3.360000000000000000e+02 1.299725863127395020e-01 9.995090916976467899e-01 5.148530006408691406e+00
3.370000000000000000e+02 1.275467401326774164e-01 9.994877801015353835e-01 5.149188518524169922e+00
3.380000000000000000e+02 1.286003526887486148e-01 9.995712265942056085e-01 5.149736404418945312e+00
3.390000000000000000e+02 1.265721361126116162e-01 9.993666729410788374e-01 5.149662017822265625e+00
3.400000000000000000e+02 1.266291750136336325e-01 9.994228309188448733e-01 5.150703430175781250e+00
3.410000000000000000e+02 1.213984440731878112e-01 9.991291379200119005e-01 5.151120185852050781e+00
3.420000000000000000e+02 1.234363360815769195e-01 9.993424680203416566e-01 5.151529788970947266e+00
3.430000000000000000e+02 1.203822163656206590e-01 9.995497401356785439e-01 5.152232646942138672e+00
3.440000000000000000e+02 1.193004961675288578e-01 9.994626692040801119e-01 5.153140068054199219e+00
3.450000000000000000e+02 1.198794250120445715e-01 9.995709424593549608e-01 5.153727054595947266e+00
3.460000000000000000e+02 1.196649950625661429e-01 9.997801653377434983e-01 5.153790950775146484e+00
3.470000000000000000e+02 1.179201665570053931e-01 9.995025253594627124e-01 5.154519081115722656e+00
3.480000000000000000e+02 1.173740435131513660e-01 9.993556097820962547e-01 5.154954910278320312e+00
3.490000000000000000e+02 1.154571749089989829e-01 9.996237645543463168e-01 5.154909610748291016e+00
3.500000000000000000e+02 1.136308495096293864e-01 9.996285755112610527e-01 5.154643058776855469e+00
3.510000000000000000e+02 1.160361880270850687e-01 9.997309182080397205e-01 5.154955387115478516e+00
3.520000000000000000e+02 1.169281553273096019e-01 9.996620808402597591e-01 5.155824184417724609e+00
3.530000000000000000e+02 1.124034577163487425e-01 9.996767192521305301e-01 5.155194759368896484e+00
3.540000000000000000e+02 1.117538827767647486e-01 9.997494711408941859e-01 5.155415058135986328e+00
3.550000000000000000e+02 1.086006252226049129e-01 9.995548637660279789e-01 5.155277252197265625e+00
3.560000000000000000e+02 1.079901180911618241e-01 9.996330951456189329e-01 5.155086040496826172e+00
3.570000000000000000e+02 1.099769403103520310e-01 9.996598566246865936e-01 5.154682159423828125e+00
3.580000000000000000e+02 1.103080013613504384e-01 9.995846788563937935e-01 5.154689311981201172e+00
3.590000000000000000e+02 1.058289637548197326e-01 9.996524563599700208e-01 5.154890537261962891e+00
3.600000000000000000e+02 1.066301313367531284e-01 9.995573557032523260e-01 5.155003070831298828e+00
3.610000000000000000e+02 1.090778613087678844e-01 9.995402517217178984e-01 5.155286312103271484e+00
3.620000000000000000e+02 1.078837467899645824e-01 9.995244080570586664e-01 5.155582427978515625e+00
3.630000000000000000e+02 1.067886789618164439e-01 9.993729856553986712e-01 5.155652046203613281e+00
3.640000000000000000e+02 1.039089419391157620e-01 9.996955648557713792e-01 5.155303478240966797e+00
3.650000000000000000e+02 1.056818321231607904e-01 9.995331943271129616e-01 5.155894756317138672e+00
3.660000000000000000e+02 1.032654468596283237e-01 9.996155621122871926e-01 5.156198978424072266e+00
3.670000000000000000e+02 1.006610725492518010e-01 9.996197612086835660e-01 5.155942440032958984e+00
3.680000000000000000e+02 1.024674668004295630e-01 9.997956710383486545e-01 5.156078815460205078e+00
3.690000000000000000e+02 1.006555663340923390e-01 9.996462290551560992e-01 5.155783653259277344e+00
3.700000000000000000e+02 1.059208711470244202e-01 9.996629647231236593e-01 5.155782699584960938e+00
3.710000000000000000e+02 1.015786278999179226e-01 9.998009796269775595e-01 5.156082630157470703e+00
3.720000000000000000e+02 1.011905654581106151e-01 9.996888671950667771e-01 5.156349182128906250e+00
3.730000000000000000e+02 1.014886701146268527e-01 9.997957286845784441e-01 5.156185626983642578e+00
3.740000000000000000e+02 1.005805403197855136e-01 9.996851225364171700e-01 5.157041549682617188e+00
3.750000000000000000e+02 1.005686028992787556e-01 9.997443453138208369e-01 5.157160282135009766e+00
3.760000000000000000e+02 9.960553165905458584e-02 9.998817532850871048e-01 5.156794548034667969e+00
3.770000000000000000e+02 9.914311160278072022e-02 9.997479820324272071e-01 5.157189846038818359e+00
3.780000000000000000e+02 9.632848839864509294e-02 9.998167833914747282e-01 5.157590389251708984e+00
3.790000000000000000e+02 9.705897652869244219e-02 9.999275132725492510e-01 5.157481193542480469e+00
3.800000000000000000e+02 9.647665444703532045e-02 9.997511760428428040e-01 5.157176494598388672e+00
3.810000000000000000e+02 9.846847673328050499e-02 9.998910975396617662e-01 5.157270908355712891e+00
3.820000000000000000e+02 9.688826223528836101e-02 9.998321205231590625e-01 5.156869888305664062e+00
3.830000000000000000e+02 9.608710492404956560e-02 9.998957962188658177e-01 5.157248497009277344e+00
3.840000000000000000e+02 9.713927475417785673e-02 9.998886763505431263e-01 5.157528877258300781e+00
3.850000000000000000e+02 9.806967517977331628e-02 9.997728215781243044e-01 5.157973766326904297e+00
3.860000000000000000e+02 9.303199788471101794e-02 9.998040930438792939e-01 5.157648086547851562e+00
3.870000000000000000e+02 9.359453977379363077e-02 9.998074166239739879e-01 5.158051967620849609e+00
3.880000000000000000e+02 9.263103508690508081e-02 9.997726606076501321e-01 5.158034324645996094e+00
3.890000000000000000e+02 9.382734433500737603e-02 9.997829870684150633e-01 5.158609867095947266e+00
3.900000000000000000e+02 9.337937401156143347e-02 9.998620525237560397e-01 5.158406257629394531e+00
3.910000000000000000e+02 9.136536935365582868e-02 9.997554481244419478e-01 5.158493518829345703e+00
3.920000000000000000e+02 9.301606611139399960e-02 9.997996134491046183e-01 5.158342838287353516e+00
3.930000000000000000e+02 9.174534958508998028e-02 9.997934429040440385e-01 5.158640384674072266e+00
3.940000000000000000e+02 8.966063628824477716e-02 9.998512582027415663e-01 5.158641338348388672e+00
3.950000000000000000e+02 9.087950843258794931e-02 9.997755225120674716e-01 5.158413410186767578e+00
3.960000000000000000e+02 9.079895607143817493e-02 9.998788215020575354e-01 5.158987998962402344e+00
3.970000000000000000e+02 8.881669148304503769e-02 9.996699952721916915e-01 5.159462451934814453e+00
3.980000000000000000e+02 9.196095693985489872e-02 9.998092438039514196e-01 5.159589767456054688e+00
