0.000000000000000000e+00 2.984893772520947133e-02 0.000000000000000000e+00 7.359461784362792969e+00
1.000000000000000000e+00 3.384227672913095453e-02 0.000000000000000000e+00 7.519682884216308594e+00
2.000000000000000000e+00 4.176079774648103204e-02 0.000000000000000000e+00 7.667973041534423828e+00
3.000000000000000000e+00 5.127393403445164310e-02 0.000000000000000000e+00 7.810750961303710938e+00
4.000000000000000000e+00 6.347821137694213689e-02 0.000000000000000000e+00 7.946091175079345703e+00
5.000000000000000000e+00 7.480119697065075457e-02 0.000000000000000000e+00 8.075230598449707031e+00
6.000000000000000000e+00 8.742809762875396185e-02 0.000000000000000000e+00 8.196531295776367188e+00
7.000000000000000000e+00 9.971978665636438421e-02 0.000000000000000000e+00 8.311398506164550781e+00
8.000000000000000000e+00 1.136956436937091863e-01 0.000000000000000000e+00 8.417043685913085938e+00
9.000000000000000000e+00 1.264716473598696822e-01 0.000000000000000000e+00 8.517680168151855469e+00
1.000000000000000000e+01 1.391541857592236975e-01 0.000000000000000000e+00 8.612360000610351562e+00
1.100000000000000000e+01 1.521126929593433486e-01 0.000000000000000000e+00 8.702582359313964844e+00
1.200000000000000000e+01 1.639929422788586055e-01 0.000000000000000000e+00 8.786611557006835938e+00
1.300000000000000000e+01 1.780833890592801450e-01 0.000000000000000000e+00 8.867538452148437500e+00
1.400000000000000000e+01 1.902665137348872604e-01 0.000000000000000000e+00 8.945890426635742188e+00
1.500000000000000000e+01 2.024629289139254495e-01 0.000000000000000000e+00 9.019189834594726562e+00
1.600000000000000000e+01 2.144592142163909143e-01 0.000000000000000000e+00 9.089933395385742188e+00
1.700000000000000000e+01 2.257771168728448519e-01 0.000000000000000000e+00 9.156147956848144531e+00
1.800000000000000000e+01 2.395146515194734316e-01 0.000000000000000000e+00 9.220005035400390625e+00
1.900000000000000000e+01 2.515911148095231753e-01 0.000000000000000000e+00 9.282931327819824219e+00
2.000000000000000000e+01 2.632460047223200705e-01 0.000000000000000000e+00 9.341391563415527344e+00
2.100000000000000000e+01 2.745548675089428681e-01 0.000000000000000000e+00 9.400194168090820312e+00
2.200000000000000000e+01 2.866847351322708293e-01 0.000000000000000000e+00 9.455054283142089844e+00
2.300000000000000000e+01 2.970706007098304902e-01 0.000000000000000000e+00 9.508687019348144531e+00
2.400000000000000000e+01 3.088983109759060874e-01 0.000000000000000000e+00 9.558580398559570312e+00
2.500000000000000000e+01 3.185056430226960722e-01 0.000000000000000000e+00 9.608180046081542969e+00
2.600000000000000000e+01 3.291459174690365974e-01 0.000000000000000000e+00 9.654441833496093750e+00
2.700000000000000000e+01 3.398886020551919462e-01 0.000000000000000000e+00 9.701585769653320312e+00
2.800000000000000000e+01 3.506703747557879391e-01 0.000000000000000000e+00 9.746381759643554688e+00
2.900000000000000000e+01 3.622728709251089585e-01 0.000000000000000000e+00 9.790127754211425781e+00
3.000000000000000000e+01 3.718901287195866545e-01 0.000000000000000000e+00 9.832865715026855469e+00
3.100000000000000000e+01 3.827308159448453151e-01 0.000000000000000000e+00 9.873000144958496094e+00
3.200000000000000000e+01 3.906485610995738544e-01 0.000000000000000000e+00 9.912320137023925781e+00
3.300000000000000000e+01 4.003319121682501480e-01 0.000000000000000000e+00 9.950158119201660156e+00
3.400000000000000000e+01 4.102225111631034871e-01 0.000000000000000000e+00 9.986408233642578125e+00
3.500000000000000000e+01 4.200540365083702543e-01 0.000000000000000000e+00 1.002380752563476562e+01
3.600000000000000000e+01 4.286312374757362820e-01 0.000000000000000000e+00 1.006015110015869141e+01
3.700000000000000000e+01 4.386283510358482407e-01 0.000000000000000000e+00 1.009484767913818359e+01
3.800000000000000000e+01 4.453073978964444679e-01 0.000000000000000000e+00 1.012580966949462891e+01
3.900000000000000000e+01 4.544015743421379039e-01 0.000000000000000000e+00 1.015862655639648438e+01
4.000000000000000000e+01 4.628587532465636145e-01 0.000000000000000000e+00 1.019024085998535156e+01
4.100000000000000000e+01 4.711426828634973085e-01 0.000000000000000000e+00 1.022006511688232422e+01
4.200000000000000000e+01 4.792838063971563423e-01 0.000000000000000000e+00 1.024941825866699219e+01
4.300000000000000000e+01 4.865629282444233206e-01 0.000000000000000000e+00 1.027797985076904297e+01
4.400000000000000000e+01 4.948177546880009881e-01 0.000000000000000000e+00 1.030583572387695312e+01
4.500000000000000000e+01 5.013981997211582886e-01 0.000000000000000000e+00 1.033214187622070312e+01
4.600000000000000000e+01 5.095057175995272303e-01 0.000000000000000000e+00 1.035890007019042969e+01
4.700000000000000000e+01 5.178046794483462945e-01 0.000000000000000000e+00 1.038378906250000000e+01
4.800000000000000000e+01 5.245301087898516235e-01 0.000000000000000000e+00 1.040973567962646484e+01
4.900000000000000000e+01 5.312977876498967689e-01 0.000000000000000000e+00 1.043468475341796875e+01
5.000000000000000000e+01 5.386657929218784391e-01 0.000000000000000000e+00 1.045804786682128906e+01
5.100000000000000000e+01 5.459541791450183146e-01 0.000000000000000000e+00 1.048083019256591797e+01
5.200000000000000000e+01 5.525472060675266084e-01 0.000000000000000000e+00 1.050268077850341797e+01
5.300000000000000000e+01 5.585224270290040094e-01 0.000000000000000000e+00 1.052398395538330078e+01
5.400000000000000000e+01 5.647363858779945733e-01 0.000000000000000000e+00 1.054561710357666016e+01
5.500000000000000000e+01 5.697220623831485975e-01 0.000000000000000000e+00 1.056455516815185547e+01
5.600000000000000000e+01 5.763212298227197161e-01 0.000000000000000000e+00 1.058364963531494141e+01
5.700000000000000000e+01 5.830092962268019763e-01 0.000000000000000000e+00 1.060153675079345703e+01
5.800000000000000000e+01 5.876214228091645175e-01 0.000000000000000000e+00 1.062129688262939453e+01
5.900000000000000000e+01 5.925507582600547662e-01 0.000000000000000000e+00 1.063883495330810547e+01
6.000000000000000000e+01 5.990386970152391521e-01 0.000000000000000000e+00 1.065439987182617188e+01
6.100000000000000000e+01 6.048123198783381671e-01 0.000000000000000000e+00 1.067156505584716797e+01
6.200000000000000000e+01 6.095720895639069603e-01 0.000000000000000000e+00 1.068768024444580078e+01
6.300000000000000000e+01 6.142784193768576761e-01 0.000000000000000000e+00 1.070304584503173828e+01
6.400000000000000000e+01 6.191730252449147986e-01 0.000000000000000000e+00 1.071665382385253906e+01
6.500000000000000000e+01 6.232879238482705864e-01 0.000000000000000000e+00 1.073078060150146484e+01
6.600000000000000000e+01 6.287700580165367370e-01 0.000000000000000000e+00 1.074682998657226562e+01
6.700000000000000000e+01 6.335692428949700750e-01 0.000000000000000000e+00 1.076019287109375000e+01
6.800000000000000000e+01 6.374407856150410279e-01 0.000000000000000000e+00 1.077297019958496094e+01
6.900000000000000000e+01 6.426372852073835018e-01 0.000000000000000000e+00 1.078650569915771484e+01
7.000000000000000000e+01 6.467196944751597565e-01 0.000000000000000000e+00 1.079848194122314453e+01
7.100000000000000000e+01 6.517822702122673117e-01 0.000000000000000000e+00 1.081029033660888672e+01
7.200000000000000000e+01 6.545666349033905096e-01 0.000000000000000000e+00 1.082318305969238281e+01
7.300000000000000000e+01 6.586646905967876720e-01 0.000000000000000000e+00 1.083525276184082031e+01
7.400000000000000000e+01 6.619928965052589431e-01 0.000000000000000000e+00 1.084533214569091797e+01
7.500000000000000000e+01 6.666767493798976263e-01 0.000000000000000000e+00 1.085558891296386719e+01
7.600000000000000000e+01 6.699924417318836589e-01 0.000000000000000000e+00 1.086687088012695312e+01
7.700000000000000000e+01 6.729274689108497576e-01 0.000000000000000000e+00 1.087646961212158203e+01
7.800000000000000000e+01 6.774227340002590969e-01 0.000000000000000000e+00 1.088628959655761719e+01
7.900000000000000000e+01 6.806762527723553280e-01 0.000000000000000000e+00 1.089577674865722656e+01
8.000000000000000000e+01 6.840092430495270381e-01 0.000000000000000000e+00 1.090410041809082031e+01
8.100000000000000000e+01 6.866136590801675821e-01 0.000000000000000000e+00 1.091482353210449219e+01
8.200000000000000000e+01 6.899339663411540036e-01 0.000000000000000000e+00 1.092341327667236328e+01
8.300000000000000000e+01 6.928777488833087750e-01 0.000000000000000000e+00 1.093190765380859375e+01
8.400000000000000000e+01 6.960927609590361609e-01 0.000000000000000000e+00 1.093968391418457031e+01
8.500000000000000000e+01 6.997408052750698770e-01 0.000000000000000000e+00 1.094535350799560547e+01
8.600000000000000000e+01 7.028226597845141921e-01 0.000000000000000000e+00 1.095268917083740234e+01
8.700000000000000000e+01 7.060874307828614027e-01 0.000000000000000000e+00 1.096175193786621094e+01
8.800000000000000000e+01 7.087955857910588353e-01 0.000000000000000000e+00 1.096866035461425781e+01
8.900000000000000000e+01 7.095882352669370396e-01 0.000000000000000000e+00 1.097771072387695312e+01
9.000000000000000000e+01 7.129630257526101689e-01 0.000000000000000000e+00 1.098487281799316406e+01
9.100000000000000000e+01 7.156970026635096627e-01 0.000000000000000000e+00 1.099217605590820312e+01
9.200000000000000000e+01 7.178332131011572192e-01 0.000000000000000000e+00 1.099838924407958984e+01
9.300000000000000000e+01 7.205850165900317128e-01 0.000000000000000000e+00 1.100406360626220703e+01
9.400000000000000000e+01 7.214951913161593566e-01 0.000000000000000000e+00 1.100969219207763672e+01
9.500000000000000000e+01 7.226187195454347734e-01 0.000000000000000000e+00 1.101288986206054688e+01
9.600000000000000000e+01 7.255201104120191369e-01 0.000000000000000000e+00 1.101845550537109375e+01
9.700000000000000000e+01 7.276804659192895874e-01 0.000000000000000000e+00 1.102327537536621094e+01
9.800000000000000000e+01 7.278497895690456687e-01 0.000000000000000000e+00 1.102875804901123047e+01
9.900000000000000000e+01 7.308424650906777398e-01 0.000000000000000000e+00 1.103344440460205078e+01
1.000000000000000000e+02 7.334145980589596991e-01 0.000000000000000000e+00 1.103764438629150391e+01
1.010000000000000000e+02 7.347079042993078790e-01 0.000000000000000000e+00 1.104276371002197266e+01
1.020000000000000000e+02 7.357974412618045745e-01 0.000000000000000000e+00 1.104656791687011719e+01
1.030000000000000000e+02 7.373652085933598554e-01 0.000000000000000000e+00 1.105095481872558594e+01
1.040000000000000000e+02 7.391679330347076249e-01 0.000000000000000000e+00 1.105575275421142578e+01
1.050000000000000000e+02 7.398289180960961886e-01 0.000000000000000000e+00 1.106215763092041016e+01
1.060000000000000000e+02 7.415700163890437402e-01 0.000000000000000000e+00 1.106712532043457031e+01
1.070000000000000000e+02 7.432716731077740890e-01 0.000000000000000000e+00 1.107248973846435547e+01
1.080000000000000000e+02 7.454083112175107217e-01 0.000000000000000000e+00 1.107687854766845703e+01
1.090000000000000000e+02 7.451704440191222467e-01 0.000000000000000000e+00 1.107911300659179688e+01
1.100000000000000000e+02 7.463472889912629027e-01 0.000000000000000000e+00 1.108155632019042969e+01
1.110000000000000000e+02 7.465994556218583655e-01 0.000000000000000000e+00 1.108374214172363281e+01
1.120000000000000000e+02 7.480024289446660646e-01 0.000000000000000000e+00 1.108695411682128906e+01
1.130000000000000000e+02 7.488809672491765212e-01 0.000000000000000000e+00 1.109028625488281250e+01
1.140000000000000000e+02 7.505129359752504836e-01 0.000000000000000000e+00 1.109239387512207031e+01
1.150000000000000000e+02 7.516112847811425857e-01 0.000000000000000000e+00 1.109515571594238281e+01
1.160000000000000000e+02 7.544282614728317071e-01 0.000000000000000000e+00 1.109918689727783203e+01
1.170000000000000000e+02 7.558923435840116944e-01 0.000000000000000000e+00 1.110410976409912109e+01
1.180000000000000000e+02 7.571688773506288772e-01 0.000000000000000000e+00 1.110727405548095703e+01
1.190000000000000000e+02 7.570021984473100929e-01 0.000000000000000000e+00 1.111086559295654297e+01
1.200000000000000000e+02 7.583103592931950132e-01 0.000000000000000000e+00 1.111431884765625000e+01
1.210000000000000000e+02 7.590624128169728424e-01 0.000000000000000000e+00 1.111659240722656250e+01
1.220000000000000000e+02 7.614418725225127194e-01 0.000000000000000000e+00 1.111977386474609375e+01
1.230000000000000000e+02 7.629810850297134017e-01 0.000000000000000000e+00 1.112207984924316406e+01
1.240000000000000000e+02 7.643769819072617766e-01 0.000000000000000000e+00 1.112557029724121094e+01
1.250000000000000000e+02 7.650722019387927730e-01 0.000000000000000000e+00 1.113092231750488281e+01
1.260000000000000000e+02 7.656847824218347975e-01 0.000000000000000000e+00 1.113277435302734375e+01
1.270000000000000000e+02 7.659213211578527192e-01 0.000000000000000000e+00 1.113635826110839844e+01
1.280000000000000000e+02 7.676489347500465854e-01 0.000000000000000000e+00 1.113809585571289062e+01
1.290000000000000000e+02 7.684176323176663548e-01 0.000000000000000000e+00 1.114116764068603516e+01
1.300000000000000000e+02 7.688577643590792654e-01 0.000000000000000000e+00 1.114431953430175781e+01
1.310000000000000000e+02 7.714395925164750922e-01 0.000000000000000000e+00 1.114389801025390625e+01
1.320000000000000000e+02 7.710445228463153056e-01 0.000000000000000000e+00 1.114777374267578125e+01
1.330000000000000000e+02 7.714857319349179843e-01 0.000000000000000000e+00 1.115097236633300781e+01
1.340000000000000000e+02 7.715247425651415858e-01 0.000000000000000000e+00 1.115217304229736328e+01
1.350000000000000000e+02 7.731961403839701097e-01 0.000000000000000000e+00 1.115552043914794922e+01
1.360000000000000000e+02 7.745934122686045642e-01 0.000000000000000000e+00 1.115760517120361328e+01
1.370000000000000000e+02 7.745656114609074105e-01 0.000000000000000000e+00 1.116000843048095703e+01
1.380000000000000000e+02 7.753034702343670759e-01 0.000000000000000000e+00 1.115892601013183594e+01
1.390000000000000000e+02 7.757450121082704042e-01 0.000000000000000000e+00 1.115982151031494141e+01
1.400000000000000000e+02 7.767137955209416633e-01 0.000000000000000000e+00 1.116290569305419922e+01
1.410000000000000000e+02 7.764629033881006448e-01 0.000000000000000000e+00 1.116359043121337891e+01
1.420000000000000000e+02 7.772726251678205855e-01 0.000000000000000000e+00 1.116647243499755859e+01
1.430000000000000000e+02 7.779224816869894088e-01 0.000000000000000000e+00 1.116922378540039062e+01
1.440000000000000000e+02 7.779282185246068071e-01 0.000000000000000000e+00 1.116969203948974609e+01
1.450000000000000000e+02 7.789443172651474567e-01 0.000000000000000000e+00 1.117162990570068359e+01
1.460000000000000000e+02 7.795048147240233316e-01 0.000000000000000000e+00 1.117265224456787109e+01
1.470000000000000000e+02 7.789456992877153985e-01 0.000000000000000000e+00 1.117287349700927734e+01
1.480000000000000000e+02 7.802892469608452286e-01 0.000000000000000000e+00 1.117465782165527344e+01
1.490000000000000000e+02 7.809195927830533401e-01 0.000000000000000000e+00 1.117448616027832031e+01
1.500000000000000000e+02 7.802784743971987735e-01 0.000000000000000000e+00 1.117358779907226562e+01
1.510000000000000000e+02 7.809922778342561767e-01 0.000000000000000000e+00 1.117477798461914062e+01
1.520000000000000000e+02 7.809770113228198252e-01 0.000000000000000000e+00 1.117497825622558594e+01
1.530000000000000000e+02 7.819514171132346814e-01 0.000000000000000000e+00 1.117679977416992188e+01
1.540000000000000000e+02 7.818502710297583480e-01 0.000000000000000000e+00 1.117691421508789062e+01
1.550000000000000000e+02 7.817593600291179445e-01 0.000000000000000000e+00 1.117731952667236328e+01
1.560000000000000000e+02 7.824422188306984216e-01 0.000000000000000000e+00 1.117739009857177734e+01
1.570000000000000000e+02 7.825888135368285203e-01 0.000000000000000000e+00 1.117903041839599609e+01
1.580000000000000000e+02 7.816743388318025954e-01 0.000000000000000000e+00 1.117976951599121094e+01
1.590000000000000000e+02 7.816923846726001601e-01 0.000000000000000000e+00 1.118029403686523438e+01
1.600000000000000000e+02 7.833963927485246836e-01 0.000000000000000000e+00 1.118144226074218750e+01
1.610000000000000000e+02 7.846371618196781306e-01 0.000000000000000000e+00 1.118200016021728516e+01
1.620000000000000000e+02 7.835057588918661331e-01 0.000000000000000000e+00 1.118323993682861328e+01
1.630000000000000000e+02 7.852688828276895849e-01 0.000000000000000000e+00 1.118559741973876953e+01
1.640000000000000000e+02 7.844175763461024298e-01 0.000000000000000000e+00 1.118640804290771484e+01
1.650000000000000000e+02 7.850712011082148223e-01 0.000000000000000000e+00 1.118635177612304688e+01
1.660000000000000000e+02 7.855359394631503678e-01 0.000000000000000000e+00 1.118685817718505859e+01
1.670000000000000000e+02 7.853692929324034289e-01 0.000000000000000000e+00 1.118773460388183594e+01
1.680000000000000000e+02 7.854191315595322465e-01 0.000000000000000000e+00 1.118755149841308594e+01
1.690000000000000000e+02 7.848380306390038141e-01 0.000000000000000000e+00 1.118909358978271484e+01
1.700000000000000000e+02 7.852051754778144321e-01 0.000000000000000000e+00 1.119182395935058594e+01
1.710000000000000000e+02 7.857412344779575175e-01 0.000000000000000000e+00 1.119320201873779297e+01
1.720000000000000000e+02 7.850133668047231117e-01 0.000000000000000000e+00 1.119413471221923828e+01
1.730000000000000000e+02 7.861872362089128430e-01 0.000000000000000000e+00 1.119563388824462891e+01
1.740000000000000000e+02 7.866656426844917949e-01 0.000000000000000000e+00 1.119759368896484375e+01
1.750000000000000000e+02 7.853612319109160023e-01 0.000000000000000000e+00 1.119788742065429688e+01
1.760000000000000000e+02 7.864889465738846841e-01 0.000000000000000000e+00 1.119873714447021484e+01
1.770000000000000000e+02 7.861666338625304951e-01 0.000000000000000000e+00 1.120026588439941406e+01
1.780000000000000000e+02 7.864953673653594102e-01 0.000000000000000000e+00 1.120100212097167969e+01
1.790000000000000000e+02 7.874637497433657485e-01 0.000000000000000000e+00 1.120267391204833984e+01
1.800000000000000000e+02 7.867225756771838441e-01 0.000000000000000000e+00 1.120517635345458984e+01
1.810000000000000000e+02 7.874566838918137801e-01 0.000000000000000000e+00 1.120730209350585938e+01
1.820000000000000000e+02 7.882334663880365966e-01 0.000000000000000000e+00 1.120887565612792969e+01
1.830000000000000000e+02 7.889030413182056556e-01 0.000000000000000000e+00 1.121029758453369141e+01
1.840000000000000000e+02 7.894744377232681964e-01 0.000000000000000000e+00 1.121119880676269531e+01
1.850000000000000000e+02 7.887467437785186108e-01 0.000000000000000000e+00 1.121054840087890625e+01
1.860000000000000000e+02 7.906244761931319198e-01 0.000000000000000000e+00 1.121012306213378906e+01
1.870000000000000000e+02 7.921172986059039633e-01 0.000000000000000000e+00 1.121100807189941406e+01
1.880000000000000000e+02 7.908213874765052109e-01 0.000000000000000000e+00 1.121201229095458984e+01
1.890000000000000000e+02 7.917992135555050881e-01 0.000000000000000000e+00 1.121365356445312500e+01
1.900000000000000000e+02 7.918532561616304921e-01 0.000000000000000000e+00 1.121468162536621094e+01
1.910000000000000000e+02 7.918239203776883395e-01 0.000000000000000000e+00 1.121554660797119141e+01
1.920000000000000000e+02 7.920935610005047645e-01 0.000000000000000000e+00 1.121618175506591797e+01
1.930000000000000000e+02 7.929067743135157498e-01 0.000000000000000000e+00 1.121694278717041016e+01
1.940000000000000000e+02 7.930369746931398289e-01 0.000000000000000000e+00 1.121719551086425781e+01
1.950000000000000000e+02 7.922823872077054963e-01 0.000000000000000000e+00 1.121641731262207031e+01
1.960000000000000000e+02 7.923161273261040138e-01 0.000000000000000000e+00 1.121619606018066406e+01
1.970000000000000000e+02 7.924208256578504361e-01 0.000000000000000000e+00 1.121675395965576172e+01
1.980000000000000000e+02 7.930451225313654984e-01 0.000000000000000000e+00 1.121858024597167969e+01
1.990000000000000000e+02 7.936915909216774034e-01 0.000000000000000000e+00 1.121973419189453125e+01
2.000000000000000000e+02 7.852035503330612176e-01 2.952833962879728574e-02 7.372938156127929688e+00
2.010000000000000000e+02 7.729409395581543496e-01 3.415115588011236741e-02 7.530052185058593750e+00
2.020000000000000000e+02 7.559083569029126926e-01 4.177638041919330691e-02 7.680112361907958984e+00
2.030000000000000000e+02 7.373331681354550193e-01 5.209800101823520990e-02 7.822307109832763672e+00
2.040000000000000000e+02 7.144892987098916404e-01 6.260560442710244589e-02 7.955826759338378906e+00
2.050000000000000000e+02 6.906099914777252824e-01 7.503439038940454275e-02 8.081768035888671875e+00
2.060000000000000000e+02 6.655318798519448409e-01 8.770316825987962972e-02 8.201990127563476562e+00
2.070000000000000000e+02 6.370857649153532920e-01 1.005070411669623937e-01 8.315496444702148438e+00
2.080000000000000000e+02 6.099611670861916357e-01 1.128691164311977635e-01 8.424512863159179688e+00
2.090000000000000000e+02 5.799280594957878510e-01 1.263055377212889130e-01 8.526372909545898438e+00
2.100000000000000000e+02 5.525208526001461617e-01 1.397370636918817688e-01 8.622541427612304688e+00
2.110000000000000000e+02 5.256299084873605754e-01 1.533400103699537331e-01 8.714477539062500000e+00
2.120000000000000000e+02 4.993377487032655826e-01 1.658080687059995395e-01 8.802013397216796875e+00
2.130000000000000000e+02 4.743819600468178743e-01 1.784257376981275289e-01 8.882307052612304688e+00
2.140000000000000000e+02 4.521431412944744710e-01 1.914990636641026034e-01 8.958401679992675781e+00
2.150000000000000000e+02 4.293074755509304619e-01 2.033691373932444979e-01 9.031238555908203125e+00
2.160000000000000000e+02 4.070529997828747915e-01 2.155268176674117742e-01 9.100745201110839844e+00
2.170000000000000000e+02 3.878889184361488662e-01 2.278139710715056387e-01 9.167448997497558594e+00
2.180000000000000000e+02 3.687380072925581231e-01 2.388703603820359900e-01 9.232011795043945312e+00
2.190000000000000000e+02 3.519132185060242501e-01 2.519121277876478215e-01 9.294239997863769531e+00
2.200000000000000000e+02 3.359318526410745576e-01 2.630758852281536719e-01 9.353171348571777344e+00
2.210000000000000000e+02 3.199873999859927376e-01 2.749614799040048796e-01 9.408725738525390625e+00
2.220000000000000000e+02 3.039909273834681125e-01 2.853569645871408822e-01 9.463489532470703125e+00
2.230000000000000000e+02 2.895018407835408536e-01 2.970580749093520434e-01 9.514967918395996094e+00
2.240000000000000000e+02 2.767938483476828915e-01 3.086094866092957689e-01 9.565793991088867188e+00
2.250000000000000000e+02 2.637560873306191156e-01 3.180648850250361037e-01 9.615226745605468750e+00
2.260000000000000000e+02 2.529945735619721359e-01 3.290144366803043341e-01 9.663206100463867188e+00
2.270000000000000000e+02 2.407369220383862862e-01 3.384410188682840381e-01 9.707986831665039062e+00
2.280000000000000000e+02 2.306408031655547974e-01 3.487203331173452936e-01 9.751888275146484375e+00
2.290000000000000000e+02 2.195522963951487827e-01 3.594435505471965664e-01 9.795142173767089844e+00
2.300000000000000000e+02 2.095538491663709313e-01 3.698936324125264297e-01 9.839590072631835938e+00
2.310000000000000000e+02 2.004151472023071867e-01 3.794607004454821908e-01 9.881422042846679688e+00
2.320000000000000000e+02 1.921607388184818632e-01 3.896713458792779861e-01 9.920664787292480469e+00
2.330000000000000000e+02 1.844876074107457686e-01 3.986854261076496209e-01 9.958846092224121094e+00
2.340000000000000000e+02 1.754094330237498112e-01 4.095239290376921915e-01 9.994886398315429688e+00
2.350000000000000000e+02 1.689080377215242679e-01 4.176239947318388102e-01 1.003061962127685547e+01
2.360000000000000000e+02 1.613638046282122041e-01 4.266241426812117377e-01 1.006642627716064453e+01
2.370000000000000000e+02 1.552259676390646548e-01 4.353295931680437048e-01 1.010188961029052734e+01
2.380000000000000000e+02 1.480455731845430889e-01 4.436754496810044746e-01 1.013491153717041016e+01
2.390000000000000000e+02 1.433967134607990190e-01 4.514767374896993535e-01 1.016547775268554688e+01
2.400000000000000000e+02 1.377247903815091434e-01 4.601250558314217698e-01 1.019575214385986328e+01
2.410000000000000000e+02 1.320574573899050697e-01 4.682621431921662469e-01 1.022432422637939453e+01
2.420000000000000000e+02 1.275117220686042829e-01 4.771894601322204665e-01 1.025321578979492188e+01
2.430000000000000000e+02 1.225839771827502284e-01 4.843117863111822130e-01 1.028293228149414062e+01
2.440000000000000000e+02 1.164611280369058782e-01 4.911322470277995067e-01 1.030898857116699219e+01
2.450000000000000000e+02 1.122461052213594712e-01 4.991964435038965253e-01 1.033502388000488281e+01
2.460000000000000000e+02 1.083653503014888192e-01 5.060176022373700233e-01 1.035945987701416016e+01
2.470000000000000000e+02 1.038868673965943484e-01 5.137253339451907097e-01 1.038531017303466797e+01
2.480000000000000000e+02 1.008021204193198239e-01 5.215287735174531925e-01 1.040929126739501953e+01
2.490000000000000000e+02 9.834786508327729437e-02 5.289897708001185528e-01 1.043445777893066406e+01
2.500000000000000000e+02 9.444173594517947523e-02 5.362948870941803836e-01 1.045633411407470703e+01
2.510000000000000000e+02 9.086686331359745961e-02 5.423988230616981765e-01 1.047875022888183594e+01
2.520000000000000000e+02 8.800793083392241534e-02 5.482844645801523420e-01 1.050014972686767578e+01
2.530000000000000000e+02 8.494408607531213351e-02 5.544915706609214734e-01 1.052083206176757812e+01
2.540000000000000000e+02 8.249091267662549132e-02 5.620513703661114135e-01 1.054119014739990234e+01
2.550000000000000000e+02 7.997500191351997190e-02 5.678357346157083541e-01 1.056155109405517578e+01
2.560000000000000000e+02 7.712961125099036808e-02 5.743577412276161809e-01 1.058039188385009766e+01
2.570000000000000000e+02 7.405963524488094751e-02 5.804543690789708554e-01 1.059971332550048828e+01
2.580000000000000000e+02 7.282530642755277728e-02 5.856500169073921569e-01 1.061808586120605469e+01
2.590000000000000000e+02 6.965034811432431472e-02 5.917609845127038692e-01 1.063585281372070312e+01
2.600000000000000000e+02 6.819788644722656057e-02 5.964736131521821694e-01 1.065480995178222656e+01
2.610000000000000000e+02 6.649151477106353403e-02 6.019878716634884386e-01 1.067388343811035156e+01
2.620000000000000000e+02 6.385264979756814785e-02 6.071136554060594381e-01 1.069051742553710938e+01
2.630000000000000000e+02 6.195509170862046472e-02 6.116233537687452149e-01 1.070539855957031250e+01
2.640000000000000000e+02 6.046407351681102466e-02 6.177524935179340426e-01 1.072013568878173828e+01
2.650000000000000000e+02 5.927802376979264543e-02 6.222008602643521735e-01 1.073443794250488281e+01
2.660000000000000000e+02 5.766014243250671550e-02 6.268699857925956742e-01 1.074850654602050781e+01
2.670000000000000000e+02 5.630228318058628362e-02 6.313186108256636508e-01 1.076259994506835938e+01
2.680000000000000000e+02 5.373801622563701558e-02 6.358750418024030626e-01 1.077625179290771484e+01
2.690000000000000000e+02 5.246534247171045356e-02 6.400131496975185463e-01 1.079033565521240234e+01
2.700000000000000000e+02 5.219654558851641313e-02 6.439816445973043368e-01 1.080243587493896484e+01
2.710000000000000000e+02 5.039887573144943150e-02 6.482061962233420793e-01 1.081337356567382812e+01
2.720000000000000000e+02 4.950502971288921195e-02 6.517748424012462793e-01 1.082484436035156250e+01
2.730000000000000000e+02 4.874380110401056038e-02 6.552727968320636309e-01 1.083587455749511719e+01
2.740000000000000000e+02 4.781403886022306260e-02 6.585939709731978287e-01 1.084733581542968750e+01
2.750000000000000000e+02 4.728554683003224901e-02 6.629977109983316019e-01 1.085790157318115234e+01
2.760000000000000000e+02 4.574101091464021634e-02 6.662975725302806573e-01 1.086886978149414062e+01
2.770000000000000000e+02 4.460325728238059839e-02 6.694814193473795916e-01 1.087911128997802734e+01
2.780000000000000000e+02 4.431332910504406225e-02 6.732904066409695076e-01 1.088965892791748047e+01
2.790000000000000000e+02 4.296392086498330293e-02 6.760112421424560036e-01 1.089885997772216797e+01
2.800000000000000000e+02 4.206014848049812599e-02 6.797594452110461427e-01 1.090841007232666016e+01
2.810000000000000000e+02 4.171859343087513938e-02 6.829362441933353178e-01 1.091888809204101562e+01
2.820000000000000000e+02 4.209877371649991401e-02 6.865530541144757581e-01 1.092695808410644531e+01
2.830000000000000000e+02 4.026202172013598063e-02 6.893700028813262159e-01 1.093460655212402344e+01
2.840000000000000000e+02 4.098575400225031723e-02 6.924368752960259332e-01 1.094205570220947266e+01
2.850000000000000000e+02 3.954532718412715614e-02 6.951853632214074485e-01 1.094947624206542969e+01
2.860000000000000000e+02 3.949938708955017669e-02 6.970269471430532437e-01 1.095751190185546875e+01
2.870000000000000000e+02 3.803456826152493836e-02 6.999905794709040396e-01 1.096527290344238281e+01
2.880000000000000000e+02 3.699415327252895264e-02 7.018369984343413304e-01 1.097068977355957031e+01
2.890000000000000000e+02 3.583699832929777840e-02 7.050861605892048134e-01 1.097799587249755859e+01
2.900000000000000000e+02 3.688614399547741896e-02 7.066337909794132566e-01 1.098605632781982422e+01
2.910000000000000000e+02 3.608919781502457208e-02 7.100158301332862854e-01 1.099283981323242188e+01
2.920000000000000000e+02 3.441852857280233713e-02 7.117911889131396386e-01 1.100103950500488281e+01
2.930000000000000000e+02 3.442694583139119940e-02 7.149866698388973596e-01 1.100794315338134766e+01
2.940000000000000000e+02 3.425533215693006561e-02 7.173873713403500219e-01 1.101562213897705078e+01
2.950000000000000000e+02 3.391395499786539758e-02 7.192375155579524559e-01 1.102411556243896484e+01
2.960000000000000000e+02 3.436731286045299066e-02 7.225566082715132454e-01 1.103023433685302734e+01
2.970000000000000000e+02 3.344337458262986590e-02 7.243019193831417013e-01 1.103594589233398438e+01
2.980000000000000000e+02 3.392955100227920684e-02 7.259958817580081103e-01 1.104432773590087891e+01
2.990000000000000000e+02 3.286945218054886791e-02 7.280500375744070052e-01 1.104833984375000000e+01
3.000000000000000000e+02 3.225754848584321682e-02 7.305342640578265101e-01 1.105603218078613281e+01
3.010000000000000000e+02 3.289429077748124569e-02 7.327917162478756463e-01 1.106067371368408203e+01
3.020000000000000000e+02 3.242955674847666780e-02 7.339751899922374312e-01 1.106737709045410156e+01
3.030000000000000000e+02 3.172466135388288255e-02 7.355586552093801300e-01 1.107281780242919922e+01
3.040000000000000000e+02 3.097201809570887532e-02 7.376592321136510311e-01 1.107725238800048828e+01
3.050000000000000000e+02 3.186917174431947580e-02 7.384707428062956547e-01 1.108275413513183594e+01
3.060000000000000000e+02 3.127323726769389023e-02 7.406897375399177363e-01 1.108777904510498047e+01
3.070000000000000000e+02 3.201632685988613919e-02 7.411589174280401870e-01 1.109187412261962891e+01
3.080000000000000000e+02 3.034060821133740746e-02 7.429224014114568231e-01 1.109463596343994141e+01
3.090000000000000000e+02 2.985007619759982508e-02 7.442587704693922612e-01 1.109867572784423828e+01
3.100000000000000000e+02 3.073437171800745549e-02 7.459262402983333207e-01 1.110256004333496094e+01
3.110000000000000000e+02 3.029598279411580691e-02 7.469905094673822132e-01 1.110684967041015625e+01
3.120000000000000000e+02 3.070440128578442660e-02 7.492248950877157254e-01 1.110973167419433594e+01
3.130000000000000000e+02 2.996364204954985594e-02 7.509040726668990695e-01 1.111439228057861328e+01
3.140000000000000000e+02 3.072499898829329779e-02 7.514470426967697625e-01 1.111645984649658203e+01
3.150000000000000000e+02 2.947468074283151815e-02 7.532313183908142529e-01 1.112001705169677734e+01
3.160000000000000000e+02 2.966826576082389963e-02 7.532622703049661750e-01 1.112253952026367188e+01
3.170000000000000000e+02 2.919561859283831967e-02 7.542318586708081085e-01 1.112277603149414062e+01
3.180000000000000000e+02 2.899890534319825991e-02 7.550140998525503022e-01 1.112569522857666016e+01
3.190000000000000000e+02 2.918882241195912275e-02 7.577076681306420536e-01 1.112768173217773438e+01
3.200000000000000000e+02 2.864411751717537910e-02 7.591782388745835775e-01 1.113239002227783203e+01
3.210000000000000000e+02 2.892000856874865286e-02 7.591336415970786344e-01 1.113336658477783203e+01
3.220000000000000000e+02 2.859163902550630049e-02 7.606234991275359070e-01 1.113556385040283203e+01
3.230000000000000000e+02 2.761526356165528232e-02 7.614586270357467379e-01 1.113814544677734375e+01
3.240000000000000000e+02 2.887857008348149526e-02 7.614417990727764263e-01 1.114177894592285156e+01
3.250000000000000000e+02 2.911055385789967920e-02 7.622652977282737830e-01 1.114434432983398438e+01
3.260000000000000000e+02 2.935640973867232814e-02 7.640580940211799676e-01 1.114749240875244141e+01
3.270000000000000000e+02 2.797140445533333533e-02 7.644852795386792854e-01 1.114891433715820312e+01
3.280000000000000000e+02 2.801107311115862836e-02 7.656104146373117203e-01 1.115020084381103516e+01
3.290000000000000000e+02 2.869430759262178721e-02 7.678175184692070943e-01 1.115328693389892578e+01
3.300000000000000000e+02 2.800599777926692305e-02 7.688423926783719553e-01 1.115658950805664062e+01
3.310000000000000000e+02 2.820159044572185386e-02 7.698125207590170715e-01 1.115920543670654297e+01
3.320000000000000000e+02 2.873113032522504190e-02 7.709985917991559745e-01 1.116122436523437500e+01
3.330000000000000000e+02 2.848702679375342967e-02 7.714063556423207402e-01 1.116349983215332031e+01
3.340000000000000000e+02 2.824260894909184569e-02 7.723686439702108775e-01 1.116445159912109375e+01
3.350000000000000000e+02 2.808909228574563849e-02 7.727712328531440855e-01 1.116619777679443359e+01
3.360000000000000000e+02 2.750391706264900329e-02 7.746484234389102719e-01 1.116845130920410156e+01
3.370000000000000000e+02 2.843969195653291149e-02 7.744797794521193213e-01 1.117131423950195312e+01
3.380000000000000000e+02 2.714290245126397064e-02 7.746032001222542540e-01 1.117386436462402344e+01
3.390000000000000000e+02 2.768743931629108479e-02 7.762857401375498068e-01 1.117632579803466797e+01
3.400000000000000000e+02 2.771148934178830139e-02 7.760324799272887430e-01 1.117730617523193359e+01
3.410000000000000000e+02 2.862673060074630987e-02 7.771825145366408893e-01 1.117971801757812500e+01
3.420000000000000000e+02 2.760728184165454901e-02 7.774484084430541841e-01 1.117892360687255859e+01
3.430000000000000000e+02 2.745831300002261194e-02 7.768412723175150969e-01 1.117957401275634766e+01
3.440000000000000000e+02 2.829669266866522218e-02 7.781558888325948997e-01 1.118195438385009766e+01
3.450000000000000000e+02 2.727818143525366501e-02 7.774586971793615575e-01 1.118329429626464844e+01
3.460000000000000000e+02 2.747690150076258567e-02 7.779839932315502082e-01 1.118465995788574219e+01
3.470000000000000000e+02 2.750797951455498727e-02 7.789256534699543488e-01 1.118684387207031250e+01
3.480000000000000000e+02 2.774077907215169794e-02 7.801407221515810342e-01 1.118797779083251953e+01
3.490000000000000000e+02 2.790210180833268411e-02 7.795753638998640378e-01 1.118925094604492188e+01
3.500000000000000000e+02 2.722585795891372881e-02 7.795505970068156154e-01 1.119166755676269531e+01
3.510000000000000000e+02 2.795985572884537515e-02 7.807732289339471832e-01 1.119207763671875000e+01
3.520000000000000000e+02 2.770205651289823351e-02 7.816496197015244674e-01 1.119221496582031250e+01
3.530000000000000000e+02 2.806298583573595823e-02 7.815888325481817889e-01 1.119248390197753906e+01
3.540000000000000000e+02 2.757690332922930684e-02 7.824630057016777052e-01 1.119175815582275391e+01
3.550000000000000000e+02 2.746663950340373639e-02 7.830498028248917830e-01 1.119357204437255859e+01
3.560000000000000000e+02 2.733792287294492876e-02 7.838796196320463316e-01 1.119475555419921875e+01
3.570000000000000000e+02 2.691523788098946698e-02 7.841690084288318596e-01 1.119581794738769531e+01
3.580000000000000000e+02 2.725747738182999688e-02 7.848581661282474364e-01 1.119828319549560547e+01
3.590000000000000000e+02 2.712922670831375421e-02 7.851402804031747396e-01 1.120035457611083984e+01
3.600000000000000000e+02 2.655701439295528321e-02 7.861284403289539036e-01 1.120121097564697266e+01
3.610000000000000000e+02 2.690939803200906311e-02 7.865410601694555748e-01 1.120429611206054688e+01
3.620000000000000000e+02 2.743471358695451223e-02 7.868602809625717676e-01 1.120578956604003906e+01
3.630000000000000000e+02 2.772467206926953337e-02 7.863120326537560434e-01 1.120593833923339844e+01
3.640000000000000000e+02 2.767740471109989692e-02 7.858318415249918587e-01 1.120544815063476562e+01
3.650000000000000000e+02 2.719446811403082934e-02 7.861436339988595590e-01 1.120557212829589844e+01
3.660000000000000000e+02 2.715291250380707372e-02 7.867687360478934355e-01 1.120625782012939453e+01
3.670000000000000000e+02 2.747411751411211328e-02 7.872709738703644877e-01 1.120772171020507812e+01
3.680000000000000000e+02 2.813624475887535961e-02 7.877172492050392716e-01 1.120776939392089844e+01
3.690000000000000000e+02 2.768091864748857892e-02 7.873113850979311934e-01 1.120702552795410156e+01
3.700000000000000000e+02 2.684300184174627860e-02 7.876178345025908190e-01 1.120715713500976562e+01
3.710000000000000000e+02 2.839982638750793154e-02 7.879174564873887565e-01 1.120884227752685547e+01
3.720000000000000000e+02 2.701857189236497522e-02 7.875786940833955363e-01 1.120820236206054688e+01
3.730000000000000000e+02 2.687879872977277582e-02 7.875625601071679638e-01 1.120623588562011719e+01
3.740000000000000000e+02 2.810137161791044155e-02 7.889621335772064592e-01 1.120642089843750000e+01
3.750000000000000000e+02 2.748733183040066516e-02 7.881092619786187470e-01 1.120541191101074219e+01
3.760000000000000000e+02 2.772361409787704387e-02 7.886214414400579686e-01 1.120532894134521484e+01
3.770000000000000000e+02 2.780772624863951659e-02 7.877483781153497011e-01 1.120540428161621094e+01
3.780000000000000000e+02 2.707420788484875274e-02 7.889828083999004260e-01 1.120577335357666016e+01
3.790000000000000000e+02 2.714837570930694541e-02 7.886657420537480645e-01 1.120715999603271484e+01
3.800000000000000000e+02 2.656156316343476903e-02 7.882999966906987233e-01 1.120561599731445312e+01
3.810000000000000000e+02 2.800093766809859039e-02 7.882834796172081271e-01 1.120661926269531250e+01
3.820000000000000000e+02 2.611052522142462418e-02 7.892841009059440305e-01 1.120810794830322266e+01
3.830000000000000000e+02 2.701030000861925212e-02 7.884184707173190754e-01 1.120880031585693359e+01
3.840000000000000000e+02 2.695113506418434640e-02 7.883531067578327667e-01 1.120856285095214844e+01
3.850000000000000000e+02 2.687380407886618208e-02 7.882330305042618557e-01 1.120737266540527344e+01
3.860000000000000000e+02 2.730680459537992641e-02 7.880990830687979454e-01 1.120770454406738281e+01
3.870000000000000000e+02 2.698020241844964473e-02 7.887232707470357429e-01 1.120750713348388672e+01
3.880000000000000000e+02 2.738688137080725477e-02 7.891288413256976053e-01 1.120934391021728516e+01
3.890000000000000000e+02 2.689484959419178103e-02 7.900006322301657002e-01 1.120907211303710938e+01
3.900000000000000000e+02 2.801450809890888502e-02 7.889768688509338768e-01 1.120991230010986328e+01
3.910000000000000000e+02 2.782581936668557243e-02 7.884797127138428730e-01 1.121077156066894531e+01
3.920000000000000000e+02 2.704865287390913545e-02 7.897034791607497883e-01 1.121232891082763672e+01
3.930000000000000000e+02 2.651704246261028450e-02 7.884662310440719857e-01 1.121265411376953125e+01
3.940000000000000000e+02 2.751962169681216458e-02 7.888533675306932391e-01 1.121216011047363281e+01
3.950000000000000000e+02 2.703105996022222776e-02 7.889626877951291251e-01 1.121214389801025391e+01
3.960000000000000000e+02 2.647545190756950273e-02 7.879114098477867367e-01 1.121209239959716797e+01
3.970000000000000000e+02 2.682143677961289219e-02 7.883085833817667920e-01 1.121188640594482422e+01
3.980000000000000000e+02 2.748635484331148765e-02 7.889045967402978921e-01 1.121180343627929688e+01
