0.000000000000000000e+00 9.007411927199869550e-02 0.000000000000000000e+00 2.985187053680419922e+00
1.000000000000000000e+00 1.150656862927715435e-01 0.000000000000000000e+00 3.136884927749633789e+00
2.000000000000000000e+00 1.512438402337059062e-01 0.000000000000000000e+00 3.268905401229858398e+00
3.000000000000000000e+00 1.925698409417493373e-01 0.000000000000000000e+00 3.387619495391845703e+00
4.000000000000000000e+00 2.347541752426128836e-01 0.000000000000000000e+00 3.494710922241210938e+00
5.000000000000000000e+00 2.764800975434329455e-01 0.000000000000000000e+00 3.588640928268432617e+00
6.000000000000000000e+00 3.198728599990179888e-01 0.000000000000000000e+00 3.672999382019042969e+00
7.000000000000000000e+00 3.585923991488448315e-01 0.000000000000000000e+00 3.749952554702758789e+00
8.000000000000000000e+00 3.935267368018384726e-01 0.000000000000000000e+00 3.820175886154174805e+00
9.000000000000000000e+00 4.285987614039930005e-01 0.000000000000000000e+00 3.883584499359130859e+00
1.000000000000000000e+01 4.622581655515282106e-01 0.000000000000000000e+00 3.941683053970336914e+00
1.100000000000000000e+01 4.910357547765644148e-01 0.000000000000000000e+00 3.995546579360961914e+00
1.200000000000000000e+01 5.201624530161395032e-01 0.000000000000000000e+00 4.044685840606689453e+00
1.300000000000000000e+01 5.482711068827784695e-01 0.000000000000000000e+00 4.091454029083251953e+00
1.400000000000000000e+01 5.775420938289462791e-01 0.000000000000000000e+00 4.135010719299316406e+00
1.500000000000000000e+01 5.998563345899443622e-01 0.000000000000000000e+00 4.175405979156494141e+00
1.600000000000000000e+01 6.219831807808398061e-01 0.000000000000000000e+00 4.213142395019531250e+00
1.700000000000000000e+01 6.435088315089225741e-01 0.000000000000000000e+00 4.249412059783935547e+00
1.800000000000000000e+01 6.637755712379789230e-01 0.000000000000000000e+00 4.283143520355224609e+00
1.900000000000000000e+01 6.850892656877306530e-01 0.000000000000000000e+00 4.314671993255615234e+00
2.000000000000000000e+01 7.025721615915540008e-01 0.000000000000000000e+00 4.345033168792724609e+00
2.100000000000000000e+01 7.188659817025746523e-01 0.000000000000000000e+00 4.373766899108886719e+00
2.200000000000000000e+01 7.359511206414620643e-01 0.000000000000000000e+00 4.400959491729736328e+00
2.300000000000000000e+01 7.518743934602958312e-01 0.000000000000000000e+00 4.427805900573730469e+00
2.400000000000000000e+01 7.658716558280387332e-01 0.000000000000000000e+00 4.452996253967285156e+00
2.500000000000000000e+01 7.829154912766079777e-01 0.000000000000000000e+00 4.477568626403808594e+00
2.600000000000000000e+01 7.951011277311769154e-01 0.000000000000000000e+00 4.500148773193359375e+00
2.700000000000000000e+01 8.095903436529329200e-01 0.000000000000000000e+00 4.521971702575683594e+00
2.800000000000000000e+01 8.208496888020857529e-01 0.000000000000000000e+00 4.543941974639892578e+00
2.900000000000000000e+01 8.334007147366577772e-01 0.000000000000000000e+00 4.563140392303466797e+00
3.000000000000000000e+01 8.443110488213267928e-01 0.000000000000000000e+00 4.582070350646972656e+00
3.100000000000000000e+01 8.560754570133246588e-01 0.000000000000000000e+00 4.599593162536621094e+00
3.200000000000000000e+01 8.655472786590775458e-01 0.000000000000000000e+00 4.616404056549072266e+00
3.300000000000000000e+01 8.735184244785250129e-01 0.000000000000000000e+00 4.632896900177001953e+00
3.400000000000000000e+01 8.849859325187666714e-01 0.000000000000000000e+00 4.648387908935546875e+00
3.500000000000000000e+01 8.904457937386955901e-01 0.000000000000000000e+00 4.663227558135986328e+00
3.600000000000000000e+01 8.984979418466255696e-01 0.000000000000000000e+00 4.677477836608886719e+00
3.700000000000000000e+01 9.059652316461486166e-01 0.000000000000000000e+00 4.690335273742675781e+00
3.800000000000000000e+01 9.123835652237105576e-01 0.000000000000000000e+00 4.702628135681152344e+00
3.900000000000000000e+01 9.185014262938042684e-01 0.000000000000000000e+00 4.714495658874511719e+00
4.000000000000000000e+01 9.240393891919009839e-01 0.000000000000000000e+00 4.726078987121582031e+00
4.100000000000000000e+01 9.307049464145092932e-01 0.000000000000000000e+00 4.736901283264160156e+00
4.200000000000000000e+01 9.356019376559155942e-01 0.000000000000000000e+00 4.747459888458251953e+00
4.300000000000000000e+01 9.403308918325491428e-01 0.000000000000000000e+00 4.757402420043945312e+00
4.400000000000000000e+01 9.446775511623543009e-01 0.000000000000000000e+00 4.766033649444580078e+00
4.500000000000000000e+01 9.490235860016802416e-01 0.000000000000000000e+00 4.775166034698486328e+00
4.600000000000000000e+01 9.531834191803637557e-01 0.000000000000000000e+00 4.783545017242431641e+00
4.700000000000000000e+01 9.552841594507165413e-01 0.000000000000000000e+00 4.791943550109863281e+00
4.800000000000000000e+01 9.585763420347339636e-01 0.000000000000000000e+00 4.800388336181640625e+00
4.900000000000000000e+01 9.616829634447202624e-01 0.000000000000000000e+00 4.807782173156738281e+00
5.000000000000000000e+01 9.643925850188069804e-01 0.000000000000000000e+00 4.814396381378173828e+00
5.100000000000000000e+01 9.666761227386527766e-01 0.000000000000000000e+00 4.820593833923339844e+00
5.200000000000000000e+01 9.690463607135993973e-01 0.000000000000000000e+00 4.826820850372314453e+00
5.300000000000000000e+01 9.721576152897750678e-01 0.000000000000000000e+00 4.833565711975097656e+00
5.400000000000000000e+01 9.726520683890622632e-01 0.000000000000000000e+00 4.838725566864013672e+00
5.500000000000000000e+01 9.755946860725932535e-01 0.000000000000000000e+00 4.844149589538574219e+00
5.600000000000000000e+01 9.779970720471831136e-01 0.000000000000000000e+00 4.849298954010009766e+00
5.700000000000000000e+01 9.780916921626806593e-01 0.000000000000000000e+00 4.854497432708740234e+00
5.800000000000000000e+01 9.792896269639582707e-01 0.000000000000000000e+00 4.857889175415039062e+00
5.900000000000000000e+01 9.815727669117207954e-01 0.000000000000000000e+00 4.861830711364746094e+00
6.000000000000000000e+01 9.828589763445872984e-01 0.000000000000000000e+00 4.866249561309814453e+00
6.100000000000000000e+01 9.844445802800115830e-01 0.000000000000000000e+00 4.870498180389404297e+00
6.200000000000000000e+01 9.851389503888186017e-01 0.000000000000000000e+00 4.874680519104003906e+00
6.300000000000000000e+01 9.856610899580041663e-01 0.000000000000000000e+00 4.877525329589843750e+00
6.400000000000000000e+01 9.865941796310464529e-01 0.000000000000000000e+00 4.881518840789794922e+00
6.500000000000000000e+01 9.873369899039718955e-01 0.000000000000000000e+00 4.885050773620605469e+00
6.600000000000000000e+01 9.879760931892821452e-01 0.000000000000000000e+00 4.887565612792968750e+00
6.700000000000000000e+01 9.892903721475878598e-01 0.000000000000000000e+00 4.890769958496093750e+00
6.800000000000000000e+01 9.901870980354545715e-01 0.000000000000000000e+00 4.894037723541259766e+00
6.900000000000000000e+01 9.910050959282669103e-01 0.000000000000000000e+00 4.895890712738037109e+00
7.000000000000000000e+01 9.913435359810562897e-01 0.000000000000000000e+00 4.899010181427001953e+00
7.100000000000000000e+01 9.916435216474810410e-01 0.000000000000000000e+00 4.901477813720703125e+00
7.200000000000000000e+01 9.926574913854219195e-01 0.000000000000000000e+00 4.903245449066162109e+00
7.300000000000000000e+01 9.926807307538152436e-01 0.000000000000000000e+00 4.905691623687744141e+00
7.400000000000000000e+01 9.928599435474684265e-01 0.000000000000000000e+00 4.907748699188232422e+00
7.500000000000000000e+01 9.933434701012059387e-01 0.000000000000000000e+00 4.909269809722900391e+00
7.600000000000000000e+01 9.942006117173394220e-01 0.000000000000000000e+00 4.910570144653320312e+00
7.700000000000000000e+01 9.941726333620602984e-01 0.000000000000000000e+00 4.912754058837890625e+00
7.800000000000000000e+01 9.943830886854937434e-01 0.000000000000000000e+00 4.914447784423828125e+00
7.900000000000000000e+01 9.950964867174975081e-01 0.000000000000000000e+00 4.915980339050292969e+00
8.000000000000000000e+01 9.950292590721221409e-01 0.000000000000000000e+00 4.917420387268066406e+00
8.100000000000000000e+01 9.949329571028717734e-01 0.000000000000000000e+00 4.918101310729980469e+00
8.200000000000000000e+01 9.954020187792654850e-01 0.000000000000000000e+00 4.919764041900634766e+00
8.300000000000000000e+01 9.955660471293796832e-01 0.000000000000000000e+00 4.920409202575683594e+00
8.400000000000000000e+01 9.958518133433316155e-01 0.000000000000000000e+00 4.922104835510253906e+00
8.500000000000000000e+01 9.959062763626211900e-01 0.000000000000000000e+00 4.923918724060058594e+00
8.600000000000000000e+01 9.961623828852137486e-01 0.000000000000000000e+00 4.924529075622558594e+00
8.700000000000000000e+01 9.966963514792454015e-01 0.000000000000000000e+00 4.925714015960693359e+00
8.800000000000000000e+01 9.965426127120065036e-01 0.000000000000000000e+00 4.925393581390380859e+00
8.900000000000000000e+01 9.966041180316939085e-01 0.000000000000000000e+00 4.926191329956054688e+00
9.000000000000000000e+01 9.970839487617579877e-01 0.000000000000000000e+00 4.927660465240478516e+00
9.100000000000000000e+01 9.970186436515968698e-01 0.000000000000000000e+00 4.928811073303222656e+00
9.200000000000000000e+01 9.971187263965308745e-01 0.000000000000000000e+00 4.928645610809326172e+00
9.300000000000000000e+01 9.972872061780398978e-01 0.000000000000000000e+00 4.929801940917968750e+00
9.400000000000000000e+01 9.975697002685914860e-01 0.000000000000000000e+00 4.930390834808349609e+00
9.500000000000000000e+01 9.979040533483570785e-01 0.000000000000000000e+00 4.930665016174316406e+00
9.600000000000000000e+01 9.977845646571132932e-01 0.000000000000000000e+00 4.931800842285156250e+00
9.700000000000000000e+01 9.978161208203938370e-01 0.000000000000000000e+00 4.932489871978759766e+00
9.800000000000000000e+01 9.982678530852834298e-01 0.000000000000000000e+00 4.933629035949707031e+00
9.900000000000000000e+01 9.978399249618019606e-01 0.000000000000000000e+00 4.934440612792968750e+00
1.000000000000000000e+02 9.981498241367866564e-01 0.000000000000000000e+00 4.935523986816406250e+00
1.010000000000000000e+02 9.987208701167352709e-01 0.000000000000000000e+00 4.935585021972656250e+00
1.020000000000000000e+02 9.984602628803950219e-01 0.000000000000000000e+00 4.935672283172607422e+00
1.030000000000000000e+02 9.988761563335032401e-01 0.000000000000000000e+00 4.936072826385498047e+00
1.040000000000000000e+02 9.985403129582317572e-01 0.000000000000000000e+00 4.936438560485839844e+00
1.050000000000000000e+02 9.988870583088087507e-01 0.000000000000000000e+00 4.936313152313232422e+00
1.060000000000000000e+02 9.986831181472208829e-01 0.000000000000000000e+00 4.937199115753173828e+00
1.070000000000000000e+02 9.989433416490696160e-01 0.000000000000000000e+00 4.937050342559814453e+00
1.080000000000000000e+02 9.989667672398310216e-01 0.000000000000000000e+00 4.937493801116943359e+00
1.090000000000000000e+02 9.987785218731399794e-01 0.000000000000000000e+00 4.937804222106933594e+00
1.100000000000000000e+02 9.987374538649878009e-01 0.000000000000000000e+00 4.938476562500000000e+00
1.110000000000000000e+02 9.989753351533826597e-01 0.000000000000000000e+00 4.938680648803710938e+00
1.120000000000000000e+02 9.988688211285433605e-01 0.000000000000000000e+00 4.939212322235107422e+00
1.130000000000000000e+02 9.991151935870312695e-01 0.000000000000000000e+00 4.938973903656005859e+00
1.140000000000000000e+02 9.991956769464741539e-01 0.000000000000000000e+00 4.939097881317138672e+00
1.150000000000000000e+02 9.988209614074184950e-01 0.000000000000000000e+00 4.938766956329345703e+00
1.160000000000000000e+02 9.986887638174123394e-01 0.000000000000000000e+00 4.939019680023193359e+00
1.170000000000000000e+02 9.991859170075481078e-01 0.000000000000000000e+00 4.938649177551269531e+00
1.180000000000000000e+02 9.990435509977563244e-01 0.000000000000000000e+00 4.938879013061523438e+00
1.190000000000000000e+02 9.991556140428033972e-01 0.000000000000000000e+00 4.939175128936767578e+00
1.200000000000000000e+02 9.992920413353565401e-01 0.000000000000000000e+00 4.939422130584716797e+00
1.210000000000000000e+02 9.992012818805975360e-01 0.000000000000000000e+00 4.940200805664062500e+00
1.220000000000000000e+02 9.989437159617193807e-01 0.000000000000000000e+00 4.941212177276611328e+00
1.230000000000000000e+02 9.990787353296844975e-01 0.000000000000000000e+00 4.942170143127441406e+00
1.240000000000000000e+02 9.989498099090242667e-01 0.000000000000000000e+00 4.941359043121337891e+00
1.250000000000000000e+02 9.989469635559162786e-01 0.000000000000000000e+00 4.941729545593261719e+00
1.260000000000000000e+02 9.988028457497434287e-01 0.000000000000000000e+00 4.942067623138427734e+00
1.270000000000000000e+02 9.988685904123466575e-01 0.000000000000000000e+00 4.942714691162109375e+00
1.280000000000000000e+02 9.989186255208675203e-01 0.000000000000000000e+00 4.942639350891113281e+00
1.290000000000000000e+02 9.991358992435012132e-01 0.000000000000000000e+00 4.943819046020507812e+00
1.300000000000000000e+02 9.989836139691903316e-01 0.000000000000000000e+00 4.942853450775146484e+00
1.310000000000000000e+02 9.990689005350229523e-01 0.000000000000000000e+00 4.944252967834472656e+00
1.320000000000000000e+02 9.989614836805006393e-01 0.000000000000000000e+00 4.944911956787109375e+00
1.330000000000000000e+02 9.991486373078176664e-01 0.000000000000000000e+00 4.945536613464355469e+00
1.340000000000000000e+02 9.991241254476895817e-01 0.000000000000000000e+00 4.945336818695068359e+00
1.350000000000000000e+02 9.989247581570974699e-01 0.000000000000000000e+00 4.945493221282958984e+00
1.360000000000000000e+02 9.989376494314485821e-01 0.000000000000000000e+00 4.945736408233642578e+00
1.370000000000000000e+02 9.988934199081137555e-01 0.000000000000000000e+00 4.945519924163818359e+00
1.380000000000000000e+02 9.990482734791370500e-01 0.000000000000000000e+00 4.946313858032226562e+00
1.390000000000000000e+02 9.989087529569657953e-01 0.000000000000000000e+00 4.946531295776367188e+00
1.400000000000000000e+02 9.988998008144883700e-01 0.000000000000000000e+00 4.946908473968505859e+00
1.410000000000000000e+02 9.988896964653337651e-01 0.000000000000000000e+00 4.946992874145507812e+00
1.420000000000000000e+02 9.991065845742760354e-01 0.000000000000000000e+00 4.947082996368408203e+00
1.430000000000000000e+02 9.987895181792492139e-01 0.000000000000000000e+00 4.947730541229248047e+00
1.440000000000000000e+02 9.989105707513028509e-01 0.000000000000000000e+00 4.946846008300781250e+00
1.450000000000000000e+02 9.988707921529574874e-01 0.000000000000000000e+00 4.946473598480224609e+00
1.460000000000000000e+02 9.988340012513063915e-01 0.000000000000000000e+00 4.946590900421142578e+00
1.470000000000000000e+02 9.989362259631816565e-01 0.000000000000000000e+00 4.946111679077148438e+00
1.480000000000000000e+02 9.992731614672406559e-01 0.000000000000000000e+00 4.946836948394775391e+00
1.490000000000000000e+02 9.990296249456681599e-01 0.000000000000000000e+00 4.947275161743164062e+00
1.500000000000000000e+02 9.990519606636456551e-01 0.000000000000000000e+00 4.947991371154785156e+00
1.510000000000000000e+02 9.991279275441150576e-01 0.000000000000000000e+00 4.947793006896972656e+00
1.520000000000000000e+02 9.991467431673969335e-01 0.000000000000000000e+00 4.947828292846679688e+00
1.530000000000000000e+02 9.989433347241073458e-01 0.000000000000000000e+00 4.948012828826904297e+00
1.540000000000000000e+02 9.990652689039032364e-01 0.000000000000000000e+00 4.948142051696777344e+00
1.550000000000000000e+02 9.992261395573933669e-01 0.000000000000000000e+00 4.948103904724121094e+00
1.560000000000000000e+02 9.994608781730974778e-01 0.000000000000000000e+00 4.948026180267333984e+00
1.570000000000000000e+02 9.992172345859451354e-01 0.000000000000000000e+00 4.947646141052246094e+00
1.580000000000000000e+02 9.991568000696615659e-01 0.000000000000000000e+00 4.947071075439453125e+00
1.590000000000000000e+02 9.990782607402407534e-01 0.000000000000000000e+00 4.947424888610839844e+00
1.600000000000000000e+02 9.992288436851332056e-01 0.000000000000000000e+00 4.946953296661376953e+00
1.610000000000000000e+02 9.991151830941780165e-01 0.000000000000000000e+00 4.946457862854003906e+00
1.620000000000000000e+02 9.988818384594028155e-01 0.000000000000000000e+00 4.946967124938964844e+00
1.630000000000000000e+02 9.992314002926975247e-01 0.000000000000000000e+00 4.947810649871826172e+00
1.640000000000000000e+02 9.993709440030936753e-01 0.000000000000000000e+00 4.947722434997558594e+00
1.650000000000000000e+02 9.990807241276352668e-01 0.000000000000000000e+00 4.948814392089843750e+00
1.660000000000000000e+02 9.993462749218765540e-01 0.000000000000000000e+00 4.949110507965087891e+00
1.670000000000000000e+02 9.991594764399392981e-01 0.000000000000000000e+00 4.949694156646728516e+00
1.680000000000000000e+02 9.991423846919847973e-01 0.000000000000000000e+00 4.949161052703857422e+00
1.690000000000000000e+02 9.990697187863092354e-01 0.000000000000000000e+00 4.949117660522460938e+00
1.700000000000000000e+02 9.993852070031579160e-01 0.000000000000000000e+00 4.948397159576416016e+00
1.710000000000000000e+02 9.991190406874989050e-01 0.000000000000000000e+00 4.948832511901855469e+00
1.720000000000000000e+02 9.991956925726481753e-01 0.000000000000000000e+00 4.949050903320312500e+00
1.730000000000000000e+02 9.994985142571782832e-01 0.000000000000000000e+00 4.949369907379150391e+00
1.740000000000000000e+02 9.994099694365073949e-01 0.000000000000000000e+00 4.950250625610351562e+00
1.750000000000000000e+02 9.993704328351034061e-01 0.000000000000000000e+00 4.950966358184814453e+00
1.760000000000000000e+02 9.993511114450769339e-01 0.000000000000000000e+00 4.950294971466064453e+00
1.770000000000000000e+02 9.994650731412839662e-01 0.000000000000000000e+00 4.950320720672607422e+00
1.780000000000000000e+02 9.994046694283336141e-01 0.000000000000000000e+00 4.949550151824951172e+00
1.790000000000000000e+02 9.993660759268888638e-01 0.000000000000000000e+00 4.948591709136962891e+00
1.800000000000000000e+02 9.996522046421597585e-01 0.000000000000000000e+00 4.947622776031494141e+00
1.810000000000000000e+02 9.994286901787149402e-01 0.000000000000000000e+00 4.947836875915527344e+00
1.820000000000000000e+02 9.994443290488973508e-01 0.000000000000000000e+00 4.948296546936035156e+00
1.830000000000000000e+02 9.994618577845318930e-01 0.000000000000000000e+00 4.948354721069335938e+00
1.840000000000000000e+02 9.992216459785476790e-01 0.000000000000000000e+00 4.948240280151367188e+00
1.850000000000000000e+02 9.992926053693381716e-01 0.000000000000000000e+00 4.948318481445312500e+00
1.860000000000000000e+02 9.993548909595540986e-01 0.000000000000000000e+00 4.947161197662353516e+00
1.870000000000000000e+02 9.992860504618035211e-01 0.000000000000000000e+00 4.946692943572998047e+00
1.880000000000000000e+02 9.991596096700838814e-01 0.000000000000000000e+00 4.946817398071289062e+00
1.890000000000000000e+02 9.989929240572612557e-01 0.000000000000000000e+00 4.946690082550048828e+00
1.900000000000000000e+02 9.992936559148631881e-01 0.000000000000000000e+00 4.947512626647949219e+00
1.910000000000000000e+02 9.993806058271850201e-01 0.000000000000000000e+00 4.947254657745361328e+00
1.920000000000000000e+02 9.991542918137236162e-01 0.000000000000000000e+00 4.947372436523437500e+00
1.930000000000000000e+02 9.991210456366533821e-01 0.000000000000000000e+00 4.947759151458740234e+00
1.940000000000000000e+02 9.993167230845056981e-01 0.000000000000000000e+00 4.947055816650390625e+00
1.950000000000000000e+02 9.993408502437974850e-01 0.000000000000000000e+00 4.947073936462402344e+00
1.960000000000000000e+02 9.990411811073185433e-01 0.000000000000000000e+00 4.947179317474365234e+00
1.970000000000000000e+02 9.991078789977121399e-01 0.000000000000000000e+00 4.946753978729248047e+00
1.980000000000000000e+02 9.990982802551767739e-01 0.000000000000000000e+00 4.946183204650878906e+00
1.990000000000000000e+02 9.990325218956890296e-01 0.000000000000000000e+00 4.945741653442382812e+00
2.000000000000000000e+02 9.986515536877261789e-01 8.891408448239861151e-02 3.016729593276977539e+00
2.010000000000000000e+02 9.983353324756369940e-01 1.169509084134923299e-01 3.167772531509399414e+00
2.020000000000000000e+02 9.967814284995453189e-01 1.492769662524393581e-01 3.300002098083496094e+00
2.030000000000000000e+02 9.924302435642845532e-01 1.916364114338319768e-01 3.418258428573608398e+00
2.040000000000000000e+02 9.860492680096668572e-01 2.319902352028102022e-01 3.524366378784179688e+00
2.050000000000000000e+02 9.727835389963941370e-01 2.755111436954241766e-01 3.618546485900878906e+00
2.060000000000000000e+02 9.553401848753180214e-01 3.173468410903508841e-01 3.704319000244140625e+00
2.070000000000000000e+02 9.354878863558881985e-01 3.544218627713272007e-01 3.783098936080932617e+00
2.080000000000000000e+02 9.108443226642600754e-01 3.916158704246121003e-01 3.853864431381225586e+00
2.090000000000000000e+02 8.865271052278803632e-01 4.253301851628482066e-01 3.918369531631469727e+00
2.100000000000000000e+02 8.596875147987010912e-01 4.585769355286717364e-01 3.977664947509765625e+00
2.110000000000000000e+02 8.325073580815198770e-01 4.925249132714729083e-01 4.031738758087158203e+00
2.120000000000000000e+02 8.054245999670931466e-01 5.176324957612287170e-01 4.083111286163330078e+00
2.130000000000000000e+02 7.771646674688609258e-01 5.471495573617776165e-01 4.129603862762451172e+00
2.140000000000000000e+02 7.508743886747548668e-01 5.699245034093756157e-01 4.173771381378173828e+00
2.150000000000000000e+02 7.283687941357929185e-01 5.985836518683332885e-01 4.215306758880615234e+00
2.160000000000000000e+02 7.006044801739108596e-01 6.200487327847983288e-01 4.252757072448730469e+00
2.170000000000000000e+02 6.768769563554486446e-01 6.399749553573019778e-01 4.289075374603271484e+00
2.180000000000000000e+02 6.522058508775603336e-01 6.614560460092628880e-01 4.322820186614990234e+00
2.190000000000000000e+02 6.311926883693410595e-01 6.802588708205964396e-01 4.355721473693847656e+00
2.200000000000000000e+02 6.065514516122664235e-01 6.960591449233886063e-01 4.385299205780029297e+00
2.210000000000000000e+02 5.871869515268879347e-01 7.146740146240624370e-01 4.414451122283935547e+00
2.220000000000000000e+02 5.664651614009004188e-01 7.317053266250949095e-01 4.441709041595458984e+00
2.230000000000000000e+02 5.478021560735357731e-01 7.486782455789268154e-01 4.468479633331298828e+00
2.240000000000000000e+02 5.284377743595145560e-01 7.622864854779050070e-01 4.493276596069335938e+00
2.250000000000000000e+02 5.098528127788778397e-01 7.786306199050065935e-01 4.517138481140136719e+00
2.260000000000000000e+02 4.943392928715517054e-01 7.922853586788771718e-01 4.540297031402587891e+00
2.270000000000000000e+02 4.761699042419152983e-01 8.048300255322734520e-01 4.561491012573242188e+00
2.280000000000000000e+02 4.571251228938154054e-01 8.189604031921363658e-01 4.582620143890380859e+00
2.290000000000000000e+02 4.476651289481571871e-01 8.325582838962214405e-01 4.602695465087890625e+00
2.300000000000000000e+02 4.315716053851395007e-01 8.431303304198771720e-01 4.622364997863769531e+00
2.310000000000000000e+02 4.153069005730573027e-01 8.515181767611937902e-01 4.640359401702880859e+00
2.320000000000000000e+02 4.067049251196109272e-01 8.619049131340723591e-01 4.657894611358642578e+00
2.330000000000000000e+02 3.939693534873956460e-01 8.705595388186122552e-01 4.674593925476074219e+00
2.340000000000000000e+02 3.788212395479829131e-01 8.806215645182668972e-01 4.690222263336181641e+00
2.350000000000000000e+02 3.702988511743731115e-01 8.912773520354881907e-01 4.704838275909423828e+00
2.360000000000000000e+02 3.587614002857354434e-01 8.977140718001273001e-01 4.719179630279541016e+00
2.370000000000000000e+02 3.472409854179138167e-01 9.053566586375670910e-01 4.731886386871337891e+00
2.380000000000000000e+02 3.351366350866125110e-01 9.127361808192450132e-01 4.744452953338623047e+00
2.390000000000000000e+02 3.278636888839902008e-01 9.170344566082631044e-01 4.756669044494628906e+00
2.400000000000000000e+02 3.192519175366140827e-01 9.234862970846523522e-01 4.768110275268554688e+00
2.410000000000000000e+02 3.097549580946250547e-01 9.295935987537303768e-01 4.779852867126464844e+00
2.420000000000000000e+02 3.023001943105035338e-01 9.350100883207166369e-01 4.790598392486572266e+00
2.430000000000000000e+02 2.914959753907130358e-01 9.388468866767624155e-01 4.800878524780273438e+00
2.440000000000000000e+02 2.886753865083189763e-01 9.436819869180825826e-01 4.810200214385986328e+00
2.450000000000000000e+02 2.805282261804309396e-01 9.463636810204932859e-01 4.819351196289062500e+00
2.460000000000000000e+02 2.723834982106164149e-01 9.521135736454269249e-01 4.827756404876708984e+00
2.470000000000000000e+02 2.644584626224291135e-01 9.558924278652979334e-01 4.835225582122802734e+00
2.480000000000000000e+02 2.561073520760575595e-01 9.590467855840849598e-01 4.843001365661621094e+00
2.490000000000000000e+02 2.538372064191168898e-01 9.611591815622684276e-01 4.850170135498046875e+00
2.500000000000000000e+02 2.444911306109669169e-01 9.627560188487760406e-01 4.856946945190429688e+00
2.510000000000000000e+02 2.413135095025609189e-01 9.649060035867766949e-01 4.863546371459960938e+00
2.520000000000000000e+02 2.322817910353945914e-01 9.685050962559068610e-01 4.869224548339843750e+00
2.530000000000000000e+02 2.285872362760356657e-01 9.699783737881122470e-01 4.875403404235839844e+00
2.540000000000000000e+02 2.227725544648707645e-01 9.722811762352958631e-01 4.881156921386718750e+00
2.550000000000000000e+02 2.168031880735147854e-01 9.745880725821652879e-01 4.886864185333251953e+00
2.560000000000000000e+02 2.112702458237014080e-01 9.772971273299575490e-01 4.891396522521972656e+00
2.570000000000000000e+02 2.095694825240295711e-01 9.786680164225501910e-01 4.895861625671386719e+00
2.580000000000000000e+02 2.056822257540797672e-01 9.792755266793981006e-01 4.901303768157958984e+00
2.590000000000000000e+02 1.993008607431770718e-01 9.812026584631714510e-01 4.906039714813232422e+00
2.600000000000000000e+02 1.955471814742365533e-01 9.822491948240382742e-01 4.910171508789062500e+00
2.610000000000000000e+02 1.921045319566378473e-01 9.833600119381883387e-01 4.914758205413818359e+00
2.620000000000000000e+02 1.874667834601055905e-01 9.841104603022640118e-01 4.918508052825927734e+00
2.630000000000000000e+02 1.845742535925954941e-01 9.846080802691933309e-01 4.922260284423828125e+00
2.640000000000000000e+02 1.812694965948803139e-01 9.858145297894936876e-01 4.925485134124755859e+00
2.650000000000000000e+02 1.762925307483853565e-01 9.867384331702329092e-01 4.929311275482177734e+00
2.660000000000000000e+02 1.705112989296071746e-01 9.872053439093260163e-01 4.932897567749023438e+00
2.670000000000000000e+02 1.690917744848744464e-01 9.886461201414470379e-01 4.935921192169189453e+00
2.680000000000000000e+02 1.698690660834319688e-01 9.901338538157401503e-01 4.939318656921386719e+00
2.690000000000000000e+02 1.651011036174463709e-01 9.899369360062990619e-01 4.942006111145019531e+00
2.700000000000000000e+02 1.590493442971720461e-01 9.913137812269925409e-01 4.944182395935058594e+00
2.710000000000000000e+02 1.576910531487207556e-01 9.913094279653247298e-01 4.946281909942626953e+00
2.720000000000000000e+02 1.522877548474630693e-01 9.918764835420391668e-01 4.948654174804687500e+00
2.730000000000000000e+02 1.496262291240011977e-01 9.915114415497433553e-01 4.950174331665039062e+00
2.740000000000000000e+02 1.452467558956123672e-01 9.924473795728506742e-01 4.953450202941894531e+00
2.750000000000000000e+02 1.455862016892973121e-01 9.930631998056136389e-01 4.955462932586669922e+00
2.760000000000000000e+02 1.421557156756022844e-01 9.937613679069032813e-01 4.957366466522216797e+00
2.770000000000000000e+02 1.402131866513919856e-01 9.937361088995743108e-01 4.959200382232666016e+00
2.780000000000000000e+02 1.362687330739802694e-01 9.946567037575584358e-01 4.960662841796875000e+00
2.790000000000000000e+02 1.357649295159292224e-01 9.949864691074230549e-01 4.962396621704101562e+00
2.800000000000000000e+02 1.329993192414190561e-01 9.944808049552177343e-01 4.963289260864257812e+00
2.810000000000000000e+02 1.327897699894249606e-01 9.951769073122946896e-01 4.964691162109375000e+00
2.820000000000000000e+02 1.258971019816681469e-01 9.949604990315730202e-01 4.966824054718017578e+00
2.830000000000000000e+02 1.263051084040633654e-01 9.957283499498136292e-01 4.967413902282714844e+00
2.840000000000000000e+02 1.270111793928526966e-01 9.954596393928488718e-01 4.968454360961914062e+00
2.850000000000000000e+02 1.261264448019505657e-01 9.958785165752186419e-01 4.969438076019287109e+00
2.860000000000000000e+02 1.231267728266080275e-01 9.960848011247263045e-01 4.971088409423828125e+00
2.870000000000000000e+02 1.214123410833848477e-01 9.966280484610980928e-01 4.972403526306152344e+00
2.880000000000000000e+02 1.216880929611562495e-01 9.964387684704327786e-01 4.973188877105712891e+00
2.890000000000000000e+02 1.179503915233513778e-01 9.964181159303554525e-01 4.974083423614501953e+00
2.900000000000000000e+02 1.186323131787354879e-01 9.969886933641873838e-01 4.974105834960937500e+00
2.910000000000000000e+02 1.152934515394113263e-01 9.970079149195036905e-01 4.975069046020507812e+00
2.920000000000000000e+02 1.157024550648088068e-01 9.971997612652192533e-01 4.977178096771240234e+00
2.930000000000000000e+02 1.120150947754851023e-01 9.975144972819268707e-01 4.977769851684570312e+00
2.940000000000000000e+02 1.138003666838650618e-01 9.975577385270814057e-01 4.978710174560546875e+00
2.950000000000000000e+02 1.086604439408897366e-01 9.970262377651131214e-01 4.979093074798583984e+00
2.960000000000000000e+02 1.106370463132873433e-01 9.971054102541888620e-01 4.980004787445068359e+00
2.970000000000000000e+02 1.088122286503180602e-01 9.975374909085487074e-01 4.980373382568359375e+00
2.980000000000000000e+02 1.102631562510906493e-01 9.975775083435073354e-01 4.981409549713134766e+00
2.990000000000000000e+02 1.055907732459470116e-01 9.978059237610076293e-01 4.981811523437500000e+00
3.000000000000000000e+02 1.062534684305152938e-01 9.978531879157264139e-01 4.981705188751220703e+00
3.010000000000000000e+02 1.021921623344004826e-01 9.979650447959537152e-01 4.982751846313476562e+00
3.020000000000000000e+02 1.023679705998010031e-01 9.979665576314366016e-01 4.983491420745849609e+00
3.030000000000000000e+02 1.044538419598278478e-01 9.983747396705998645e-01 4.983401298522949219e+00
3.040000000000000000e+02 1.019488977225898735e-01 9.981422908240775715e-01 4.984509944915771484e+00
3.050000000000000000e+02 9.919769930506108779e-02 9.980234796621120230e-01 4.984258651733398438e+00
3.060000000000000000e+02 9.818891664896270410e-02 9.983116069119171154e-01 4.985130310058593750e+00
3.070000000000000000e+02 9.936299792296290900e-02 9.983380421380094738e-01 4.985323429107666016e+00
3.080000000000000000e+02 9.797043286991616307e-02 9.984362222176781376e-01 4.984939098358154297e+00
3.090000000000000000e+02 9.893991350328264212e-02 9.984165478986268827e-01 4.985321998596191406e+00
3.100000000000000000e+02 9.465353695670673806e-02 9.984665107547083807e-01 4.985798835754394531e+00
3.110000000000000000e+02 9.410299423631053595e-02 9.984608243627256519e-01 4.986204624176025391e+00
3.120000000000000000e+02 9.791765336207609860e-02 9.983726814424910279e-01 4.986876487731933594e+00
3.130000000000000000e+02 9.280594215669057956e-02 9.982720424148480154e-01 4.988246440887451172e+00
3.140000000000000000e+02 9.496627807883603611e-02 9.987272983157862161e-01 4.988535881042480469e+00
3.150000000000000000e+02 9.367549419162242430e-02 9.986182106272206704e-01 4.988928794860839844e+00
3.160000000000000000e+02 9.343636403374731836e-02 9.988532575619252230e-01 4.989600181579589844e+00
3.170000000000000000e+02 9.075577207687995918e-02 9.985383744335734058e-01 4.989436626434326172e+00
3.180000000000000000e+02 9.308228870680189393e-02 9.984152345345835844e-01 4.989316463470458984e+00
3.190000000000000000e+02 8.923705311933552431e-02 9.985853786555338729e-01 4.989564418792724609e+00
3.200000000000000000e+02 9.267677007492114427e-02 9.986445550593565645e-01 4.990182399749755859e+00
3.210000000000000000e+02 9.026648839849317485e-02 9.984762630322873145e-01 4.990980625152587891e+00
3.220000000000000000e+02 8.901401123780008917e-02 9.987338998442372162e-01 4.991219043731689453e+00
3.230000000000000000e+02 8.997529194646816664e-02 9.985371339875009911e-01 4.991418838500976562e+00
3.240000000000000000e+02 8.959689927655338504e-02 9.984770003293135243e-01 4.990952491760253906e+00
3.250000000000000000e+02 8.626166087043950215e-02 9.983719401446374819e-01 4.991340637207031250e+00
3.260000000000000000e+02 8.798726048968442959e-02 9.986520534208823685e-01 4.991068363189697266e+00
3.270000000000000000e+02 8.769664223959200422e-02 9.989197016125089812e-01 4.990582942962646484e+00
3.280000000000000000e+02 8.946932341329962013e-02 9.986378935796983436e-01 4.990518569946289062e+00
3.290000000000000000e+02 8.833015760920198689e-02 9.986634768518376504e-01 4.990477085113525391e+00
3.300000000000000000e+02 8.563356135891445065e-02 9.990593916584444845e-01 4.990720272064208984e+00
3.310000000000000000e+02 8.783808523907903065e-02 9.988809467258369379e-01 4.991089820861816406e+00
3.320000000000000000e+02 9.068954943919925460e-02 9.988460954895020949e-01 4.991527557373046875e+00
3.330000000000000000e+02 8.769032771625349942e-02 9.985649770680889992e-01 4.991506099700927734e+00
3.340000000000000000e+02 8.655435729740866557e-02 9.984879400683157602e-01 4.992264270782470703e+00
3.350000000000000000e+02 8.379425570961897274e-02 9.988482237256864904e-01 4.991862773895263672e+00
3.360000000000000000e+02 8.518423201593891547e-02 9.987717120125044756e-01 4.992483139038085938e+00
3.370000000000000000e+02 8.552696757542990746e-02 9.989837704518295114e-01 4.992071151733398438e+00
3.380000000000000000e+02 8.295144715707142291e-02 9.989589317137098634e-01 4.992015838623046875e+00
3.390000000000000000e+02 8.472457626441051715e-02 9.988889383542743916e-01 4.991344928741455078e+00
3.400000000000000000e+02 8.549197969762063753e-02 9.987929898116140182e-01 4.991878032684326172e+00
3.410000000000000000e+02 8.347555578146304001e-02 9.989863081006256085e-01 4.992316722869873047e+00
3.420000000000000000e+02 8.479162362332728908e-02 9.990516821503599987e-01 4.992893218994140625e+00
3.430000000000000000e+02 8.761389718995044040e-02 9.991831817397980320e-01 4.992956161499023438e+00
3.440000000000000000e+02 8.443836044251980255e-02 9.992210141365022169e-01 4.993020057678222656e+00
3.450000000000000000e+02 8.347346894621948676e-02 9.994553993589496699e-01 4.993589878082275391e+00
3.460000000000000000e+02 8.187640902522624886e-02 9.995533547038806255e-01 4.992877960205078125e+00
3.470000000000000000e+02 8.260010992297375787e-02 9.993872394070522081e-01 4.992037773132324219e+00
3.480000000000000000e+02 8.302407721233079352e-02 9.992280191418669855e-01 4.992006778717041016e+00
3.490000000000000000e+02 8.017969973915735349e-02 9.992606780120523169e-01 4.991343975067138672e+00
3.500000000000000000e+02 8.293851893719818291e-02 9.992580473571297528e-01 4.991590976715087891e+00
3.510000000000000000e+02 8.233744005152021650e-02 9.992563341802775945e-01 4.992409706115722656e+00
3.520000000000000000e+02 8.543529271820927973e-02 9.993108873825498062e-01 4.992183208465576172e+00
3.530000000000000000e+02 8.174883101518461148e-02 9.993122494622442842e-01 4.992055416107177734e+00
3.540000000000000000e+02 8.159815191641232868e-02 9.992285241665290751e-01 4.992130279541015625e+00
3.550000000000000000e+02 8.105906031410151091e-02 9.993374660255190944e-01 4.992414951324462891e+00
3.560000000000000000e+02 8.374365323941256045e-02 9.994939825792199528e-01 4.993410110473632812e+00
3.570000000000000000e+02 8.149763104794445490e-02 9.991170291037304585e-01 4.993508338928222656e+00
3.580000000000000000e+02 8.382035932802493761e-02 9.993648538165834649e-01 4.994214534759521484e+00
3.590000000000000000e+02 8.063299578774547893e-02 9.994683099342998034e-01 4.994647979736328125e+00
3.600000000000000000e+02 8.189659117912818920e-02 9.990933119885079261e-01 4.994821071624755859e+00
3.610000000000000000e+02 8.357294826759989470e-02 9.993860725555151481e-01 4.994647026062011719e+00
3.620000000000000000e+02 7.972539111147082525e-02 9.994151405979261327e-01 4.994793415069580078e+00
3.630000000000000000e+02 7.972881868860280663e-02 9.995916012070009682e-01 4.994670867919921875e+00
3.640000000000000000e+02 8.027352172395295360e-02 9.992852332019340755e-01 4.994448184967041016e+00
3.650000000000000000e+02 8.009888009468509040e-02 9.997674603315809261e-01 4.994103908538818359e+00
3.660000000000000000e+02 8.258991126245240899e-02 9.994483287884902145e-01 4.995348453521728516e+00
3.670000000000000000e+02 8.361480660671924414e-02 9.993564122655380633e-01 4.994923591613769531e+00
3.680000000000000000e+02 7.905768990625622328e-02 9.992592253451718642e-01 4.994453430175781250e+00
3.690000000000000000e+02 7.949707227208042959e-02 9.993968399049132367e-01 4.994174957275390625e+00
3.700000000000000000e+02 8.237021732792210171e-02 9.993759672085457124e-01 4.995069980621337891e+00
3.710000000000000000e+02 7.970451743864581662e-02 9.996684759034635270e-01 4.994842529296875000e+00
3.720000000000000000e+02 8.040193814347348922e-02 9.994756906415316333e-01 4.994336605072021484e+00
3.730000000000000000e+02 8.083256620264414605e-02 9.996323880080929536e-01 4.994542598724365234e+00
3.740000000000000000e+02 7.967141038230092509e-02 9.993183856177871860e-01 4.994877815246582031e+00
3.750000000000000000e+02 8.192233841844295816e-02 9.993719289345960322e-01 4.995937824249267578e+00
3.760000000000000000e+02 7.844289595935505233e-02 9.993894678816320765e-01 4.996157169342041016e+00
3.770000000000000000e+02 8.096696589140768563e-02 9.994227118887776262e-01 4.996507644653320312e+00
3.780000000000000000e+02 7.890642114389846695e-02 9.993761864938004447e-01 4.995698928833007812e+00
3.790000000000000000e+02 8.192393770277685283e-02 9.994509683913822551e-01 4.996245384216308594e+00
3.800000000000000000e+02 7.912623186162758004e-02 9.994330476585913114e-01 4.996599197387695312e+00
3.810000000000000000e+02 8.037226510174688698e-02 9.994839967513186041e-01 4.996201515197753906e+00
3.820000000000000000e+02 8.225767828644812985e-02 9.992517549816687383e-01 4.996623992919921875e+00
3.830000000000000000e+02 8.114790215263023576e-02 9.993491392577675825e-01 4.996383190155029297e+00
3.840000000000000000e+02 8.409319699684768279e-02 9.994188920433917378e-01 4.996486186981201172e+00
3.850000000000000000e+02 8.171907348789560210e-02 9.994772207139462905e-01 4.996326446533203125e+00
3.860000000000000000e+02 7.905475783931568967e-02 9.994038126042937842e-01 4.996520519256591797e+00
3.870000000000000000e+02 7.707652239603131339e-02 9.996163459367102266e-01 4.996209621429443359e+00
3.880000000000000000e+02 8.049124891064746157e-02 9.992074940237014591e-01 4.995910167694091797e+00
3.890000000000000000e+02 8.198023561508960277e-02 9.993014993054804007e-01 4.995773792266845703e+00
3.900000000000000000e+02 8.187380845371569627e-02 9.993896370684083319e-01 4.996225833892822266e+00
3.910000000000000000e+02 7.898112973333955289e-02 9.995127208571521482e-01 4.996316909790039062e+00
3.920000000000000000e+02 8.207416105776747794e-02 9.993379476491605073e-01 4.996775627136230469e+00
3.930000000000000000e+02 8.024559764277607032e-02 9.994781964411542097e-01 4.996654033660888672e+00
3.940000000000000000e+02 8.178779047628041698e-02 9.993205417599347884e-01 4.996366024017333984e+00
3.950000000000000000e+02 7.992751763968014567e-02 9.993238447091677967e-01 4.996478080749511719e+00
3.960000000000000000e+02 7.728132479040102087e-02 9.992211668946534564e-01 4.996958255767822266e+00
3.970000000000000000e+02 7.624156701435856609e-02 9.994962827414954898e-01 4.996683120727539062e+00
3.980000000000000000e+02 7.930692909057301954e-02 9.996604661443740936e-01 4.997640609741210938e+00
