0.000000000000000000e+00 1.332028147491325643e-01 0.000000000000000000e+00 2.385611057281494141e+00
1.000000000000000000e+00 1.793704771078086790e-01 0.000000000000000000e+00 2.533775091171264648e+00
2.000000000000000000e+00 2.335644559330275205e-01 0.000000000000000000e+00 2.660142421722412109e+00
3.000000000000000000e+00 2.888841228926329330e-01 0.000000000000000000e+00 2.769069433212280273e+00
4.000000000000000000e+00 3.406813981776717903e-01 0.000000000000000000e+00 2.863782882690429688e+00
5.000000000000000000e+00 3.952206034212062957e-01 0.000000000000000000e+00 2.947885513305664062e+00
6.000000000000000000e+00 4.447162676051325536e-01 0.000000000000000000e+00 3.022397518157958984e+00
7.000000000000000000e+00 4.909090363604481366e-01 0.000000000000000000e+00 3.088900089263916016e+00
8.000000000000000000e+00 5.286649283309265979e-01 0.000000000000000000e+00 3.148819923400878906e+00
9.000000000000000000e+00 5.671635720130300262e-01 0.000000000000000000e+00 3.202333927154541016e+00
1.000000000000000000e+01 6.026165547671109568e-01 0.000000000000000000e+00 3.252291917800903320e+00
1.100000000000000000e+01 6.346304830559782451e-01 0.000000000000000000e+00 3.297201395034790039e+00
1.200000000000000000e+01 6.639106788090306521e-01 0.000000000000000000e+00 3.337605476379394531e+00
1.300000000000000000e+01 6.917709013888987402e-01 0.000000000000000000e+00 3.376193523406982422e+00
1.400000000000000000e+01 7.154739478179841239e-01 0.000000000000000000e+00 3.410859584808349609e+00
1.500000000000000000e+01 7.393772870603163572e-01 0.000000000000000000e+00 3.443476915359497070e+00
1.600000000000000000e+01 7.596387819197882862e-01 0.000000000000000000e+00 3.474080562591552734e+00
1.700000000000000000e+01 7.828416337616656007e-01 0.000000000000000000e+00 3.502598047256469727e+00
1.800000000000000000e+01 8.024780676777887312e-01 0.000000000000000000e+00 3.529318571090698242e+00
1.900000000000000000e+01 8.190115868479670436e-01 0.000000000000000000e+00 3.553360939025878906e+00
2.000000000000000000e+01 8.364990281149844442e-01 0.000000000000000000e+00 3.577024936676025391e+00
2.100000000000000000e+01 8.474090944011266613e-01 0.000000000000000000e+00 3.599409580230712891e+00
2.200000000000000000e+01 8.628391984924081992e-01 0.000000000000000000e+00 3.620193004608154297e+00
2.300000000000000000e+01 8.762502763635935388e-01 0.000000000000000000e+00 3.639411449432373047e+00
2.400000000000000000e+01 8.863301495356689097e-01 0.000000000000000000e+00 3.657660484313964844e+00
2.500000000000000000e+01 8.969957871895257728e-01 0.000000000000000000e+00 3.675281524658203125e+00
2.600000000000000000e+01 9.074441010143493580e-01 0.000000000000000000e+00 3.691593885421752930e+00
2.700000000000000000e+01 9.176702636330231755e-01 0.000000000000000000e+00 3.707173585891723633e+00
2.800000000000000000e+01 9.256097231459030628e-01 0.000000000000000000e+00 3.721781015396118164e+00
2.900000000000000000e+01 9.330508538594510792e-01 0.000000000000000000e+00 3.734608411788940430e+00
3.000000000000000000e+01 9.387347271060808573e-01 0.000000000000000000e+00 3.747123479843139648e+00
3.100000000000000000e+01 9.469166476618312567e-01 0.000000000000000000e+00 3.759443044662475586e+00
3.200000000000000000e+01 9.532216978901166815e-01 0.000000000000000000e+00 3.770810604095458984e+00
3.300000000000000000e+01 9.549641804719986027e-01 0.000000000000000000e+00 3.781567096710205078e+00
3.400000000000000000e+01 9.611187003365189163e-01 0.000000000000000000e+00 3.791773080825805664e+00
3.500000000000000000e+01 9.668841701523352983e-01 0.000000000000000000e+00 3.800924539566040039e+00
3.600000000000000000e+01 9.675005741646235391e-01 0.000000000000000000e+00 3.809846401214599609e+00
3.700000000000000000e+01 9.714907731551609693e-01 0.000000000000000000e+00 3.818620443344116211e+00
3.800000000000000000e+01 9.738448580311144243e-01 0.000000000000000000e+00 3.826524019241333008e+00
3.900000000000000000e+01 9.774413143693355677e-01 0.000000000000000000e+00 3.833421468734741211e+00
4.000000000000000000e+01 9.794380432629314903e-01 0.000000000000000000e+00 3.839500427246093750e+00
4.100000000000000000e+01 9.819424650718107106e-01 0.000000000000000000e+00 3.845756053924560547e+00
4.200000000000000000e+01 9.846485200526357007e-01 0.000000000000000000e+00 3.851107597351074219e+00
4.300000000000000000e+01 9.862200678287871281e-01 0.000000000000000000e+00 3.856690406799316406e+00
4.400000000000000000e+01 9.875294691720608586e-01 0.000000000000000000e+00 3.862380981445312500e+00
4.500000000000000000e+01 9.884717048245905691e-01 0.000000000000000000e+00 3.867618560791015625e+00
4.600000000000000000e+01 9.904262081980611532e-01 0.000000000000000000e+00 3.871966600418090820e+00
4.700000000000000000e+01 9.918958463356286614e-01 0.000000000000000000e+00 3.876122474670410156e+00
4.800000000000000000e+01 9.924383513746033447e-01 0.000000000000000000e+00 3.880321979522705078e+00
4.900000000000000000e+01 9.935288449106500774e-01 0.000000000000000000e+00 3.884672880172729492e+00
5.000000000000000000e+01 9.932691116586797042e-01 0.000000000000000000e+00 3.888483524322509766e+00
5.100000000000000000e+01 9.948896424449814591e-01 0.000000000000000000e+00 3.892244100570678711e+00
5.200000000000000000e+01 9.942404880966744241e-01 0.000000000000000000e+00 3.896007537841796875e+00
5.300000000000000000e+01 9.955914074209513132e-01 0.000000000000000000e+00 3.899023532867431641e+00
5.400000000000000000e+01 9.956143347775258112e-01 0.000000000000000000e+00 3.902292013168334961e+00
5.500000000000000000e+01 9.960205409635667362e-01 0.000000000000000000e+00 3.904850482940673828e+00
5.600000000000000000e+01 9.964946683682324169e-01 0.000000000000000000e+00 3.906961441040039062e+00
5.700000000000000000e+01 9.972439193736338803e-01 0.000000000000000000e+00 3.909157037734985352e+00
5.800000000000000000e+01 9.971503566821733333e-01 0.000000000000000000e+00 3.911813974380493164e+00
5.900000000000000000e+01 9.978259056802140092e-01 0.000000000000000000e+00 3.914119958877563477e+00
6.000000000000000000e+01 9.983906168020817429e-01 0.000000000000000000e+00 3.915590524673461914e+00
6.100000000000000000e+01 9.982437092991397476e-01 0.000000000000000000e+00 3.917715549468994141e+00
6.200000000000000000e+01 9.982573507466135920e-01 0.000000000000000000e+00 3.919072389602661133e+00
6.300000000000000000e+01 9.983573145256753323e-01 0.000000000000000000e+00 3.920053958892822266e+00
6.400000000000000000e+01 9.987019934345132688e-01 0.000000000000000000e+00 3.922444105148315430e+00
6.500000000000000000e+01 9.990166303446955665e-01 0.000000000000000000e+00 3.923748970031738281e+00
6.600000000000000000e+01 9.990662683466644545e-01 0.000000000000000000e+00 3.925170898437500000e+00
6.700000000000000000e+01 9.990762630869769456e-01 0.000000000000000000e+00 3.925981044769287109e+00
6.800000000000000000e+01 9.988809946924913641e-01 0.000000000000000000e+00 3.927038431167602539e+00
6.900000000000000000e+01 9.992065212886995784e-01 0.000000000000000000e+00 3.928212404251098633e+00
7.000000000000000000e+01 9.992376588477435151e-01 0.000000000000000000e+00 3.928907871246337891e+00
7.100000000000000000e+01 9.991834706362779928e-01 0.000000000000000000e+00 3.929280996322631836e+00
7.200000000000000000e+01 9.992899338913125984e-01 0.000000000000000000e+00 3.930881023406982422e+00
7.300000000000000000e+01 9.991684711882929948e-01 0.000000000000000000e+00 3.932024478912353516e+00
7.400000000000000000e+01 9.992551799421383052e-01 0.000000000000000000e+00 3.932124376296997070e+00
7.500000000000000000e+01 9.994658328518293278e-01 0.000000000000000000e+00 3.932610034942626953e+00
7.600000000000000000e+01 9.994582067328214858e-01 0.000000000000000000e+00 3.933938503265380859e+00
7.700000000000000000e+01 9.993678322524658375e-01 0.000000000000000000e+00 3.934781074523925781e+00
7.800000000000000000e+01 9.994166004214470878e-01 0.000000000000000000e+00 3.935440063476562500e+00
7.900000000000000000e+01 9.993243555943136514e-01 0.000000000000000000e+00 3.935399055480957031e+00
8.000000000000000000e+01 9.995268315575357443e-01 0.000000000000000000e+00 3.935935020446777344e+00
8.100000000000000000e+01 9.993148486544582987e-01 0.000000000000000000e+00 3.936761379241943359e+00
8.200000000000000000e+01 9.994970877788270647e-01 0.000000000000000000e+00 3.936656951904296875e+00
8.300000000000000000e+01 9.996439913551156131e-01 0.000000000000000000e+00 3.937082052230834961e+00
8.400000000000000000e+01 9.993642490850763727e-01 0.000000000000000000e+00 3.937447547912597656e+00
8.500000000000000000e+01 9.996510348178636596e-01 0.000000000000000000e+00 3.938109397888183594e+00
8.600000000000000000e+01 9.994346962134550427e-01 0.000000000000000000e+00 3.939024925231933594e+00
8.700000000000000000e+01 9.994258383696107417e-01 0.000000000000000000e+00 3.939147472381591797e+00
8.800000000000000000e+01 9.994006025863740872e-01 0.000000000000000000e+00 3.939331531524658203e+00
8.900000000000000000e+01 9.995504589276811291e-01 0.000000000000000000e+00 3.939244508743286133e+00
9.000000000000000000e+01 9.994702954452544530e-01 0.000000000000000000e+00 3.939680576324462891e+00
9.100000000000000000e+01 9.995653285487058337e-01 0.000000000000000000e+00 3.940119981765747070e+00
9.200000000000000000e+01 9.996388360858109445e-01 0.000000000000000000e+00 3.940185070037841797e+00
9.300000000000000000e+01 9.997111117111452394e-01 0.000000000000000000e+00 3.940165519714355469e+00
9.400000000000000000e+01 9.994901881920615905e-01 0.000000000000000000e+00 3.940932989120483398e+00
9.500000000000000000e+01 9.996733754683019280e-01 0.000000000000000000e+00 3.941227436065673828e+00
9.600000000000000000e+01 9.999295183304367507e-01 0.000000000000000000e+00 3.941519975662231445e+00
9.700000000000000000e+01 9.997709809003804127e-01 0.000000000000000000e+00 3.942239999771118164e+00
9.800000000000000000e+01 9.998814464464671481e-01 0.000000000000000000e+00 3.942523956298828125e+00
9.900000000000000000e+01 9.999020692636039209e-01 0.000000000000000000e+00 3.942436456680297852e+00
1.000000000000000000e+02 9.999295183304367507e-01 0.000000000000000000e+00 3.942402601242065430e+00
1.010000000000000000e+02 9.997750550447707107e-01 0.000000000000000000e+00 3.942380905151367188e+00
1.020000000000000000e+02 9.998771623094941940e-01 0.000000000000000000e+00 3.942593097686767578e+00
1.030000000000000000e+02 1.000004176528327404e+00 0.000000000000000000e+00 3.943311452865600586e+00
1.040000000000000000e+02 9.999020692636036989e-01 0.000000000000000000e+00 3.943803548812866211e+00
1.050000000000000000e+02 9.999518205073849586e-01 0.000000000000000000e+00 3.944155454635620117e+00
1.060000000000000000e+02 9.998171186746552808e-01 0.000000000000000000e+00 3.943891525268554688e+00
1.070000000000000000e+02 9.997983403785815071e-01 0.000000000000000000e+00 3.944223403930664062e+00
1.080000000000000000e+02 9.998599415805700108e-01 0.000000000000000000e+00 3.944105386734008789e+00
1.090000000000000000e+02 1.000004176528327404e+00 0.000000000000000000e+00 3.944370985031127930e+00
1.100000000000000000e+02 1.000004176528327404e+00 0.000000000000000000e+00 3.943720579147338867e+00
1.110000000000000000e+02 9.999002741156325369e-01 0.000000000000000000e+00 3.943763494491577148e+00
1.120000000000000000e+02 1.000004176528327404e+00 0.000000000000000000e+00 3.944607973098754883e+00
1.130000000000000000e+02 9.999320590544488185e-01 0.000000000000000000e+00 3.944835901260375977e+00
1.140000000000000000e+02 9.998957980984213290e-01 0.000000000000000000e+00 3.945317983627319336e+00
1.150000000000000000e+02 1.000004176528327182e+00 0.000000000000000000e+00 3.945613384246826172e+00
1.160000000000000000e+02 1.000004176528327182e+00 0.000000000000000000e+00 3.945893526077270508e+00
1.170000000000000000e+02 9.998752695788057920e-01 0.000000000000000000e+00 3.946088075637817383e+00
1.180000000000000000e+02 9.999520252897354800e-01 0.000000000000000000e+00 3.946041584014892578e+00
1.190000000000000000e+02 1.000004176528327404e+00 0.000000000000000000e+00 3.945875406265258789e+00
1.200000000000000000e+02 1.000004176528327404e+00 0.000000000000000000e+00 3.946422576904296875e+00
1.210000000000000000e+02 1.000004176528327404e+00 0.000000000000000000e+00 3.946399927139282227e+00
1.220000000000000000e+02 1.000004176528327404e+00 0.000000000000000000e+00 3.945589065551757812e+00
1.230000000000000000e+02 1.000004176528327404e+00 0.000000000000000000e+00 3.946196079254150391e+00
1.240000000000000000e+02 9.999490041145342456e-01 0.000000000000000000e+00 3.946684598922729492e+00
1.250000000000000000e+02 1.000004176528327404e+00 0.000000000000000000e+00 3.945966005325317383e+00
1.260000000000000000e+02 1.000004176528327404e+00 0.000000000000000000e+00 3.945775032043457031e+00
1.270000000000000000e+02 1.000004176528327404e+00 0.000000000000000000e+00 3.945755958557128906e+00
1.280000000000000000e+02 9.999518205073848476e-01 0.000000000000000000e+00 3.945491075515747070e+00
1.290000000000000000e+02 9.999007349390578447e-01 0.000000000000000000e+00 3.945552587509155273e+00
1.300000000000000000e+02 1.000004176528327404e+00 0.000000000000000000e+00 3.945483446121215820e+00
1.310000000000000000e+02 9.999510556783938187e-01 0.000000000000000000e+00 3.944957494735717773e+00
1.320000000000000000e+02 1.000004176528327404e+00 0.000000000000000000e+00 3.945250988006591797e+00
1.330000000000000000e+02 1.000004176528327404e+00 0.000000000000000000e+00 3.944544076919555664e+00
1.340000000000000000e+02 1.000004176528327404e+00 0.000000000000000000e+00 3.944497585296630859e+00
1.350000000000000000e+02 1.000004176528327404e+00 0.000000000000000000e+00 3.944448471069335938e+00
1.360000000000000000e+02 1.000004176528327182e+00 0.000000000000000000e+00 3.943991899490356445e+00
1.370000000000000000e+02 1.000004176528327404e+00 0.000000000000000000e+00 3.943942546844482422e+00
1.380000000000000000e+02 1.000004176528327404e+00 0.000000000000000000e+00 3.944285392761230469e+00
1.390000000000000000e+02 1.000004176528327404e+00 0.000000000000000000e+00 3.944394588470458984e+00
1.400000000000000000e+02 1.000004176528327404e+00 0.000000000000000000e+00 3.944401502609252930e+00
1.410000000000000000e+02 1.000004176528327404e+00 0.000000000000000000e+00 3.944777965545654297e+00
1.420000000000000000e+02 9.999511963958769289e-01 0.000000000000000000e+00 3.945170402526855469e+00
1.430000000000000000e+02 1.000004176528327182e+00 0.000000000000000000e+00 3.944739580154418945e+00
1.440000000000000000e+02 1.000004176528327404e+00 0.000000000000000000e+00 3.944508075714111328e+00
1.450000000000000000e+02 1.000004176528327404e+00 0.000000000000000000e+00 3.944816589355468750e+00
1.460000000000000000e+02 1.000004176528327404e+00 0.000000000000000000e+00 3.945605516433715820e+00
1.470000000000000000e+02 1.000004176528327404e+00 0.000000000000000000e+00 3.946412563323974609e+00
1.480000000000000000e+02 1.000004176528327404e+00 0.000000000000000000e+00 3.946536540985107422e+00
1.490000000000000000e+02 9.999511963958769289e-01 0.000000000000000000e+00 3.945881605148315430e+00
1.500000000000000000e+02 9.998694436454881318e-01 0.000000000000000000e+00 3.946445465087890625e+00
1.510000000000000000e+02 9.998378984952163151e-01 0.000000000000000000e+00 3.945672035217285156e+00
1.520000000000000000e+02 9.999182132833515091e-01 0.000000000000000000e+00 3.946102380752563477e+00
1.530000000000000000e+02 9.999311993759520956e-01 0.000000000000000000e+00 3.946125984191894531e+00
1.540000000000000000e+02 9.998944623707094470e-01 0.000000000000000000e+00 3.945969581604003906e+00
1.550000000000000000e+02 9.999085569131104245e-01 0.000000000000000000e+00 3.945187568664550781e+00
1.560000000000000000e+02 9.999511963958769289e-01 0.000000000000000000e+00 3.945605039596557617e+00
1.570000000000000000e+02 9.999511963958769289e-01 0.000000000000000000e+00 3.945792913436889648e+00
1.580000000000000000e+02 9.999311993759520956e-01 0.000000000000000000e+00 3.945692539215087891e+00
1.590000000000000000e+02 9.999511963958769289e-01 0.000000000000000000e+00 3.945826053619384766e+00
1.600000000000000000e+02 1.000004176528327404e+00 0.000000000000000000e+00 3.946061372756958008e+00
1.610000000000000000e+02 1.000004176528327404e+00 0.000000000000000000e+00 3.945809602737426758e+00
1.620000000000000000e+02 9.999509142114165750e-01 0.000000000000000000e+00 3.946024894714355469e+00
1.630000000000000000e+02 1.000004176528327404e+00 0.000000000000000000e+00 3.945568561553955078e+00
1.640000000000000000e+02 1.000004176528327404e+00 0.000000000000000000e+00 3.944313526153564453e+00
1.650000000000000000e+02 1.000004176528327404e+00 0.000000000000000000e+00 3.943949937820434570e+00
1.660000000000000000e+02 1.000004176528327182e+00 0.000000000000000000e+00 3.944328546524047852e+00
1.670000000000000000e+02 9.999509142114165750e-01 0.000000000000000000e+00 3.944952487945556641e+00
1.680000000000000000e+02 9.999308106827304865e-01 0.000000000000000000e+00 3.945146083831787109e+00
1.690000000000000000e+02 1.000004176528327404e+00 0.000000000000000000e+00 3.945182085037231445e+00
1.700000000000000000e+02 1.000004176528327404e+00 0.000000000000000000e+00 3.945241451263427734e+00
1.710000000000000000e+02 1.000004176528327404e+00 0.000000000000000000e+00 3.945415973663330078e+00
1.720000000000000000e+02 1.000004176528327404e+00 0.000000000000000000e+00 3.945863008499145508e+00
1.730000000000000000e+02 9.999509142114165750e-01 0.000000000000000000e+00 3.945452451705932617e+00
1.740000000000000000e+02 1.000004176528327404e+00 0.000000000000000000e+00 3.944899082183837891e+00
1.750000000000000000e+02 1.000004176528327404e+00 0.000000000000000000e+00 3.945267438888549805e+00
1.760000000000000000e+02 1.000004176528327404e+00 0.000000000000000000e+00 3.945143938064575195e+00
1.770000000000000000e+02 1.000004176528327404e+00 0.000000000000000000e+00 3.945983409881591797e+00
1.780000000000000000e+02 1.000004176528327404e+00 0.000000000000000000e+00 3.946202993392944336e+00
1.790000000000000000e+02 9.999519572071784435e-01 0.000000000000000000e+00 3.946189403533935547e+00
1.800000000000000000e+02 9.999511963958769289e-01 0.000000000000000000e+00 3.946316480636596680e+00
1.810000000000000000e+02 9.999485437049614456e-01 0.000000000000000000e+00 3.946269035339355469e+00
1.820000000000000000e+02 9.999511963958769289e-01 0.000000000000000000e+00 3.945832014083862305e+00
1.830000000000000000e+02 9.998405429397739796e-01 0.000000000000000000e+00 3.945456981658935547e+00
1.840000000000000000e+02 9.999491558955899695e-01 0.000000000000000000e+00 3.945444583892822266e+00
1.850000000000000000e+02 1.000004176528327404e+00 0.000000000000000000e+00 3.945331096649169922e+00
1.860000000000000000e+02 9.999511963958769289e-01 0.000000000000000000e+00 3.945509910583496094e+00
1.870000000000000000e+02 9.999525636251015426e-01 0.000000000000000000e+00 3.945980072021484375e+00
1.880000000000000000e+02 9.999275454434269905e-01 0.000000000000000000e+00 3.945770025253295898e+00
1.890000000000000000e+02 1.000004176528327404e+00 0.000000000000000000e+00 3.945364475250244141e+00
1.900000000000000000e+02 1.000004176528327404e+00 0.000000000000000000e+00 3.945379972457885742e+00
1.910000000000000000e+02 1.000004176528327404e+00 0.000000000000000000e+00 3.945265054702758789e+00
1.920000000000000000e+02 1.000004176528327404e+00 0.000000000000000000e+00 3.945856094360351562e+00
1.930000000000000000e+02 9.999491558955899695e-01 0.000000000000000000e+00 3.946368932723999023e+00
1.940000000000000000e+02 9.999283887015828487e-01 0.000000000000000000e+00 3.946166992187500000e+00
1.950000000000000000e+02 9.998613549334328665e-01 0.000000000000000000e+00 3.946678400039672852e+00
1.960000000000000000e+02 9.999491558955899695e-01 0.000000000000000000e+00 3.946615457534790039e+00
1.970000000000000000e+02 9.999491558955901915e-01 0.000000000000000000e+00 3.946366548538208008e+00
1.980000000000000000e+02 9.998939834817969219e-01 0.000000000000000000e+00 3.946346521377563477e+00
1.990000000000000000e+02 1.000004176528327404e+00 0.000000000000000000e+00 3.946089506149291992e+00
2.000000000000000000e+02 1.000004176528327404e+00 1.320716539746180362e-01 2.377648591995239258e+00
2.010000000000000000e+02 9.998778780818212697e-01 1.750690209591977131e-01 2.525772571563720703e+00
2.020000000000000000e+02 9.995247769309143493e-01 2.284254076705704573e-01 2.651613950729370117e+00
2.030000000000000000e+02 9.979593720355455222e-01 2.844042349934242653e-01 2.759950399398803711e+00
2.040000000000000000e+02 9.950424487892269854e-01 3.397200437193360623e-01 2.855842590332031250e+00
2.050000000000000000e+02 9.877358131699592869e-01 3.950446172345616347e-01 2.939553976058959961e+00
2.060000000000000000e+02 9.765668469924089212e-01 4.437096291423064387e-01 3.014669418334960938e+00
2.070000000000000000e+02 9.623816116623766792e-01 4.906086924358950552e-01 3.081779003143310547e+00
2.080000000000000000e+02 9.439841894433864677e-01 5.272505987407658523e-01 3.141714572906494141e+00
2.090000000000000000e+02 9.246663658542901842e-01 5.698579843813247336e-01 3.195444583892822266e+00
2.100000000000000000e+02 9.034145772240218530e-01 6.021815671319465935e-01 3.243722915649414062e+00
2.110000000000000000e+02 8.766265296899210524e-01 6.313024394194994837e-01 3.287817955017089844e+00
2.120000000000000000e+02 8.532342234767373856e-01 6.625069165138874894e-01 3.328767061233520508e+00
2.130000000000000000e+02 8.301632573896490230e-01 6.891157270017669312e-01 3.366884946823120117e+00
2.140000000000000000e+02 8.055790245519247605e-01 7.109064573096075534e-01 3.402121543884277344e+00
2.150000000000000000e+02 7.795558832511098046e-01 7.372900720264247143e-01 3.433443546295166016e+00
2.160000000000000000e+02 7.571771319309401616e-01 7.558357073899908407e-01 3.463986396789550781e+00
2.170000000000000000e+02 7.326136369094805589e-01 7.785398193777985920e-01 3.492049932479858398e+00
2.180000000000000000e+02 7.110412211796685034e-01 7.977104452051501093e-01 3.518128395080566406e+00
2.190000000000000000e+02 6.893045256441820978e-01 8.137490020097136734e-01 3.543442964553833008e+00
2.200000000000000000e+02 6.658722952253669503e-01 8.298217358843760216e-01 3.566674470901489258e+00
2.210000000000000000e+02 6.433895753281502206e-01 8.468549073017357376e-01 3.588737964630126953e+00
2.220000000000000000e+02 6.257435952214951413e-01 8.589914775747244935e-01 3.609020471572875977e+00
2.230000000000000000e+02 6.077603309241748075e-01 8.739882756032801847e-01 3.628526449203491211e+00
2.240000000000000000e+02 5.877589432681363801e-01 8.835465602353177461e-01 3.646795034408569336e+00
2.250000000000000000e+02 5.722378931631793009e-01 8.910682190325717178e-01 3.663562059402465820e+00
2.260000000000000000e+02 5.541254778167934436e-01 9.048509921449751081e-01 3.680061578750610352e+00
2.270000000000000000e+02 5.432331010112420033e-01 9.127682377662228452e-01 3.695662021636962891e+00
2.280000000000000000e+02 5.283533246014500140e-01 9.238044252961955527e-01 3.709428548812866211e+00
2.290000000000000000e+02 5.154334092427979019e-01 9.289144593346225776e-01 3.722804546356201172e+00
2.300000000000000000e+02 5.011738566724791566e-01 9.380400920863747327e-01 3.735645055770874023e+00
2.310000000000000000e+02 4.856943721443658935e-01 9.434941345966575410e-01 3.747456550598144531e+00
2.320000000000000000e+02 4.725391246274622814e-01 9.484018677630285943e-01 3.759658575057983398e+00
2.330000000000000000e+02 4.622015593775137821e-01 9.556294672916999522e-01 3.770515918731689453e+00
2.340000000000000000e+02 4.509524631856692278e-01 9.592013590266185163e-01 3.780207395553588867e+00
2.350000000000000000e+02 4.402391787509142840e-01 9.642127026851170513e-01 3.789176940917968750e+00
2.360000000000000000e+02 4.338461020313190697e-01 9.670831703644009458e-01 3.798277378082275391e+00
2.370000000000000000e+02 4.235757353413281412e-01 9.693467060100658950e-01 3.806857585906982422e+00
2.380000000000000000e+02 4.154478286301750978e-01 9.719488189395619759e-01 3.814404487609863281e+00
2.390000000000000000e+02 4.042339310341116487e-01 9.754368596404662251e-01 3.821916103363037109e+00
2.400000000000000000e+02 3.960625622610692842e-01 9.772408813483856038e-01 3.828484535217285156e+00
2.410000000000000000e+02 3.905439687486963463e-01 9.807326389910439035e-01 3.835046052932739258e+00
2.420000000000000000e+02 3.814155004811757843e-01 9.826413718821881416e-01 3.841074466705322266e+00
2.430000000000000000e+02 3.806628245488201112e-01 9.844034251793463142e-01 3.847424507141113281e+00
2.440000000000000000e+02 3.668541360218533498e-01 9.854525159420872704e-01 3.852741003036499023e+00
2.450000000000000000e+02 3.592897183829151242e-01 9.884179314749901302e-01 3.858222484588623047e+00
2.460000000000000000e+02 3.505431918492257215e-01 9.893160121742157198e-01 3.863463878631591797e+00
2.470000000000000000e+02 3.467374135947183800e-01 9.904622220192007553e-01 3.867610454559326172e+00
2.480000000000000000e+02 3.429676413361749110e-01 9.921389840336920507e-01 3.871598482131958008e+00
2.490000000000000000e+02 3.331525155577044761e-01 9.929990690851994151e-01 3.876441001892089844e+00
2.500000000000000000e+02 3.219528093213989139e-01 9.930653534668731908e-01 3.880389451980590820e+00
2.510000000000000000e+02 3.188244424555076173e-01 9.938376285635840413e-01 3.883924007415771484e+00
2.520000000000000000e+02 3.136090332800577363e-01 9.944108012728363200e-01 3.886882066726684570e+00
2.530000000000000000e+02 3.048020501459699494e-01 9.951450671440769113e-01 3.890637397766113281e+00
2.540000000000000000e+02 3.046822571959882375e-01 9.953642016993380359e-01 3.892927408218383789e+00
2.550000000000000000e+02 2.970019829321358107e-01 9.957784997569826269e-01 3.895694017410278320e+00
2.560000000000000000e+02 2.951074562510662136e-01 9.960936800920393575e-01 3.898249387741088867e+00
2.570000000000000000e+02 2.823054819836127716e-01 9.970915119153928030e-01 3.900847434997558594e+00
2.580000000000000000e+02 2.740664815467758753e-01 9.971255340531607336e-01 3.903060436248779297e+00
2.590000000000000000e+02 2.716492596935379256e-01 9.975571032462848819e-01 3.905281543731689453e+00
2.600000000000000000e+02 2.679932721388231243e-01 9.977916212083318692e-01 3.906272411346435547e+00
2.610000000000000000e+02 2.625630051841091328e-01 9.978183402028242277e-01 3.907969951629638672e+00
2.620000000000000000e+02 2.588268791878950981e-01 9.981730378716422436e-01 3.909815549850463867e+00
2.630000000000000000e+02 2.540447745649075939e-01 9.983570559082521889e-01 3.911602497100830078e+00
2.640000000000000000e+02 2.506206879262788401e-01 9.979459805725249266e-01 3.912638425827026367e+00
2.650000000000000000e+02 2.447423732896365223e-01 9.984518991328718007e-01 3.913775444030761719e+00
2.660000000000000000e+02 2.380199757497775959e-01 9.987797118174892574e-01 3.915292501449584961e+00
2.670000000000000000e+02 2.354142639815238469e-01 9.988049512527590323e-01 3.915894508361816406e+00
2.680000000000000000e+02 2.318785539654431294e-01 9.988224828725370541e-01 3.916707515716552734e+00
2.690000000000000000e+02 2.263694071176780287e-01 9.989502188222353363e-01 3.918118953704833984e+00
2.700000000000000000e+02 2.213979761003010416e-01 9.987543722747864727e-01 3.918878555297851562e+00
2.710000000000000000e+02 2.191369586882676024e-01 9.989213838734362083e-01 3.920280933380126953e+00
2.720000000000000000e+02 2.129464668898665147e-01 9.990555340691494868e-01 3.921384096145629883e+00
2.730000000000000000e+02 2.131298438066513701e-01 9.993557683611601350e-01 3.922197103500366211e+00
2.740000000000000000e+02 2.092473590804191097e-01 9.990324176651508292e-01 3.923618078231811523e+00
2.750000000000000000e+02 2.050324789571411899e-01 9.994331324935010752e-01 3.924353599548339844e+00
2.760000000000000000e+02 2.001669050222309176e-01 9.995706251010904042e-01 3.924964427947998047e+00
2.770000000000000000e+02 2.002255637177783598e-01 9.993589644469006439e-01 3.924958467483520508e+00
2.780000000000000000e+02 1.982893488914148072e-01 9.994276235707484357e-01 3.925486564636230469e+00
2.790000000000000000e+02 1.965579697149170413e-01 9.994776763674784181e-01 3.926008939743041992e+00
2.800000000000000000e+02 1.899801144344989701e-01 9.996052433314022156e-01 3.926794528961181641e+00
2.810000000000000000e+02 1.872110939788922956e-01 9.995689672232753731e-01 3.927273035049438477e+00
2.820000000000000000e+02 1.833108088513997758e-01 9.997215886989772038e-01 3.928011894226074219e+00
2.830000000000000000e+02 1.820452530480713704e-01 9.995473131511380949e-01 3.928812980651855469e+00
2.840000000000000000e+02 1.799993780790418718e-01 9.996605242983297446e-01 3.929311037063598633e+00
2.850000000000000000e+02 1.735769500510570273e-01 9.998126164932675808e-01 3.929755926132202148e+00
2.860000000000000000e+02 1.716959938461470048e-01 9.996557871347515611e-01 3.929800987243652344e+00
2.870000000000000000e+02 1.680022582298601741e-01 9.999425442233919048e-01 3.930203914642333984e+00
2.880000000000000000e+02 1.688982544797712482e-01 9.999942906658240149e-01 3.930480003356933594e+00
2.890000000000000000e+02 1.660027116088228782e-01 9.997593632001107178e-01 3.930517435073852539e+00
2.900000000000000000e+02 1.645335003204522195e-01 9.998314957939291592e-01 3.930893898010253906e+00
2.910000000000000000e+02 1.627606736745637606e-01 9.999416590868764887e-01 3.930950403213500977e+00
2.920000000000000000e+02 1.616357980411698980e-01 9.999394209813246004e-01 3.931469440460205078e+00
2.930000000000000000e+02 1.592291508332622507e-01 9.998144337040979490e-01 3.932194471359252930e+00
2.940000000000000000e+02 1.590634550839212791e-01 9.999394209813246004e-01 3.932578086853027344e+00
2.950000000000000000e+02 1.551589975366200747e-01 9.999942906658239039e-01 3.932973384857177734e+00
2.960000000000000000e+02 1.527988224370529780e-01 9.999942906658239039e-01 3.932703018188476562e+00
2.970000000000000000e+02 1.494721059175123656e-01 9.998871333996253163e-01 3.932977914810180664e+00
2.980000000000000000e+02 1.487967641469254698e-01 9.999942906658240149e-01 3.933720588684082031e+00
2.990000000000000000e+02 1.498843316484466115e-01 9.999410991764623446e-01 3.933976411819458008e+00
3.000000000000000000e+02 1.467389043804492865e-01 9.999152408092338851e-01 3.933926105499267578e+00
3.010000000000000000e+02 1.498696019724693462e-01 9.998620493198722148e-01 3.934026479721069336e+00
3.020000000000000000e+02 1.457682331944743781e-01 9.999432050974969011e-01 3.934000968933105469e+00
3.030000000000000000e+02 1.452340057228137249e-01 9.999408147299949645e-01 3.935468435287475586e+00
3.040000000000000000e+02 1.378516922455775284e-01 9.999206305721831667e-01 3.935476064682006836e+00
3.050000000000000000e+02 1.422282476377810800e-01 9.999431397706833868e-01 3.935864925384521484e+00
3.060000000000000000e+02 1.386673266276634842e-01 9.999942906658240149e-01 3.935486555099487305e+00
3.070000000000000000e+02 1.387938070289157777e-01 9.999393456108788270e-01 3.934977054595947266e+00
3.080000000000000000e+02 1.338944374414428873e-01 9.999206305721831667e-01 3.934504508972167969e+00
3.090000000000000000e+02 1.371502021948055872e-01 9.999942906658239039e-01 3.934860467910766602e+00
3.100000000000000000e+02 1.347959206790328712e-01 9.999942906658239039e-01 3.934875488281250000e+00
3.110000000000000000e+02 1.328677097985142830e-01 9.999942906658239039e-01 3.935874938964843750e+00
3.120000000000000000e+02 1.332379889071895751e-01 9.999942906658239039e-01 3.936040878295898438e+00
3.130000000000000000e+02 1.308684090180584902e-01 9.999942906658239039e-01 3.936069488525390625e+00
3.140000000000000000e+02 1.338513164096375163e-01 9.999942906658240149e-01 3.936112880706787109e+00
3.150000000000000000e+02 1.284671232854674994e-01 9.999942906658239039e-01 3.936055421829223633e+00
3.160000000000000000e+02 1.289793065836261354e-01 9.999942906658239039e-01 3.935930013656616211e+00
3.170000000000000000e+02 1.286710422998232350e-01 9.999942906658239039e-01 3.936742544174194336e+00
3.180000000000000000e+02 1.272966096450854623e-01 9.999942906658239039e-01 3.937110900878906250e+00
3.190000000000000000e+02 1.243575762216926062e-01 9.999408147299949645e-01 3.937388896942138672e+00
3.200000000000000000e+02 1.224128593552425009e-01 9.999408147299949645e-01 3.937005996704101562e+00
3.210000000000000000e+02 1.256360669712054401e-01 9.999942906658239039e-01 3.936903476715087891e+00
3.220000000000000000e+02 1.219784065045309424e-01 9.999399428397369727e-01 3.936354398727416992e+00
3.230000000000000000e+02 1.207533189237438298e-01 9.999408147299949645e-01 3.936166048049926758e+00
3.240000000000000000e+02 1.211820500013963686e-01 9.999942906658239039e-01 3.936093568801879883e+00
3.250000000000000000e+02 1.223579073938502737e-01 9.999942906658240149e-01 3.936814069747924805e+00
3.260000000000000000e+02 1.200314740357510679e-01 9.999942906658239039e-01 3.937239885330200195e+00
3.270000000000000000e+02 1.197889352712295519e-01 9.999942906658240149e-01 3.937489986419677734e+00
3.280000000000000000e+02 1.201142103085160173e-01 9.999942906658239039e-01 3.937043905258178711e+00
3.290000000000000000e+02 1.220982502600343189e-01 9.999942906658239039e-01 3.936625480651855469e+00
3.300000000000000000e+02 1.212556387758086801e-01 9.999942906658239039e-01 3.936421394348144531e+00
3.310000000000000000e+02 1.219939248627590900e-01 9.999942906658240149e-01 3.936363458633422852e+00
3.320000000000000000e+02 1.176554739595928878e-01 9.999942906658239039e-01 3.936731576919555664e+00
3.330000000000000000e+02 1.196909397910896761e-01 9.998882700861838613e-01 3.936229467391967773e+00
3.340000000000000000e+02 1.183847636038057177e-01 9.999942906658240149e-01 3.935831069946289062e+00
3.350000000000000000e+02 1.207217089254009335e-01 9.999408147299949645e-01 3.935951948165893555e+00
3.360000000000000000e+02 1.176444243411623736e-01 9.999942906658239039e-01 3.935792922973632812e+00
3.370000000000000000e+02 1.123855897882042043e-01 9.999942906658239039e-01 3.935973405838012695e+00
3.380000000000000000e+02 1.207547476361968825e-01 9.999942906658240149e-01 3.935268878936767578e+00
3.390000000000000000e+02 1.154489302717309068e-01 9.999942906658239039e-01 3.935411930084228516e+00
3.400000000000000000e+02 1.165295471415065259e-01 9.999942906658239039e-01 3.935757398605346680e+00
3.410000000000000000e+02 1.108545598238596108e-01 9.999942906658240149e-01 3.935460567474365234e+00
3.420000000000000000e+02 1.124968052834016408e-01 9.999414505073036530e-01 3.934998512268066406e+00
3.430000000000000000e+02 1.120871618707815626e-01 9.999942906658240149e-01 3.935186386108398438e+00
3.440000000000000000e+02 1.158767816893357672e-01 9.999397204066153844e-01 3.935520887374877930e+00
3.450000000000000000e+02 1.130247213379272642e-01 9.999942906658239039e-01 3.935974597930908203e+00
3.460000000000000000e+02 1.143384587802000890e-01 9.999942906658239039e-01 3.936113595962524414e+00
3.470000000000000000e+02 1.133008056529206942e-01 9.999942906658239039e-01 3.936336040496826172e+00
3.480000000000000000e+02 1.133552043174978763e-01 9.999942906658239039e-01 3.936245918273925781e+00
3.490000000000000000e+02 1.128511123721464143e-01 9.999942906658239039e-01 3.936457872390747070e+00
3.500000000000000000e+02 1.104012242095241125e-01 9.999942906658239039e-01 3.936463594436645508e+00
3.510000000000000000e+02 1.127038332926382780e-01 9.999942906658239039e-01 3.936119079589843750e+00
3.520000000000000000e+02 1.132261371938838163e-01 9.999942906658239039e-01 3.936386108398437500e+00
3.530000000000000000e+02 1.117863629726561087e-01 9.999942906658239039e-01 3.936492443084716797e+00
3.540000000000000000e+02 1.102639200012686116e-01 9.999942906658239039e-01 3.937045097351074219e+00
3.550000000000000000e+02 1.126481877937941245e-01 9.999942906658239039e-01 3.936882495880126953e+00
3.560000000000000000e+02 1.143312188451394151e-01 9.999942906658240149e-01 3.937313079833984375e+00
3.570000000000000000e+02 1.124196034209161144e-01 9.999942906658239039e-01 3.936751604080200195e+00
3.580000000000000000e+02 1.106556588590860840e-01 9.999942906658239039e-01 3.936294555664062500e+00
3.590000000000000000e+02 1.083334422208474673e-01 9.999942906658239039e-01 3.936133384704589844e+00
3.600000000000000000e+02 1.137619886559746579e-01 9.999942906658239039e-01 3.936523914337158203e+00
3.610000000000000000e+02 1.097861824882057358e-01 9.999420030841243978e-01 3.938006877899169922e+00
3.620000000000000000e+02 1.069178026010401544e-01 9.999942906658239039e-01 3.937823534011840820e+00
3.630000000000000000e+02 1.151495843254511514e-01 9.999942906658239039e-01 3.938078880310058594e+00
3.640000000000000000e+02 1.132554671769902960e-01 9.999942906658239039e-01 3.937906026840209961e+00
3.650000000000000000e+02 1.138218807490068152e-01 9.999942906658239039e-01 3.937337398529052734e+00
3.660000000000000000e+02 1.050731557490080376e-01 9.999942906658239039e-01 3.937876462936401367e+00
3.670000000000000000e+02 1.104219935966752886e-01 9.999942906658239039e-01 3.937225103378295898e+00
3.680000000000000000e+02 1.112581495541839216e-01 9.999439128320709580e-01 3.936830997467041016e+00
3.690000000000000000e+02 1.122633108765306587e-01 9.999942906658239039e-01 3.936546087265014648e+00
3.700000000000000000e+02 1.074445665102778391e-01 9.999942906658239039e-01 3.936515092849731445e+00
3.710000000000000000e+02 1.082177796347394971e-01 9.999942906658239039e-01 3.936753988265991211e+00
3.720000000000000000e+02 1.087745448971640383e-01 9.999942906658239039e-01 3.936727046966552734e+00
3.730000000000000000e+02 1.070738142330818488e-01 9.999942906658239039e-01 3.937096595764160156e+00
3.740000000000000000e+02 1.124087371379296485e-01 9.999942906658239039e-01 3.936783552169799805e+00
3.750000000000000000e+02 1.105344785246161893e-01 9.999415202172753370e-01 3.937408924102783203e+00
3.760000000000000000e+02 1.098644960516006464e-01 9.999942906658240149e-01 3.937674045562744141e+00
3.770000000000000000e+02 1.089848765931514113e-01 9.999942906658239039e-01 3.937798023223876953e+00
3.780000000000000000e+02 1.068414224603627810e-01 9.999942906658240149e-01 3.937630891799926758e+00
3.790000000000000000e+02 1.044346309644046400e-01 9.999942906658239039e-01 3.937397003173828125e+00
3.800000000000000000e+02 1.077921243435803617e-01 9.999942906658240149e-01 3.938344955444335938e+00
3.810000000000000000e+02 1.060919419449252721e-01 9.999415202172753370e-01 3.938740491867065430e+00
3.820000000000000000e+02 1.059028557216067229e-01 9.999942906658239039e-01 3.938677072525024414e+00
3.830000000000000000e+02 1.066667319209863851e-01 9.999942906658239039e-01 3.938712596893310547e+00
3.840000000000000000e+02 1.059033361707774346e-01 9.999942906658239039e-01 3.938476562500000000e+00
3.850000000000000000e+02 1.068389955023908294e-01 9.999942906658240149e-01 3.937937974929809570e+00
3.860000000000000000e+02 1.069945833434440413e-01 9.999942906658239039e-01 3.937550544738769531e+00
3.870000000000000000e+02 1.093439537218203195e-01 9.999942906658239039e-01 3.937664985656738281e+00
3.880000000000000000e+02 1.129764141861874932e-01 9.999942906658239039e-01 3.937812566757202148e+00
3.890000000000000000e+02 1.108346150386453621e-01 9.999942906658239039e-01 3.937925577163696289e+00
3.900000000000000000e+02 1.116327486070231439e-01 9.999942906658239039e-01 3.938179969787597656e+00
3.910000000000000000e+02 1.071269247759984167e-01 9.999942906658239039e-01 3.937943935394287109e+00
3.920000000000000000e+02 1.117205034207138098e-01 9.999942906658239039e-01 3.938463926315307617e+00
3.930000000000000000e+02 1.083236677207942006e-01 9.999942906658240149e-01 3.938876390457153320e+00
3.940000000000000000e+02 1.099882951627959571e-01 9.999942906658239039e-01 3.939152479171752930e+00
3.950000000000000000e+02 1.119355042211135909e-01 9.999942906658239039e-01 3.938410043716430664e+00
3.960000000000000000e+02 1.099722108132546450e-01 9.999942906658239039e-01 3.937545537948608398e+00
3.970000000000000000e+02 1.066910087070774282e-01 9.999942906658239039e-01 3.937808990478515625e+00
3.980000000000000000e+02 1.093770930458119739e-01 9.999942906658239039e-01 3.938364982604980469e+00
