0.000000000000000000e+00 5.521601754310898752e-02 0.000000000000000000e+00 4.244184970855712891e+00
1.000000000000000000e+00 6.805224531689614553e-02 0.000000000000000000e+00 4.399989128112792969e+00
2.000000000000000000e+00 8.765565246288573031e-02 0.000000000000000000e+00 4.541852951049804688e+00
3.000000000000000000e+00 1.097717084554863110e-01 0.000000000000000000e+00 4.670791625976562500e+00
4.000000000000000000e+00 1.341713443189783417e-01 0.000000000000000000e+00 4.791336059570312500e+00
5.000000000000000000e+00 1.609605440290068079e-01 0.000000000000000000e+00 4.899208068847656250e+00
6.000000000000000000e+00 1.850985932499374931e-01 0.000000000000000000e+00 4.998227119445800781e+00
7.000000000000000000e+00 2.128559482320336038e-01 0.000000000000000000e+00 5.090426445007324219e+00
8.000000000000000000e+00 2.398764840117665054e-01 0.000000000000000000e+00 5.174881935119628906e+00
9.000000000000000000e+00 2.653457668336858255e-01 0.000000000000000000e+00 5.254384994506835938e+00
1.000000000000000000e+01 2.885556714931606370e-01 0.000000000000000000e+00 5.329289913177490234e+00
1.100000000000000000e+01 3.126909766949610980e-01 0.000000000000000000e+00 5.398353099822998047e+00
1.200000000000000000e+01 3.351744998003333698e-01 0.000000000000000000e+00 5.461836338043212891e+00
1.300000000000000000e+01 3.588891107243397105e-01 0.000000000000000000e+00 5.522669315338134766e+00
1.400000000000000000e+01 3.789660805975010316e-01 0.000000000000000000e+00 5.579191684722900391e+00
1.500000000000000000e+01 4.011922472218008018e-01 0.000000000000000000e+00 5.632658004760742188e+00
1.600000000000000000e+01 4.207409185420322162e-01 0.000000000000000000e+00 5.683553695678710938e+00
1.700000000000000000e+01 4.397347972918952408e-01 0.000000000000000000e+00 5.731995105743408203e+00
1.800000000000000000e+01 4.596973435721745660e-01 0.000000000000000000e+00 5.777791023254394531e+00
1.900000000000000000e+01 4.785379815751568122e-01 0.000000000000000000e+00 5.821855068206787109e+00
2.000000000000000000e+01 4.984355514467294634e-01 0.000000000000000000e+00 5.864102840423583984e+00
2.100000000000000000e+01 5.141322912502848119e-01 0.000000000000000000e+00 5.903037548065185547e+00
2.200000000000000000e+01 5.311241303110211254e-01 0.000000000000000000e+00 5.942534923553466797e+00
2.300000000000000000e+01 5.471823875236726531e-01 0.000000000000000000e+00 5.979293823242187500e+00
2.400000000000000000e+01 5.626458886789101888e-01 0.000000000000000000e+00 6.013284683227539062e+00
2.500000000000000000e+01 5.766421618220941570e-01 0.000000000000000000e+00 6.047570705413818359e+00
2.600000000000000000e+01 5.918606599343315677e-01 0.000000000000000000e+00 6.080629348754882812e+00
2.700000000000000000e+01 6.067295528229116330e-01 0.000000000000000000e+00 6.111486911773681641e+00
2.800000000000000000e+01 6.197428125121515752e-01 0.000000000000000000e+00 6.141188621520996094e+00
2.900000000000000000e+01 6.347602953154668493e-01 0.000000000000000000e+00 6.170559406280517578e+00
3.000000000000000000e+01 6.471507309740501812e-01 0.000000000000000000e+00 6.200069427490234375e+00
3.100000000000000000e+01 6.601892211094629870e-01 0.000000000000000000e+00 6.227921962738037109e+00
3.200000000000000000e+01 6.738051674741127872e-01 0.000000000000000000e+00 6.254052639007568359e+00
3.300000000000000000e+01 6.846073069760203467e-01 0.000000000000000000e+00 6.280168533325195312e+00
3.400000000000000000e+01 6.991669515948971680e-01 0.000000000000000000e+00 6.304012775421142578e+00
3.500000000000000000e+01 7.071030576297350212e-01 0.000000000000000000e+00 6.328404903411865234e+00
3.600000000000000000e+01 7.194324138270559166e-01 0.000000000000000000e+00 6.349884033203125000e+00
3.700000000000000000e+01 7.304412061882110674e-01 0.000000000000000000e+00 6.371260643005371094e+00
3.800000000000000000e+01 7.411409977845937469e-01 0.000000000000000000e+00 6.392354965209960938e+00
3.900000000000000000e+01 7.485634031533003885e-01 0.000000000000000000e+00 6.411791324615478516e+00
4.000000000000000000e+01 7.610143412097971627e-01 0.000000000000000000e+00 6.431322574615478516e+00
4.100000000000000000e+01 7.691036842253347050e-01 0.000000000000000000e+00 6.448922634124755859e+00
4.200000000000000000e+01 7.765748082226161531e-01 0.000000000000000000e+00 6.467748641967773438e+00
4.300000000000000000e+01 7.860763234789830411e-01 0.000000000000000000e+00 6.484175205230712891e+00
4.400000000000000000e+01 7.948661666616922972e-01 0.000000000000000000e+00 6.502039909362792969e+00
4.500000000000000000e+01 8.039570356365106640e-01 0.000000000000000000e+00 6.518967628479003906e+00
4.600000000000000000e+01 8.095366714428900989e-01 0.000000000000000000e+00 6.535571098327636719e+00
4.700000000000000000e+01 8.173945832221817254e-01 0.000000000000000000e+00 6.550388336181640625e+00
4.800000000000000000e+01 8.228311431234142104e-01 0.000000000000000000e+00 6.564218997955322266e+00
4.900000000000000000e+01 8.309797359963743135e-01 0.000000000000000000e+00 6.577060699462890625e+00
5.000000000000000000e+01 8.359784230267545135e-01 0.000000000000000000e+00 6.589816093444824219e+00
5.100000000000000000e+01 8.432169198036644220e-01 0.000000000000000000e+00 6.603056907653808594e+00
5.200000000000000000e+01 8.482700946061696445e-01 0.000000000000000000e+00 6.615030765533447266e+00
5.300000000000000000e+01 8.537076489933271839e-01 0.000000000000000000e+00 6.626280307769775391e+00
5.400000000000000000e+01 8.597589347155053519e-01 0.000000000000000000e+00 6.637372970581054688e+00
5.500000000000000000e+01 8.654712645113791236e-01 0.000000000000000000e+00 6.648686408996582031e+00
5.600000000000000000e+01 8.705445855112260434e-01 0.000000000000000000e+00 6.659850597381591797e+00
5.700000000000000000e+01 8.761623602942931743e-01 0.000000000000000000e+00 6.669744968414306641e+00
5.800000000000000000e+01 8.808396359294805578e-01 0.000000000000000000e+00 6.681087017059326172e+00
5.900000000000000000e+01 8.851783135998344543e-01 0.000000000000000000e+00 6.690756797790527344e+00
6.000000000000000000e+01 8.896971819964462069e-01 0.000000000000000000e+00 6.699714660644531250e+00
6.100000000000000000e+01 8.933257136710904822e-01 0.000000000000000000e+00 6.708518028259277344e+00
6.200000000000000000e+01 8.965189607266633720e-01 0.000000000000000000e+00 6.717569351196289062e+00
6.300000000000000000e+01 9.007093877097376300e-01 0.000000000000000000e+00 6.726220130920410156e+00
6.400000000000000000e+01 9.030583911790210916e-01 0.000000000000000000e+00 6.733881950378417969e+00
6.500000000000000000e+01 9.071082159490936325e-01 0.000000000000000000e+00 6.742500782012939453e+00
6.600000000000000000e+01 9.102783056933138051e-01 0.000000000000000000e+00 6.750095844268798828e+00
6.700000000000000000e+01 9.133523578827955625e-01 0.000000000000000000e+00 6.757090568542480469e+00
6.800000000000000000e+01 9.165296912661989870e-01 0.000000000000000000e+00 6.764043807983398438e+00
6.900000000000000000e+01 9.188875064057761000e-01 0.000000000000000000e+00 6.772234916687011719e+00
7.000000000000000000e+01 9.229379592393798237e-01 0.000000000000000000e+00 6.777979850769042969e+00
7.100000000000000000e+01 9.245540249037252911e-01 0.000000000000000000e+00 6.784396171569824219e+00
7.200000000000000000e+01 9.273091181267295591e-01 0.000000000000000000e+00 6.790677547454833984e+00
7.300000000000000000e+01 9.287891203517586458e-01 0.000000000000000000e+00 6.796093463897705078e+00
7.400000000000000000e+01 9.312244543175428602e-01 0.000000000000000000e+00 6.800351142883300781e+00
7.500000000000000000e+01 9.335345992105176238e-01 0.000000000000000000e+00 6.805250167846679688e+00
7.600000000000000000e+01 9.368875986717892790e-01 0.000000000000000000e+00 6.809659481048583984e+00
7.700000000000000000e+01 9.382393197872263002e-01 0.000000000000000000e+00 6.815571784973144531e+00
7.800000000000000000e+01 9.397202328288469797e-01 0.000000000000000000e+00 6.820358753204345703e+00
7.900000000000000000e+01 9.423523543013038184e-01 0.000000000000000000e+00 6.824141502380371094e+00
8.000000000000000000e+01 9.446401563737686358e-01 0.000000000000000000e+00 6.828223705291748047e+00
8.100000000000000000e+01 9.466206046986280764e-01 0.000000000000000000e+00 6.833115100860595703e+00
8.200000000000000000e+01 9.481855324534432805e-01 0.000000000000000000e+00 6.837890148162841797e+00
8.300000000000000000e+01 9.495034572505156589e-01 0.000000000000000000e+00 6.840784549713134766e+00
8.400000000000000000e+01 9.504396750202644961e-01 0.000000000000000000e+00 6.843718051910400391e+00
8.500000000000000000e+01 9.521750132877491168e-01 0.000000000000000000e+00 6.845473766326904297e+00
8.600000000000000000e+01 9.527999104645114015e-01 0.000000000000000000e+00 6.848288059234619141e+00
8.700000000000000000e+01 9.543993142945454977e-01 0.000000000000000000e+00 6.852282047271728516e+00
8.800000000000000000e+01 9.561063449545220694e-01 0.000000000000000000e+00 6.855552673339843750e+00
8.900000000000000000e+01 9.574359703225756579e-01 0.000000000000000000e+00 6.858361721038818359e+00
9.000000000000000000e+01 9.580115029464685295e-01 0.000000000000000000e+00 6.861418247222900391e+00
9.100000000000000000e+01 9.587511804142690996e-01 0.000000000000000000e+00 6.865147113800048828e+00
9.200000000000000000e+01 9.593544641536848605e-01 0.000000000000000000e+00 6.868023395538330078e+00
9.300000000000000000e+01 9.603333127625198751e-01 0.000000000000000000e+00 6.870530128479003906e+00
9.400000000000000000e+01 9.608302646042752304e-01 0.000000000000000000e+00 6.872612953186035156e+00
9.500000000000000000e+01 9.620003376170054299e-01 0.000000000000000000e+00 6.874512672424316406e+00
9.600000000000000000e+01 9.627078729315927674e-01 0.000000000000000000e+00 6.876835346221923828e+00
9.700000000000000000e+01 9.633777971944210705e-01 0.000000000000000000e+00 6.880377292633056641e+00
9.800000000000000000e+01 9.641795042698062534e-01 0.000000000000000000e+00 6.882432460784912109e+00
9.900000000000000000e+01 9.648908058218881312e-01 0.000000000000000000e+00 6.884058475494384766e+00
1.000000000000000000e+02 9.648846380289904934e-01 0.000000000000000000e+00 6.885461807250976562e+00
1.010000000000000000e+02 9.661799508304913520e-01 0.000000000000000000e+00 6.886569023132324219e+00
1.020000000000000000e+02 9.665106434895947007e-01 0.000000000000000000e+00 6.888286590576171875e+00
1.030000000000000000e+02 9.668595949837159864e-01 0.000000000000000000e+00 6.890621185302734375e+00
1.040000000000000000e+02 9.673700285577129243e-01 0.000000000000000000e+00 6.892630577087402344e+00
1.050000000000000000e+02 9.678281997603456199e-01 0.000000000000000000e+00 6.893993377685546875e+00
1.060000000000000000e+02 9.692969610824609950e-01 0.000000000000000000e+00 6.895646095275878906e+00
1.070000000000000000e+02 9.691347699632422152e-01 0.000000000000000000e+00 6.896745681762695312e+00
1.080000000000000000e+02 9.699926086274046622e-01 0.000000000000000000e+00 6.898337841033935547e+00
1.090000000000000000e+02 9.695345999892542865e-01 0.000000000000000000e+00 6.898981571197509766e+00
1.100000000000000000e+02 9.708410069633469641e-01 0.000000000000000000e+00 6.900476455688476562e+00
1.110000000000000000e+02 9.710350142831762899e-01 0.000000000000000000e+00 6.901094436645507812e+00
1.120000000000000000e+02 9.715976033976819748e-01 0.000000000000000000e+00 6.901616096496582031e+00
1.130000000000000000e+02 9.717439321169615285e-01 0.000000000000000000e+00 6.902564048767089844e+00
1.140000000000000000e+02 9.719574653343021620e-01 0.000000000000000000e+00 6.902335166931152344e+00
1.150000000000000000e+02 9.726332400342079243e-01 0.000000000000000000e+00 6.903912544250488281e+00
1.160000000000000000e+02 9.738398840355542152e-01 0.000000000000000000e+00 6.904639720916748047e+00
1.170000000000000000e+02 9.739716314201792846e-01 0.000000000000000000e+00 6.905618190765380859e+00
1.180000000000000000e+02 9.738486558728828291e-01 0.000000000000000000e+00 6.906935214996337891e+00
1.190000000000000000e+02 9.752628515149602828e-01 0.000000000000000000e+00 6.906591892242431641e+00
1.200000000000000000e+02 9.751742914662057116e-01 0.000000000000000000e+00 6.908649444580078125e+00
1.210000000000000000e+02 9.752031876106875830e-01 0.000000000000000000e+00 6.909869194030761719e+00
1.220000000000000000e+02 9.759984072300574853e-01 0.000000000000000000e+00 6.911963462829589844e+00
1.230000000000000000e+02 9.751964028438704357e-01 0.000000000000000000e+00 6.912806510925292969e+00
1.240000000000000000e+02 9.763979833313329859e-01 0.000000000000000000e+00 6.912705898284912109e+00
1.250000000000000000e+02 9.760076494379242851e-01 0.000000000000000000e+00 6.913340568542480469e+00
1.260000000000000000e+02 9.773186201272621165e-01 0.000000000000000000e+00 6.914432525634765625e+00
1.270000000000000000e+02 9.765402736655197646e-01 0.000000000000000000e+00 6.914095401763916016e+00
1.280000000000000000e+02 9.762214570686172932e-01 0.000000000000000000e+00 6.914578914642333984e+00
1.290000000000000000e+02 9.771465717754005409e-01 0.000000000000000000e+00 6.915078639984130859e+00
1.300000000000000000e+02 9.767094040816536316e-01 0.000000000000000000e+00 6.915978908538818359e+00
1.310000000000000000e+02 9.770937632459996136e-01 0.000000000000000000e+00 6.916217803955078125e+00
1.320000000000000000e+02 9.774951603769129749e-01 0.000000000000000000e+00 6.916985988616943359e+00
1.330000000000000000e+02 9.782839094741283548e-01 0.000000000000000000e+00 6.916975021362304688e+00
1.340000000000000000e+02 9.778303430964653264e-01 0.000000000000000000e+00 6.918241977691650391e+00
1.350000000000000000e+02 9.769823648925524129e-01 0.000000000000000000e+00 6.919462203979492188e+00
1.360000000000000000e+02 9.771335099171818417e-01 0.000000000000000000e+00 6.919994354248046875e+00
1.370000000000000000e+02 9.780042030445563750e-01 0.000000000000000000e+00 6.920651912689208984e+00
1.380000000000000000e+02 9.781545864471966611e-01 0.000000000000000000e+00 6.921066761016845703e+00
1.390000000000000000e+02 9.779532954138766554e-01 0.000000000000000000e+00 6.920658588409423828e+00
1.400000000000000000e+02 9.782603940625792527e-01 0.000000000000000000e+00 6.920659542083740234e+00
1.410000000000000000e+02 9.786764692157605694e-01 0.000000000000000000e+00 6.920701980590820312e+00
1.420000000000000000e+02 9.783563045076540954e-01 0.000000000000000000e+00 6.920781135559082031e+00
1.430000000000000000e+02 9.786928558682104207e-01 0.000000000000000000e+00 6.921875000000000000e+00
1.440000000000000000e+02 9.788576440313686566e-01 0.000000000000000000e+00 6.923097133636474609e+00
1.450000000000000000e+02 9.783689808271905930e-01 0.000000000000000000e+00 6.923758506774902344e+00
1.460000000000000000e+02 9.790787490795652692e-01 0.000000000000000000e+00 6.924035072326660156e+00
1.470000000000000000e+02 9.787927177824483627e-01 0.000000000000000000e+00 6.923781394958496094e+00
1.480000000000000000e+02 9.785314125444171118e-01 0.000000000000000000e+00 6.922276973724365234e+00
1.490000000000000000e+02 9.789194980155291326e-01 0.000000000000000000e+00 6.922434806823730469e+00
1.500000000000000000e+02 9.790648079891535183e-01 0.000000000000000000e+00 6.921679019927978516e+00
1.510000000000000000e+02 9.792476546119127656e-01 0.000000000000000000e+00 6.921258926391601562e+00
1.520000000000000000e+02 9.793785124913799711e-01 0.000000000000000000e+00 6.920920848846435547e+00
1.530000000000000000e+02 9.799107888256398669e-01 0.000000000000000000e+00 6.922098636627197266e+00
1.540000000000000000e+02 9.790117295280926779e-01 0.000000000000000000e+00 6.921779155731201172e+00
1.550000000000000000e+02 9.791366593312919031e-01 0.000000000000000000e+00 6.921564579010009766e+00
1.560000000000000000e+02 9.795958081993461075e-01 0.000000000000000000e+00 6.921657085418701172e+00
1.570000000000000000e+02 9.797116568151849059e-01 0.000000000000000000e+00 6.922270298004150391e+00
1.580000000000000000e+02 9.787202599802756753e-01 0.000000000000000000e+00 6.922295093536376953e+00
1.590000000000000000e+02 9.790518224995103935e-01 0.000000000000000000e+00 6.922765254974365234e+00
1.600000000000000000e+02 9.797547794243234298e-01 0.000000000000000000e+00 6.923552989959716797e+00
1.610000000000000000e+02 9.800582268559350219e-01 0.000000000000000000e+00 6.923996448516845703e+00
1.620000000000000000e+02 9.802864625429638101e-01 0.000000000000000000e+00 6.923801898956298828e+00
1.630000000000000000e+02 9.794464164917672244e-01 0.000000000000000000e+00 6.923710823059082031e+00
1.640000000000000000e+02 9.809328989159946666e-01 0.000000000000000000e+00 6.924544811248779297e+00
1.650000000000000000e+02 9.798768716198621442e-01 0.000000000000000000e+00 6.924485683441162109e+00
1.660000000000000000e+02 9.806707092513090585e-01 0.000000000000000000e+00 6.924654960632324219e+00
1.670000000000000000e+02 9.802184962245649169e-01 0.000000000000000000e+00 6.924130439758300781e+00
1.680000000000000000e+02 9.808814963071875725e-01 0.000000000000000000e+00 6.924099922180175781e+00
1.690000000000000000e+02 9.804874373301074586e-01 0.000000000000000000e+00 6.924560546875000000e+00
1.700000000000000000e+02 9.813279659433270519e-01 0.000000000000000000e+00 6.924639701843261719e+00
1.710000000000000000e+02 9.812410619579899906e-01 0.000000000000000000e+00 6.924604415893554688e+00
1.720000000000000000e+02 9.814730061342024081e-01 0.000000000000000000e+00 6.924886703491210938e+00
1.730000000000000000e+02 9.813137785268872815e-01 0.000000000000000000e+00 6.925520420074462891e+00
1.740000000000000000e+02 9.810832487796535828e-01 0.000000000000000000e+00 6.926552295684814453e+00
1.750000000000000000e+02 9.810139887157667271e-01 0.000000000000000000e+00 6.926341533660888672e+00
1.760000000000000000e+02 9.812434100927436287e-01 0.000000000000000000e+00 6.927190303802490234e+00
1.770000000000000000e+02 9.817673018687631536e-01 0.000000000000000000e+00 6.927243709564208984e+00
1.780000000000000000e+02 9.823740643351888124e-01 0.000000000000000000e+00 6.926674365997314453e+00
1.790000000000000000e+02 9.818305524162387332e-01 0.000000000000000000e+00 6.927849292755126953e+00
1.800000000000000000e+02 9.815981938154023645e-01 0.000000000000000000e+00 6.928122043609619141e+00
1.810000000000000000e+02 9.819465308077087728e-01 0.000000000000000000e+00 6.928220272064208984e+00
1.820000000000000000e+02 9.821455155248491886e-01 0.000000000000000000e+00 6.927359580993652344e+00
1.830000000000000000e+02 9.816787439008156646e-01 0.000000000000000000e+00 6.927736282348632812e+00
1.840000000000000000e+02 9.821497326213901591e-01 0.000000000000000000e+00 6.927965164184570312e+00
1.850000000000000000e+02 9.821496204099139371e-01 0.000000000000000000e+00 6.928100585937500000e+00
1.860000000000000000e+02 9.822858263837350723e-01 0.000000000000000000e+00 6.928741931915283203e+00
1.870000000000000000e+02 9.819896575290014695e-01 0.000000000000000000e+00 6.928928852081298828e+00
1.880000000000000000e+02 9.816983180289363675e-01 0.000000000000000000e+00 6.929535388946533203e+00
1.890000000000000000e+02 9.819392248225471409e-01 0.000000000000000000e+00 6.929500579833984375e+00
1.900000000000000000e+02 9.823349078564688197e-01 0.000000000000000000e+00 6.929347515106201172e+00
1.910000000000000000e+02 9.822840922957982723e-01 0.000000000000000000e+00 6.928537845611572266e+00
1.920000000000000000e+02 9.817499455986302692e-01 0.000000000000000000e+00 6.928575992584228516e+00
1.930000000000000000e+02 9.826917285511385103e-01 0.000000000000000000e+00 6.927958488464355469e+00
1.940000000000000000e+02 9.818258288657145672e-01 0.000000000000000000e+00 6.927943706512451172e+00
1.950000000000000000e+02 9.825979321104660880e-01 0.000000000000000000e+00 6.928466320037841797e+00
1.960000000000000000e+02 9.824046159021307956e-01 0.000000000000000000e+00 6.928620338439941406e+00
1.970000000000000000e+02 9.826355654182881150e-01 0.000000000000000000e+00 6.929355144500732422e+00
1.980000000000000000e+02 9.826103078846122330e-01 0.000000000000000000e+00 6.929561614990234375e+00
1.990000000000000000e+02 9.821933418592559972e-01 0.000000000000000000e+00 6.929577350616455078e+00
2.000000000000000000e+02 9.791236755812906534e-01 5.682860373603719484e-02 4.249866485595703125e+00
2.010000000000000000e+02 9.737518330264751665e-01 6.878918592892163675e-02 4.402557373046875000e+00
2.020000000000000000e+02 9.649239360272869881e-01 8.667345283136122791e-02 4.543436050415039062e+00
2.030000000000000000e+02 9.507911511334758980e-01 1.100029891873034876e-01 4.672623157501220703e+00
2.040000000000000000e+02 9.340431566798020890e-01 1.329298583716661264e-01 4.791883468627929688e+00
2.050000000000000000e+02 9.113204991323469173e-01 1.588390180431035748e-01 4.900092601776123047e+00
2.060000000000000000e+02 8.857866496240728305e-01 1.873046650970701665e-01 5.001794338226318359e+00
2.070000000000000000e+02 8.554675095963054643e-01 2.160835825975136182e-01 5.094717025756835938e+00
2.080000000000000000e+02 8.249650558026520031e-01 2.433131635278344418e-01 5.181635856628417969e+00
2.090000000000000000e+02 7.934778494684248118e-01 2.673531775043458958e-01 5.259605884552001953e+00
2.100000000000000000e+02 7.607212437819012019e-01 2.918117681003809527e-01 5.333466529846191406e+00
2.110000000000000000e+02 7.306960555454063977e-01 3.170841402987298885e-01 5.403510093688964844e+00
2.120000000000000000e+02 6.985588190141502896e-01 3.384752314783198712e-01 5.468084812164306641e+00
2.130000000000000000e+02 6.703956680366992549e-01 3.617206953375851630e-01 5.529901027679443359e+00
2.140000000000000000e+02 6.404893412993017954e-01 3.856515355598074679e-01 5.585904121398925781e+00
2.150000000000000000e+02 6.124995177944330127e-01 4.031628935454850682e-01 5.639810085296630859e+00
2.160000000000000000e+02 5.864910139896404306e-01 4.266504466301854204e-01 5.691834926605224609e+00
2.170000000000000000e+02 5.615049823107883809e-01 4.439439418961061423e-01 5.740851879119873047e+00
2.180000000000000000e+02 5.386892310630300162e-01 4.630504744135315320e-01 5.785883903503417969e+00
2.190000000000000000e+02 5.157696563401272805e-01 4.821281564241694517e-01 5.829727649688720703e+00
2.200000000000000000e+02 4.945009758834542635e-01 4.989166572051251802e-01 5.871057987213134766e+00
2.210000000000000000e+02 4.744425001172788425e-01 5.146588898443126281e-01 5.911331653594970703e+00
2.220000000000000000e+02 4.545417280574446939e-01 5.353625444493684826e-01 5.949191093444824219e+00
2.230000000000000000e+02 4.339580856096801331e-01 5.479889196413966213e-01 5.985446929931640625e+00
2.240000000000000000e+02 4.172813311846293449e-01 5.657876258869219965e-01 6.019863605499267578e+00
2.250000000000000000e+02 4.013370345399955297e-01 5.814309697643099684e-01 6.052900791168212891e+00
2.260000000000000000e+02 3.843980641696383427e-01 5.950589166113476880e-01 6.085341453552246094e+00
2.270000000000000000e+02 3.689890670606948975e-01 6.097779953294084621e-01 6.116515636444091797e+00
2.280000000000000000e+02 3.516527367274223659e-01 6.247073155829362401e-01 6.146716117858886719e+00
2.290000000000000000e+02 3.391082084441324196e-01 6.359650963081396879e-01 6.176473617553710938e+00
2.300000000000000000e+02 3.226304103786746258e-01 6.491966376015925189e-01 6.204726696014404297e+00
2.310000000000000000e+02 3.135377037220216656e-01 6.632224902503393027e-01 6.231306076049804688e+00
2.320000000000000000e+02 3.011754646966446347e-01 6.773846182965214124e-01 6.257298469543457031e+00
2.330000000000000000e+02 2.907612191043915661e-01 6.879987876641516786e-01 6.282755374908447266e+00
2.340000000000000000e+02 2.798377799013399558e-01 6.984831661440841222e-01 6.305735111236572266e+00
2.350000000000000000e+02 2.672798903292790684e-01 7.094553560620122656e-01 6.328238487243652344e+00
2.360000000000000000e+02 2.581748300749546754e-01 7.216742476129338613e-01 6.350133419036865234e+00
2.370000000000000000e+02 2.470407104196198078e-01 7.306619178297178996e-01 6.371913433074951172e+00
2.380000000000000000e+02 2.389319774162363685e-01 7.418935341284713658e-01 6.393117427825927734e+00
2.390000000000000000e+02 2.334421112470957127e-01 7.515231923750628207e-01 6.412782192230224609e+00
2.400000000000000000e+02 2.231537769951127403e-01 7.618599118703796025e-01 6.433108806610107422e+00
2.410000000000000000e+02 2.166227656320174610e-01 7.691086639182700413e-01 6.451584815979003906e+00
2.420000000000000000e+02 2.068578735083042852e-01 7.780196778944049596e-01 6.468214511871337891e+00
2.430000000000000000e+02 1.993906421169635290e-01 7.872873536620246249e-01 6.485518932342529297e+00
2.440000000000000000e+02 1.946023417494730789e-01 7.963087351661091162e-01 6.502238273620605469e+00
2.450000000000000000e+02 1.857568536787828906e-01 8.043038864674274535e-01 6.518721580505371094e+00
2.460000000000000000e+02 1.807497158687495775e-01 8.109730890295805406e-01 6.534380912780761719e+00
2.470000000000000000e+02 1.751447031339265492e-01 8.182501919900835308e-01 6.548362255096435547e+00
2.480000000000000000e+02 1.692559848537221745e-01 8.257019904856242043e-01 6.563501834869384766e+00
2.490000000000000000e+02 1.652008427420999515e-01 8.318344883836378267e-01 6.576159954071044922e+00
2.500000000000000000e+02 1.595874882237579284e-01 8.399022060719243399e-01 6.589321613311767578e+00
2.510000000000000000e+02 1.556355169422868612e-01 8.442790819900680699e-01 6.601763248443603516e+00
2.520000000000000000e+02 1.505361741302870815e-01 8.502167035881232904e-01 6.614741802215576172e+00
2.530000000000000000e+02 1.474225224073820173e-01 8.566695401852577607e-01 6.626316547393798828e+00
2.540000000000000000e+02 1.418023182888453193e-01 8.604610267051574501e-01 6.637387275695800781e+00
2.550000000000000000e+02 1.390682250961551014e-01 8.670691013265802161e-01 6.648195266723632812e+00
2.560000000000000000e+02 1.343780517552267406e-01 8.722543616849732784e-01 6.659361362457275391e+00
2.570000000000000000e+02 1.324634643551336755e-01 8.762283192399152876e-01 6.669472217559814453e+00
2.580000000000000000e+02 1.263496338440715516e-01 8.801306220856657259e-01 6.679163455963134766e+00
2.590000000000000000e+02 1.239971230927341128e-01 8.844247521871869688e-01 6.689206600189208984e+00
2.600000000000000000e+02 1.212762278126700288e-01 8.881505454025635515e-01 6.697304248809814453e+00
2.610000000000000000e+02 1.189652078608238600e-01 8.928686476686211737e-01 6.706044197082519531e+00
2.620000000000000000e+02 1.146694184301493974e-01 8.946409088694582401e-01 6.715313911437988281e+00
2.630000000000000000e+02 1.150230209304420048e-01 8.988274102743345484e-01 6.723512649536132812e+00
2.640000000000000000e+02 1.103645334463358579e-01 9.012045491323162905e-01 6.731328010559082031e+00
2.650000000000000000e+02 1.056637792544528193e-01 9.061416362538846636e-01 6.737971305847167969e+00
2.660000000000000000e+02 1.049967290177403895e-01 9.083205691525298997e-01 6.745231151580810547e+00
2.670000000000000000e+02 1.030486243992258522e-01 9.124896373805315708e-01 6.753478527069091797e+00
2.680000000000000000e+02 1.021925142837234873e-01 9.151766677038400966e-01 6.760004043579101562e+00
2.690000000000000000e+02 9.973271898337326968e-02 9.170006703775507306e-01 6.767090797424316406e+00
2.700000000000000000e+02 9.763711617195652837e-02 9.200475238419816293e-01 6.772537708282470703e+00
2.710000000000000000e+02 9.450550527717395399e-02 9.226348621812926476e-01 6.777344703674316406e+00
2.720000000000000000e+02 9.352858379289132051e-02 9.249399466171023265e-01 6.784429550170898438e+00
2.730000000000000000e+02 9.019063421375203560e-02 9.279210178989358848e-01 6.790246009826660156e+00
2.740000000000000000e+02 8.896816251538261500e-02 9.296408871425074771e-01 6.795015335083007812e+00
2.750000000000000000e+02 8.648449190935365849e-02 9.315095242161338662e-01 6.800577163696289062e+00
2.760000000000000000e+02 8.753156865203953751e-02 9.327457648641727106e-01 6.806834220886230469e+00
2.770000000000000000e+02 8.374956576821973586e-02 9.361254012088855436e-01 6.811980247497558594e+00
2.780000000000000000e+02 8.148810471848222381e-02 9.370439622064503649e-01 6.816878318786621094e+00
2.790000000000000000e+02 8.245439762106766823e-02 9.416069474753508972e-01 6.821815013885498047e+00
2.800000000000000000e+02 8.197896540706632595e-02 9.419442997368224768e-01 6.826220512390136719e+00
2.810000000000000000e+02 7.954084637591490869e-02 9.427438378878133518e-01 6.829650878906250000e+00
2.820000000000000000e+02 7.744724516273661374e-02 9.433694686950435671e-01 6.833945751190185547e+00
2.830000000000000000e+02 7.844183858551044553e-02 9.447867281243890192e-01 6.836884498596191406e+00
2.840000000000000000e+02 7.638143568866136157e-02 9.472344797128589011e-01 6.839835166931152344e+00
2.850000000000000000e+02 7.372599961708027616e-02 9.485587194748439366e-01 6.843091964721679688e+00
2.860000000000000000e+02 7.267699383317333117e-02 9.502957562299422234e-01 6.846572399139404297e+00
2.870000000000000000e+02 7.165264630711022653e-02 9.515601273303010421e-01 6.849547386169433594e+00
2.880000000000000000e+02 7.164566788517127971e-02 9.538195567611222891e-01 6.853717803955078125e+00
2.890000000000000000e+02 7.132517113273705023e-02 9.554553594688832696e-01 6.855646610260009766e+00
2.900000000000000000e+02 7.144744082874507352e-02 9.550485888493920328e-01 6.856832027435302734e+00
2.910000000000000000e+02 6.748482194021127034e-02 9.569223158553357145e-01 6.859505176544189453e+00
2.920000000000000000e+02 6.917474274956508795e-02 9.590210471562504724e-01 6.862533092498779297e+00
2.930000000000000000e+02 6.789669644966564444e-02 9.594384199694840909e-01 6.864359378814697266e+00
2.940000000000000000e+02 6.719082128678470489e-02 9.599217149686957162e-01 6.865675926208496094e+00
2.950000000000000000e+02 6.827934939518739976e-02 9.613706507254461409e-01 6.867054462432861328e+00
2.960000000000000000e+02 6.698944693504921277e-02 9.622399564510338843e-01 6.869264602661132812e+00
2.970000000000000000e+02 6.450635051978631518e-02 9.635620269298873497e-01 6.871140480041503906e+00
2.980000000000000000e+02 6.515762573739544705e-02 9.642724701936081777e-01 6.872049808502197266e+00
2.990000000000000000e+02 6.497163100014374804e-02 9.660420052044600414e-01 6.874698162078857422e+00
3.000000000000000000e+02 6.179605892998214084e-02 9.659608135496524639e-01 6.876465320587158203e+00
3.010000000000000000e+02 6.215199947481373638e-02 9.669774661275368777e-01 6.878002643585205078e+00
3.020000000000000000e+02 6.164251732777949189e-02 9.669030270779814806e-01 6.878752708435058594e+00
3.030000000000000000e+02 6.269980811820087541e-02 9.671007924877295103e-01 6.882155895233154297e+00
3.040000000000000000e+02 6.210391278842416346e-02 9.674861531162957107e-01 6.885262489318847656e+00
3.050000000000000000e+02 6.257096946817167216e-02 9.679026521317593001e-01 6.887268066406250000e+00
3.060000000000000000e+02 5.881150912450268387e-02 9.687636817710351123e-01 6.888000011444091797e+00
3.070000000000000000e+02 5.909333665224576759e-02 9.700750815824062956e-01 6.889234542846679688e+00
3.080000000000000000e+02 6.055757493453418905e-02 9.702111255311213212e-01 6.890738487243652344e+00
3.090000000000000000e+02 5.929256610150943768e-02 9.703825102751054699e-01 6.891387462615966797e+00
3.100000000000000000e+02 5.824096197027592986e-02 9.714945422078937742e-01 6.892122268676757812e+00
3.110000000000000000e+02 5.685788121074670382e-02 9.708830920748787729e-01 6.894077777862548828e+00
3.120000000000000000e+02 5.906414373553187103e-02 9.718655266813640559e-01 6.895505905151367188e+00
3.130000000000000000e+02 5.837212437973747503e-02 9.720111328613869617e-01 6.896469593048095703e+00
3.140000000000000000e+02 5.684513146375359122e-02 9.729511915011148648e-01 6.897517681121826172e+00
3.150000000000000000e+02 5.765462660840118408e-02 9.727803042494549413e-01 6.898293495178222656e+00
3.160000000000000000e+02 5.709872199303742818e-02 9.734018709299215866e-01 6.900509834289550781e+00
3.170000000000000000e+02 5.631702377247228136e-02 9.728009041479557251e-01 6.902038097381591797e+00
3.180000000000000000e+02 5.792340585781704382e-02 9.738393078497084021e-01 6.901753902435302734e+00
3.190000000000000000e+02 5.744075916173756874e-02 9.746877090127834542e-01 6.902928352355957031e+00
3.200000000000000000e+02 5.673014988631197575e-02 9.751966952472435057e-01 6.904529571533203125e+00
3.210000000000000000e+02 5.480934799756496945e-02 9.742859242466231917e-01 6.904553890228271484e+00
3.220000000000000000e+02 5.442691261548863318e-02 9.749791897363064841e-01 6.905354499816894531e+00
3.230000000000000000e+02 5.459460112887401517e-02 9.748323176287500003e-01 6.905788898468017578e+00
3.240000000000000000e+02 5.553181431826749448e-02 9.755179558101072512e-01 6.905826091766357422e+00
3.250000000000000000e+02 5.378621261409141652e-02 9.758046135228495288e-01 6.906832218170166016e+00
3.260000000000000000e+02 5.593584898428115293e-02 9.760446075843578484e-01 6.907371520996093750e+00
3.270000000000000000e+02 5.488602552405048851e-02 9.762827394488459154e-01 6.909076213836669922e+00
3.280000000000000000e+02 5.415226072577789679e-02 9.763197464794840519e-01 6.909380435943603516e+00
3.290000000000000000e+02 5.367236523575203561e-02 9.763501104625498250e-01 6.908651828765869141e+00
3.300000000000000000e+02 5.527462422507711803e-02 9.766653714755824112e-01 6.908387184143066406e+00
3.310000000000000000e+02 5.340585243409463889e-02 9.771719872546447139e-01 6.909391880035400391e+00
3.320000000000000000e+02 5.540058783246726987e-02 9.766416647810993723e-01 6.910026550292968750e+00
3.330000000000000000e+02 5.632445991807360358e-02 9.773818205306641360e-01 6.910629272460937500e+00
3.340000000000000000e+02 5.419695124472002912e-02 9.774719890570252590e-01 6.910867214202880859e+00
3.350000000000000000e+02 5.399858736091089906e-02 9.776643707895559254e-01 6.911493778228759766e+00
3.360000000000000000e+02 5.522657752226003275e-02 9.777506714834351964e-01 6.911477565765380859e+00
3.370000000000000000e+02 5.407193728128505822e-02 9.776425424109698170e-01 6.910768985748291016e+00
3.380000000000000000e+02 5.385016472157180822e-02 9.779015485849340550e-01 6.909982681274414062e+00
3.390000000000000000e+02 5.253804176101946333e-02 9.783166302754728871e-01 6.910140037536621094e+00
3.400000000000000000e+02 5.335915328470381552e-02 9.779869441710662414e-01 6.910412788391113281e+00
3.410000000000000000e+02 5.489687630314368794e-02 9.784681663320681233e-01 6.912495136260986328e+00
3.420000000000000000e+02 5.469899357949861707e-02 9.789963731587822959e-01 6.913903713226318359e+00
3.430000000000000000e+02 5.197799107532162510e-02 9.788174232316022572e-01 6.914558410644531250e+00
3.440000000000000000e+02 5.274071332641227378e-02 9.790326014345149819e-01 6.914286136627197266e+00
3.450000000000000000e+02 5.286722840635483395e-02 9.793109025730589723e-01 6.914681434631347656e+00
3.460000000000000000e+02 5.156768107234627196e-02 9.794160444894094431e-01 6.915627956390380859e+00
3.470000000000000000e+02 5.273961937177956000e-02 9.789603460375830846e-01 6.916039466857910156e+00
3.480000000000000000e+02 5.276570052589193982e-02 9.802551017313231307e-01 6.915068626403808594e+00
3.490000000000000000e+02 5.125107599479437892e-02 9.789262816087953567e-01 6.915500164031982422e+00
3.500000000000000000e+02 5.298865397902910446e-02 9.792450001412021932e-01 6.915821552276611328e+00
3.510000000000000000e+02 5.161289508285671346e-02 9.791783598781591547e-01 6.915965557098388672e+00
3.520000000000000000e+02 5.150818793849300248e-02 9.798437317123543933e-01 6.917114257812500000e+00
3.530000000000000000e+02 5.335506470094703718e-02 9.804048883483563737e-01 6.917799472808837891e+00
3.540000000000000000e+02 5.018481654611357118e-02 9.802244568320528373e-01 6.918087482452392578e+00
3.550000000000000000e+02 5.277167074161332599e-02 9.797270219178670914e-01 6.918727397918701172e+00
3.560000000000000000e+02 5.306142214006376312e-02 9.794225107874555691e-01 6.918906688690185547e+00
3.570000000000000000e+02 5.082328606393900217e-02 9.793605360427410922e-01 6.919007301330566406e+00
3.580000000000000000e+02 5.148874357684312536e-02 9.796587996118025776e-01 6.919250965118408203e+00
3.590000000000000000e+02 5.142882715237526159e-02 9.790767628486726215e-01 6.919818878173828125e+00
3.600000000000000000e+02 5.122811112385658450e-02 9.795191175065182110e-01 6.918196201324462891e+00
3.610000000000000000e+02 5.305932998305177423e-02 9.794145177765741783e-01 6.919512271881103516e+00
3.620000000000000000e+02 5.270081702344889957e-02 9.794195475561564557e-01 6.919478416442871094e+00
3.630000000000000000e+02 5.153005481990392128e-02 9.796869509138638188e-01 6.918718814849853516e+00
3.640000000000000000e+02 5.224061108804813752e-02 9.789106311711418540e-01 6.920224666595458984e+00
3.650000000000000000e+02 5.293943627068075503e-02 9.796503854151076274e-01 6.920519351959228516e+00
3.660000000000000000e+02 5.061052072575392136e-02 9.797502804525621833e-01 6.920576095581054688e+00
3.670000000000000000e+02 5.154938413660654917e-02 9.794879364275941303e-01 6.920699596405029297e+00
3.680000000000000000e+02 5.165511716159384981e-02 9.797609796014157268e-01 6.921640872955322266e+00
3.690000000000000000e+02 5.169402793086696341e-02 9.795957538779684892e-01 6.921470642089843750e+00
3.700000000000000000e+02 5.186861027780524658e-02 9.800717168321757544e-01 6.921285152435302734e+00
3.710000000000000000e+02 5.148946449675696063e-02 9.800358935906771096e-01 6.921166419982910156e+00
3.720000000000000000e+02 5.204316393233023724e-02 9.801377391949999129e-01 6.921487331390380859e+00
3.730000000000000000e+02 5.132346003592815065e-02 9.799669208106054352e-01 6.921683311462402344e+00
3.740000000000000000e+02 5.203485069595131102e-02 9.799453360979287764e-01 6.922029018402099609e+00
3.750000000000000000e+02 5.102732112818846727e-02 9.791955392307396533e-01 6.922305107116699219e+00
3.760000000000000000e+02 4.917516132062289824e-02 9.800365736774584446e-01 6.923775672912597656e+00
3.770000000000000000e+02 5.232894610507912020e-02 9.803265941140332229e-01 6.924783706665039062e+00
3.780000000000000000e+02 4.950404532808576341e-02 9.812100221685923218e-01 6.923616409301757812e+00
3.790000000000000000e+02 5.081424052952474013e-02 9.805296909516442172e-01 6.923996448516845703e+00
3.800000000000000000e+02 5.122879882316878214e-02 9.803158900038581036e-01 6.924215316772460938e+00
3.810000000000000000e+02 5.073724876763934660e-02 9.801819558277113931e-01 6.924310684204101562e+00
3.820000000000000000e+02 5.056211028620077180e-02 9.805107428251248480e-01 6.925043582916259766e+00
3.830000000000000000e+02 5.245999456214757439e-02 9.806834448777015378e-01 6.925858020782470703e+00
3.840000000000000000e+02 5.113543690257940644e-02 9.813169620739738974e-01 6.925787925720214844e+00
3.850000000000000000e+02 5.128395410663960652e-02 9.810598790231209732e-01 6.924871444702148438e+00
3.860000000000000000e+02 5.192997070689497202e-02 9.809533151488487590e-01 6.925362110137939453e+00
3.870000000000000000e+02 5.076506741742314172e-02 9.813093102180040495e-01 6.925531864166259766e+00
3.880000000000000000e+02 5.032231988273559026e-02 9.814709790968391134e-01 6.924882888793945312e+00
3.890000000000000000e+02 5.220196858108170496e-02 9.810637743538680455e-01 6.925045490264892578e+00
3.900000000000000000e+02 5.094276225193935387e-02 9.814422212597671002e-01 6.925072669982910156e+00
3.910000000000000000e+02 5.021454796166225504e-02 9.808707733915239535e-01 6.924530982971191406e+00
3.920000000000000000e+02 5.021223628768454322e-02 9.816520534045642954e-01 6.925272941589355469e+00
3.930000000000000000e+02 4.979106749187044850e-02 9.808107797585192689e-01 6.925154685974121094e+00
3.940000000000000000e+02 5.145325630870605654e-02 9.810027054660446222e-01 6.925351142883300781e+00
3.950000000000000000e+02 5.208517272427217598e-02 9.806558438195600580e-01 6.927039146423339844e+00
3.960000000000000000e+02 5.160977978081683626e-02 9.806325973323497536e-01 6.926592826843261719e+00
3.970000000000000000e+02 5.237865398087379609e-02 9.812550985135410908e-01 6.927512168884277344e+00
3.980000000000000000e+02 4.961089541488977739e-02 9.816958806528484072e-01 6.927763938903808594e+00
