0.000000000000000000e+00 2.218538833428356782e-01 0.000000000000000000e+00 1.744659543037414551e+00
1.000000000000000000e+00 3.149035863892765685e-01 0.000000000000000000e+00 1.880345940589904785e+00
2.000000000000000000e+00 4.013698634726974857e-01 0.000000000000000000e+00 1.994140028953552246e+00
3.000000000000000000e+00 4.805169393264003275e-01 0.000000000000000000e+00 2.088769912719726562e+00
4.000000000000000000e+00 5.482092172491503934e-01 0.000000000000000000e+00 2.168117046356201172e+00
5.000000000000000000e+00 6.116331598320887686e-01 0.000000000000000000e+00 2.236244440078735352e+00
6.000000000000000000e+00 6.644334714257614793e-01 0.000000000000000000e+00 2.295607566833496094e+00
7.000000000000000000e+00 7.122242818412619636e-01 0.000000000000000000e+00 2.346443414688110352e+00
8.000000000000000000e+00 7.496375873897666020e-01 0.000000000000000000e+00 2.391985893249511719e+00
9.000000000000000000e+00 7.797364122520707985e-01 0.000000000000000000e+00 2.431241512298583984e+00
1.000000000000000000e+01 8.139787688310827773e-01 0.000000000000000000e+00 2.466044902801513672e+00
1.100000000000000000e+01 8.407727308187659121e-01 0.000000000000000000e+00 2.498020410537719727e+00
1.200000000000000000e+01 8.609660687165660020e-01 0.000000000000000000e+00 2.525618553161621094e+00
1.300000000000000000e+01 8.794483621249702399e-01 0.000000000000000000e+00 2.551263093948364258e+00
1.400000000000000000e+01 8.961045718874485200e-01 0.000000000000000000e+00 2.574338436126708984e+00
1.500000000000000000e+01 9.090461663841674644e-01 0.000000000000000000e+00 2.595668077468872070e+00
1.600000000000000000e+01 9.262280643143081527e-01 0.000000000000000000e+00 2.614294052124023438e+00
1.700000000000000000e+01 9.345295726938344094e-01 0.000000000000000000e+00 2.631733417510986328e+00
1.800000000000000000e+01 9.452371381811613960e-01 0.000000000000000000e+00 2.647384405136108398e+00
1.900000000000000000e+01 9.516068913627067083e-01 0.000000000000000000e+00 2.661792516708374023e+00
2.000000000000000000e+01 9.580658114106724854e-01 0.000000000000000000e+00 2.675004005432128906e+00
2.100000000000000000e+01 9.654787608688985001e-01 0.000000000000000000e+00 2.687716007232666016e+00
2.200000000000000000e+01 9.694898696676589323e-01 0.000000000000000000e+00 2.698722600936889648e+00
2.300000000000000000e+01 9.736602468903238217e-01 0.000000000000000000e+00 2.709109067916870117e+00
2.400000000000000000e+01 9.774549794381832690e-01 0.000000000000000000e+00 2.717508077621459961e+00
2.500000000000000000e+01 9.812587137296905349e-01 0.000000000000000000e+00 2.726243019104003906e+00
2.600000000000000000e+01 9.861820284788179736e-01 0.000000000000000000e+00 2.734659433364868164e+00
2.700000000000000000e+01 9.870451954815450124e-01 0.000000000000000000e+00 2.742333412170410156e+00
2.800000000000000000e+01 9.898116372896085258e-01 0.000000000000000000e+00 2.748779058456420898e+00
2.900000000000000000e+01 9.898295164539085977e-01 0.000000000000000000e+00 2.755239009857177734e+00
3.000000000000000000e+01 9.925521264627938933e-01 0.000000000000000000e+00 2.761064052581787109e+00
3.100000000000000000e+01 9.937499369689080098e-01 0.000000000000000000e+00 2.766454458236694336e+00
3.200000000000000000e+01 9.959297845321325449e-01 0.000000000000000000e+00 2.771014928817749023e+00
3.300000000000000000e+01 9.958074695286608380e-01 0.000000000000000000e+00 2.775523424148559570e+00
3.400000000000000000e+01 9.960256638393276685e-01 0.000000000000000000e+00 2.779838562011718750e+00
3.500000000000000000e+01 9.965198227808415021e-01 0.000000000000000000e+00 2.783483982086181641e+00
3.600000000000000000e+01 9.977671723504053514e-01 0.000000000000000000e+00 2.786942481994628906e+00
3.700000000000000000e+01 9.982669949017783928e-01 0.000000000000000000e+00 2.789418935775756836e+00
3.800000000000000000e+01 9.975897882572841713e-01 0.000000000000000000e+00 2.792587995529174805e+00
3.900000000000000000e+01 9.987789423257603660e-01 0.000000000000000000e+00 2.795906066894531250e+00
4.000000000000000000e+01 9.993560189843353481e-01 0.000000000000000000e+00 2.798486471176147461e+00
4.100000000000000000e+01 9.991906189968802199e-01 0.000000000000000000e+00 2.801089525222778320e+00
4.200000000000000000e+01 9.991862476013751992e-01 0.000000000000000000e+00 2.802982091903686523e+00
4.300000000000000000e+01 9.995491783355237025e-01 0.000000000000000000e+00 2.804635524749755859e+00
4.400000000000000000e+01 9.997255271121938680e-01 0.000000000000000000e+00 2.805941581726074219e+00
4.500000000000000000e+01 9.995671134391113100e-01 0.000000000000000000e+00 2.808300495147705078e+00
4.600000000000000000e+01 9.993293214598958363e-01 0.000000000000000000e+00 2.809841394424438477e+00
4.700000000000000000e+01 9.995633964604838662e-01 0.000000000000000000e+00 2.810808420181274414e+00
4.800000000000000000e+01 9.996453476120269466e-01 0.000000000000000000e+00 2.811923503875732422e+00
4.900000000000000000e+01 9.998947087007303836e-01 0.000000000000000000e+00 2.813539028167724609e+00
5.000000000000000000e+01 9.998129091097284205e-01 0.000000000000000000e+00 2.815008401870727539e+00
5.100000000000000000e+01 9.998175086436422720e-01 0.000000000000000000e+00 2.816231489181518555e+00
5.200000000000000000e+01 9.998626795265538325e-01 0.000000000000000000e+00 2.817198991775512695e+00
5.300000000000000000e+01 9.998147087007305256e-01 0.000000000000000000e+00 2.817955970764160156e+00
5.400000000000000000e+01 9.997275512927170649e-01 0.000000000000000000e+00 2.818496465682983398e+00
5.500000000000000000e+01 9.999753538620206328e-01 0.000000000000000000e+00 2.819644927978515625e+00
5.600000000000000000e+01 9.999753538620206328e-01 0.000000000000000000e+00 2.820054054260253906e+00
5.700000000000000000e+01 9.999753538620206328e-01 0.000000000000000000e+00 2.820411443710327148e+00
5.800000000000000000e+01 9.999753538620206328e-01 0.000000000000000000e+00 2.820820093154907227e+00
5.900000000000000000e+01 9.999753538620206328e-01 0.000000000000000000e+00 2.821305513381958008e+00
6.000000000000000000e+01 9.998642696885463588e-01 0.000000000000000000e+00 2.822296380996704102e+00
6.100000000000000000e+01 9.998298038428901080e-01 0.000000000000000000e+00 2.822635889053344727e+00
6.200000000000000000e+01 9.998445025516239371e-01 0.000000000000000000e+00 2.822439432144165039e+00
6.300000000000000000e+01 9.998947087007303836e-01 0.000000000000000000e+00 2.823003530502319336e+00
6.400000000000000000e+01 9.999753538620206328e-01 0.000000000000000000e+00 2.823458909988403320e+00
6.500000000000000000e+01 9.999753538620206328e-01 0.000000000000000000e+00 2.823790073394775391e+00
6.600000000000000000e+01 9.999753538620206328e-01 0.000000000000000000e+00 2.824183464050292969e+00
6.700000000000000000e+01 9.999753538620206328e-01 0.000000000000000000e+00 2.823985099792480469e+00
6.800000000000000000e+01 9.999753538620206328e-01 0.000000000000000000e+00 2.824441432952880859e+00
6.900000000000000000e+01 9.999753538620206328e-01 0.000000000000000000e+00 2.824366092681884766e+00
7.000000000000000000e+01 9.999753538620206328e-01 0.000000000000000000e+00 2.824805974960327148e+00
7.100000000000000000e+01 9.999753538620206328e-01 0.000000000000000000e+00 2.824515581130981445e+00
7.200000000000000000e+01 9.999753538620206328e-01 0.000000000000000000e+00 2.824663877487182617e+00
7.300000000000000000e+01 9.999753538620206328e-01 0.000000000000000000e+00 2.824442386627197266e+00
7.400000000000000000e+01 9.999753538620206328e-01 0.000000000000000000e+00 2.824702978134155273e+00
7.500000000000000000e+01 9.999753538620206328e-01 0.000000000000000000e+00 2.825045108795166016e+00
7.600000000000000000e+01 9.999753538620206328e-01 0.000000000000000000e+00 2.825042486190795898e+00
7.700000000000000000e+01 9.999753538620206328e-01 0.000000000000000000e+00 2.825351953506469727e+00
7.800000000000000000e+01 9.999753538620206328e-01 0.000000000000000000e+00 2.825624942779541016e+00
7.900000000000000000e+01 9.999753538620206328e-01 0.000000000000000000e+00 2.825588464736938477e+00
8.000000000000000000e+01 9.999753538620206328e-01 0.000000000000000000e+00 2.825252056121826172e+00
8.100000000000000000e+01 9.999753538620206328e-01 0.000000000000000000e+00 2.825359582901000977e+00
8.200000000000000000e+01 9.999753538620206328e-01 0.000000000000000000e+00 2.825184583663940430e+00
8.300000000000000000e+01 9.999753538620206328e-01 0.000000000000000000e+00 2.825410604476928711e+00
8.400000000000000000e+01 9.999753538620206328e-01 0.000000000000000000e+00 2.825245380401611328e+00
8.500000000000000000e+01 9.999753538620206328e-01 0.000000000000000000e+00 2.825270414352416992e+00
8.600000000000000000e+01 9.999753538620206328e-01 0.000000000000000000e+00 2.825227499008178711e+00
8.700000000000000000e+01 9.999753538620206328e-01 0.000000000000000000e+00 2.825819015502929688e+00
8.800000000000000000e+01 9.999753538620206328e-01 0.000000000000000000e+00 2.825834035873413086e+00
8.900000000000000000e+01 9.999753538620206328e-01 0.000000000000000000e+00 2.825943946838378906e+00
9.000000000000000000e+01 9.999753538620206328e-01 0.000000000000000000e+00 2.825991392135620117e+00
9.100000000000000000e+01 9.999753538620206328e-01 0.000000000000000000e+00 2.826199531555175781e+00
9.200000000000000000e+01 9.999753538620206328e-01 0.000000000000000000e+00 2.826592922210693359e+00
9.300000000000000000e+01 9.999753538620206328e-01 0.000000000000000000e+00 2.826418399810791016e+00
9.400000000000000000e+01 9.999753538620206328e-01 0.000000000000000000e+00 2.826691389083862305e+00
9.500000000000000000e+01 9.999753538620206328e-01 0.000000000000000000e+00 2.826778411865234375e+00
9.600000000000000000e+01 9.999753538620206328e-01 0.000000000000000000e+00 2.826972484588623047e+00
9.700000000000000000e+01 9.999753538620206328e-01 0.000000000000000000e+00 2.827344417572021484e+00
9.800000000000000000e+01 9.999753538620206328e-01 0.000000000000000000e+00 2.827638387680053711e+00
9.900000000000000000e+01 9.999753538620206328e-01 0.000000000000000000e+00 2.827671051025390625e+00
1.000000000000000000e+02 9.999753538620206328e-01 0.000000000000000000e+00 2.827714443206787109e+00
1.010000000000000000e+02 9.999753538620206328e-01 0.000000000000000000e+00 2.827656984329223633e+00
1.020000000000000000e+02 9.999753538620206328e-01 0.000000000000000000e+00 2.827820062637329102e+00
1.030000000000000000e+02 9.999753538620206328e-01 0.000000000000000000e+00 2.827495098114013672e+00
1.040000000000000000e+02 9.999753538620206328e-01 0.000000000000000000e+00 2.827774524688720703e+00
1.050000000000000000e+02 9.999753538620206328e-01 0.000000000000000000e+00 2.828173398971557617e+00
1.060000000000000000e+02 9.999753538620206328e-01 0.000000000000000000e+00 2.828213930130004883e+00
1.070000000000000000e+02 9.999753538620206328e-01 0.000000000000000000e+00 2.828515529632568359e+00
1.080000000000000000e+02 9.999753538620206328e-01 0.000000000000000000e+00 2.828028917312622070e+00
1.090000000000000000e+02 9.999753538620206328e-01 0.000000000000000000e+00 2.827766895294189453e+00
1.100000000000000000e+02 9.999753538620206328e-01 0.000000000000000000e+00 2.827548503875732422e+00
1.110000000000000000e+02 9.999753538620206328e-01 0.000000000000000000e+00 2.827519416809082031e+00
1.120000000000000000e+02 9.999753538620206328e-01 0.000000000000000000e+00 2.828208446502685547e+00
1.130000000000000000e+02 9.999753538620206328e-01 0.000000000000000000e+00 2.828294038772583008e+00
1.140000000000000000e+02 9.999753538620206328e-01 0.000000000000000000e+00 2.828269958496093750e+00
1.150000000000000000e+02 9.999753538620206328e-01 0.000000000000000000e+00 2.828062057495117188e+00
1.160000000000000000e+02 9.999753538620206328e-01 0.000000000000000000e+00 2.827841997146606445e+00
1.170000000000000000e+02 9.999753538620206328e-01 0.000000000000000000e+00 2.827226877212524414e+00
1.180000000000000000e+02 9.999753538620206328e-01 0.000000000000000000e+00 2.827154874801635742e+00
1.190000000000000000e+02 9.999753538620206328e-01 0.000000000000000000e+00 2.826896905899047852e+00
1.200000000000000000e+02 9.999753538620206328e-01 0.000000000000000000e+00 2.826698541641235352e+00
1.210000000000000000e+02 9.999753538620206328e-01 0.000000000000000000e+00 2.826570987701416016e+00
1.220000000000000000e+02 9.999753538620206328e-01 0.000000000000000000e+00 2.827226877212524414e+00
1.230000000000000000e+02 9.999753538620206328e-01 0.000000000000000000e+00 2.827019929885864258e+00
1.240000000000000000e+02 9.999753538620206328e-01 0.000000000000000000e+00 2.827391386032104492e+00
1.250000000000000000e+02 9.999753538620206328e-01 0.000000000000000000e+00 2.827399015426635742e+00
1.260000000000000000e+02 9.999753538620206328e-01 0.000000000000000000e+00 2.827316045761108398e+00
1.270000000000000000e+02 9.999753538620206328e-01 0.000000000000000000e+00 2.826858520507812500e+00
1.280000000000000000e+02 9.999753538620206328e-01 0.000000000000000000e+00 2.826753377914428711e+00
1.290000000000000000e+02 9.999753538620206328e-01 0.000000000000000000e+00 2.826945066452026367e+00
1.300000000000000000e+02 9.999753538620206328e-01 0.000000000000000000e+00 2.827210426330566406e+00
1.310000000000000000e+02 9.999753538620206328e-01 0.000000000000000000e+00 2.826668500900268555e+00
1.320000000000000000e+02 9.999753538620206328e-01 0.000000000000000000e+00 2.826422929763793945e+00
1.330000000000000000e+02 9.999753538620206328e-01 0.000000000000000000e+00 2.826323986053466797e+00
1.340000000000000000e+02 9.999753538620206328e-01 0.000000000000000000e+00 2.825839042663574219e+00
1.350000000000000000e+02 9.999753538620206328e-01 0.000000000000000000e+00 2.826050043106079102e+00
1.360000000000000000e+02 9.999753538620206328e-01 0.000000000000000000e+00 2.826497554779052734e+00
1.370000000000000000e+02 9.999753538620206328e-01 0.000000000000000000e+00 2.825969934463500977e+00
1.380000000000000000e+02 9.999753538620206328e-01 0.000000000000000000e+00 2.826215028762817383e+00
1.390000000000000000e+02 9.999753538620206328e-01 0.000000000000000000e+00 2.826582908630371094e+00
1.400000000000000000e+02 9.999753538620206328e-01 0.000000000000000000e+00 2.826697587966918945e+00
1.410000000000000000e+02 9.999753538620206328e-01 0.000000000000000000e+00 2.826687097549438477e+00
1.420000000000000000e+02 9.999753538620206328e-01 0.000000000000000000e+00 2.827484607696533203e+00
1.430000000000000000e+02 9.999753538620206328e-01 0.000000000000000000e+00 2.827755928039550781e+00
1.440000000000000000e+02 9.999753538620206328e-01 0.000000000000000000e+00 2.827774524688720703e+00
1.450000000000000000e+02 9.999753538620206328e-01 0.000000000000000000e+00 2.827594995498657227e+00
1.460000000000000000e+02 9.999753538620206328e-01 0.000000000000000000e+00 2.827274560928344727e+00
1.470000000000000000e+02 9.999753538620206328e-01 0.000000000000000000e+00 2.827153444290161133e+00
1.480000000000000000e+02 9.999753538620206328e-01 0.000000000000000000e+00 2.827296018600463867e+00
1.490000000000000000e+02 9.999753538620206328e-01 0.000000000000000000e+00 2.827767610549926758e+00
1.500000000000000000e+02 9.999753538620206328e-01 0.000000000000000000e+00 2.827728986740112305e+00
1.510000000000000000e+02 9.999753538620206328e-01 0.000000000000000000e+00 2.827550411224365234e+00
1.520000000000000000e+02 9.999753538620206328e-01 0.000000000000000000e+00 2.827751398086547852e+00
1.530000000000000000e+02 9.999753538620206328e-01 0.000000000000000000e+00 2.827610969543457031e+00
1.540000000000000000e+02 9.999753538620206328e-01 0.000000000000000000e+00 2.827447414398193359e+00
1.550000000000000000e+02 9.999753538620206328e-01 0.000000000000000000e+00 2.827362537384033203e+00
1.560000000000000000e+02 9.999753538620206328e-01 0.000000000000000000e+00 2.827134609222412109e+00
1.570000000000000000e+02 9.999753538620206328e-01 0.000000000000000000e+00 2.827393531799316406e+00
1.580000000000000000e+02 9.999753538620206328e-01 0.000000000000000000e+00 2.827036380767822266e+00
1.590000000000000000e+02 9.999753538620206328e-01 0.000000000000000000e+00 2.827400445938110352e+00
1.600000000000000000e+02 9.999753538620206328e-01 0.000000000000000000e+00 2.827337026596069336e+00
1.610000000000000000e+02 9.999753538620206328e-01 0.000000000000000000e+00 2.827138900756835938e+00
1.620000000000000000e+02 9.999753538620206328e-01 0.000000000000000000e+00 2.827184915542602539e+00
1.630000000000000000e+02 9.999753538620206328e-01 0.000000000000000000e+00 2.826875448226928711e+00
1.640000000000000000e+02 9.999753538620206328e-01 0.000000000000000000e+00 2.826950073242187500e+00
1.650000000000000000e+02 9.999753538620206328e-01 0.000000000000000000e+00 2.826642990112304688e+00
1.660000000000000000e+02 9.999753538620206328e-01 0.000000000000000000e+00 2.826252460479736328e+00
1.670000000000000000e+02 9.999753538620206328e-01 0.000000000000000000e+00 2.826857089996337891e+00
1.680000000000000000e+02 9.999753538620206328e-01 0.000000000000000000e+00 2.827044010162353516e+00
1.690000000000000000e+02 9.999753538620206328e-01 0.000000000000000000e+00 2.826667070388793945e+00
1.700000000000000000e+02 9.999753538620206328e-01 0.000000000000000000e+00 2.826847553253173828e+00
1.710000000000000000e+02 9.999753538620206328e-01 0.000000000000000000e+00 2.826669454574584961e+00
1.720000000000000000e+02 9.999753538620206328e-01 0.000000000000000000e+00 2.826638936996459961e+00
1.730000000000000000e+02 9.999753538620206328e-01 0.000000000000000000e+00 2.826313972473144531e+00
1.740000000000000000e+02 9.999753538620206328e-01 0.000000000000000000e+00 2.826108455657958984e+00
1.750000000000000000e+02 9.999753538620206328e-01 0.000000000000000000e+00 2.826162099838256836e+00
1.760000000000000000e+02 9.999753538620206328e-01 0.000000000000000000e+00 2.826455593109130859e+00
1.770000000000000000e+02 9.999753538620206328e-01 0.000000000000000000e+00 2.826889991760253906e+00
1.780000000000000000e+02 9.999753538620206328e-01 0.000000000000000000e+00 2.827033519744873047e+00
1.790000000000000000e+02 9.999753538620206328e-01 0.000000000000000000e+00 2.826526403427124023e+00
1.800000000000000000e+02 9.999753538620206328e-01 0.000000000000000000e+00 2.827022075653076172e+00
1.810000000000000000e+02 9.999753538620206328e-01 0.000000000000000000e+00 2.827245473861694336e+00
1.820000000000000000e+02 9.999753538620206328e-01 0.000000000000000000e+00 2.827193021774291992e+00
1.830000000000000000e+02 9.999753538620206328e-01 0.000000000000000000e+00 2.827903509140014648e+00
1.840000000000000000e+02 9.999753538620206328e-01 0.000000000000000000e+00 2.827644586563110352e+00
1.850000000000000000e+02 9.999753538620206328e-01 0.000000000000000000e+00 2.827543497085571289e+00
1.860000000000000000e+02 9.999753538620206328e-01 0.000000000000000000e+00 2.827269077301025391e+00
1.870000000000000000e+02 9.999753538620206328e-01 0.000000000000000000e+00 2.827152967453002930e+00
1.880000000000000000e+02 9.999753538620206328e-01 0.000000000000000000e+00 2.827388048171997070e+00
1.890000000000000000e+02 9.999753538620206328e-01 0.000000000000000000e+00 2.827394008636474609e+00
1.900000000000000000e+02 9.999753538620206328e-01 0.000000000000000000e+00 2.827404975891113281e+00
1.910000000000000000e+02 9.999753538620206328e-01 0.000000000000000000e+00 2.827004432678222656e+00
1.920000000000000000e+02 9.999753538620206328e-01 0.000000000000000000e+00 2.827301502227783203e+00
1.930000000000000000e+02 9.999753538620206328e-01 0.000000000000000000e+00 2.827381610870361328e+00
1.940000000000000000e+02 9.999753538620206328e-01 0.000000000000000000e+00 2.827166080474853516e+00
1.950000000000000000e+02 9.999753538620206328e-01 0.000000000000000000e+00 2.827003955841064453e+00
1.960000000000000000e+02 9.999753538620206328e-01 0.000000000000000000e+00 2.827127456665039062e+00
1.970000000000000000e+02 9.999753538620206328e-01 0.000000000000000000e+00 2.826891422271728516e+00
1.980000000000000000e+02 9.999753538620206328e-01 0.000000000000000000e+00 2.827236890792846680e+00
1.990000000000000000e+02 9.999753538620207438e-01 0.000000000000000000e+00 2.827101469039916992e+00
2.000000000000000000e+02 9.999753538620206328e-01 2.072913538083123730e-01 1.741399049758911133e+00
2.010000000000000000e+02 9.999753538620206328e-01 2.988071937462830063e-01 1.878363013267517090e+00
2.020000000000000000e+02 9.998993082346441241e-01 3.896395101437013508e-01 1.991652488708496094e+00
2.030000000000000000e+02 9.996251878741442276e-01 4.660943288102539772e-01 2.086876392364501953e+00
2.040000000000000000e+02 9.979600113256358318e-01 5.408332182597622717e-01 2.166540384292602539e+00
2.050000000000000000e+02 9.941803332448192476e-01 6.009433012746242531e-01 2.233793973922729492e+00
2.060000000000000000e+02 9.892943379289623751e-01 6.499412493469749474e-01 2.293037414550781250e+00
2.070000000000000000e+02 9.817573033811435312e-01 6.961484804892599243e-01 2.344230890274047852e+00
2.080000000000000000e+02 9.701579685781406281e-01 7.344687829324813011e-01 2.389916896820068359e+00
2.090000000000000000e+02 9.556923587282399879e-01 7.705997533443943448e-01 2.429203987121582031e+00
2.100000000000000000e+02 9.382373781345431096e-01 8.044116696775814868e-01 2.464773416519165039e+00
2.110000000000000000e+02 9.223723934933629742e-01 8.280146213909225228e-01 2.496107578277587891e+00
2.120000000000000000e+02 9.069140362212689821e-01 8.470489518098115456e-01 2.525047540664672852e+00
2.130000000000000000e+02 8.873650492734543871e-01 8.725678778423408000e-01 2.550260543823242188e+00
2.140000000000000000e+02 8.680002564267941256e-01 8.878600435017396375e-01 2.573863029479980469e+00
2.150000000000000000e+02 8.507419727249175834e-01 9.072560160132399076e-01 2.595200538635253906e+00
2.160000000000000000e+02 8.312275363999680478e-01 9.170697992681198230e-01 2.614696979522705078e+00
2.170000000000000000e+02 8.149457018699797217e-01 9.269458949940129200e-01 2.632899522781372070e+00
2.180000000000000000e+02 7.968899849045991690e-01 9.373633174300157744e-01 2.649341583251953125e+00
2.190000000000000000e+02 7.823372001736346171e-01 9.478626044370567216e-01 2.664181470870971680e+00
2.200000000000000000e+02 7.674172690356586557e-01 9.558860977673893089e-01 2.678272485733032227e+00
2.210000000000000000e+02 7.543406909106828984e-01 9.622063299699789019e-01 2.690975904464721680e+00
2.220000000000000000e+02 7.418215031273762694e-01 9.671180369836158697e-01 2.702616930007934570e+00
2.230000000000000000e+02 7.249986645703851984e-01 9.722882759319655399e-01 2.713332891464233398e+00
2.240000000000000000e+02 7.127372536455189866e-01 9.774726236643019872e-01 2.722982883453369141e+00
2.250000000000000000e+02 7.052001014798914280e-01 9.817246018583611900e-01 2.732156991958618164e+00
2.260000000000000000e+02 6.872810684955567018e-01 9.827559101108628292e-01 2.740043401718139648e+00
2.270000000000000000e+02 6.793029563937986737e-01 9.868024691515755453e-01 2.748121976852416992e+00
2.280000000000000000e+02 6.748195665919465291e-01 9.882034455772752413e-01 2.755386590957641602e+00
2.290000000000000000e+02 6.560428428192435213e-01 9.903863805883781346e-01 2.762342453002929688e+00
2.300000000000000000e+02 6.467601020798665612e-01 9.927815584343426814e-01 2.768790483474731445e+00
2.310000000000000000e+02 6.452446213258460350e-01 9.940054924866689179e-01 2.774189472198486328e+00
2.320000000000000000e+02 6.324733102568180776e-01 9.930976521673970936e-01 2.779825925827026367e+00
2.330000000000000000e+02 6.219401080621470568e-01 9.955748126505105100e-01 2.784537553787231445e+00
2.340000000000000000e+02 6.103867456280755999e-01 9.959342054341265849e-01 2.789125919342041016e+00
2.350000000000000000e+02 5.992246662700375648e-01 9.972557517447934172e-01 2.792642593383789062e+00
2.360000000000000000e+02 5.928324284633031960e-01 9.979013404691773337e-01 2.796828508377075195e+00
2.370000000000000000e+02 5.839386226819028858e-01 9.980024645655417581e-01 2.800437450408935547e+00
2.380000000000000000e+02 5.788546336202334830e-01 9.983345274097343847e-01 2.803366899490356445e+00
2.390000000000000000e+02 5.687132895961274359e-01 9.984046742962573440e-01 2.806386470794677734e+00
2.400000000000000000e+02 5.591055379336391518e-01 9.985546124860321671e-01 2.808943510055541992e+00
2.410000000000000000e+02 5.456951388523717528e-01 9.986422292513909005e-01 2.811312437057495117e+00
2.420000000000000000e+02 5.419766899624911538e-01 9.994161325981466559e-01 2.813022375106811523e+00
2.430000000000000000e+02 5.307038129853494102e-01 9.995736392839137396e-01 2.814829587936401367e+00
2.440000000000000000e+02 5.207285017816999373e-01 9.994584769947505443e-01 2.816422939300537109e+00
2.450000000000000000e+02 5.168888423224489159e-01 9.997648939309102811e-01 2.818643093109130859e+00
2.460000000000000000e+02 5.069794539188138272e-01 9.996823445669500430e-01 2.820092916488647461e+00
2.470000000000000000e+02 4.931131504768350715e-01 9.996518511686798281e-01 2.821874380111694336e+00
2.480000000000000000e+02 4.840492040673950447e-01 9.999237893944210587e-01 2.823834419250488281e+00
2.490000000000000000e+02 4.703429897936172166e-01 9.996872581291422755e-01 2.825278520584106445e+00
2.500000000000000000e+02 4.632499300468546077e-01 9.998405095684695931e-01 2.825903415679931641e+00
2.510000000000000000e+02 4.575972124868789015e-01 9.998935467037682878e-01 2.826411962509155273e+00
2.520000000000000000e+02 4.533774043824855271e-01 9.999187134600807658e-01 2.827454566955566406e+00
2.530000000000000000e+02 4.383995812673531778e-01 9.999296254856634425e-01 2.828254938125610352e+00
2.540000000000000000e+02 4.320903301658995943e-01 9.997304776737416798e-01 2.828931093215942383e+00
2.550000000000000000e+02 4.263387637095639726e-01 1.000002220766970096e+00 2.829624891281127930e+00
2.560000000000000000e+02 4.156326842052694426e-01 9.998465781545058384e-01 2.830049037933349609e+00
2.570000000000000000e+02 4.110019136869563772e-01 9.999194050319802907e-01 2.830904483795166016e+00
2.580000000000000000e+02 3.999571865886137889e-01 9.999233253034592872e-01 2.831106901168823242e+00
2.590000000000000000e+02 3.915824062438690856e-01 9.999233253034592872e-01 2.831611394882202148e+00
2.600000000000000000e+02 3.814504525694370485e-01 9.998409736594312536e-01 2.832119464874267578e+00
2.610000000000000000e+02 3.730490038004776743e-01 9.999245508640575153e-01 2.832807064056396484e+00
2.620000000000000000e+02 3.710426742867520833e-01 9.999245508640575153e-01 2.833012580871582031e+00
2.630000000000000000e+02 3.634540801862212178e-01 9.998409736594312536e-01 2.833483457565307617e+00
2.640000000000000000e+02 3.522516133837786390e-01 1.000002220766970096e+00 2.833947896957397461e+00
2.650000000000000000e+02 3.491977365927119714e-01 1.000002220766970096e+00 2.834651947021484375e+00
2.660000000000000000e+02 3.399311499492415067e-01 1.000002220766970096e+00 2.834575891494750977e+00
2.670000000000000000e+02 3.356294867717826702e-01 9.999233253034592872e-01 2.834601402282714844e+00
2.680000000000000000e+02 3.292543439655185589e-01 1.000002220766970096e+00 2.834455013275146484e+00
2.690000000000000000e+02 3.278276015156965650e-01 9.999233253034592872e-01 2.835128068923950195e+00
2.700000000000000000e+02 3.204984803462982423e-01 1.000002220766970096e+00 2.835407495498657227e+00
2.710000000000000000e+02 3.155970350760323173e-01 1.000002220766970096e+00 2.835449934005737305e+00
2.720000000000000000e+02 3.114101492503680846e-01 1.000002220766970096e+00 2.835458040237426758e+00
2.730000000000000000e+02 3.058296759292317701e-01 1.000002220766970096e+00 2.835693597793579102e+00
2.740000000000000000e+02 2.998359737062599173e-01 1.000002220766970096e+00 2.835575103759765625e+00
2.750000000000000000e+02 2.961823329491709567e-01 1.000002220766970096e+00 2.835767030715942383e+00
2.760000000000000000e+02 2.981740309207402406e-01 9.999187134600807658e-01 2.835729598999023438e+00
2.770000000000000000e+02 2.874634193371304880e-01 1.000002220766970096e+00 2.836102962493896484e+00
2.780000000000000000e+02 2.833420448835915484e-01 1.000002220766970096e+00 2.836246013641357422e+00
2.790000000000000000e+02 2.815472071398079645e-01 1.000002220766970096e+00 2.836584568023681641e+00
2.800000000000000000e+02 2.759284925265843014e-01 1.000002220766970096e+00 2.836503028869628906e+00
2.810000000000000000e+02 2.777218890820410402e-01 1.000002220766970096e+00 2.836634397506713867e+00
2.820000000000000000e+02 2.683921422792944211e-01 1.000002220766970096e+00 2.836643934249877930e+00
2.830000000000000000e+02 2.669883361235408370e-01 1.000002220766970096e+00 2.836723089218139648e+00
2.840000000000000000e+02 2.621105704309071860e-01 1.000002220766970096e+00 2.836743593215942383e+00
2.850000000000000000e+02 2.568553061412105487e-01 1.000002220766970096e+00 2.837269067764282227e+00
2.860000000000000000e+02 2.527356934949741007e-01 1.000002220766970096e+00 2.837098598480224609e+00
2.870000000000000000e+02 2.534198546580086475e-01 1.000002220766970096e+00 2.837130069732666016e+00
2.880000000000000000e+02 2.492959584897619374e-01 1.000002220766970096e+00 2.837262392044067383e+00
2.890000000000000000e+02 2.411666027048788297e-01 1.000002220766970096e+00 2.836935520172119141e+00
2.900000000000000000e+02 2.384445250959817686e-01 1.000002220766970096e+00 2.836902379989624023e+00
2.910000000000000000e+02 2.332788110420865313e-01 1.000002220766970096e+00 2.836685895919799805e+00
2.920000000000000000e+02 2.308181884668247252e-01 1.000002220766970096e+00 2.836476087570190430e+00
2.930000000000000000e+02 2.286570710585165422e-01 1.000002220766970096e+00 2.836239576339721680e+00
2.940000000000000000e+02 2.277810603471683015e-01 1.000002220766970096e+00 2.836069107055664062e+00
2.950000000000000000e+02 2.269172679988994412e-01 1.000002220766970096e+00 2.836127996444702148e+00
2.960000000000000000e+02 2.187740056729476634e-01 1.000002220766970096e+00 2.836266040802001953e+00
2.970000000000000000e+02 2.240988688962516351e-01 1.000002220766970096e+00 2.836344480514526367e+00
2.980000000000000000e+02 2.196801557970230190e-01 1.000002220766970096e+00 2.836707592010498047e+00
2.990000000000000000e+02 2.165566577105740576e-01 1.000002220766970096e+00 2.837100505828857422e+00
3.000000000000000000e+02 2.216982871455311088e-01 1.000002220766970096e+00 2.836894989013671875e+00
3.010000000000000000e+02 2.154257990233334474e-01 1.000002220766970096e+00 2.837090015411376953e+00
3.020000000000000000e+02 2.123139804081126958e-01 1.000002220766970096e+00 2.837604045867919922e+00
3.030000000000000000e+02 2.106962845303738951e-01 1.000002220766970096e+00 2.837902545928955078e+00
3.040000000000000000e+02 2.143593665221066868e-01 1.000002220766969874e+00 2.838213920593261719e+00
3.050000000000000000e+02 2.093791246554730090e-01 1.000002220766970096e+00 2.837588548660278320e+00
3.060000000000000000e+02 2.065767386199509337e-01 1.000002220766970096e+00 2.837677001953125000e+00
3.070000000000000000e+02 2.075536635754147152e-01 1.000002220766970096e+00 2.837826490402221680e+00
3.080000000000000000e+02 2.087777403331980697e-01 1.000002220766970096e+00 2.837764501571655273e+00
3.090000000000000000e+02 2.032496816099636228e-01 1.000002220766970096e+00 2.838006019592285156e+00
3.100000000000000000e+02 1.959892235692934082e-01 1.000002220766970096e+00 2.837906599044799805e+00
3.110000000000000000e+02 1.939148938769535979e-01 1.000002220766970096e+00 2.838015556335449219e+00
3.120000000000000000e+02 1.945679853686176353e-01 1.000002220766970096e+00 2.837951898574829102e+00
3.130000000000000000e+02 1.920826917019274327e-01 1.000002220766970096e+00 2.837283611297607422e+00
3.140000000000000000e+02 1.891190503055754646e-01 1.000002220766970096e+00 2.836865901947021484e+00
3.150000000000000000e+02 1.913914383256351270e-01 1.000002220766969874e+00 2.837120532989501953e+00
3.160000000000000000e+02 1.906877758716876148e-01 1.000002220766970096e+00 2.836913585662841797e+00
3.170000000000000000e+02 1.931690800495528271e-01 1.000002220766970096e+00 2.837260484695434570e+00
3.180000000000000000e+02 1.870524515090048745e-01 1.000002220766970096e+00 2.837359428405761719e+00
3.190000000000000000e+02 1.873187948031810046e-01 1.000002220766970096e+00 2.837300539016723633e+00
3.200000000000000000e+02 1.850639383400639326e-01 1.000002220766970096e+00 2.837171554565429688e+00
3.210000000000000000e+02 1.844883265084572288e-01 1.000002220766970096e+00 2.837088108062744141e+00
3.220000000000000000e+02 1.886274658947907912e-01 1.000002220766970096e+00 2.837274074554443359e+00
3.230000000000000000e+02 1.820787081485853443e-01 1.000002220766970096e+00 2.837223529815673828e+00
3.240000000000000000e+02 1.877143383004302168e-01 1.000002220766970096e+00 2.836678504943847656e+00
3.250000000000000000e+02 1.774413453740226188e-01 1.000002220766970096e+00 2.836690902709960938e+00
3.260000000000000000e+02 1.832087240046553489e-01 1.000002220766970096e+00 2.836638450622558594e+00
3.270000000000000000e+02 1.841843795560414998e-01 1.000002220766970096e+00 2.836486101150512695e+00
3.280000000000000000e+02 1.776801588287610645e-01 1.000002220766970096e+00 2.836791992187500000e+00
3.290000000000000000e+02 1.769461582975134228e-01 1.000002220766970096e+00 2.836776018142700195e+00
3.300000000000000000e+02 1.769007740432904652e-01 1.000002220766970096e+00 2.836704492568969727e+00
3.310000000000000000e+02 1.761600377560668396e-01 1.000002220766970096e+00 2.836128950119018555e+00
3.320000000000000000e+02 1.781426890711445832e-01 1.000002220766970096e+00 2.836035966873168945e+00
3.330000000000000000e+02 1.774990960385718353e-01 1.000002220766970096e+00 2.836447477340698242e+00
3.340000000000000000e+02 1.747816086722990547e-01 1.000002220766970096e+00 2.836213588714599609e+00
3.350000000000000000e+02 1.758670350430599771e-01 1.000002220766970096e+00 2.836607456207275391e+00
3.360000000000000000e+02 1.756363406062858845e-01 1.000002220766970096e+00 2.837016582489013672e+00
3.370000000000000000e+02 1.755394614256019781e-01 1.000002220766970096e+00 2.836958885192871094e+00
3.380000000000000000e+02 1.765277284635252408e-01 1.000002220766970096e+00 2.836522579193115234e+00
3.390000000000000000e+02 1.757252153678296180e-01 1.000002220766970096e+00 2.836250066757202148e+00
3.400000000000000000e+02 1.753802285481322332e-01 1.000002220766970096e+00 2.836452960968017578e+00
3.410000000000000000e+02 1.804413742964422196e-01 1.000002220766970096e+00 2.836634874343872070e+00
3.420000000000000000e+02 1.653051080618691548e-01 1.000002220766970096e+00 2.836837530136108398e+00
3.430000000000000000e+02 1.749907233292383735e-01 1.000002220766970096e+00 2.837074041366577148e+00
3.440000000000000000e+02 1.744277115606328032e-01 1.000002220766970096e+00 2.837271451950073242e+00
3.450000000000000000e+02 1.753857703501409682e-01 1.000002220766970096e+00 2.837159395217895508e+00
3.460000000000000000e+02 1.676993981368080644e-01 1.000002220766970096e+00 2.836935043334960938e+00
3.470000000000000000e+02 1.763885996293736158e-01 1.000002220766970096e+00 2.836580514907836914e+00
3.480000000000000000e+02 1.665076972604308814e-01 1.000002220766970096e+00 2.837403535842895508e+00
3.490000000000000000e+02 1.764643868820982842e-01 1.000002220766970096e+00 2.837510108947753906e+00
3.500000000000000000e+02 1.736573232270875733e-01 1.000002220766970096e+00 2.837346076965332031e+00
3.510000000000000000e+02 1.716993829648143233e-01 1.000002220766970096e+00 2.837353467941284180e+00
3.520000000000000000e+02 1.651169939184283231e-01 1.000002220766970096e+00 2.837089538574218750e+00
3.530000000000000000e+02 1.714414143636614207e-01 1.000002220766970096e+00 2.837478399276733398e+00
3.540000000000000000e+02 1.675747429400623878e-01 1.000002220766970096e+00 2.837917089462280273e+00
3.550000000000000000e+02 1.715912267762589871e-01 1.000002220766970096e+00 2.838110446929931641e+00
3.560000000000000000e+02 1.675953206415660979e-01 1.000002220766970096e+00 2.837842464447021484e+00
3.570000000000000000e+02 1.733240135528147374e-01 1.000002220766970096e+00 2.837658882141113281e+00
3.580000000000000000e+02 1.682009548535468024e-01 1.000002220766970096e+00 2.838118553161621094e+00
3.590000000000000000e+02 1.644354205176351280e-01 1.000002220766970096e+00 2.837627410888671875e+00
3.600000000000000000e+02 1.676819979733474575e-01 1.000002220766970096e+00 2.837281465530395508e+00
3.610000000000000000e+02 1.632474107917407657e-01 1.000002220766970096e+00 2.837322473526000977e+00
3.620000000000000000e+02 1.678692312299356060e-01 1.000002220766970096e+00 2.837177515029907227e+00
3.630000000000000000e+02 1.701711564683186240e-01 1.000002220766970096e+00 2.837007045745849609e+00
3.640000000000000000e+02 1.621680169434906449e-01 1.000002220766970096e+00 2.837350606918334961e+00
3.650000000000000000e+02 1.689956110401499012e-01 1.000002220766970096e+00 2.837345600128173828e+00
3.660000000000000000e+02 1.675638614332972398e-01 1.000002220766970096e+00 2.837647914886474609e+00
3.670000000000000000e+02 1.630511280242812888e-01 1.000002220766970096e+00 2.837518930435180664e+00
3.680000000000000000e+02 1.635423848104901323e-01 1.000002220766970096e+00 2.837473392486572266e+00
3.690000000000000000e+02 1.694838605735557724e-01 1.000002220766970096e+00 2.837108373641967773e+00
3.700000000000000000e+02 1.632057283814924153e-01 1.000002220766970096e+00 2.837099075317382812e+00
3.710000000000000000e+02 1.749191896276073854e-01 1.000002220766970096e+00 2.837302923202514648e+00
3.720000000000000000e+02 1.673022438420851965e-01 1.000002220766970096e+00 2.837118387222290039e+00
3.730000000000000000e+02 1.640015951409158623e-01 1.000002220766970096e+00 2.837151050567626953e+00
3.740000000000000000e+02 1.663165012528491638e-01 1.000002220766970096e+00 2.837296009063720703e+00
3.750000000000000000e+02 1.645887213985723074e-01 1.000002220766970096e+00 2.837309598922729492e+00
3.760000000000000000e+02 1.666916008072886479e-01 1.000002220766970096e+00 2.837995529174804688e+00
3.770000000000000000e+02 1.643652462447002804e-01 1.000002220766970096e+00 2.838047027587890625e+00
3.780000000000000000e+02 1.691835682687752029e-01 1.000002220766970096e+00 2.837635517120361328e+00
3.790000000000000000e+02 1.615962642371753522e-01 1.000002220766970096e+00 2.837161064147949219e+00
3.800000000000000000e+02 1.630923091223634436e-01 1.000002220766970096e+00 2.837159395217895508e+00
3.810000000000000000e+02 1.702007706160287015e-01 1.000002220766970096e+00 2.837617874145507812e+00
3.820000000000000000e+02 1.646531009489860531e-01 1.000002220766970096e+00 2.838167428970336914e+00
3.830000000000000000e+02 1.704215700042539527e-01 1.000002220766970096e+00 2.838492393493652344e+00
3.840000000000000000e+02 1.675176243277420318e-01 1.000002220766970096e+00 2.838358879089355469e+00
3.850000000000000000e+02 1.653286619059018969e-01 1.000002220766970096e+00 2.838030099868774414e+00
3.860000000000000000e+02 1.661216187986555015e-01 1.000002220766970096e+00 2.838006973266601562e+00
3.870000000000000000e+02 1.662548040419835615e-01 1.000002220766970096e+00 2.838131904602050781e+00
3.880000000000000000e+02 1.684050050810684540e-01 1.000002220766970096e+00 2.837886571884155273e+00
3.890000000000000000e+02 1.663559058529889834e-01 1.000002220766970096e+00 2.837873935699462891e+00
3.900000000000000000e+02 1.603285303778432813e-01 1.000002220766970096e+00 2.837888956069946289e+00
3.910000000000000000e+02 1.619636585058937539e-01 1.000002220766970096e+00 2.838212013244628906e+00
3.920000000000000000e+02 1.598622158926983894e-01 1.000002220766970096e+00 2.838199377059936523e+00
3.930000000000000000e+02 1.647947231533192225e-01 1.000002220766970096e+00 2.837725400924682617e+00
3.940000000000000000e+02 1.629395236036763894e-01 1.000002220766970096e+00 2.837830066680908203e+00
3.950000000000000000e+02 1.655775443758292220e-01 1.000002220766970096e+00 2.837473392486572266e+00
3.960000000000000000e+02 1.585494981118066027e-01 1.000002220766970096e+00 2.837058544158935547e+00
3.970000000000000000e+02 1.593577779991751098e-01 1.000002220766970096e+00 2.837052583694458008e+00
3.980000000000000000e+02 1.625158987641741326e-01 1.000002220766970096e+00 2.836662530899047852e+00
