0.000000000000000000e+00 1.924544749795333021e-02 0.000000000000000000e+00 1.050681495666503906e+01
1.000000000000000000e+00 2.185274734115388862e-02 0.000000000000000000e+00 1.067138004302978516e+01
2.000000000000000000e+00 2.685859647084627017e-02 0.000000000000000000e+00 1.082885169982910156e+01
3.000000000000000000e+00 3.222753907832695552e-02 0.000000000000000000e+00 1.097879600524902344e+01
4.000000000000000000e+00 3.917871293008767797e-02 0.000000000000000000e+00 1.112366771697998047e+01
5.000000000000000000e+00 4.632233040605776564e-02 0.000000000000000000e+00 1.126132392883300781e+01
6.000000000000000000e+00 5.297037177382533241e-02 0.000000000000000000e+00 1.139198017120361328e+01
7.000000000000000000e+00 6.107266609467010970e-02 0.000000000000000000e+00 1.151467323303222656e+01
8.000000000000000000e+00 6.939093208000400581e-02 0.000000000000000000e+00 1.163086509704589844e+01
9.000000000000000000e+00 7.754698454494966808e-02 0.000000000000000000e+00 1.174504661560058594e+01
1.000000000000000000e+01 8.507573633775576682e-02 0.000000000000000000e+00 1.185312557220458984e+01
1.100000000000000000e+01 9.431292164890647811e-02 0.000000000000000000e+00 1.195590496063232422e+01
1.200000000000000000e+01 1.022238337580614054e-01 0.000000000000000000e+00 1.205171871185302734e+01
1.300000000000000000e+01 1.115960739807923957e-01 0.000000000000000000e+00 1.214601898193359375e+01
1.400000000000000000e+01 1.194048619080490536e-01 0.000000000000000000e+00 1.223609161376953125e+01
1.500000000000000000e+01 1.281232043182047309e-01 0.000000000000000000e+00 1.232380485534667969e+01
1.600000000000000000e+01 1.366857592117563802e-01 0.000000000000000000e+00 1.240487289428710938e+01
1.700000000000000000e+01 1.454026765737996829e-01 0.000000000000000000e+00 1.248397350311279297e+01
1.800000000000000000e+01 1.535812229217532465e-01 0.000000000000000000e+00 1.255838203430175781e+01
1.900000000000000000e+01 1.617557297369452141e-01 0.000000000000000000e+00 1.263091182708740234e+01
2.000000000000000000e+01 1.701003020952747691e-01 0.000000000000000000e+00 1.269902992248535156e+01
2.100000000000000000e+01 1.782704246145461469e-01 0.000000000000000000e+00 1.276668357849121094e+01
2.200000000000000000e+01 1.855974477039756265e-01 0.000000000000000000e+00 1.283331108093261719e+01
2.300000000000000000e+01 1.932592708785830782e-01 0.000000000000000000e+00 1.289771366119384766e+01
2.400000000000000000e+01 2.018579272532830815e-01 0.000000000000000000e+00 1.295895385742187500e+01
2.500000000000000000e+01 2.092994196870164025e-01 0.000000000000000000e+00 1.301899528503417969e+01
2.600000000000000000e+01 2.171655410685255361e-01 0.000000000000000000e+00 1.307690811157226562e+01
2.700000000000000000e+01 2.239777985462351739e-01 0.000000000000000000e+00 1.313089561462402344e+01
2.800000000000000000e+01 2.313386009512629904e-01 0.000000000000000000e+00 1.318333625793457031e+01
2.900000000000000000e+01 2.393669604177139087e-01 0.000000000000000000e+00 1.323621463775634766e+01
3.000000000000000000e+01 2.463676466765609141e-01 0.000000000000000000e+00 1.328602600097656250e+01
3.100000000000000000e+01 2.535316298267469293e-01 0.000000000000000000e+00 1.333403587341308594e+01
3.200000000000000000e+01 2.601813959690000289e-01 0.000000000000000000e+00 1.337987613677978516e+01
3.300000000000000000e+01 2.672269316999110189e-01 0.000000000000000000e+00 1.342396163940429688e+01
3.400000000000000000e+01 2.747889828674114354e-01 0.000000000000000000e+00 1.346730899810791016e+01
3.500000000000000000e+01 2.812190762973964531e-01 0.000000000000000000e+00 1.351213359832763672e+01
3.600000000000000000e+01 2.887707627458186987e-01 0.000000000000000000e+00 1.355533218383789062e+01
3.700000000000000000e+01 2.946538366431232792e-01 0.000000000000000000e+00 1.359776592254638672e+01
3.800000000000000000e+01 3.021545395193926398e-01 0.000000000000000000e+00 1.363708591461181641e+01
3.900000000000000000e+01 3.087352119116628657e-01 0.000000000000000000e+00 1.367732810974121094e+01
4.000000000000000000e+01 3.149463339416106455e-01 0.000000000000000000e+00 1.371807098388671875e+01
4.100000000000000000e+01 3.207256701218080819e-01 0.000000000000000000e+00 1.375372791290283203e+01
4.200000000000000000e+01 3.274209766816062461e-01 0.000000000000000000e+00 1.378897666931152344e+01
4.300000000000000000e+01 3.340331114350539865e-01 0.000000000000000000e+00 1.382423496246337891e+01
4.400000000000000000e+01 3.404280006912977496e-01 0.000000000000000000e+00 1.385826969146728516e+01
4.500000000000000000e+01 3.465657453615665351e-01 0.000000000000000000e+00 1.389130973815917969e+01
4.600000000000000000e+01 3.531798978896962815e-01 0.000000000000000000e+00 1.392239189147949219e+01
4.700000000000000000e+01 3.588274454817770853e-01 0.000000000000000000e+00 1.395545578002929688e+01
4.800000000000000000e+01 3.642744003048499768e-01 0.000000000000000000e+00 1.398610782623291016e+01
4.900000000000000000e+01 3.697953345794935398e-01 0.000000000000000000e+00 1.401443767547607422e+01
5.000000000000000000e+01 3.757200027735548842e-01 0.000000000000000000e+00 1.404295253753662109e+01
5.100000000000000000e+01 3.810637889270946377e-01 0.000000000000000000e+00 1.407044982910156250e+01
5.200000000000000000e+01 3.855601911048287533e-01 0.000000000000000000e+00 1.409770202636718750e+01
5.300000000000000000e+01 3.908752211713972802e-01 0.000000000000000000e+00 1.412339782714843750e+01
5.400000000000000000e+01 3.962873123528796726e-01 0.000000000000000000e+00 1.415153408050537109e+01
5.500000000000000000e+01 4.000752932143388785e-01 0.000000000000000000e+00 1.417446231842041016e+01
5.600000000000000000e+01 4.061839639694950210e-01 0.000000000000000000e+00 1.419785022735595703e+01
5.700000000000000000e+01 4.102115936874322633e-01 0.000000000000000000e+00 1.422017955780029297e+01
5.800000000000000000e+01 4.148966790095001689e-01 0.000000000000000000e+00 1.424492168426513672e+01
5.900000000000000000e+01 4.194742076079923665e-01 0.000000000000000000e+00 1.426648235321044922e+01
6.000000000000000000e+01 4.237490714459781205e-01 0.000000000000000000e+00 1.428672790527343750e+01
6.100000000000000000e+01 4.285545562648387374e-01 0.000000000000000000e+00 1.430640602111816406e+01
6.200000000000000000e+01 4.327338278969440344e-01 0.000000000000000000e+00 1.432840442657470703e+01
6.300000000000000000e+01 4.365645073559762390e-01 0.000000000000000000e+00 1.434644699096679688e+01
6.400000000000000000e+01 4.407066375471125896e-01 0.000000000000000000e+00 1.436761569976806641e+01
6.500000000000000000e+01 4.450039343200674624e-01 0.000000000000000000e+00 1.438456439971923828e+01
6.600000000000000000e+01 4.483459307708963504e-01 0.000000000000000000e+00 1.440429592132568359e+01
6.700000000000000000e+01 4.521205146215863113e-01 0.000000000000000000e+00 1.442164230346679688e+01
6.800000000000000000e+01 4.565280324288623071e-01 0.000000000000000000e+00 1.443969440460205078e+01
6.900000000000000000e+01 4.599052857803214156e-01 0.000000000000000000e+00 1.445555973052978516e+01
7.000000000000000000e+01 4.635409957073142739e-01 0.000000000000000000e+00 1.447198963165283203e+01
7.100000000000000000e+01 4.680907386423276417e-01 0.000000000000000000e+00 1.448940563201904297e+01
7.200000000000000000e+01 4.721654210556077702e-01 0.000000000000000000e+00 1.450624179840087891e+01
7.300000000000000000e+01 4.751383612850246796e-01 0.000000000000000000e+00 1.452303218841552734e+01
7.400000000000000000e+01 4.787949891094948618e-01 0.000000000000000000e+00 1.453631401062011719e+01
7.500000000000000000e+01 4.832469580829587552e-01 0.000000000000000000e+00 1.455351352691650391e+01
7.600000000000000000e+01 4.860169454916113407e-01 0.000000000000000000e+00 1.456998634338378906e+01
7.700000000000000000e+01 4.890144193974525488e-01 0.000000000000000000e+00 1.458543968200683594e+01
7.800000000000000000e+01 4.922365626771921243e-01 0.000000000000000000e+00 1.460029125213623047e+01
7.900000000000000000e+01 4.956923559305626559e-01 0.000000000000000000e+00 1.461490726470947266e+01
8.000000000000000000e+01 4.973355352588922917e-01 0.000000000000000000e+00 1.462686157226562500e+01
8.100000000000000000e+01 5.010220371871091372e-01 0.000000000000000000e+00 1.463932800292968750e+01
8.200000000000000000e+01 5.038515427555068094e-01 0.000000000000000000e+00 1.465140628814697266e+01
8.300000000000000000e+01 5.060941339959612595e-01 0.000000000000000000e+00 1.466226387023925781e+01
8.400000000000000000e+01 5.082843355253682249e-01 0.000000000000000000e+00 1.467261219024658203e+01
8.500000000000000000e+01 5.113830231541421911e-01 0.000000000000000000e+00 1.468694210052490234e+01
8.600000000000000000e+01 5.132360692761755994e-01 0.000000000000000000e+00 1.469905185699462891e+01
8.700000000000000000e+01 5.155067623582847425e-01 0.000000000000000000e+00 1.471072769165039062e+01
8.800000000000000000e+01 5.187438718860775122e-01 0.000000000000000000e+00 1.471924781799316406e+01
8.900000000000000000e+01 5.201941668099400173e-01 0.000000000000000000e+00 1.472662162780761719e+01
9.000000000000000000e+01 5.236550684264572597e-01 0.000000000000000000e+00 1.473465156555175781e+01
9.100000000000000000e+01 5.261749172448616507e-01 0.000000000000000000e+00 1.474533557891845703e+01
9.200000000000000000e+01 5.282740956788047892e-01 0.000000000000000000e+00 1.475455665588378906e+01
9.300000000000000000e+01 5.297562033094701528e-01 0.000000000000000000e+00 1.476199722290039062e+01
9.400000000000000000e+01 5.310390262049703436e-01 0.000000000000000000e+00 1.476972103118896484e+01
9.500000000000000000e+01 5.333986665669800953e-01 0.000000000000000000e+00 1.477854156494140625e+01
9.600000000000000000e+01 5.349991108075898838e-01 0.000000000000000000e+00 1.478757381439208984e+01
9.700000000000000000e+01 5.371287975329811504e-01 0.000000000000000000e+00 1.479432773590087891e+01
9.800000000000000000e+01 5.384382663853813922e-01 0.000000000000000000e+00 1.480346488952636719e+01
9.900000000000000000e+01 5.402614197721369305e-01 0.000000000000000000e+00 1.481121921539306641e+01
1.000000000000000000e+02 5.414025816017082882e-01 0.000000000000000000e+00 1.481633949279785156e+01
1.010000000000000000e+02 5.427970733142277737e-01 0.000000000000000000e+00 1.482241630554199219e+01
1.020000000000000000e+02 5.444365891462005225e-01 0.000000000000000000e+00 1.482913017272949219e+01
1.030000000000000000e+02 5.464929605977056903e-01 0.000000000000000000e+00 1.483483123779296875e+01
1.040000000000000000e+02 5.476423951173667870e-01 0.000000000000000000e+00 1.484237766265869141e+01
1.050000000000000000e+02 5.499060864371546620e-01 0.000000000000000000e+00 1.484917926788330078e+01
1.060000000000000000e+02 5.513143106772996349e-01 0.000000000000000000e+00 1.485435199737548828e+01
1.070000000000000000e+02 5.525060833624090284e-01 0.000000000000000000e+00 1.486153793334960938e+01
1.080000000000000000e+02 5.524902314110744506e-01 0.000000000000000000e+00 1.486650371551513672e+01
1.090000000000000000e+02 5.537838279513354056e-01 0.000000000000000000e+00 1.487088203430175781e+01
1.100000000000000000e+02 5.560992225227350261e-01 0.000000000000000000e+00 1.487607860565185547e+01
1.110000000000000000e+02 5.565679973894018806e-01 0.000000000000000000e+00 1.487999057769775391e+01
1.120000000000000000e+02 5.580567887324749954e-01 0.000000000000000000e+00 1.488519477844238281e+01
1.130000000000000000e+02 5.593589758944307322e-01 0.000000000000000000e+00 1.488989353179931641e+01
1.140000000000000000e+02 5.608805732281576528e-01 0.000000000000000000e+00 1.489275932312011719e+01
1.150000000000000000e+02 5.624949047508734923e-01 0.000000000000000000e+00 1.489940166473388672e+01
1.160000000000000000e+02 5.642926239932927190e-01 0.000000000000000000e+00 1.490267181396484375e+01
1.170000000000000000e+02 5.662852683963697231e-01 0.000000000000000000e+00 1.490806198120117188e+01
1.180000000000000000e+02 5.674347136853828966e-01 0.000000000000000000e+00 1.491203594207763672e+01
1.190000000000000000e+02 5.681362543862130687e-01 0.000000000000000000e+00 1.491753005981445312e+01
1.200000000000000000e+02 5.692403432075846537e-01 0.000000000000000000e+00 1.492356014251708984e+01
1.210000000000000000e+02 5.712320368267721493e-01 0.000000000000000000e+00 1.493024826049804688e+01
1.220000000000000000e+02 5.718735148268286883e-01 0.000000000000000000e+00 1.493556976318359375e+01
1.230000000000000000e+02 5.727047751224257910e-01 0.000000000000000000e+00 1.493956756591796875e+01
1.240000000000000000e+02 5.741210762545186919e-01 0.000000000000000000e+00 1.494527816772460938e+01
1.250000000000000000e+02 5.746088710652335063e-01 0.000000000000000000e+00 1.495076942443847656e+01
1.260000000000000000e+02 5.751945525167344586e-01 0.000000000000000000e+00 1.495620441436767578e+01
1.270000000000000000e+02 5.762502955504044122e-01 0.000000000000000000e+00 1.496121788024902344e+01
1.280000000000000000e+02 5.773282918738230629e-01 0.000000000000000000e+00 1.496408367156982422e+01
1.290000000000000000e+02 5.778357265831168821e-01 0.000000000000000000e+00 1.496938037872314453e+01
1.300000000000000000e+02 5.785061556196996468e-01 0.000000000000000000e+00 1.497312831878662109e+01
1.310000000000000000e+02 5.795062988462635900e-01 0.000000000000000000e+00 1.497419357299804688e+01
1.320000000000000000e+02 5.803520243094167919e-01 0.000000000000000000e+00 1.497821617126464844e+01
1.330000000000000000e+02 5.815516494147981996e-01 0.000000000000000000e+00 1.498424911499023438e+01
1.340000000000000000e+02 5.816471476521164474e-01 0.000000000000000000e+00 1.498777389526367188e+01
1.350000000000000000e+02 5.826570463414521006e-01 0.000000000000000000e+00 1.499033641815185547e+01
1.360000000000000000e+02 5.835859671584576747e-01 0.000000000000000000e+00 1.499299621582031250e+01
1.370000000000000000e+02 5.842017123310195847e-01 0.000000000000000000e+00 1.499481487274169922e+01
1.380000000000000000e+02 5.839271322022389077e-01 0.000000000000000000e+00 1.499389457702636719e+01
1.390000000000000000e+02 5.844238037734075242e-01 0.000000000000000000e+00 1.499558925628662109e+01
1.400000000000000000e+02 5.851426518121989329e-01 0.000000000000000000e+00 1.499989509582519531e+01
1.410000000000000000e+02 5.855643816735629503e-01 0.000000000000000000e+00 1.500230789184570312e+01
1.420000000000000000e+02 5.853296517179660263e-01 0.000000000000000000e+00 1.500296592712402344e+01
1.430000000000000000e+02 5.857777306534779349e-01 0.000000000000000000e+00 1.500536537170410156e+01
1.440000000000000000e+02 5.867509406205283495e-01 0.000000000000000000e+00 1.500580978393554688e+01
1.450000000000000000e+02 5.870389742589083859e-01 0.000000000000000000e+00 1.500447559356689453e+01
1.460000000000000000e+02 5.879225929332259071e-01 0.000000000000000000e+00 1.500578022003173828e+01
1.470000000000000000e+02 5.888167533515544783e-01 0.000000000000000000e+00 1.500754165649414062e+01
1.480000000000000000e+02 5.894835421158090005e-01 0.000000000000000000e+00 1.501058483123779297e+01
1.490000000000000000e+02 5.902604200485334074e-01 0.000000000000000000e+00 1.501396179199218750e+01
1.500000000000000000e+02 5.906565221175017477e-01 0.000000000000000000e+00 1.501533031463623047e+01
1.510000000000000000e+02 5.910003535861630963e-01 0.000000000000000000e+00 1.501564979553222656e+01
1.520000000000000000e+02 5.925218421849438588e-01 0.000000000000000000e+00 1.501872158050537109e+01
1.530000000000000000e+02 5.931564717954116439e-01 0.000000000000000000e+00 1.502283382415771484e+01
1.540000000000000000e+02 5.927143735624809118e-01 0.000000000000000000e+00 1.502511215209960938e+01
1.550000000000000000e+02 5.929023618165372156e-01 0.000000000000000000e+00 1.502657604217529297e+01
1.560000000000000000e+02 5.926149546115171418e-01 0.000000000000000000e+00 1.502711772918701172e+01
1.570000000000000000e+02 5.938960126030089492e-01 0.000000000000000000e+00 1.502885723114013672e+01
1.580000000000000000e+02 5.940770023554723389e-01 0.000000000000000000e+00 1.503132629394531250e+01
1.590000000000000000e+02 5.944432058949691289e-01 0.000000000000000000e+00 1.503433513641357422e+01
1.600000000000000000e+02 5.949045264836748670e-01 0.000000000000000000e+00 1.503488636016845703e+01
1.610000000000000000e+02 5.953756720065255248e-01 0.000000000000000000e+00 1.503847312927246094e+01
1.620000000000000000e+02 5.956964203786113687e-01 0.000000000000000000e+00 1.504200553894042969e+01
1.630000000000000000e+02 5.963115879179914369e-01 0.000000000000000000e+00 1.504232025146484375e+01
1.640000000000000000e+02 5.959343341861467191e-01 0.000000000000000000e+00 1.504490089416503906e+01
1.650000000000000000e+02 5.959393726332830044e-01 0.000000000000000000e+00 1.504650020599365234e+01
1.660000000000000000e+02 5.960980357132907859e-01 0.000000000000000000e+00 1.504654502868652344e+01
1.670000000000000000e+02 5.973877067721227174e-01 0.000000000000000000e+00 1.504764366149902344e+01
1.680000000000000000e+02 5.980389389202896977e-01 0.000000000000000000e+00 1.504952239990234375e+01
1.690000000000000000e+02 5.985610818560557211e-01 0.000000000000000000e+00 1.505094718933105469e+01
1.700000000000000000e+02 5.987395922741362009e-01 0.000000000000000000e+00 1.505321979522705078e+01
1.710000000000000000e+02 6.001689237012624023e-01 0.000000000000000000e+00 1.505361175537109375e+01
1.720000000000000000e+02 5.993820868750052711e-01 0.000000000000000000e+00 1.505455207824707031e+01
1.730000000000000000e+02 6.000944977386972745e-01 0.000000000000000000e+00 1.505408191680908203e+01
1.740000000000000000e+02 5.997220681948186582e-01 0.000000000000000000e+00 1.505474948883056641e+01
1.750000000000000000e+02 6.000542257781014133e-01 0.000000000000000000e+00 1.505520439147949219e+01
1.760000000000000000e+02 6.000018189369191735e-01 0.000000000000000000e+00 1.505375766754150391e+01
1.770000000000000000e+02 5.997030483855411154e-01 0.000000000000000000e+00 1.505555629730224609e+01
1.780000000000000000e+02 5.998584420954579111e-01 0.000000000000000000e+00 1.505821037292480469e+01
1.790000000000000000e+02 6.005959508985039275e-01 0.000000000000000000e+00 1.506019878387451172e+01
1.800000000000000000e+02 6.012225682873300059e-01 0.000000000000000000e+00 1.506030368804931641e+01
1.810000000000000000e+02 6.005034726751827812e-01 0.000000000000000000e+00 1.506142520904541016e+01
1.820000000000000000e+02 6.023255331042551841e-01 0.000000000000000000e+00 1.506136131286621094e+01
1.830000000000000000e+02 6.032049411843274367e-01 0.000000000000000000e+00 1.506219482421875000e+01
1.840000000000000000e+02 6.028187960270044998e-01 0.000000000000000000e+00 1.506198215484619141e+01
1.850000000000000000e+02 6.025438888934661064e-01 0.000000000000000000e+00 1.506258392333984375e+01
1.860000000000000000e+02 6.026450854812276381e-01 0.000000000000000000e+00 1.506350803375244141e+01
1.870000000000000000e+02 6.024805434637516832e-01 0.000000000000000000e+00 1.506278228759765625e+01
1.880000000000000000e+02 6.029221001745792563e-01 0.000000000000000000e+00 1.506250953674316406e+01
1.890000000000000000e+02 6.025878806023901024e-01 0.000000000000000000e+00 1.506375980377197266e+01
1.900000000000000000e+02 6.026523003162590486e-01 0.000000000000000000e+00 1.506146049499511719e+01
1.910000000000000000e+02 6.030217006763475274e-01 0.000000000000000000e+00 1.506080150604248047e+01
1.920000000000000000e+02 6.036477716198100918e-01 0.000000000000000000e+00 1.506194210052490234e+01
1.930000000000000000e+02 6.025960397045311279e-01 0.000000000000000000e+00 1.506331825256347656e+01
1.940000000000000000e+02 6.031294792506686209e-01 0.000000000000000000e+00 1.506474781036376953e+01
1.950000000000000000e+02 6.029181590544239189e-01 0.000000000000000000e+00 1.506571388244628906e+01
1.960000000000000000e+02 6.045634873650166385e-01 0.000000000000000000e+00 1.506571197509765625e+01
1.970000000000000000e+02 6.047863517634918251e-01 0.000000000000000000e+00 1.507059001922607422e+01
1.980000000000000000e+02 6.057614036353869968e-01 0.000000000000000000e+00 1.507265758514404297e+01
1.990000000000000000e+02 6.057313728857367519e-01 0.000000000000000000e+00 1.507507610321044922e+01
2.000000000000000000e+02 5.970545549580972278e-01 1.959693339108238563e-02 1.049129772186279297e+01
2.010000000000000000e+02 5.845364409050761711e-01 2.222649222508132558e-02 1.065790367126464844e+01
2.020000000000000000e+02 5.687579945560621297e-01 2.708135584320952791e-02 1.081915760040283203e+01
2.030000000000000000e+02 5.508259678254542324e-01 3.242840152862689479e-02 1.097103881835937500e+01
2.040000000000000000e+02 5.311394071815552786e-01 3.967992606722224591e-02 1.111526012420654297e+01
2.050000000000000000e+02 5.114153873015478968e-01 4.633166734816550336e-02 1.125785064697265625e+01
2.060000000000000000e+02 4.899551162829776096e-01 5.397655716001850679e-02 1.138975811004638672e+01
2.070000000000000000e+02 4.691851714294483222e-01 6.245093911496564509e-02 1.151504611968994141e+01
2.080000000000000000e+02 4.469074751203376827e-01 7.001546566172263397e-02 1.163403797149658203e+01
2.090000000000000000e+02 4.246005592905258141e-01 7.777539766983816716e-02 1.174549770355224609e+01
2.100000000000000000e+02 4.026885188120404857e-01 8.568481619205543798e-02 1.185467624664306641e+01
2.110000000000000000e+02 3.831487364361371162e-01 9.446785128955952071e-02 1.195906734466552734e+01
2.120000000000000000e+02 3.643111877728550385e-01 1.025814387277943496e-01 1.205666828155517578e+01
2.130000000000000000e+02 3.450268518652878647e-01 1.110910790326544578e-01 1.214840030670166016e+01
2.140000000000000000e+02 3.267509418572374646e-01 1.191419133799387770e-01 1.223696041107177734e+01
2.150000000000000000e+02 3.104569196283480936e-01 1.281109255515356649e-01 1.232207489013671875e+01
2.160000000000000000e+02 2.943882972419292199e-01 1.371605100636774655e-01 1.240586566925048828e+01
2.170000000000000000e+02 2.791816205041621202e-01 1.449703568923236818e-01 1.248515033721923828e+01
2.180000000000000000e+02 2.644938707826233193e-01 1.537952798354189632e-01 1.256029319763183594e+01
2.190000000000000000e+02 2.515303715984095745e-01 1.612107950098327358e-01 1.263463401794433594e+01
2.200000000000000000e+02 2.396941597526958678e-01 1.691990490484413800e-01 1.270570468902587891e+01
2.210000000000000000e+02 2.274468099491916140e-01 1.777584454335060515e-01 1.277245330810546875e+01
2.220000000000000000e+02 2.171684749875920084e-01 1.855126559913502227e-01 1.283574867248535156e+01
2.230000000000000000e+02 2.059159229195658136e-01 1.940085441008712330e-01 1.289958763122558594e+01
2.240000000000000000e+02 1.968169238882645777e-01 2.015148902950559540e-01 1.296024036407470703e+01
2.250000000000000000e+02 1.875035517801586227e-01 2.086278932827831945e-01 1.301792430877685547e+01
2.260000000000000000e+02 1.797060665911252297e-01 2.169055677797054882e-01 1.307404899597167969e+01
2.270000000000000000e+02 1.713148596324174655e-01 2.236606513374810590e-01 1.312950992584228516e+01
2.280000000000000000e+02 1.636412844919835352e-01 2.320189301762147771e-01 1.318284225463867188e+01
2.290000000000000000e+02 1.572121323499349188e-01 2.400956691856425684e-01 1.323438262939453125e+01
2.300000000000000000e+02 1.504588159287622295e-01 2.465435028382337301e-01 1.328293228149414062e+01
2.310000000000000000e+02 1.437030144864500647e-01 2.541484937521747978e-01 1.333051586151123047e+01
2.320000000000000000e+02 1.377627499617895546e-01 2.611796758103247518e-01 1.338082218170166016e+01
2.330000000000000000e+02 1.322439503716988096e-01 2.684377507693445630e-01 1.342482376098632812e+01
2.340000000000000000e+02 1.268781388451289960e-01 2.754321523459952181e-01 1.346697235107421875e+01
2.350000000000000000e+02 1.212399581738406729e-01 2.830739521261350644e-01 1.351027870178222656e+01
2.360000000000000000e+02 1.160093171087183128e-01 2.896702396662336199e-01 1.355191802978515625e+01
2.370000000000000000e+02 1.113310246953883864e-01 2.962672646496861129e-01 1.359243202209472656e+01
2.380000000000000000e+02 1.075361671823387988e-01 3.035492334833842509e-01 1.363083171844482422e+01
2.390000000000000000e+02 1.031602823600281105e-01 3.104611070812879348e-01 1.367300796508789062e+01
2.400000000000000000e+02 9.926209202521339703e-02 3.174907385338057164e-01 1.371197032928466797e+01
2.410000000000000000e+02 9.490056668055296685e-02 3.233946155361595576e-01 1.374805736541748047e+01
2.420000000000000000e+02 9.043627488909471157e-02 3.293890280573610330e-01 1.378359508514404297e+01
2.430000000000000000e+02 8.747648142675266969e-02 3.357291831346590483e-01 1.381622791290283203e+01
2.440000000000000000e+02 8.455516558604875277e-02 3.426973534383374598e-01 1.384761619567871094e+01
2.450000000000000000e+02 8.115636588628420689e-02 3.488835247905092696e-01 1.388027954101562500e+01
2.460000000000000000e+02 7.815726457361253654e-02 3.543089589396345440e-01 1.391204833984375000e+01
2.470000000000000000e+02 7.494929443093417687e-02 3.597989956497774089e-01 1.394270992279052734e+01
2.480000000000000000e+02 7.252715699844933250e-02 3.656960360753672146e-01 1.397128772735595703e+01
2.490000000000000000e+02 6.968765219292623325e-02 3.718073110806952575e-01 1.400100612640380859e+01
2.500000000000000000e+02 6.730918235925854864e-02 3.769936412141168813e-01 1.402899074554443359e+01
2.510000000000000000e+02 6.513099163190141927e-02 3.825311885900459785e-01 1.405846405029296875e+01
2.520000000000000000e+02 6.201566244599561462e-02 3.879676611928799534e-01 1.408444786071777344e+01
2.530000000000000000e+02 6.030958634353224268e-02 3.926591843715777630e-01 1.411137199401855469e+01
2.540000000000000000e+02 5.912308381602281171e-02 3.977521696327789846e-01 1.413945007324218750e+01
2.550000000000000000e+02 5.663497585714073745e-02 4.024154126518350028e-01 1.416484355926513672e+01
2.560000000000000000e+02 5.447542653303846100e-02 4.080973834703052749e-01 1.418910980224609375e+01
2.570000000000000000e+02 5.297125158853147747e-02 4.123814963498930175e-01 1.421324443817138672e+01
2.580000000000000000e+02 5.162636393418436331e-02 4.171091131955622089e-01 1.423510169982910156e+01
2.590000000000000000e+02 5.056525493070117283e-02 4.215397319885088034e-01 1.425757598876953125e+01
2.600000000000000000e+02 4.839907526777070812e-02 4.260594885088322403e-01 1.427891540527343750e+01
2.610000000000000000e+02 4.630187002856958611e-02 4.296615747742065783e-01 1.430152606964111328e+01
2.620000000000000000e+02 4.504844891481256386e-02 4.338134694040851058e-01 1.432189750671386719e+01
2.630000000000000000e+02 4.444891774418382319e-02 4.384983227050570642e-01 1.434204006195068359e+01
2.640000000000000000e+02 4.290078538919338269e-02 4.423070566221294353e-01 1.436139011383056641e+01
2.650000000000000000e+02 4.167381935509393426e-02 4.465841130908366763e-01 1.438111114501953125e+01
2.660000000000000000e+02 4.053246950777161101e-02 4.512387449145566221e-01 1.440295314788818359e+01
2.670000000000000000e+02 3.964861562904058168e-02 4.545697711433776544e-01 1.442079639434814453e+01
2.680000000000000000e+02 3.756668396846059299e-02 4.588331245454984608e-01 1.443724155426025391e+01
2.690000000000000000e+02 3.718301454967622849e-02 4.624242587241970681e-01 1.445557785034179688e+01
2.700000000000000000e+02 3.637913030228229899e-02 4.651628349231109461e-01 1.447248840332031250e+01
2.710000000000000000e+02 3.505114469294146745e-02 4.690589064792005103e-01 1.448874568939208984e+01
2.720000000000000000e+02 3.519881502310670540e-02 4.727322377110793061e-01 1.450426197052001953e+01
2.730000000000000000e+02 3.402879937686174167e-02 4.765458805567943101e-01 1.452094554901123047e+01
2.740000000000000000e+02 3.328162713275240742e-02 4.793700960704542768e-01 1.453513813018798828e+01
2.750000000000000000e+02 3.183107959935540382e-02 4.832046686639586142e-01 1.455007362365722656e+01
2.760000000000000000e+02 3.203453931674261901e-02 4.862746061908045370e-01 1.456671810150146484e+01
2.770000000000000000e+02 3.066621829090819887e-02 4.889589204381893928e-01 1.458032798767089844e+01
2.780000000000000000e+02 3.059156641754898209e-02 4.921907953009998504e-01 1.459535026550292969e+01
2.790000000000000000e+02 2.940314930292825882e-02 4.961082079260852873e-01 1.461018657684326172e+01
2.800000000000000000e+02 2.922876356188056426e-02 4.987174089838037339e-01 1.462546062469482422e+01
2.810000000000000000e+02 2.884201082543798311e-02 5.015739677028874244e-01 1.463566684722900391e+01
2.820000000000000000e+02 2.832351849680077305e-02 5.047143737344506054e-01 1.464845180511474609e+01
2.830000000000000000e+02 2.823463686546801715e-02 5.076337328350444267e-01 1.466091632843017578e+01
2.840000000000000000e+02 2.752066377649113951e-02 5.105516585660635487e-01 1.467239761352539062e+01
2.850000000000000000e+02 2.679733429933134001e-02 5.134339219577674918e-01 1.468390369415283203e+01
2.860000000000000000e+02 2.627583472799524880e-02 5.160031326950025310e-01 1.469643783569335938e+01
2.870000000000000000e+02 2.607608953355503717e-02 5.183346696355690675e-01 1.470836353302001953e+01
2.880000000000000000e+02 2.556218718696633835e-02 5.198531264077492775e-01 1.471852970123291016e+01
2.890000000000000000e+02 2.514158484008430575e-02 5.227487869549247712e-01 1.472861766815185547e+01
2.900000000000000000e+02 2.473298535829679401e-02 5.252556588211272359e-01 1.473774623870849609e+01
2.910000000000000000e+02 2.505363283644421180e-02 5.260893166415359090e-01 1.474872970581054688e+01
2.920000000000000000e+02 2.414640086260752203e-02 5.286157807501634665e-01 1.475714588165283203e+01
2.930000000000000000e+02 2.427838690611405087e-02 5.307133412964951669e-01 1.476532173156738281e+01
2.940000000000000000e+02 2.457588701376100040e-02 5.320398007424432807e-01 1.477322769165039062e+01
2.950000000000000000e+02 2.377767175876699043e-02 5.336663228125693159e-01 1.478071403503417969e+01
2.960000000000000000e+02 2.239207560606056718e-02 5.359896048311253436e-01 1.478645420074462891e+01
2.970000000000000000e+02 2.305428215850738663e-02 5.377143233308628867e-01 1.479365634918212891e+01
2.980000000000000000e+02 2.263975253249086647e-02 5.392923648889417221e-01 1.480004501342773438e+01
2.990000000000000000e+02 2.257749476145937823e-02 5.413383872478556569e-01 1.480711364746093750e+01
3.000000000000000000e+02 2.178296560901241477e-02 5.432382363229011357e-01 1.481419372558593750e+01
3.010000000000000000e+02 2.192927131709677957e-02 5.444849488869831777e-01 1.482228755950927734e+01
3.020000000000000000e+02 2.192698785021874458e-02 5.462925815622655668e-01 1.483045387268066406e+01
3.030000000000000000e+02 2.171968651438731593e-02 5.479517096146587773e-01 1.483615589141845703e+01
3.040000000000000000e+02 2.177595794181598488e-02 5.485127229413097050e-01 1.484241008758544922e+01
3.050000000000000000e+02 2.203909891762182577e-02 5.511119793488340468e-01 1.484884643554687500e+01
3.060000000000000000e+02 2.077403484591236471e-02 5.513446798059763454e-01 1.485499572753906250e+01
3.070000000000000000e+02 2.043019666369197060e-02 5.530670703127598120e-01 1.486013507843017578e+01
3.080000000000000000e+02 2.113468667727406991e-02 5.543814216995077704e-01 1.486648750305175781e+01
3.090000000000000000e+02 2.152410638798416681e-02 5.559970149880412160e-01 1.487259006500244141e+01
3.100000000000000000e+02 2.108107956568222932e-02 5.578654428071969651e-01 1.487780380249023438e+01
3.110000000000000000e+02 2.073761585731801957e-02 5.592318781333808220e-01 1.488149642944335938e+01
3.120000000000000000e+02 1.986708890557737153e-02 5.609764296333366040e-01 1.488408374786376953e+01
3.130000000000000000e+02 2.041576255106247739e-02 5.619151460551331523e-01 1.488896369934082031e+01
3.140000000000000000e+02 2.018733107819457862e-02 5.628968624990073888e-01 1.489107036590576172e+01
3.150000000000000000e+02 2.049961491201417532e-02 5.645578011612771840e-01 1.489600563049316406e+01
3.160000000000000000e+02 2.043398313479919889e-02 5.651907474982565960e-01 1.490030479431152344e+01
3.170000000000000000e+02 1.954735481497094432e-02 5.659377991772580607e-01 1.490498924255371094e+01
3.180000000000000000e+02 2.026691993699921215e-02 5.674778132731069791e-01 1.491046428680419922e+01
3.190000000000000000e+02 1.958739315572713413e-02 5.682601821422100796e-01 1.491306591033935547e+01
3.200000000000000000e+02 2.015857756854328928e-02 5.701875319158712374e-01 1.491743278503417969e+01
3.210000000000000000e+02 1.962425342312719770e-02 5.702060535886624981e-01 1.492226791381835938e+01
3.220000000000000000e+02 1.914123065068591700e-02 5.716800457261117518e-01 1.492631340026855469e+01
3.230000000000000000e+02 1.976198170375182556e-02 5.725501642615969944e-01 1.492970085144042969e+01
3.240000000000000000e+02 1.984224289341610797e-02 5.729456594836310757e-01 1.493344402313232422e+01
3.250000000000000000e+02 1.880973752844796593e-02 5.747247199868930068e-01 1.493641281127929688e+01
3.260000000000000000e+02 1.940977430584633207e-02 5.747041428769091853e-01 1.494167518615722656e+01
3.270000000000000000e+02 1.933558785706526034e-02 5.753796573665909131e-01 1.494467830657958984e+01
3.280000000000000000e+02 1.947687984660629451e-02 5.764759575805286085e-01 1.494746398925781250e+01
3.290000000000000000e+02 1.933829064715229806e-02 5.773782363409136753e-01 1.495134925842285156e+01
3.300000000000000000e+02 1.906056277886626280e-02 5.774515655825860350e-01 1.495485591888427734e+01
3.310000000000000000e+02 1.946231327247540874e-02 5.786034954928419571e-01 1.495642757415771484e+01
3.320000000000000000e+02 1.904529627243465792e-02 5.796630353652317824e-01 1.495865821838378906e+01
3.330000000000000000e+02 1.943038293325819940e-02 5.810956921284785581e-01 1.496187019348144531e+01
3.340000000000000000e+02 1.902808967645020638e-02 5.824177240320864701e-01 1.496819114685058594e+01
3.350000000000000000e+02 1.934946975787498955e-02 5.823833388843574488e-01 1.497369670867919922e+01
3.360000000000000000e+02 1.899971710627122376e-02 5.835117632794678544e-01 1.497879409790039062e+01
3.370000000000000000e+02 1.909355812944977387e-02 5.834844492123975046e-01 1.498130130767822266e+01
3.380000000000000000e+02 1.847908463265445639e-02 5.838176915746493556e-01 1.498306751251220703e+01
3.390000000000000000e+02 1.919488900100658341e-02 5.841744905370516161e-01 1.498621368408203125e+01
3.400000000000000000e+02 1.892751282030639623e-02 5.855667678151351696e-01 1.498978042602539062e+01
3.410000000000000000e+02 1.822457198775711759e-02 5.862280167140661025e-01 1.499344348907470703e+01
3.420000000000000000e+02 1.935457557339179818e-02 5.872465003440136000e-01 1.499767971038818359e+01
3.430000000000000000e+02 1.840057994641767364e-02 5.878042821883974201e-01 1.499997711181640625e+01
3.440000000000000000e+02 1.852664474186474855e-02 5.879241295095271047e-01 1.500226020812988281e+01
3.450000000000000000e+02 1.890675906206270435e-02 5.887735789539295661e-01 1.500558376312255859e+01
3.460000000000000000e+02 1.838191399241488264e-02 5.892753748010055581e-01 1.500942802429199219e+01
3.470000000000000000e+02 1.880913451512992302e-02 5.899320757724680897e-01 1.501287841796875000e+01
3.480000000000000000e+02 1.861208434639221448e-02 5.911616809465439770e-01 1.501620197296142578e+01
3.490000000000000000e+02 1.918175708023338311e-02 5.918588706455000237e-01 1.501807022094726562e+01
3.500000000000000000e+02 1.879165726542690595e-02 5.914120436569674233e-01 1.502117824554443359e+01
3.510000000000000000e+02 1.950749005002687386e-02 5.918674294128172253e-01 1.502354431152343750e+01
3.520000000000000000e+02 1.856845789201688399e-02 5.926439100764232526e-01 1.502611160278320312e+01
3.530000000000000000e+02 1.867390785097169589e-02 5.931741592234434091e-01 1.502737998962402344e+01
3.540000000000000000e+02 1.864899166590822804e-02 5.934014241725302785e-01 1.502964591979980469e+01
3.550000000000000000e+02 1.862786475091700311e-02 5.934427396871538862e-01 1.502997970581054688e+01
3.560000000000000000e+02 1.850942649615154936e-02 5.937708396998246929e-01 1.503130626678466797e+01
3.570000000000000000e+02 1.854412930151707814e-02 5.951605375355655259e-01 1.503314685821533203e+01
3.580000000000000000e+02 1.891573312350118552e-02 5.953630642830700648e-01 1.503697967529296875e+01
3.590000000000000000e+02 1.906438475061324189e-02 5.950853290224257242e-01 1.503667831420898438e+01
3.600000000000000000e+02 1.897549359420517071e-02 5.958775026871395708e-01 1.503757381439208984e+01
3.610000000000000000e+02 1.907201855875106586e-02 5.967392023130397849e-01 1.503981018066406250e+01
3.620000000000000000e+02 1.861441297107227499e-02 5.954729010261539113e-01 1.503973197937011719e+01
3.630000000000000000e+02 1.858823666326431950e-02 5.967342307536961377e-01 1.504162883758544922e+01
3.640000000000000000e+02 1.885100946419449031e-02 5.976308790197139009e-01 1.504407215118408203e+01
3.650000000000000000e+02 1.921401017172408299e-02 5.962121956078151319e-01 1.504482364654541016e+01
3.660000000000000000e+02 1.847976863639382017e-02 5.979767528685783207e-01 1.504577159881591797e+01
3.670000000000000000e+02 1.822940817911390676e-02 5.980137209785433283e-01 1.504684638977050781e+01
3.680000000000000000e+02 1.821238965707832821e-02 5.989320619546524282e-01 1.504742622375488281e+01
3.690000000000000000e+02 1.837663644392264692e-02 5.984684399217908846e-01 1.505027008056640625e+01
3.700000000000000000e+02 1.868810468814559658e-02 5.989063859443854998e-01 1.505143356323242188e+01
3.710000000000000000e+02 1.815420621997995004e-02 5.989423054834893678e-01 1.505526161193847656e+01
3.720000000000000000e+02 1.828123805556071055e-02 5.994743746752284608e-01 1.505636882781982422e+01
3.730000000000000000e+02 1.833399766208955450e-02 5.994682414199508091e-01 1.505703163146972656e+01
3.740000000000000000e+02 1.849334958658082825e-02 5.995465885715404175e-01 1.505808925628662109e+01
3.750000000000000000e+02 1.856692442055560624e-02 6.002795679565641196e-01 1.506018161773681641e+01
3.760000000000000000e+02 1.893835016082775699e-02 6.000815397564368547e-01 1.506002426147460938e+01
3.770000000000000000e+02 1.875643422083881490e-02 6.008417498153795222e-01 1.506057167053222656e+01
3.780000000000000000e+02 1.836691660119914651e-02 6.015311188779843832e-01 1.506160354614257812e+01
3.790000000000000000e+02 1.846865111118584438e-02 6.025305789935970768e-01 1.506109142303466797e+01
3.800000000000000000e+02 1.885841855862852370e-02 6.016163475966661567e-01 1.506068038940429688e+01
3.810000000000000000e+02 1.856659375433831680e-02 6.025078036430450146e-01 1.506177425384521484e+01
3.820000000000000000e+02 1.797696132180789247e-02 6.023555006652016042e-01 1.506196403503417969e+01
3.830000000000000000e+02 1.841553630024981777e-02 6.033856967176004504e-01 1.506322193145751953e+01
3.840000000000000000e+02 1.839115132623147034e-02 6.033001973836099596e-01 1.506320762634277344e+01
3.850000000000000000e+02 1.823003819778330412e-02 6.034779323344069413e-01 1.506417465209960938e+01
3.860000000000000000e+02 1.857309713256048711e-02 6.039765869399648102e-01 1.506555843353271484e+01
3.870000000000000000e+02 1.838787117383576530e-02 6.047882440509256829e-01 1.506721210479736328e+01
3.880000000000000000e+02 1.840082304227461801e-02 6.042539008684638668e-01 1.506784725189208984e+01
3.890000000000000000e+02 1.899909351881735181e-02 6.041327901086671615e-01 1.506879138946533203e+01
3.900000000000000000e+02 1.878563279393295413e-02 6.047969400087814806e-01 1.506909561157226562e+01
3.910000000000000000e+02 1.862469784730907268e-02 6.050024886069511609e-01 1.507020473480224609e+01
3.920000000000000000e+02 1.819220507078259455e-02 6.051022940728201238e-01 1.507227802276611328e+01
3.930000000000000000e+02 1.793384123619187406e-02 6.061003202577487370e-01 1.507128715515136719e+01
3.940000000000000000e+02 1.787929742080272486e-02 6.059745637177573752e-01 1.507236003875732422e+01
3.950000000000000000e+02 1.806266572723287667e-02 6.063935975692044122e-01 1.507148551940917969e+01
3.960000000000000000e+02 1.860442400458911863e-02 6.065965271186486429e-01 1.507202625274658203e+01
3.970000000000000000e+02 1.867058129620189841e-02 6.071102634789378172e-01 1.507236194610595703e+01
3.980000000000000000e+02 1.860918090500682590e-02 6.072040064347490329e-01 1.507285785675048828e+01
