0.000000000000000000e+00 2.228353380153538787e-02 0.000000000000000000e+00 9.269740104675292969e+00
1.000000000000000000e+00 2.670790916261572834e-02 0.000000000000000000e+00 9.432806015014648438e+00
2.000000000000000000e+00 3.241340802413743977e-02 0.000000000000000000e+00 9.588747978210449219e+00
3.000000000000000000e+00 3.996411444974742877e-02 0.000000000000000000e+00 9.736366271972656250e+00
4.000000000000000000e+00 4.821946598257332434e-02 0.000000000000000000e+00 9.879803657531738281e+00
5.000000000000000000e+00 5.602691273682939427e-02 0.000000000000000000e+00 1.001088523864746094e+01
6.000000000000000000e+00 6.571181385342851622e-02 0.000000000000000000e+00 1.013707637786865234e+01
7.000000000000000000e+00 7.469555718970632974e-02 0.000000000000000000e+00 1.025879383087158203e+01
8.000000000000000000e+00 8.463419861379732623e-02 0.000000000000000000e+00 1.037356376647949219e+01
9.000000000000000000e+00 9.376499647027473905e-02 0.000000000000000000e+00 1.048161983489990234e+01
1.000000000000000000e+01 1.039441949639793722e-01 0.000000000000000000e+00 1.058470153808593750e+01
1.100000000000000000e+01 1.149586548992431456e-01 0.000000000000000000e+00 1.068481922149658203e+01
1.200000000000000000e+01 1.247424287665428594e-01 0.000000000000000000e+00 1.077965641021728516e+01
1.300000000000000000e+01 1.344911479111835229e-01 0.000000000000000000e+00 1.086936569213867188e+01
1.400000000000000000e+01 1.434150837847027182e-01 0.000000000000000000e+00 1.095447826385498047e+01
1.500000000000000000e+01 1.532156692630711747e-01 0.000000000000000000e+00 1.103508186340332031e+01
1.600000000000000000e+01 1.636805502788452604e-01 0.000000000000000000e+00 1.111255836486816406e+01
1.700000000000000000e+01 1.726897829699511611e-01 0.000000000000000000e+00 1.118514442443847656e+01
1.800000000000000000e+01 1.827375321756679605e-01 0.000000000000000000e+00 1.125794982910156250e+01
1.900000000000000000e+01 1.915626081078025400e-01 0.000000000000000000e+00 1.132483005523681641e+01
2.000000000000000000e+01 2.009690598859009691e-01 0.000000000000000000e+00 1.138875961303710938e+01
2.100000000000000000e+01 2.104426450273511051e-01 0.000000000000000000e+00 1.145204162597656250e+01
2.200000000000000000e+01 2.194939297226506936e-01 0.000000000000000000e+00 1.151617813110351562e+01
2.300000000000000000e+01 2.287274916854524220e-01 0.000000000000000000e+00 1.157433986663818359e+01
2.400000000000000000e+01 2.378691789840726434e-01 0.000000000000000000e+00 1.163240242004394531e+01
2.500000000000000000e+01 2.462727220777725656e-01 0.000000000000000000e+00 1.168700027465820312e+01
2.600000000000000000e+01 2.554010343715808484e-01 0.000000000000000000e+00 1.174074172973632812e+01
2.700000000000000000e+01 2.639795590092891553e-01 0.000000000000000000e+00 1.179244422912597656e+01
2.800000000000000000e+01 2.717348073541007714e-01 0.000000000000000000e+00 1.184195804595947266e+01
2.900000000000000000e+01 2.805654266892982363e-01 0.000000000000000000e+00 1.188986396789550781e+01
3.000000000000000000e+01 2.877776963077365302e-01 0.000000000000000000e+00 1.193718433380126953e+01
3.100000000000000000e+01 2.959432729309991461e-01 0.000000000000000000e+00 1.198248767852783203e+01
3.200000000000000000e+01 3.052987718416860230e-01 0.000000000000000000e+00 1.202681636810302734e+01
3.300000000000000000e+01 3.127372871219938899e-01 0.000000000000000000e+00 1.207134819030761719e+01
3.400000000000000000e+01 3.196404322001715759e-01 0.000000000000000000e+00 1.211157608032226562e+01
3.500000000000000000e+01 3.272607714495858744e-01 0.000000000000000000e+00 1.215096855163574219e+01
3.600000000000000000e+01 3.362533607544113679e-01 0.000000000000000000e+00 1.218915843963623047e+01
3.700000000000000000e+01 3.436718794844472180e-01 0.000000000000000000e+00 1.222605228424072266e+01
3.800000000000000000e+01 3.506239831543372376e-01 0.000000000000000000e+00 1.226528263092041016e+01
3.900000000000000000e+01 3.569767134791506646e-01 0.000000000000000000e+00 1.229943561553955078e+01
4.000000000000000000e+01 3.646966507350772324e-01 0.000000000000000000e+00 1.233537197113037109e+01
4.100000000000000000e+01 3.716406572143329812e-01 0.000000000000000000e+00 1.236910629272460938e+01
4.200000000000000000e+01 3.783232693431424210e-01 0.000000000000000000e+00 1.240336704254150391e+01
4.300000000000000000e+01 3.853015869236272040e-01 0.000000000000000000e+00 1.243538570404052734e+01
4.400000000000000000e+01 3.922224077022710143e-01 0.000000000000000000e+00 1.246683979034423828e+01
4.500000000000000000e+01 3.987616660174366223e-01 0.000000000000000000e+00 1.249915027618408203e+01
4.600000000000000000e+01 4.054627097360120613e-01 0.000000000000000000e+00 1.252920150756835938e+01
4.700000000000000000e+01 4.115584876811259063e-01 0.000000000000000000e+00 1.255891227722167969e+01
4.800000000000000000e+01 4.175436298537930635e-01 0.000000000000000000e+00 1.258611583709716797e+01
4.900000000000000000e+01 4.244429758597221825e-01 0.000000000000000000e+00 1.261372852325439453e+01
5.000000000000000000e+01 4.316195418003321294e-01 0.000000000000000000e+00 1.264171981811523438e+01
5.100000000000000000e+01 4.365956932505357102e-01 0.000000000000000000e+00 1.266697120666503906e+01
5.200000000000000000e+01 4.424116402989785035e-01 0.000000000000000000e+00 1.269344806671142578e+01
5.300000000000000000e+01 4.478950448578400412e-01 0.000000000000000000e+00 1.271764469146728516e+01
5.400000000000000000e+01 4.541001457107368133e-01 0.000000000000000000e+00 1.274051952362060547e+01
5.500000000000000000e+01 4.588428070086141841e-01 0.000000000000000000e+00 1.276340198516845703e+01
5.600000000000000000e+01 4.642401459359002391e-01 0.000000000000000000e+00 1.278626918792724609e+01
5.700000000000000000e+01 4.699011886951682815e-01 0.000000000000000000e+00 1.280965042114257812e+01
5.800000000000000000e+01 4.736254091168288216e-01 0.000000000000000000e+00 1.283138179779052734e+01
5.900000000000000000e+01 4.779368550630093693e-01 0.000000000000000000e+00 1.284977531433105469e+01
6.000000000000000000e+01 4.832911507337895873e-01 0.000000000000000000e+00 1.286870574951171875e+01
6.100000000000000000e+01 4.874489267413490423e-01 0.000000000000000000e+00 1.288653564453125000e+01
6.200000000000000000e+01 4.930229067840625756e-01 0.000000000000000000e+00 1.290632534027099609e+01
6.300000000000000000e+01 4.966263959500279990e-01 0.000000000000000000e+00 1.292498302459716797e+01
6.400000000000000000e+01 5.019434541053657828e-01 0.000000000000000000e+00 1.294264888763427734e+01
6.500000000000000000e+01 5.064292474309468606e-01 0.000000000000000000e+00 1.296070766448974609e+01
6.600000000000000000e+01 5.105144484113554038e-01 0.000000000000000000e+00 1.297628211975097656e+01
6.700000000000000000e+01 5.149944170413165434e-01 0.000000000000000000e+00 1.299535179138183594e+01
6.800000000000000000e+01 5.199374307155094632e-01 0.000000000000000000e+00 1.301171779632568359e+01
6.900000000000000000e+01 5.233069599526367632e-01 0.000000000000000000e+00 1.303049278259277344e+01
7.000000000000000000e+01 5.257861196759148203e-01 0.000000000000000000e+00 1.304423713684082031e+01
7.100000000000000000e+01 5.287519438241236047e-01 0.000000000000000000e+00 1.305729103088378906e+01
7.200000000000000000e+01 5.327480561490859357e-01 0.000000000000000000e+00 1.307032966613769531e+01
7.300000000000000000e+01 5.359830721407081722e-01 0.000000000000000000e+00 1.308401870727539062e+01
7.400000000000000000e+01 5.393215300546294610e-01 0.000000000000000000e+00 1.309733772277832031e+01
7.500000000000000000e+01 5.424360898743751935e-01 0.000000000000000000e+00 1.311004638671875000e+01
7.600000000000000000e+01 5.457007378515756901e-01 0.000000000000000000e+00 1.312160682678222656e+01
7.700000000000000000e+01 5.498543395430842695e-01 0.000000000000000000e+00 1.313437366485595703e+01
7.800000000000000000e+01 5.529817265247770619e-01 0.000000000000000000e+00 1.314590358734130859e+01
7.900000000000000000e+01 5.557260872519214079e-01 0.000000000000000000e+00 1.315655994415283203e+01
8.000000000000000000e+01 5.578817153970891951e-01 0.000000000000000000e+00 1.316783237457275391e+01
8.100000000000000000e+01 5.616361820273432226e-01 0.000000000000000000e+00 1.317893695831298828e+01
8.200000000000000000e+01 5.633107037027278441e-01 0.000000000000000000e+00 1.319142150878906250e+01
8.300000000000000000e+01 5.661434556306209620e-01 0.000000000000000000e+00 1.319964599609375000e+01
8.400000000000000000e+01 5.698115554636864477e-01 0.000000000000000000e+00 1.321054172515869141e+01
8.500000000000000000e+01 5.719324285027900245e-01 0.000000000000000000e+00 1.322008800506591797e+01
8.600000000000000000e+01 5.744730966887517942e-01 0.000000000000000000e+00 1.322964954376220703e+01
8.700000000000000000e+01 5.782187829912900368e-01 0.000000000000000000e+00 1.324060535430908203e+01
8.800000000000000000e+01 5.809705490242320636e-01 0.000000000000000000e+00 1.324949836730957031e+01
8.900000000000000000e+01 5.828792841982624040e-01 0.000000000000000000e+00 1.325999641418457031e+01
9.000000000000000000e+01 5.847029164151725800e-01 0.000000000000000000e+00 1.326790237426757812e+01
9.100000000000000000e+01 5.875782166532718120e-01 0.000000000000000000e+00 1.327444934844970703e+01
9.200000000000000000e+01 5.909381276621095136e-01 0.000000000000000000e+00 1.328500461578369141e+01
9.300000000000000000e+01 5.913861205317788583e-01 0.000000000000000000e+00 1.329300022125244141e+01
9.400000000000000000e+01 5.951079545558026762e-01 0.000000000000000000e+00 1.330114841461181641e+01
9.500000000000000000e+01 5.973733258661934054e-01 0.000000000000000000e+00 1.330900573730468750e+01
9.600000000000000000e+01 5.998150106798280090e-01 0.000000000000000000e+00 1.331786155700683594e+01
9.700000000000000000e+01 6.012440777917407164e-01 0.000000000000000000e+00 1.332649517059326172e+01
9.800000000000000000e+01 6.038354768644551562e-01 0.000000000000000000e+00 1.333617401123046875e+01
9.900000000000000000e+01 6.058440804694572579e-01 0.000000000000000000e+00 1.334365463256835938e+01
1.000000000000000000e+02 6.079274432454163657e-01 0.000000000000000000e+00 1.335017871856689453e+01
1.010000000000000000e+02 6.101481453822510392e-01 0.000000000000000000e+00 1.335711193084716797e+01
1.020000000000000000e+02 6.107957839321856985e-01 0.000000000000000000e+00 1.336358070373535156e+01
1.030000000000000000e+02 6.118482133609788320e-01 0.000000000000000000e+00 1.336926937103271484e+01
1.040000000000000000e+02 6.144672840007754377e-01 0.000000000000000000e+00 1.337435340881347656e+01
1.050000000000000000e+02 6.163205966648489520e-01 0.000000000000000000e+00 1.338025188446044922e+01
1.060000000000000000e+02 6.177149979905790511e-01 0.000000000000000000e+00 1.338565063476562500e+01
1.070000000000000000e+02 6.196868678806207731e-01 0.000000000000000000e+00 1.339001560211181641e+01
1.080000000000000000e+02 6.215718006893579117e-01 0.000000000000000000e+00 1.339558219909667969e+01
1.090000000000000000e+02 6.223509125864448155e-01 0.000000000000000000e+00 1.340058803558349609e+01
1.100000000000000000e+02 6.236430445961501645e-01 0.000000000000000000e+00 1.340596199035644531e+01
1.110000000000000000e+02 6.256473809944588238e-01 0.000000000000000000e+00 1.341127204895019531e+01
1.120000000000000000e+02 6.273677482041076781e-01 0.000000000000000000e+00 1.341787910461425781e+01
1.130000000000000000e+02 6.287764981910314299e-01 0.000000000000000000e+00 1.342069149017333984e+01
1.140000000000000000e+02 6.302184562794779232e-01 0.000000000000000000e+00 1.342563343048095703e+01
1.150000000000000000e+02 6.312489550799512683e-01 0.000000000000000000e+00 1.343029499053955078e+01
1.160000000000000000e+02 6.326998583205437621e-01 0.000000000000000000e+00 1.343505859375000000e+01
1.170000000000000000e+02 6.348315285583308043e-01 0.000000000000000000e+00 1.343932819366455078e+01
1.180000000000000000e+02 6.351814554535752944e-01 0.000000000000000000e+00 1.344517612457275391e+01
1.190000000000000000e+02 6.364169330620050857e-01 0.000000000000000000e+00 1.344921588897705078e+01
1.200000000000000000e+02 6.384914258782667940e-01 0.000000000000000000e+00 1.345519351959228516e+01
1.210000000000000000e+02 6.407069120924636652e-01 0.000000000000000000e+00 1.346073055267333984e+01
1.220000000000000000e+02 6.410554344395379411e-01 0.000000000000000000e+00 1.346380043029785156e+01
1.230000000000000000e+02 6.428808543452786406e-01 0.000000000000000000e+00 1.346563434600830078e+01
1.240000000000000000e+02 6.439395695708720613e-01 0.000000000000000000e+00 1.346838951110839844e+01
1.250000000000000000e+02 6.447994089230048020e-01 0.000000000000000000e+00 1.347111415863037109e+01
1.260000000000000000e+02 6.460421925611701255e-01 0.000000000000000000e+00 1.347429656982421875e+01
1.270000000000000000e+02 6.470149765575100576e-01 0.000000000000000000e+00 1.347830295562744141e+01
1.280000000000000000e+02 6.476675171063531744e-01 0.000000000000000000e+00 1.348222732543945312e+01
1.290000000000000000e+02 6.482292644148830441e-01 0.000000000000000000e+00 1.348409175872802734e+01
1.300000000000000000e+02 6.499857573836099744e-01 0.000000000000000000e+00 1.348691368103027344e+01
1.310000000000000000e+02 6.500753143360262776e-01 0.000000000000000000e+00 1.348920440673828125e+01
1.320000000000000000e+02 6.507189679306170094e-01 0.000000000000000000e+00 1.349254226684570312e+01
1.330000000000000000e+02 6.524014811106280121e-01 0.000000000000000000e+00 1.349449253082275391e+01
1.340000000000000000e+02 6.519003158335821002e-01 0.000000000000000000e+00 1.349736213684082031e+01
1.350000000000000000e+02 6.526605688592312937e-01 0.000000000000000000e+00 1.349783420562744141e+01
1.360000000000000000e+02 6.531365730617217924e-01 0.000000000000000000e+00 1.350055217742919922e+01
1.370000000000000000e+02 6.547055196454318882e-01 0.000000000000000000e+00 1.350282382965087891e+01
1.380000000000000000e+02 6.548670261830998873e-01 0.000000000000000000e+00 1.350773239135742188e+01
1.390000000000000000e+02 6.549688421316529618e-01 0.000000000000000000e+00 1.351093578338623047e+01
1.400000000000000000e+02 6.553939488126209190e-01 0.000000000000000000e+00 1.351320362091064453e+01
1.410000000000000000e+02 6.556400514496624199e-01 0.000000000000000000e+00 1.351626300811767578e+01
1.420000000000000000e+02 6.562576419991648091e-01 0.000000000000000000e+00 1.351941013336181641e+01
1.430000000000000000e+02 6.568033785631282040e-01 0.000000000000000000e+00 1.352124786376953125e+01
1.440000000000000000e+02 6.569638975409416437e-01 0.000000000000000000e+00 1.352258396148681641e+01
1.450000000000000000e+02 6.569382094086846369e-01 0.000000000000000000e+00 1.352601528167724609e+01
1.460000000000000000e+02 6.576758221413114835e-01 0.000000000000000000e+00 1.352546787261962891e+01
1.470000000000000000e+02 6.581795381571581283e-01 0.000000000000000000e+00 1.352891826629638672e+01
1.480000000000000000e+02 6.586406020807035189e-01 0.000000000000000000e+00 1.352899837493896484e+01
1.490000000000000000e+02 6.579446806452591279e-01 0.000000000000000000e+00 1.353224563598632812e+01
1.500000000000000000e+02 6.587779792492999276e-01 0.000000000000000000e+00 1.353217315673828125e+01
1.510000000000000000e+02 6.592210461361149854e-01 0.000000000000000000e+00 1.353542327880859375e+01
1.520000000000000000e+02 6.599251812286591745e-01 0.000000000000000000e+00 1.353632640838623047e+01
1.530000000000000000e+02 6.613163729252998779e-01 0.000000000000000000e+00 1.353910636901855469e+01
1.540000000000000000e+02 6.611988325522899501e-01 0.000000000000000000e+00 1.353928375244140625e+01
1.550000000000000000e+02 6.615205140550456386e-01 0.000000000000000000e+00 1.354212379455566406e+01
1.560000000000000000e+02 6.624534312180562212e-01 0.000000000000000000e+00 1.354381370544433594e+01
1.570000000000000000e+02 6.626710111219979993e-01 0.000000000000000000e+00 1.354264163970947266e+01
1.580000000000000000e+02 6.630167537527826838e-01 0.000000000000000000e+00 1.354368019104003906e+01
1.590000000000000000e+02 6.635378513163083802e-01 0.000000000000000000e+00 1.354441452026367188e+01
1.600000000000000000e+02 6.646551404470582014e-01 0.000000000000000000e+00 1.354572963714599609e+01
1.610000000000000000e+02 6.646314809502795740e-01 0.000000000000000000e+00 1.354481029510498047e+01
1.620000000000000000e+02 6.654043835900438353e-01 0.000000000000000000e+00 1.354636955261230469e+01
1.630000000000000000e+02 6.661197295753944481e-01 0.000000000000000000e+00 1.354631805419921875e+01
1.640000000000000000e+02 6.665137317850793330e-01 0.000000000000000000e+00 1.354712772369384766e+01
1.650000000000000000e+02 6.673066433558914046e-01 0.000000000000000000e+00 1.354969310760498047e+01
1.660000000000000000e+02 6.683815000099879722e-01 0.000000000000000000e+00 1.355080223083496094e+01
1.670000000000000000e+02 6.685671574420991581e-01 0.000000000000000000e+00 1.355081367492675781e+01
1.680000000000000000e+02 6.686015168936089159e-01 0.000000000000000000e+00 1.355084228515625000e+01
1.690000000000000000e+02 6.687508876654227885e-01 0.000000000000000000e+00 1.355379009246826172e+01
1.700000000000000000e+02 6.689163334728189803e-01 0.000000000000000000e+00 1.355334186553955078e+01
1.710000000000000000e+02 6.688548117549361072e-01 0.000000000000000000e+00 1.355272102355957031e+01
1.720000000000000000e+02 6.690890600927761334e-01 0.000000000000000000e+00 1.355088043212890625e+01
1.730000000000000000e+02 6.697486920582543801e-01 0.000000000000000000e+00 1.355402183532714844e+01
1.740000000000000000e+02 6.701214530323786889e-01 0.000000000000000000e+00 1.355518722534179688e+01
1.750000000000000000e+02 6.712141210046690398e-01 0.000000000000000000e+00 1.355494403839111328e+01
1.760000000000000000e+02 6.712162330909408059e-01 0.000000000000000000e+00 1.355489158630371094e+01
1.770000000000000000e+02 6.717660919936866426e-01 0.000000000000000000e+00 1.355567169189453125e+01
1.780000000000000000e+02 6.720082345358661113e-01 0.000000000000000000e+00 1.355728626251220703e+01
1.790000000000000000e+02 6.730097714803231490e-01 0.000000000000000000e+00 1.355802059173583984e+01
1.800000000000000000e+02 6.727595506634016509e-01 0.000000000000000000e+00 1.355836772918701172e+01
1.810000000000000000e+02 6.732230831646439650e-01 0.000000000000000000e+00 1.355889797210693359e+01
1.820000000000000000e+02 6.731576514238518660e-01 0.000000000000000000e+00 1.355861759185791016e+01
1.830000000000000000e+02 6.729725103986243795e-01 0.000000000000000000e+00 1.356053924560546875e+01
1.840000000000000000e+02 6.726699467227239548e-01 0.000000000000000000e+00 1.356067943572998047e+01
1.850000000000000000e+02 6.717317356043843724e-01 0.000000000000000000e+00 1.356095409393310547e+01
1.860000000000000000e+02 6.732813478723317369e-01 0.000000000000000000e+00 1.356250572204589844e+01
1.870000000000000000e+02 6.727138745523919550e-01 0.000000000000000000e+00 1.356420230865478516e+01
1.880000000000000000e+02 6.730255423846625007e-01 0.000000000000000000e+00 1.356762790679931641e+01
1.890000000000000000e+02 6.722895633110557156e-01 0.000000000000000000e+00 1.356780338287353516e+01
1.900000000000000000e+02 6.724816030538723899e-01 0.000000000000000000e+00 1.356673812866210938e+01
1.910000000000000000e+02 6.728389128533587282e-01 0.000000000000000000e+00 1.356752681732177734e+01
1.920000000000000000e+02 6.734839602368800637e-01 0.000000000000000000e+00 1.356874370574951172e+01
1.930000000000000000e+02 6.733499950008884349e-01 0.000000000000000000e+00 1.356716251373291016e+01
1.940000000000000000e+02 6.728639012245383189e-01 0.000000000000000000e+00 1.356803131103515625e+01
1.950000000000000000e+02 6.731528171563249119e-01 0.000000000000000000e+00 1.356888580322265625e+01
1.960000000000000000e+02 6.731897747680523070e-01 0.000000000000000000e+00 1.357098388671875000e+01
1.970000000000000000e+02 6.728321961159202669e-01 0.000000000000000000e+00 1.357249355316162109e+01
1.980000000000000000e+02 6.727340603498007665e-01 0.000000000000000000e+00 1.357361984252929688e+01
1.990000000000000000e+02 6.731828025516026770e-01 0.000000000000000000e+00 1.357324409484863281e+01
2.000000000000000000e+02 6.636521135861905840e-01 2.201292088485998222e-02 9.231406211853027344e+00
2.010000000000000000e+02 6.508076172701844353e-01 2.679966608255389057e-02 9.391907691955566406e+00
2.020000000000000000e+02 6.353027692707260421e-01 3.219392089474885921e-02 9.544987678527832031e+00
2.030000000000000000e+02 6.167613971947168983e-01 3.855793808442541798e-02 9.690401077270507812e+00
2.040000000000000000e+02 5.961800557800429612e-01 4.619589986497821960e-02 9.831644058227539062e+00
2.050000000000000000e+02 5.748903877070189461e-01 5.496510329293776559e-02 9.966205596923828125e+00
2.060000000000000000e+02 5.503055674176798862e-01 6.393015262758999784e-02 1.009343624114990234e+01
2.070000000000000000e+02 5.258921112312652246e-01 7.424039012405801718e-02 1.021363830566406250e+01
2.080000000000000000e+02 5.014627108778740849e-01 8.375358146131609005e-02 1.032888412475585938e+01
2.090000000000000000e+02 4.777021013529000326e-01 9.325940521745514078e-02 1.043870353698730469e+01
2.100000000000000000e+02 4.540263154711313143e-01 1.050010559902949808e-01 1.054319953918457031e+01
2.110000000000000000e+02 4.293497151523619215e-01 1.132298329392378705e-01 1.064224338531494141e+01
2.120000000000000000e+02 4.086392701877263334e-01 1.237224561992798094e-01 1.073583412170410156e+01
2.130000000000000000e+02 3.874606944805524256e-01 1.334677267554518210e-01 1.082496833801269531e+01
2.140000000000000000e+02 3.671494706893865811e-01 1.428280014346407223e-01 1.091096782684326172e+01
2.150000000000000000e+02 3.491451712568929278e-01 1.521404013374888786e-01 1.099043941497802734e+01
2.160000000000000000e+02 3.325237075251037400e-01 1.629137856938318862e-01 1.106629371643066406e+01
2.170000000000000000e+02 3.140459778796881318e-01 1.731952905158808953e-01 1.114117050170898438e+01
2.180000000000000000e+02 2.978685997820319509e-01 1.817631137847693090e-01 1.121212196350097656e+01
2.190000000000000000e+02 2.842921049523641219e-01 1.913124286470131996e-01 1.128056621551513672e+01
2.200000000000000000e+02 2.690122467916257754e-01 2.006478366576072148e-01 1.134609794616699219e+01
2.210000000000000000e+02 2.569558125939219728e-01 2.098334482247946331e-01 1.140867137908935547e+01
2.220000000000000000e+02 2.439475156302159109e-01 2.182005040118958072e-01 1.146889686584472656e+01
2.230000000000000000e+02 2.320407956505904368e-01 2.263458792008313236e-01 1.152523708343505859e+01
2.240000000000000000e+02 2.220098692012468233e-01 2.361914879715679982e-01 1.158155441284179688e+01
2.250000000000000000e+02 2.119557813030025772e-01 2.447504110276753631e-01 1.163649368286132812e+01
2.260000000000000000e+02 2.021549210776800998e-01 2.541902262368321286e-01 1.168939685821533203e+01
2.270000000000000000e+02 1.929567827782074363e-01 2.625193732189145535e-01 1.174196815490722656e+01
2.280000000000000000e+02 1.848520352083635743e-01 2.706748977080536966e-01 1.179064559936523438e+01
2.290000000000000000e+02 1.749856891933808112e-01 2.798424702625458838e-01 1.183926582336425781e+01
2.300000000000000000e+02 1.675298361743735032e-01 2.887408981987116263e-01 1.188464832305908203e+01
2.310000000000000000e+02 1.602671552092443663e-01 2.964993597648986623e-01 1.193115997314453125e+01
2.320000000000000000e+02 1.541247497423466062e-01 3.047802916740171009e-01 1.197528171539306641e+01
2.330000000000000000e+02 1.463528897371985105e-01 3.131566868155499228e-01 1.201693630218505859e+01
2.340000000000000000e+02 1.413138973237411389e-01 3.209515777896190802e-01 1.206085014343261719e+01
2.350000000000000000e+02 1.348141633625750679e-01 3.283432052314891880e-01 1.210204982757568359e+01
2.360000000000000000e+02 1.292045039425905595e-01 3.349453555862955678e-01 1.214044284820556641e+01
2.370000000000000000e+02 1.241002144086031100e-01 3.424518984348636219e-01 1.217688560485839844e+01
2.380000000000000000e+02 1.183113005844970284e-01 3.499930685933503871e-01 1.221523094177246094e+01
2.390000000000000000e+02 1.141363934951580977e-01 3.564647383671828984e-01 1.224997615814208984e+01
2.400000000000000000e+02 1.096687269552677618e-01 3.649773834327115773e-01 1.228626441955566406e+01
2.410000000000000000e+02 1.053328830360826945e-01 3.721728756147392736e-01 1.231895160675048828e+01
2.420000000000000000e+02 1.015544257123916078e-01 3.786035787259771634e-01 1.235224342346191406e+01
2.430000000000000000e+02 9.728451705587097542e-02 3.858568028307695075e-01 1.238437652587890625e+01
2.440000000000000000e+02 9.327595477739228369e-02 3.925205334423581549e-01 1.241565036773681641e+01
2.450000000000000000e+02 8.996703785310981860e-02 3.994303977466017175e-01 1.244861412048339844e+01
2.460000000000000000e+02 8.666907223606472310e-02 4.063303498208847842e-01 1.247919178009033203e+01
2.470000000000000000e+02 8.405328771656232767e-02 4.129602042911710846e-01 1.251015758514404297e+01
2.480000000000000000e+02 8.080333208902532038e-02 4.179464977224314204e-01 1.253870964050292969e+01
2.490000000000000000e+02 7.756434164384511110e-02 4.244501232365007204e-01 1.256403350830078125e+01
2.500000000000000000e+02 7.523804295300733080e-02 4.309031228923074219e-01 1.259117794036865234e+01
2.510000000000000000e+02 7.262490234459505201e-02 4.364555471262046016e-01 1.261616611480712891e+01
2.520000000000000000e+02 7.037711316855885246e-02 4.420172196018400945e-01 1.264060020446777344e+01
2.530000000000000000e+02 6.778874672011961366e-02 4.473530301864813152e-01 1.266444683074951172e+01
2.540000000000000000e+02 6.510497098796964865e-02 4.529508788850379886e-01 1.268850708007812500e+01
2.550000000000000000e+02 6.411954018538704170e-02 4.591794071760404439e-01 1.271028232574462891e+01
2.560000000000000000e+02 6.130922119109320778e-02 4.636729534892010673e-01 1.273292922973632812e+01
2.570000000000000000e+02 6.020623699019452685e-02 4.693714612403189768e-01 1.275426673889160156e+01
2.580000000000000000e+02 5.734176724818749321e-02 4.745108214239023292e-01 1.277569389343261719e+01
2.590000000000000000e+02 5.596979600958939399e-02 4.800640355390963787e-01 1.279878616333007812e+01
2.600000000000000000e+02 5.466940631679357426e-02 4.847210156942134418e-01 1.281947040557861328e+01
2.610000000000000000e+02 5.229654745198301924e-02 4.901418568375867646e-01 1.283986186981201172e+01
2.620000000000000000e+02 5.100955467044972907e-02 4.951047696966087708e-01 1.286083793640136719e+01
2.630000000000000000e+02 4.915976958176025702e-02 4.986169634179618004e-01 1.287937641143798828e+01
2.640000000000000000e+02 4.837591336908348555e-02 5.039170506592740573e-01 1.289606380462646484e+01
2.650000000000000000e+02 4.653348803417312052e-02 5.079005195379547866e-01 1.291278362274169922e+01
2.660000000000000000e+02 4.487438964098058175e-02 5.119353760130500586e-01 1.292944240570068359e+01
2.670000000000000000e+02 4.425803662564868624e-02 5.159932321788942566e-01 1.294567203521728516e+01
2.680000000000000000e+02 4.383750861201270860e-02 5.186438109372842886e-01 1.296225833892822266e+01
2.690000000000000000e+02 4.201130490278903729e-02 5.234862542394356222e-01 1.297883510589599609e+01
2.700000000000000000e+02 4.121887336009413816e-02 5.276573291937357579e-01 1.299423789978027344e+01
2.710000000000000000e+02 3.985332516625970239e-02 5.309397838592171404e-01 1.300798702239990234e+01
2.720000000000000000e+02 3.960461184097435750e-02 5.346837089334717241e-01 1.302221393585205078e+01
2.730000000000000000e+02 3.897608703566140392e-02 5.393002484003097674e-01 1.303678226470947266e+01
2.740000000000000000e+02 3.760682138682060888e-02 5.423597701956390793e-01 1.305120182037353516e+01
2.750000000000000000e+02 3.648889578089990759e-02 5.443443272715779990e-01 1.306504821777343750e+01
2.760000000000000000e+02 3.582192231976377705e-02 5.490523432981930796e-01 1.307694721221923828e+01
2.770000000000000000e+02 3.545699400104822263e-02 5.520601661820790929e-01 1.309151840209960938e+01
2.780000000000000000e+02 3.446318738440663082e-02 5.551417755160322764e-01 1.310388755798339844e+01
2.790000000000000000e+02 3.422567333195006972e-02 5.586467620891648611e-01 1.311809825897216797e+01
2.800000000000000000e+02 3.437593936813329587e-02 5.620967382950520230e-01 1.312889385223388672e+01
2.810000000000000000e+02 3.266872101049022453e-02 5.644015036267714391e-01 1.314307594299316406e+01
2.820000000000000000e+02 3.216236616081830091e-02 5.678418976449152167e-01 1.315470790863037109e+01
2.830000000000000000e+02 3.199926932880011593e-02 5.702974141696284249e-01 1.316728305816650391e+01
2.840000000000000000e+02 3.134534366971657160e-02 5.729335581346883810e-01 1.317668914794921875e+01
2.850000000000000000e+02 3.098624651630767224e-02 5.754936370356593667e-01 1.318575000762939453e+01
2.860000000000000000e+02 3.062096885934041668e-02 5.779414157434193955e-01 1.319620418548583984e+01
2.870000000000000000e+02 2.976065527420189080e-02 5.813847144797029687e-01 1.320438957214355469e+01
2.880000000000000000e+02 2.961656316793205568e-02 5.844596100753396417e-01 1.321424198150634766e+01
2.890000000000000000e+02 2.867603932422054663e-02 5.871179673690228862e-01 1.322307586669921875e+01
2.900000000000000000e+02 2.842254290837892619e-02 5.896676000516332117e-01 1.323263835906982422e+01
2.910000000000000000e+02 2.892832939866600214e-02 5.926778905538766518e-01 1.323978137969970703e+01
2.920000000000000000e+02 2.759192044081524783e-02 5.933775929367628432e-01 1.325059604644775391e+01
2.930000000000000000e+02 2.827635624881498499e-02 5.959562872016505031e-01 1.325971317291259766e+01
2.940000000000000000e+02 2.692919656235090442e-02 5.992564007157124006e-01 1.326991176605224609e+01
2.950000000000000000e+02 2.668823145671731303e-02 6.016534693348380980e-01 1.327922630310058594e+01
2.960000000000000000e+02 2.599326571284881621e-02 6.035727834150808047e-01 1.328669166564941406e+01
2.970000000000000000e+02 2.702377761692572808e-02 6.065732568275705727e-01 1.329270553588867188e+01
2.980000000000000000e+02 2.671963260336286672e-02 6.081931792918104929e-01 1.330048656463623047e+01
2.990000000000000000e+02 2.598018547089053082e-02 6.097471767053057601e-01 1.330595588684082031e+01
3.000000000000000000e+02 2.552057500298364132e-02 6.113252941627592696e-01 1.331112194061279297e+01
3.010000000000000000e+02 2.610062992966125442e-02 6.121684679437950916e-01 1.331745433807373047e+01
3.020000000000000000e+02 2.549466152180061493e-02 6.134202936468519107e-01 1.332442474365234375e+01
3.030000000000000000e+02 2.532285337103407086e-02 6.146654695857949324e-01 1.332965564727783203e+01
3.040000000000000000e+02 2.563436641445267575e-02 6.158030317460965186e-01 1.333396625518798828e+01
3.050000000000000000e+02 2.437717250662269075e-02 6.189488788117416540e-01 1.333865356445312500e+01
3.060000000000000000e+02 2.419371387375570531e-02 6.201623226072739969e-01 1.334624004364013672e+01
3.070000000000000000e+02 2.407844182541628644e-02 6.218552886269315128e-01 1.335245037078857422e+01
3.080000000000000000e+02 2.405846679507375394e-02 6.235677571760906979e-01 1.335938167572021484e+01
3.090000000000000000e+02 2.400822406468936659e-02 6.251016101342352638e-01 1.336447238922119141e+01
3.100000000000000000e+02 2.356111810092866368e-02 6.277472979614304727e-01 1.337155151367187500e+01
3.110000000000000000e+02 2.367590442281641144e-02 6.278003708932412552e-01 1.337778949737548828e+01
3.120000000000000000e+02 2.371102629631261990e-02 6.293609047709460835e-01 1.338391208648681641e+01
3.130000000000000000e+02 2.314152423052440177e-02 6.310282531129292050e-01 1.338864231109619141e+01
3.140000000000000000e+02 2.293143770106385870e-02 6.322036377365966020e-01 1.339277553558349609e+01
3.150000000000000000e+02 2.361562015286303509e-02 6.334080820286486224e-01 1.339844131469726562e+01
3.160000000000000000e+02 2.253632208760418532e-02 6.348633620811696687e-01 1.340182495117187500e+01
3.170000000000000000e+02 2.271721722122748213e-02 6.360083732573036386e-01 1.340483951568603516e+01
3.180000000000000000e+02 2.326268372878758511e-02 6.377445294061026004e-01 1.340782260894775391e+01
3.190000000000000000e+02 2.297642344823186411e-02 6.385471155353371620e-01 1.341086101531982422e+01
3.200000000000000000e+02 2.256335892592959899e-02 6.402059011215793793e-01 1.341524791717529297e+01
3.210000000000000000e+02 2.199245937425288455e-02 6.413994830015494752e-01 1.341818809509277344e+01
3.220000000000000000e+02 2.287685691591143794e-02 6.425184610056213774e-01 1.342020606994628906e+01
3.230000000000000000e+02 2.312975593766859739e-02 6.433547971928377240e-01 1.342278957366943359e+01
3.240000000000000000e+02 2.272866072980056495e-02 6.447157078073839642e-01 1.342619800567626953e+01
3.250000000000000000e+02 2.182852663784440664e-02 6.441173314352164336e-01 1.342887973785400391e+01
3.260000000000000000e+02 2.266295289660114759e-02 6.445092945550939811e-01 1.343111419677734375e+01
3.270000000000000000e+02 2.223731802992288606e-02 6.458423121022538460e-01 1.343609142303466797e+01
3.280000000000000000e+02 2.185061137557490693e-02 6.467145428775875615e-01 1.343881988525390625e+01
3.290000000000000000e+02 2.248687808772385777e-02 6.470438185114901763e-01 1.344045162200927734e+01
3.300000000000000000e+02 2.283668361381523126e-02 6.489038717976002291e-01 1.344193172454833984e+01
3.310000000000000000e+02 2.240631358173029650e-02 6.494374155646140956e-01 1.344335174560546875e+01
3.320000000000000000e+02 2.282962400968036390e-02 6.504427491711565201e-01 1.344764995574951172e+01
3.330000000000000000e+02 2.180093598176833028e-02 6.513941762462280849e-01 1.344969749450683594e+01
3.340000000000000000e+02 2.224765316637358770e-02 6.518932585817180936e-01 1.345272827148437500e+01
3.350000000000000000e+02 2.151746571562982921e-02 6.535773567185242383e-01 1.345567703247070312e+01
3.360000000000000000e+02 2.218934673863196677e-02 6.545549073524791206e-01 1.345816040039062500e+01
3.370000000000000000e+02 2.217794558692355242e-02 6.559344527496059341e-01 1.346160125732421875e+01
3.380000000000000000e+02 2.224057140722391149e-02 6.558521673748514136e-01 1.346502017974853516e+01
3.390000000000000000e+02 2.252417138407064590e-02 6.567696456298284247e-01 1.346533107757568359e+01
3.400000000000000000e+02 2.271616177602566594e-02 6.578582179604229863e-01 1.346848583221435547e+01
3.410000000000000000e+02 2.216069104531725661e-02 6.582099316164846670e-01 1.347336578369140625e+01
3.420000000000000000e+02 2.177053291670624779e-02 6.589771829059083430e-01 1.347568702697753906e+01
3.430000000000000000e+02 2.202526980620899549e-02 6.586532283718956604e-01 1.347949504852294922e+01
3.440000000000000000e+02 2.128134388725281753e-02 6.598696005266965203e-01 1.348120212554931641e+01
3.450000000000000000e+02 2.106425522512050952e-02 6.604795167952696167e-01 1.348500156402587891e+01
3.460000000000000000e+02 2.135781143605073804e-02 6.608412777875161126e-01 1.348564720153808594e+01
3.470000000000000000e+02 2.245219810633784438e-02 6.619087570813988464e-01 1.348681163787841797e+01
3.480000000000000000e+02 2.183209611089494476e-02 6.632758401907666856e-01 1.348900985717773438e+01
3.490000000000000000e+02 2.099272831666908201e-02 6.633601064472562925e-01 1.349425125122070312e+01
3.500000000000000000e+02 2.102553328097285859e-02 6.640084231731537834e-01 1.349502849578857422e+01
3.510000000000000000e+02 2.178806791509014379e-02 6.642915862536912242e-01 1.349577808380126953e+01
3.520000000000000000e+02 2.116215840221630923e-02 6.649007849362640332e-01 1.349748992919921875e+01
3.530000000000000000e+02 2.132256902484431366e-02 6.648708144012890342e-01 1.349987411499023438e+01
3.540000000000000000e+02 2.215600753215530780e-02 6.656942955610083423e-01 1.349788093566894531e+01
3.550000000000000000e+02 2.103893394514895487e-02 6.664966724563398115e-01 1.349837779998779297e+01
3.560000000000000000e+02 2.205381582114979838e-02 6.661004074684955256e-01 1.350179386138916016e+01
3.570000000000000000e+02 2.226773728950397560e-02 6.665030854995872556e-01 1.350295639038085938e+01
3.580000000000000000e+02 2.197399158373827821e-02 6.670809619178986738e-01 1.350404644012451172e+01
3.590000000000000000e+02 2.134351316557596065e-02 6.671096097592856822e-01 1.350464153289794922e+01
3.600000000000000000e+02 2.154803427729728299e-02 6.675427076761062395e-01 1.350436973571777344e+01
3.610000000000000000e+02 2.111695785020081123e-02 6.675787149328197279e-01 1.350642108917236328e+01
3.620000000000000000e+02 2.204608875187293038e-02 6.683965327120878763e-01 1.350813198089599609e+01
3.630000000000000000e+02 2.118645021742547249e-02 6.698381081594747544e-01 1.350916194915771484e+01
3.640000000000000000e+02 2.094962005726659637e-02 6.700310933866617802e-01 1.351018428802490234e+01
3.650000000000000000e+02 2.130836762869443846e-02 6.703535105484120793e-01 1.351280403137207031e+01
3.660000000000000000e+02 2.150715966125362963e-02 6.705874119361895369e-01 1.351443862915039062e+01
3.670000000000000000e+02 2.143077164487490818e-02 6.711213037649189639e-01 1.351663780212402344e+01
3.680000000000000000e+02 2.096673890553944070e-02 6.714464165175832999e-01 1.351881790161132812e+01
3.690000000000000000e+02 2.137994852175003832e-02 6.706398614482393938e-01 1.352074909210205078e+01
3.700000000000000000e+02 2.173422378327602433e-02 6.707092146722805071e-01 1.351979732513427734e+01
3.710000000000000000e+02 2.163530169821498150e-02 6.712446188090032129e-01 1.351913261413574219e+01
3.720000000000000000e+02 2.117118308849616493e-02 6.719385742956209828e-01 1.351880359649658203e+01
3.730000000000000000e+02 2.208999586892231720e-02 6.725078386595780833e-01 1.352100753784179688e+01
3.740000000000000000e+02 2.127824530306460238e-02 6.723275029084301302e-01 1.352023029327392578e+01
3.750000000000000000e+02 2.113911282890074475e-02 6.725003738373163120e-01 1.352065849304199219e+01
3.760000000000000000e+02 2.118387939625977767e-02 6.722417618571741027e-01 1.352134418487548828e+01
3.770000000000000000e+02 2.138759849940482377e-02 6.729121682306014041e-01 1.352149200439453125e+01
3.780000000000000000e+02 2.121142496705080011e-02 6.728899680688402718e-01 1.352199649810791016e+01
3.790000000000000000e+02 2.094178626464126419e-02 6.739765601692176977e-01 1.352197074890136719e+01
3.800000000000000000e+02 2.149618265490373450e-02 6.743664262398620934e-01 1.352407264709472656e+01
3.810000000000000000e+02 2.202241701651889982e-02 6.743273520045114378e-01 1.352381896972656250e+01
3.820000000000000000e+02 2.187684550081831977e-02 6.747633861342589023e-01 1.352562332153320312e+01
3.830000000000000000e+02 2.105760620939092775e-02 6.744757307579661854e-01 1.352581977844238281e+01
3.840000000000000000e+02 2.131961085125202299e-02 6.745168444598260704e-01 1.352579212188720703e+01
3.850000000000000000e+02 2.031761160223819612e-02 6.747253743500561951e-01 1.352666950225830078e+01
3.860000000000000000e+02 2.139992772979776650e-02 6.752817208226200574e-01 1.352737617492675781e+01
3.870000000000000000e+02 2.114336712179742603e-02 6.753290038513883875e-01 1.352746009826660156e+01
3.880000000000000000e+02 2.190152603728361819e-02 6.753064202995360255e-01 1.352896595001220703e+01
3.890000000000000000e+02 2.061825405698465910e-02 6.754357633878655953e-01 1.353163528442382812e+01
3.900000000000000000e+02 2.111227745875439779e-02 6.745932001757209973e-01 1.353106403350830078e+01
3.910000000000000000e+02 2.078362922042317068e-02 6.747064485144111945e-01 1.353198719024658203e+01
3.920000000000000000e+02 2.088414147363055334e-02 6.751672694720438628e-01 1.353137588500976562e+01
3.930000000000000000e+02 2.044234113561280847e-02 6.753206836628631304e-01 1.353181362152099609e+01
3.940000000000000000e+02 1.992716587358489555e-02 6.758163604339040287e-01 1.353191566467285156e+01
3.950000000000000000e+02 2.038140237773428814e-02 6.750900211133534778e-01 1.353312778472900391e+01
3.960000000000000000e+02 2.098742831117963656e-02 6.752569564064720975e-01 1.353267097473144531e+01
3.970000000000000000e+02 2.041694982600859853e-02 6.762640775665261783e-01 1.353420829772949219e+01
3.980000000000000000e+02 2.180814804746379967e-02 6.757161161290026197e-01 1.353516674041748047e+01
