0.000000000000000000e+00 4.104109507595672390e-01 0.000000000000000000e+00 1.134636998176574707e+00
1.000000000000000000e+00 5.704261437453976846e-01 0.000000000000000000e+00 1.240275025367736816e+00
2.000000000000000000e+00 7.035415996225552471e-01 0.000000000000000000e+00 1.325067043304443359e+00
3.000000000000000000e+00 7.832092375572599074e-01 0.000000000000000000e+00 1.392622947692871094e+00
4.000000000000000000e+00 8.480956075610148748e-01 0.000000000000000000e+00 1.446077466011047363e+00
5.000000000000000000e+00 8.860835773587379949e-01 0.000000000000000000e+00 1.489303469657897949e+00
6.000000000000000000e+00 9.149797970739806940e-01 0.000000000000000000e+00 1.524245023727416992e+00
7.000000000000000000e+00 9.370820012563468859e-01 0.000000000000000000e+00 1.552667975425720215e+00
8.000000000000000000e+00 9.516692177742889225e-01 0.000000000000000000e+00 1.576472043991088867e+00
9.000000000000000000e+00 9.631690819071929699e-01 0.000000000000000000e+00 1.595917940139770508e+00
1.000000000000000000e+01 9.731454514813892009e-01 0.000000000000000000e+00 1.612303495407104492e+00
1.100000000000000000e+01 9.815598839732193603e-01 0.000000000000000000e+00 1.625880956649780273e+00
1.200000000000000000e+01 9.849883580936631411e-01 0.000000000000000000e+00 1.637446522712707520e+00
1.300000000000000000e+01 9.908511964927662063e-01 0.000000000000000000e+00 1.647331476211547852e+00
1.400000000000000000e+01 9.929123062805291777e-01 0.000000000000000000e+00 1.656106472015380859e+00
1.500000000000000000e+01 9.951715199823838454e-01 0.000000000000000000e+00 1.663192987442016602e+00
1.600000000000000000e+01 9.961982624777084849e-01 0.000000000000000000e+00 1.669937014579772949e+00
1.700000000000000000e+01 9.980363529492024544e-01 0.000000000000000000e+00 1.675513029098510742e+00
1.800000000000000000e+01 9.974904568154321360e-01 0.000000000000000000e+00 1.680343508720397949e+00
1.900000000000000000e+01 9.989743533067652059e-01 0.000000000000000000e+00 1.684447526931762695e+00
2.000000000000000000e+01 9.991927370428101973e-01 0.000000000000000000e+00 1.688401937484741211e+00
2.100000000000000000e+01 9.988419143559194024e-01 0.000000000000000000e+00 1.691543936729431152e+00
2.200000000000000000e+01 9.993503481946282019e-01 0.000000000000000000e+00 1.694335937500000000e+00
2.300000000000000000e+01 9.996495617630272168e-01 0.000000000000000000e+00 1.696799516677856445e+00
2.400000000000000000e+01 9.998340604203471704e-01 0.000000000000000000e+00 1.699001550674438477e+00
2.500000000000000000e+01 9.998134961892566341e-01 0.000000000000000000e+00 1.701285958290100098e+00
2.600000000000000000e+01 9.999844363601969599e-01 0.000000000000000000e+00 1.702740550041198730e+00
2.700000000000000000e+01 9.999844363601969599e-01 0.000000000000000000e+00 1.703956961631774902e+00
2.800000000000000000e+01 9.999844363601969599e-01 0.000000000000000000e+00 1.705286502838134766e+00
2.900000000000000000e+01 9.998263335933985640e-01 0.000000000000000000e+00 1.706405520439147949e+00
3.000000000000000000e+01 9.999844363601969599e-01 0.000000000000000000e+00 1.707495450973510742e+00
3.100000000000000000e+01 9.999844363601969599e-01 0.000000000000000000e+00 1.708303451538085938e+00
3.200000000000000000e+01 9.999844363601970709e-01 0.000000000000000000e+00 1.709244966506958008e+00
3.300000000000000000e+01 9.999844363601969599e-01 0.000000000000000000e+00 1.710220456123352051e+00
3.400000000000000000e+01 9.999844363601969599e-01 0.000000000000000000e+00 1.711047053337097168e+00
3.500000000000000000e+01 9.999844363601970709e-01 0.000000000000000000e+00 1.711550951004028320e+00
3.600000000000000000e+01 9.999844363601969599e-01 0.000000000000000000e+00 1.711918950080871582e+00
3.700000000000000000e+01 9.999844363601969599e-01 0.000000000000000000e+00 1.712344050407409668e+00
3.800000000000000000e+01 9.999844363601969599e-01 0.000000000000000000e+00 1.713027954101562500e+00
3.900000000000000000e+01 9.999844363601969599e-01 0.000000000000000000e+00 1.713381052017211914e+00
4.000000000000000000e+01 9.999844363601969599e-01 0.000000000000000000e+00 1.713654041290283203e+00
4.100000000000000000e+01 9.999844363601969599e-01 0.000000000000000000e+00 1.713963985443115234e+00
4.200000000000000000e+01 9.999844363601969599e-01 0.000000000000000000e+00 1.713841438293457031e+00
4.300000000000000000e+01 9.999844363601969599e-01 0.000000000000000000e+00 1.713881969451904297e+00
4.400000000000000000e+01 9.999844363601969599e-01 0.000000000000000000e+00 1.714083552360534668e+00
4.500000000000000000e+01 9.999844363601969599e-01 0.000000000000000000e+00 1.714403510093688965e+00
4.600000000000000000e+01 9.999844363601969599e-01 0.000000000000000000e+00 1.714587450027465820e+00
4.700000000000000000e+01 9.999844363601969599e-01 0.000000000000000000e+00 1.714838504791259766e+00
4.800000000000000000e+01 9.999844363601969599e-01 0.000000000000000000e+00 1.714799523353576660e+00
4.900000000000000000e+01 9.999844363601969599e-01 0.000000000000000000e+00 1.714576005935668945e+00
5.000000000000000000e+01 9.999844363601969599e-01 0.000000000000000000e+00 1.714561939239501953e+00
5.100000000000000000e+01 9.999844363601969599e-01 0.000000000000000000e+00 1.714702963829040527e+00
5.200000000000000000e+01 9.999844363601969599e-01 0.000000000000000000e+00 1.714797019958496094e+00
5.300000000000000000e+01 9.999844363601969599e-01 0.000000000000000000e+00 1.714954018592834473e+00
5.400000000000000000e+01 9.999844363601969599e-01 0.000000000000000000e+00 1.714709520339965820e+00
5.500000000000000000e+01 9.999844363601969599e-01 0.000000000000000000e+00 1.714794993400573730e+00
5.600000000000000000e+01 9.999844363601969599e-01 0.000000000000000000e+00 1.714552998542785645e+00
5.700000000000000000e+01 9.999844363601969599e-01 0.000000000000000000e+00 1.714411973953247070e+00
5.800000000000000000e+01 9.999844363601969599e-01 0.000000000000000000e+00 1.714635491371154785e+00
5.900000000000000000e+01 9.999844363601970709e-01 0.000000000000000000e+00 1.714643478393554688e+00
6.000000000000000000e+01 9.999844363601969599e-01 0.000000000000000000e+00 1.714550971984863281e+00
6.100000000000000000e+01 9.999844363601970709e-01 0.000000000000000000e+00 1.714646458625793457e+00
6.200000000000000000e+01 9.999844363601967379e-01 0.000000000000000000e+00 1.714530467987060547e+00
6.300000000000000000e+01 9.999844363601969599e-01 0.000000000000000000e+00 1.714678049087524414e+00
6.400000000000000000e+01 9.999844363601967379e-01 0.000000000000000000e+00 1.714843034744262695e+00
6.500000000000000000e+01 9.999844363601969599e-01 0.000000000000000000e+00 1.715001940727233887e+00
6.600000000000000000e+01 9.999844363601969599e-01 0.000000000000000000e+00 1.715001463890075684e+00
6.700000000000000000e+01 9.999844363601969599e-01 0.000000000000000000e+00 1.714990019798278809e+00
6.800000000000000000e+01 9.999844363601969599e-01 0.000000000000000000e+00 1.715059518814086914e+00
6.900000000000000000e+01 9.999844363601969599e-01 0.000000000000000000e+00 1.714973449707031250e+00
7.000000000000000000e+01 9.999844363601969599e-01 0.000000000000000000e+00 1.715044021606445312e+00
7.100000000000000000e+01 9.999844363601969599e-01 0.000000000000000000e+00 1.714697957038879395e+00
7.200000000000000000e+01 9.999844363601969599e-01 0.000000000000000000e+00 1.715014457702636719e+00
7.300000000000000000e+01 9.999844363601970709e-01 0.000000000000000000e+00 1.715055465698242188e+00
7.400000000000000000e+01 9.999844363601969599e-01 0.000000000000000000e+00 1.714993476867675781e+00
7.500000000000000000e+01 9.999844363601969599e-01 0.000000000000000000e+00 1.714884519577026367e+00
7.600000000000000000e+01 9.999844363601969599e-01 0.000000000000000000e+00 1.715157032012939453e+00
7.700000000000000000e+01 9.999844363601970709e-01 0.000000000000000000e+00 1.715558052062988281e+00
7.800000000000000000e+01 9.999844363601970709e-01 0.000000000000000000e+00 1.715453505516052246e+00
7.900000000000000000e+01 9.999844363601969599e-01 0.000000000000000000e+00 1.715814948081970215e+00
8.000000000000000000e+01 9.999844363601969599e-01 0.000000000000000000e+00 1.715918540954589844e+00
8.100000000000000000e+01 9.999844363601969599e-01 0.000000000000000000e+00 1.715732455253601074e+00
8.200000000000000000e+01 9.999844363601969599e-01 0.000000000000000000e+00 1.715755462646484375e+00
8.300000000000000000e+01 9.999844363601969599e-01 0.000000000000000000e+00 1.715670466423034668e+00
8.400000000000000000e+01 9.999844363601967379e-01 0.000000000000000000e+00 1.715565443038940430e+00
8.500000000000000000e+01 9.999844363601969599e-01 0.000000000000000000e+00 1.715469956398010254e+00
8.600000000000000000e+01 9.999844363601969599e-01 0.000000000000000000e+00 1.715413451194763184e+00
8.700000000000000000e+01 9.999844363601969599e-01 0.000000000000000000e+00 1.715494990348815918e+00
8.800000000000000000e+01 9.999844363601969599e-01 0.000000000000000000e+00 1.715534448623657227e+00
8.900000000000000000e+01 9.999844363601969599e-01 0.000000000000000000e+00 1.715271472930908203e+00
9.000000000000000000e+01 9.999844363601969599e-01 0.000000000000000000e+00 1.715209484100341797e+00
9.100000000000000000e+01 9.999844363601969599e-01 0.000000000000000000e+00 1.715134978294372559e+00
9.200000000000000000e+01 9.999844363601969599e-01 0.000000000000000000e+00 1.715309500694274902e+00
9.300000000000000000e+01 9.999844363601969599e-01 0.000000000000000000e+00 1.715592503547668457e+00
9.400000000000000000e+01 9.999844363601969599e-01 0.000000000000000000e+00 1.715193033218383789e+00
9.500000000000000000e+01 9.999844363601969599e-01 0.000000000000000000e+00 1.715233445167541504e+00
9.600000000000000000e+01 9.999844363601969599e-01 0.000000000000000000e+00 1.715336441993713379e+00
9.700000000000000000e+01 9.999844363601969599e-01 0.000000000000000000e+00 1.715241551399230957e+00
9.800000000000000000e+01 9.999844363601969599e-01 0.000000000000000000e+00 1.715278506278991699e+00
9.900000000000000000e+01 9.999844363601969599e-01 0.000000000000000000e+00 1.715113997459411621e+00
1.000000000000000000e+02 9.999844363601969599e-01 0.000000000000000000e+00 1.715520024299621582e+00
1.010000000000000000e+02 9.999844363601969599e-01 0.000000000000000000e+00 1.715471982955932617e+00
1.020000000000000000e+02 9.999844363601969599e-01 0.000000000000000000e+00 1.715700030326843262e+00
1.030000000000000000e+02 9.999844363601969599e-01 0.000000000000000000e+00 1.715499043464660645e+00
1.040000000000000000e+02 9.999844363601969599e-01 0.000000000000000000e+00 1.715397477149963379e+00
1.050000000000000000e+02 9.999844363601969599e-01 0.000000000000000000e+00 1.715417981147766113e+00
1.060000000000000000e+02 9.999844363601969599e-01 0.000000000000000000e+00 1.715579509735107422e+00
1.070000000000000000e+02 9.999844363601969599e-01 0.000000000000000000e+00 1.715581536293029785e+00
1.080000000000000000e+02 9.999844363601967379e-01 0.000000000000000000e+00 1.715791940689086914e+00
1.090000000000000000e+02 9.999844363601969599e-01 0.000000000000000000e+00 1.715815544128417969e+00
1.100000000000000000e+02 9.999844363601969599e-01 0.000000000000000000e+00 1.715868949890136719e+00
1.110000000000000000e+02 9.999844363601969599e-01 0.000000000000000000e+00 1.715911030769348145e+00
1.120000000000000000e+02 9.999844363601969599e-01 0.000000000000000000e+00 1.715782999992370605e+00
1.130000000000000000e+02 9.999844363601969599e-01 0.000000000000000000e+00 1.715525031089782715e+00
1.140000000000000000e+02 9.999844363601969599e-01 0.000000000000000000e+00 1.715270519256591797e+00
1.150000000000000000e+02 9.999844363601970709e-01 0.000000000000000000e+00 1.714972972869873047e+00
1.160000000000000000e+02 9.999844363601969599e-01 0.000000000000000000e+00 1.715070486068725586e+00
1.170000000000000000e+02 9.999844363601969599e-01 0.000000000000000000e+00 1.714915513992309570e+00
1.180000000000000000e+02 9.999844363601967379e-01 0.000000000000000000e+00 1.714962482452392578e+00
1.190000000000000000e+02 9.999844363601969599e-01 0.000000000000000000e+00 1.715311050415039062e+00
1.200000000000000000e+02 9.999844363601969599e-01 0.000000000000000000e+00 1.715489506721496582e+00
1.210000000000000000e+02 9.999844363601969599e-01 0.000000000000000000e+00 1.715493440628051758e+00
1.220000000000000000e+02 9.999844363601969599e-01 0.000000000000000000e+00 1.715598464012145996e+00
1.230000000000000000e+02 9.999844363601969599e-01 0.000000000000000000e+00 1.715799450874328613e+00
1.240000000000000000e+02 9.999844363601969599e-01 0.000000000000000000e+00 1.715456008911132812e+00
1.250000000000000000e+02 9.999844363601970709e-01 0.000000000000000000e+00 1.715325951576232910e+00
1.260000000000000000e+02 9.999844363601969599e-01 0.000000000000000000e+00 1.715692043304443359e+00
1.270000000000000000e+02 9.999844363601969599e-01 0.000000000000000000e+00 1.715589523315429688e+00
1.280000000000000000e+02 9.999844363601969599e-01 0.000000000000000000e+00 1.715445518493652344e+00
1.290000000000000000e+02 9.999844363601969599e-01 0.000000000000000000e+00 1.715394020080566406e+00
1.300000000000000000e+02 9.999844363601969599e-01 0.000000000000000000e+00 1.715405464172363281e+00
1.310000000000000000e+02 9.999844363601969599e-01 0.000000000000000000e+00 1.715178012847900391e+00
1.320000000000000000e+02 9.999844363601969599e-01 0.000000000000000000e+00 1.715404033660888672e+00
1.330000000000000000e+02 9.999844363601969599e-01 0.000000000000000000e+00 1.715280532836914062e+00
1.340000000000000000e+02 9.999844363601967379e-01 0.000000000000000000e+00 1.715134501457214355e+00
1.350000000000000000e+02 9.999844363601969599e-01 0.000000000000000000e+00 1.715113043785095215e+00
1.360000000000000000e+02 9.999844363601969599e-01 0.000000000000000000e+00 1.715445041656494141e+00
1.370000000000000000e+02 9.999844363601969599e-01 0.000000000000000000e+00 1.715331554412841797e+00
1.380000000000000000e+02 9.999844363601969599e-01 0.000000000000000000e+00 1.715252995491027832e+00
1.390000000000000000e+02 9.999844363601967379e-01 0.000000000000000000e+00 1.715160012245178223e+00
1.400000000000000000e+02 9.999844363601969599e-01 0.000000000000000000e+00 1.715144038200378418e+00
1.410000000000000000e+02 9.999844363601969599e-01 0.000000000000000000e+00 1.715273022651672363e+00
1.420000000000000000e+02 9.999844363601969599e-01 0.000000000000000000e+00 1.715040445327758789e+00
1.430000000000000000e+02 9.999844363601969599e-01 0.000000000000000000e+00 1.715183496475219727e+00
1.440000000000000000e+02 9.999844363601969599e-01 0.000000000000000000e+00 1.715263485908508301e+00
1.450000000000000000e+02 9.999844363601969599e-01 0.000000000000000000e+00 1.715155005455017090e+00
1.460000000000000000e+02 9.999844363601969599e-01 0.000000000000000000e+00 1.714931011199951172e+00
1.470000000000000000e+02 9.999844363601969599e-01 0.000000000000000000e+00 1.714938044548034668e+00
1.480000000000000000e+02 9.999844363601969599e-01 0.000000000000000000e+00 1.714692473411560059e+00
1.490000000000000000e+02 9.999844363601969599e-01 0.000000000000000000e+00 1.714658498764038086e+00
1.500000000000000000e+02 9.999844363601969599e-01 0.000000000000000000e+00 1.715070009231567383e+00
1.510000000000000000e+02 9.999844363601967379e-01 0.000000000000000000e+00 1.715027451515197754e+00
1.520000000000000000e+02 9.999844363601969599e-01 0.000000000000000000e+00 1.715119481086730957e+00
1.530000000000000000e+02 9.999844363601969599e-01 0.000000000000000000e+00 1.715121030807495117e+00
1.540000000000000000e+02 9.999844363601970709e-01 0.000000000000000000e+00 1.715157985687255859e+00
1.550000000000000000e+02 9.999844363601969599e-01 0.000000000000000000e+00 1.715077042579650879e+00
1.560000000000000000e+02 9.999844363601969599e-01 0.000000000000000000e+00 1.715394496917724609e+00
1.570000000000000000e+02 9.999844363601969599e-01 0.000000000000000000e+00 1.715291500091552734e+00
1.580000000000000000e+02 9.999844363601969599e-01 0.000000000000000000e+00 1.715250968933105469e+00
1.590000000000000000e+02 9.999844363601970709e-01 0.000000000000000000e+00 1.715011477470397949e+00
1.600000000000000000e+02 9.999844363601969599e-01 0.000000000000000000e+00 1.715312480926513672e+00
1.610000000000000000e+02 9.999844363601969599e-01 0.000000000000000000e+00 1.715430498123168945e+00
1.620000000000000000e+02 9.999844363601969599e-01 0.000000000000000000e+00 1.715630531311035156e+00
1.630000000000000000e+02 9.999844363601969599e-01 0.000000000000000000e+00 1.715413451194763184e+00
1.640000000000000000e+02 9.999844363601969599e-01 0.000000000000000000e+00 1.715530514717102051e+00
1.650000000000000000e+02 9.999844363601969599e-01 0.000000000000000000e+00 1.715485453605651855e+00
1.660000000000000000e+02 9.999844363601969599e-01 0.000000000000000000e+00 1.715221524238586426e+00
1.670000000000000000e+02 9.999844363601969599e-01 0.000000000000000000e+00 1.715167522430419922e+00
1.680000000000000000e+02 9.999844363601969599e-01 0.000000000000000000e+00 1.715146541595458984e+00
1.690000000000000000e+02 9.999844363601969599e-01 0.000000000000000000e+00 1.715105533599853516e+00
1.700000000000000000e+02 9.999844363601969599e-01 0.000000000000000000e+00 1.715147495269775391e+00
1.710000000000000000e+02 9.999844363601967379e-01 0.000000000000000000e+00 1.714990496635437012e+00
1.720000000000000000e+02 9.999844363601969599e-01 0.000000000000000000e+00 1.714900016784667969e+00
1.730000000000000000e+02 9.999844363601969599e-01 0.000000000000000000e+00 1.715381979942321777e+00
1.740000000000000000e+02 9.999844363601969599e-01 0.000000000000000000e+00 1.714942455291748047e+00
1.750000000000000000e+02 9.999844363601969599e-01 0.000000000000000000e+00 1.714989542961120605e+00
1.760000000000000000e+02 9.999844363601969599e-01 0.000000000000000000e+00 1.715057969093322754e+00
1.770000000000000000e+02 9.999844363601969599e-01 0.000000000000000000e+00 1.715111017227172852e+00
1.780000000000000000e+02 9.999844363601969599e-01 0.000000000000000000e+00 1.715077042579650879e+00
1.790000000000000000e+02 9.999844363601969599e-01 0.000000000000000000e+00 1.715000033378601074e+00
1.800000000000000000e+02 9.999844363601969599e-01 0.000000000000000000e+00 1.715106010437011719e+00
1.810000000000000000e+02 9.999844363601969599e-01 0.000000000000000000e+00 1.714753508567810059e+00
1.820000000000000000e+02 9.999844363601969599e-01 0.000000000000000000e+00 1.714740037918090820e+00
1.830000000000000000e+02 9.999844363601969599e-01 0.000000000000000000e+00 1.715204000473022461e+00
1.840000000000000000e+02 9.999844363601969599e-01 0.000000000000000000e+00 1.715262532234191895e+00
1.850000000000000000e+02 9.999844363601969599e-01 0.000000000000000000e+00 1.715237021446228027e+00
1.860000000000000000e+02 9.999844363601969599e-01 0.000000000000000000e+00 1.715138554573059082e+00
1.870000000000000000e+02 9.999844363601969599e-01 0.000000000000000000e+00 1.715338468551635742e+00
1.880000000000000000e+02 9.999844363601969599e-01 0.000000000000000000e+00 1.715445518493652344e+00
1.890000000000000000e+02 9.999844363601969599e-01 0.000000000000000000e+00 1.715700030326843262e+00
1.900000000000000000e+02 9.999844363601970709e-01 0.000000000000000000e+00 1.715849995613098145e+00
1.910000000000000000e+02 9.999844363601969599e-01 0.000000000000000000e+00 1.715597510337829590e+00
1.920000000000000000e+02 9.999844363601969599e-01 0.000000000000000000e+00 1.715847015380859375e+00
1.930000000000000000e+02 9.999844363601969599e-01 0.000000000000000000e+00 1.715881943702697754e+00
1.940000000000000000e+02 9.999844363601969599e-01 0.000000000000000000e+00 1.715749979019165039e+00
1.950000000000000000e+02 9.999844363601969599e-01 0.000000000000000000e+00 1.715651512145996094e+00
1.960000000000000000e+02 9.999844363601969599e-01 0.000000000000000000e+00 1.715809464454650879e+00
1.970000000000000000e+02 9.999844363601969599e-01 0.000000000000000000e+00 1.715662479400634766e+00
1.980000000000000000e+02 9.999844363601969599e-01 0.000000000000000000e+00 1.715649008750915527e+00
1.990000000000000000e+02 9.999844363601969599e-01 0.000000000000000000e+00 1.715247988700866699e+00
2.000000000000000000e+02 9.999844363601969599e-01 4.145585949324822606e-01 1.115543961524963379e+00
2.010000000000000000e+02 9.999844363601969599e-01 5.935548024608500173e-01 1.219002008438110352e+00
2.020000000000000000e+02 9.999844363601969599e-01 7.083131859898206262e-01 1.302176952362060547e+00
2.030000000000000000e+02 9.998218347341806256e-01 7.874424519394955801e-01 1.367710947990417480e+00
2.040000000000000000e+02 9.986239908388783171e-01 8.482076498738002623e-01 1.419438958168029785e+00
2.050000000000000000e+02 9.959754194929225646e-01 8.936385019062772495e-01 1.460852503776550293e+00
2.060000000000000000e+02 9.902222377151963517e-01 9.240262019652024650e-01 1.494898438453674316e+00
2.070000000000000000e+02 9.842310330978989441e-01 9.445765836814191685e-01 1.522709965705871582e+00
2.080000000000000000e+02 9.779839945771514609e-01 9.585134431527106980e-01 1.545826554298400879e+00
2.090000000000000000e+02 9.723573490573249600e-01 9.709023731276335001e-01 1.564782977104187012e+00
2.100000000000000000e+02 9.653280375106080280e-01 9.805663147425103254e-01 1.581217527389526367e+00
2.110000000000000000e+02 9.548391611325944828e-01 9.815981001989638743e-01 1.595072031021118164e+00
2.120000000000000000e+02 9.504600315202496041e-01 9.878432899652401789e-01 1.607257008552551270e+00
2.130000000000000000e+02 9.444265882169088355e-01 9.892497361176573190e-01 1.616927504539489746e+00
2.140000000000000000e+02 9.410964349647632510e-01 9.934195370327267849e-01 1.625323534011840820e+00
2.150000000000000000e+02 9.376310365596515206e-01 9.946004776468776454e-01 1.633015513420104980e+00
2.160000000000000000e+02 9.323942210486017013e-01 9.962089779904114151e-01 1.639528036117553711e+00
2.170000000000000000e+02 9.301865240786114652e-01 9.967174600998713885e-01 1.644811034202575684e+00
2.180000000000000000e+02 9.260273143226098735e-01 9.976565278747169252e-01 1.649250984191894531e+00
2.190000000000000000e+02 9.245249930603797184e-01 9.974035443852072857e-01 1.653399944305419922e+00
2.200000000000000000e+02 9.216687491514601316e-01 9.986832754226462328e-01 1.657198548316955566e+00
2.210000000000000000e+02 9.149321047353941028e-01 9.992996822380633137e-01 1.660262465476989746e+00
2.220000000000000000e+02 9.146849569510658862e-01 9.991966437430640502e-01 1.662879943847656250e+00
2.230000000000000000e+02 9.121273607898096047e-01 9.996531095711224113e-01 1.664970517158508301e+00
2.240000000000000000e+02 9.081340456316573384e-01 9.996764631699408543e-01 1.666822552680969238e+00
2.250000000000000000e+02 9.037148433324510011e-01 9.995987642205315105e-01 1.668478012084960938e+00
2.260000000000000000e+02 8.968556919943835304e-01 9.996590859735837720e-01 1.670055031776428223e+00
2.270000000000000000e+02 8.943922011173909281e-01 9.998163748772447290e-01 1.671321034431457520e+00
2.280000000000000000e+02 8.886734573967397521e-01 9.998163748772449511e-01 1.672505974769592285e+00
2.290000000000000000e+02 8.804910520530913054e-01 9.998467525926112431e-01 1.673623442649841309e+00
2.300000000000000000e+02 8.798694502175353760e-01 9.999837388939810667e-01 1.674533009529113770e+00
2.310000000000000000e+02 8.756943828557716136e-01 9.999837388939811778e-01 1.675653457641601562e+00
2.320000000000000000e+02 8.709704491149532490e-01 9.998135261280236552e-01 1.676275491714477539e+00
2.330000000000000000e+02 8.643570189775938717e-01 9.999837388939810667e-01 1.676905989646911621e+00
2.340000000000000000e+02 8.575128407487440096e-01 9.999837388939811778e-01 1.677287936210632324e+00
2.350000000000000000e+02 8.419531347629048978e-01 9.999837388939811778e-01 1.677381515502929688e+00
2.360000000000000000e+02 8.362571325131091804e-01 9.999837388939811778e-01 1.678156495094299316e+00
2.370000000000000000e+02 8.265135920890930299e-01 9.999837388939811778e-01 1.678534984588623047e+00
2.380000000000000000e+02 8.177946147364124618e-01 9.999837388939810667e-01 1.678769946098327637e+00
2.390000000000000000e+02 8.043096282085931970e-01 9.999837388939810667e-01 1.679031968116760254e+00
2.400000000000000000e+02 7.894566593135099453e-01 9.999837388939811778e-01 1.679533004760742188e+00
2.410000000000000000e+02 7.859303399045622918e-01 9.999837388939811778e-01 1.679448962211608887e+00
2.420000000000000000e+02 7.762359879828578668e-01 9.999837388939811778e-01 1.679388046264648438e+00
2.430000000000000000e+02 7.677335184621432163e-01 9.999837388939811778e-01 1.679414510726928711e+00
2.440000000000000000e+02 7.461196056285193112e-01 9.999837388939811778e-01 1.679756045341491699e+00
2.450000000000000000e+02 7.337461108258944709e-01 9.999837388939811778e-01 1.679946541786193848e+00
2.460000000000000000e+02 7.283155042944617907e-01 9.999837388939810667e-01 1.679787516593933105e+00
2.470000000000000000e+02 7.131905727921623583e-01 9.999837388939811778e-01 1.679873943328857422e+00
2.480000000000000000e+02 7.036564204433675140e-01 9.999837388939810667e-01 1.679684996604919434e+00
2.490000000000000000e+02 6.910858874818666120e-01 9.999837388939811778e-01 1.679967999458312988e+00
2.500000000000000000e+02 6.772030597077104419e-01 9.999837388939810667e-01 1.680139541625976562e+00
2.510000000000000000e+02 6.696806903675767142e-01 9.999837388939811778e-01 1.680300951004028320e+00
2.520000000000000000e+02 6.517699065918288737e-01 9.999837388939811778e-01 1.680544972419738770e+00
2.530000000000000000e+02 6.453890818290078935e-01 9.999837388939810667e-01 1.680723547935485840e+00
2.540000000000000000e+02 6.339710394569353369e-01 9.999837388939811778e-01 1.680691480636596680e+00
2.550000000000000000e+02 6.143735356464533615e-01 9.999837388939811778e-01 1.680738449096679688e+00
2.560000000000000000e+02 6.118813896163443067e-01 9.999837388939811778e-01 1.680343508720397949e+00
2.570000000000000000e+02 5.931095178232491660e-01 9.999837388939811778e-01 1.680410981178283691e+00
2.580000000000000000e+02 5.957700001736779827e-01 9.999837388939811778e-01 1.680307984352111816e+00
2.590000000000000000e+02 5.784862390603495719e-01 9.999837388939810667e-01 1.680626988410949707e+00
2.600000000000000000e+02 5.709784864225627699e-01 9.999837388939811778e-01 1.680626511573791504e+00
2.610000000000000000e+02 5.586394772453679991e-01 9.999837388939810667e-01 1.680522441864013672e+00
2.620000000000000000e+02 5.520745954925645460e-01 9.999837388939811778e-01 1.680704951286315918e+00
2.630000000000000000e+02 5.373927027914084942e-01 9.999837388939810667e-01 1.680522441864013672e+00
2.640000000000000000e+02 5.238508047959654634e-01 9.999837388939810667e-01 1.680555939674377441e+00
2.650000000000000000e+02 5.175234936947297193e-01 9.999837388939811778e-01 1.680781006813049316e+00
2.660000000000000000e+02 5.087717499720961767e-01 9.999837388939811778e-01 1.680455446243286133e+00
2.670000000000000000e+02 4.987927683443579840e-01 9.999837388939811778e-01 1.680790543556213379e+00
2.680000000000000000e+02 4.924096844808702467e-01 9.999837388939810667e-01 1.680877447128295898e+00
2.690000000000000000e+02 4.928583544459274046e-01 9.999837388939811778e-01 1.680719494819641113e+00
2.700000000000000000e+02 4.737631775488062580e-01 9.999837388939811778e-01 1.680638551712036133e+00
2.710000000000000000e+02 4.653352281414773195e-01 9.999837388939811778e-01 1.680910468101501465e+00
2.720000000000000000e+02 4.687706095534725503e-01 9.999837388939812888e-01 1.680877447128295898e+00
2.730000000000000000e+02 4.490028173765675534e-01 9.999837388939810667e-01 1.681022047996520996e+00
2.740000000000000000e+02 4.374660155675135775e-01 9.999837388939811778e-01 1.680873990058898926e+00
2.750000000000000000e+02 4.440838680100294700e-01 9.999837388939810667e-01 1.680886030197143555e+00
2.760000000000000000e+02 4.350852585504535464e-01 9.999837388939811778e-01 1.680942535400390625e+00
2.770000000000000000e+02 4.331369014017444896e-01 9.999837388939810667e-01 1.680998444557189941e+00
2.780000000000000000e+02 4.154536956818226101e-01 9.999837388939808447e-01 1.680857539176940918e+00
2.790000000000000000e+02 4.113922546312158146e-01 9.999837388939810667e-01 1.681116938591003418e+00
2.800000000000000000e+02 4.061529548101407427e-01 9.999837388939810667e-01 1.681055545806884766e+00
2.810000000000000000e+02 3.993882795582479051e-01 9.999837388939811778e-01 1.681042551994323730e+00
2.820000000000000000e+02 3.957865831675555501e-01 9.999837388939811778e-01 1.680862545967102051e+00
2.830000000000000000e+02 4.002837250468905816e-01 9.999837388939811778e-01 1.680611014366149902e+00
2.840000000000000000e+02 3.857976157655622629e-01 9.999837388939811778e-01 1.680596947669982910e+00
2.850000000000000000e+02 3.829025735164976463e-01 9.999837388939810667e-01 1.680818438529968262e+00
2.860000000000000000e+02 3.840597294052611188e-01 9.999837388939810667e-01 1.680902957916259766e+00
2.870000000000000000e+02 3.780298670450192855e-01 9.999837388939811778e-01 1.680910468101501465e+00
2.880000000000000000e+02 3.677224576886339857e-01 9.999837388939811778e-01 1.680834054946899414e+00
2.890000000000000000e+02 3.902613619946906920e-01 9.999837388939811778e-01 1.680776476860046387e+00
2.900000000000000000e+02 3.678458670801366681e-01 9.999837388939810667e-01 1.680747985839843750e+00
2.910000000000000000e+02 3.637637443833834361e-01 9.999837388939811778e-01 1.680835962295532227e+00
2.920000000000000000e+02 3.638873210859469576e-01 9.999837388939811778e-01 1.681020975112915039e+00
2.930000000000000000e+02 3.639406955773915042e-01 9.999837388939811778e-01 1.681027054786682129e+00
2.940000000000000000e+02 3.543123005803124337e-01 9.999837388939811778e-01 1.680833458900451660e+00
2.950000000000000000e+02 3.572660996612583295e-01 9.999837388939812888e-01 1.681260466575622559e+00
2.960000000000000000e+02 3.512155636546550608e-01 9.999837388939811778e-01 1.681062459945678711e+00
2.970000000000000000e+02 3.429151288217650584e-01 9.999837388939810667e-01 1.681049942970275879e+00
2.980000000000000000e+02 3.494126948385564146e-01 9.999837388939811778e-01 1.680925011634826660e+00
2.990000000000000000e+02 3.397113804959145389e-01 9.999837388939810667e-01 1.681022047996520996e+00
3.000000000000000000e+02 3.405317749771828439e-01 9.999837388939810667e-01 1.680660009384155273e+00
3.010000000000000000e+02 3.438415413485412797e-01 9.999837388939811778e-01 1.680644035339355469e+00
3.020000000000000000e+02 3.322225148224088320e-01 9.999837388939810667e-01 1.680737972259521484e+00
3.030000000000000000e+02 3.321556378458433434e-01 9.999837388939811778e-01 1.680665969848632812e+00
3.040000000000000000e+02 3.272421616536450029e-01 9.999837388939811778e-01 1.680832028388977051e+00
3.050000000000000000e+02 3.224176378406998777e-01 9.999837388939811778e-01 1.681138038635253906e+00
3.060000000000000000e+02 3.249607800398518487e-01 9.999837388939811778e-01 1.681015491485595703e+00
3.070000000000000000e+02 3.242709321780410381e-01 9.999837388939811778e-01 1.680938482284545898e+00
3.080000000000000000e+02 3.220985437606174173e-01 9.999837388939810667e-01 1.681285023689270020e+00
3.090000000000000000e+02 3.170687740025586732e-01 9.999837388939810667e-01 1.681200504302978516e+00
3.100000000000000000e+02 3.207349729448045195e-01 9.999837388939811778e-01 1.681184530258178711e+00
3.110000000000000000e+02 3.201832853256626477e-01 9.999837388939811778e-01 1.681101441383361816e+00
3.120000000000000000e+02 3.127492677512065389e-01 9.999837388939810667e-01 1.681181550025939941e+00
3.130000000000000000e+02 3.113933495364920034e-01 9.999837388939811778e-01 1.681059956550598145e+00
3.140000000000000000e+02 3.138424501782401954e-01 9.999837388939811778e-01 1.680902957916259766e+00
3.150000000000000000e+02 3.087348975888652980e-01 9.999837388939811778e-01 1.680971980094909668e+00
3.160000000000000000e+02 3.116524091686732612e-01 9.999837388939811778e-01 1.680907964706420898e+00
3.170000000000000000e+02 2.987299824359573863e-01 9.999837388939811778e-01 1.680899500846862793e+00
3.180000000000000000e+02 3.083085230323210912e-01 9.999837388939811778e-01 1.680853486061096191e+00
3.190000000000000000e+02 3.130376568688239547e-01 9.999837388939811778e-01 1.680774450302124023e+00
3.200000000000000000e+02 3.086298129298656878e-01 9.999837388939811778e-01 1.680814981460571289e+00
3.210000000000000000e+02 3.087964269465506839e-01 9.999837388939812888e-01 1.681118011474609375e+00
3.220000000000000000e+02 3.062402253642446115e-01 9.999837388939810667e-01 1.681097030639648438e+00
3.230000000000000000e+02 2.993281927534010567e-01 9.999837388939811778e-01 1.681241035461425781e+00
3.240000000000000000e+02 3.095766775602456500e-01 9.999837388939810667e-01 1.681171536445617676e+00
3.250000000000000000e+02 2.925103238717752241e-01 9.999837388939810667e-01 1.681267499923706055e+00
3.260000000000000000e+02 2.942929681225143757e-01 9.999837388939811778e-01 1.681033015251159668e+00
3.270000000000000000e+02 3.024200425552109883e-01 9.999837388939810667e-01 1.681097507476806641e+00
3.280000000000000000e+02 2.949868190726108175e-01 9.999837388939811778e-01 1.681276440620422363e+00
3.290000000000000000e+02 2.914076210400965428e-01 9.999837388939811778e-01 1.681529521942138672e+00
3.300000000000000000e+02 2.891135769346602769e-01 9.999837388939811778e-01 1.681263446807861328e+00
3.310000000000000000e+02 3.017270465803290613e-01 9.999837388939810667e-01 1.681292533874511719e+00
3.320000000000000000e+02 3.005822677223698447e-01 9.999837388939810667e-01 1.681324481964111328e+00
3.330000000000000000e+02 3.038817670603453092e-01 9.999837388939811778e-01 1.681149005889892578e+00
3.340000000000000000e+02 2.927517637231744074e-01 9.999837388939810667e-01 1.681119441986083984e+00
3.350000000000000000e+02 2.991505168183675178e-01 9.999837388939810667e-01 1.680990457534790039e+00
3.360000000000000000e+02 2.921561766459599974e-01 9.999837388939810667e-01 1.680869460105895996e+00
3.370000000000000000e+02 2.988617493913869883e-01 9.999837388939811778e-01 1.680828452110290527e+00
3.380000000000000000e+02 2.748530958883922959e-01 9.999837388939810667e-01 1.681054949760437012e+00
3.390000000000000000e+02 2.834976407204035653e-01 9.999837388939810667e-01 1.680993437767028809e+00
3.400000000000000000e+02 2.802456836672244100e-01 9.999837388939811778e-01 1.680852532386779785e+00
3.410000000000000000e+02 2.813776332923748624e-01 9.999837388939811778e-01 1.680536508560180664e+00
3.420000000000000000e+02 2.867770872918741776e-01 9.999837388939811778e-01 1.680732488632202148e+00
3.430000000000000000e+02 2.892891719837789033e-01 9.999837388939810667e-01 1.680387020111083984e+00
3.440000000000000000e+02 2.856528280493562111e-01 9.999837388939811778e-01 1.680565476417541504e+00
3.450000000000000000e+02 2.831014834284491521e-01 9.999837388939811778e-01 1.681012988090515137e+00
3.460000000000000000e+02 2.837758651133834298e-01 9.999837388939810667e-01 1.680780529975891113e+00
3.470000000000000000e+02 2.845722249170802853e-01 9.999837388939808447e-01 1.680765032768249512e+00
3.480000000000000000e+02 2.820190079601558319e-01 9.999837388939811778e-01 1.680523514747619629e+00
3.490000000000000000e+02 2.847380985654110463e-01 9.999837388939810667e-01 1.680529952049255371e+00
3.500000000000000000e+02 2.876810785781502289e-01 9.999837388939810667e-01 1.680315971374511719e+00
3.510000000000000000e+02 2.917136364518604363e-01 9.999837388939811778e-01 1.680583477020263672e+00
3.520000000000000000e+02 2.822482851947635263e-01 9.999837388939812888e-01 1.680333018302917480e+00
3.530000000000000000e+02 2.798326976456242954e-01 9.999837388939810667e-01 1.680160522460937500e+00
3.540000000000000000e+02 2.863604398214987801e-01 9.999837388939811778e-01 1.680078983306884766e+00
3.550000000000000000e+02 2.832118398393531078e-01 9.999837388939810667e-01 1.680423974990844727e+00
3.560000000000000000e+02 2.816294371961056142e-01 9.999837388939811778e-01 1.680212974548339844e+00
3.570000000000000000e+02 2.769870150033397205e-01 9.999837388939811778e-01 1.680129528045654297e+00
3.580000000000000000e+02 2.775487623660978231e-01 9.999837388939811778e-01 1.680497527122497559e+00
3.590000000000000000e+02 2.806693478906548411e-01 9.999837388939811778e-01 1.680513024330139160e+00
3.600000000000000000e+02 2.757987145736824908e-01 9.999837388939811778e-01 1.680834054946899414e+00
3.610000000000000000e+02 2.885937417030869923e-01 9.999837388939811778e-01 1.680958509445190430e+00
3.620000000000000000e+02 2.791788818485332335e-01 9.999837388939810667e-01 1.680724024772644043e+00
3.630000000000000000e+02 2.744337302815551549e-01 9.999837388939811778e-01 1.680616497993469238e+00
3.640000000000000000e+02 2.863907427671294470e-01 9.999837388939810667e-01 1.680780053138732910e+00
3.650000000000000000e+02 2.908234093233865170e-01 9.999837388939810667e-01 1.680884957313537598e+00
3.660000000000000000e+02 2.813631833327187581e-01 9.999837388939810667e-01 1.680848956108093262e+00
3.670000000000000000e+02 2.792364873354953869e-01 9.999837388939811778e-01 1.680812478065490723e+00
3.680000000000000000e+02 2.795577605357006945e-01 9.999837388939811778e-01 1.680528044700622559e+00
3.690000000000000000e+02 2.795071328467048644e-01 9.999837388939810667e-01 1.680517554283142090e+00
3.700000000000000000e+02 2.784020364540532588e-01 9.999837388939811778e-01 1.680433511734008789e+00
3.710000000000000000e+02 2.764227534644504436e-01 9.999837388939811778e-01 1.680596947669982910e+00
3.720000000000000000e+02 2.839735862332279925e-01 9.999837388939810667e-01 1.680584549903869629e+00
3.730000000000000000e+02 2.807215774167268196e-01 9.999837388939811778e-01 1.680757999420166016e+00
3.740000000000000000e+02 2.776718975683925561e-01 9.999837388939810667e-01 1.680665969848632812e+00
3.750000000000000000e+02 2.808716794432543629e-01 9.999837388939811778e-01 1.680757522583007812e+00
3.760000000000000000e+02 2.803876917168559024e-01 9.999837388939811778e-01 1.680982470512390137e+00
3.770000000000000000e+02 2.745568937690300859e-01 9.999837388939811778e-01 1.680935978889465332e+00
3.780000000000000000e+02 2.816554802862246687e-01 9.999837388939811778e-01 1.681038975715637207e+00
3.790000000000000000e+02 2.696365111666958470e-01 9.999837388939811778e-01 1.681030511856079102e+00
3.800000000000000000e+02 2.858467866824888626e-01 9.999837388939810667e-01 1.681083440780639648e+00
3.810000000000000000e+02 2.826103223829242173e-01 9.999837388939810667e-01 1.681115508079528809e+00
3.820000000000000000e+02 2.896215348296840020e-01 9.999837388939811778e-01 1.680892944335937500e+00
3.830000000000000000e+02 2.823320601752934977e-01 9.999837388939810667e-01 1.680896043777465820e+00
3.840000000000000000e+02 2.881983365608619119e-01 9.999837388939811778e-01 1.680860996246337891e+00
3.850000000000000000e+02 2.812104219649265158e-01 9.999837388939811778e-01 1.681113004684448242e+00
3.860000000000000000e+02 2.848066961702272470e-01 9.999837388939811778e-01 1.680790543556213379e+00
3.870000000000000000e+02 2.771364371494398071e-01 9.999837388939811778e-01 1.680991530418395996e+00
3.880000000000000000e+02 2.824731535500926705e-01 9.999837388939811778e-01 1.681078553199768066e+00
3.890000000000000000e+02 2.834185435597157410e-01 9.999837388939811778e-01 1.681005477905273438e+00
3.900000000000000000e+02 2.798319968518800382e-01 9.999837388939811778e-01 1.681068539619445801e+00
3.910000000000000000e+02 2.752963454808923238e-01 9.999837388939812888e-01 1.680887460708618164e+00
3.920000000000000000e+02 2.784465915279739079e-01 9.999837388939810667e-01 1.681017041206359863e+00
3.930000000000000000e+02 2.839671950085381757e-01 9.999837388939811778e-01 1.681044459342956543e+00
3.940000000000000000e+02 2.781776310991325718e-01 9.999837388939811778e-01 1.681121468544006348e+00
3.950000000000000000e+02 2.855464465965198428e-01 9.999837388939810667e-01 1.681022524833679199e+00
3.960000000000000000e+02 2.854897895940489150e-01 9.999837388939811778e-01 1.680987954139709473e+00
3.970000000000000000e+02 2.766477527007809578e-01 9.999837388939810667e-01 1.680909037590026855e+00
3.980000000000000000e+02 2.721429619415859924e-01 9.999837388939811778e-01 1.681053042411804199e+00
