0.000000000000000000e+00 1.637159104354929395e-02 0.000000000000000000e+00 1.238480567932128906e+01
1.000000000000000000e+00 1.859098556124122795e-02 0.000000000000000000e+00 1.254985618591308594e+01
2.000000000000000000e+00 2.212034931785151690e-02 0.000000000000000000e+00 1.270753765106201172e+01
3.000000000000000000e+00 2.601267099873864549e-02 0.000000000000000000e+00 1.286169528961181641e+01
4.000000000000000000e+00 3.121151260309570213e-02 0.000000000000000000e+00 1.301291751861572266e+01
5.000000000000000000e+00 3.657499010636325321e-02 0.000000000000000000e+00 1.315515422821044922e+01
6.000000000000000000e+00 4.239156210360885135e-02 0.000000000000000000e+00 1.328764915466308594e+01
7.000000000000000000e+00 4.845576225030936296e-02 0.000000000000000000e+00 1.341696834564208984e+01
8.000000000000000000e+00 5.507164208020889212e-02 0.000000000000000000e+00 1.354280185699462891e+01
9.000000000000000000e+00 6.134585340803883069e-02 0.000000000000000000e+00 1.365993976593017578e+01
1.000000000000000000e+01 6.899752258103322711e-02 0.000000000000000000e+00 1.377244949340820312e+01
1.100000000000000000e+01 7.577929956380533016e-02 0.000000000000000000e+00 1.388351917266845703e+01
1.200000000000000000e+01 8.299864795928889316e-02 0.000000000000000000e+00 1.398783779144287109e+01
1.300000000000000000e+01 9.007694778014101178e-02 0.000000000000000000e+00 1.408739185333251953e+01
1.400000000000000000e+01 9.751831595004803455e-02 0.000000000000000000e+00 1.418321037292480469e+01
1.500000000000000000e+01 1.035709887547759944e-01 0.000000000000000000e+00 1.427579212188720703e+01
1.600000000000000000e+01 1.113578181596436983e-01 0.000000000000000000e+00 1.436295986175537109e+01
1.700000000000000000e+01 1.171179891124174144e-01 0.000000000000000000e+00 1.444946575164794922e+01
1.800000000000000000e+01 1.238762736488937116e-01 0.000000000000000000e+00 1.452841377258300781e+01
1.900000000000000000e+01 1.324047583761652491e-01 0.000000000000000000e+00 1.460658168792724609e+01
2.000000000000000000e+01 1.385240318774072499e-01 0.000000000000000000e+00 1.468310260772705078e+01
2.100000000000000000e+01 1.456166654385805115e-01 0.000000000000000000e+00 1.475471591949462891e+01
2.200000000000000000e+01 1.523899589806803345e-01 0.000000000000000000e+00 1.482631206512451172e+01
2.300000000000000000e+01 1.583888072756318433e-01 0.000000000000000000e+00 1.489276027679443359e+01
2.400000000000000000e+01 1.653003775375486706e-01 0.000000000000000000e+00 1.495799160003662109e+01
2.500000000000000000e+01 1.717869980064448687e-01 0.000000000000000000e+00 1.501988983154296875e+01
2.600000000000000000e+01 1.781617794717677561e-01 0.000000000000000000e+00 1.507864856719970703e+01
2.700000000000000000e+01 1.843003830548597399e-01 0.000000000000000000e+00 1.513836383819580078e+01
2.800000000000000000e+01 1.904824495255958150e-01 0.000000000000000000e+00 1.519412994384765625e+01
2.900000000000000000e+01 1.970498832906162345e-01 0.000000000000000000e+00 1.524835777282714844e+01
3.000000000000000000e+01 2.030379460817288706e-01 0.000000000000000000e+00 1.530239009857177734e+01
3.100000000000000000e+01 2.090021197732762070e-01 0.000000000000000000e+00 1.535238170623779297e+01
3.200000000000000000e+01 2.157009375141351049e-01 0.000000000000000000e+00 1.540443611145019531e+01
3.300000000000000000e+01 2.211648767376043212e-01 0.000000000000000000e+00 1.545496559143066406e+01
3.400000000000000000e+01 2.274221772219850723e-01 0.000000000000000000e+00 1.550095367431640625e+01
3.500000000000000000e+01 2.339057239253899689e-01 0.000000000000000000e+00 1.554827690124511719e+01
3.600000000000000000e+01 2.401198405678506564e-01 0.000000000000000000e+00 1.559447860717773438e+01
3.700000000000000000e+01 2.461311714601014111e-01 0.000000000000000000e+00 1.564122390747070312e+01
3.800000000000000000e+01 2.516185920845497304e-01 0.000000000000000000e+00 1.568261814117431641e+01
3.900000000000000000e+01 2.573740088593606257e-01 0.000000000000000000e+00 1.572144794464111328e+01
4.000000000000000000e+01 2.627688953948459916e-01 0.000000000000000000e+00 1.576212787628173828e+01
4.100000000000000000e+01 2.682829760731066937e-01 0.000000000000000000e+00 1.580187225341796875e+01
4.200000000000000000e+01 2.736643438604855483e-01 0.000000000000000000e+00 1.584091949462890625e+01
4.300000000000000000e+01 2.788988748743710944e-01 0.000000000000000000e+00 1.588204765319824219e+01
4.400000000000000000e+01 2.840401201939246612e-01 0.000000000000000000e+00 1.591926002502441406e+01
4.500000000000000000e+01 2.895381423203856053e-01 0.000000000000000000e+00 1.595474910736083984e+01
4.600000000000000000e+01 2.940936939959612473e-01 0.000000000000000000e+00 1.598997879028320312e+01
4.700000000000000000e+01 2.987025469582890724e-01 0.000000000000000000e+00 1.602432441711425781e+01
4.800000000000000000e+01 3.041410418607181088e-01 0.000000000000000000e+00 1.605717277526855469e+01
4.900000000000000000e+01 3.098776585283820051e-01 0.000000000000000000e+00 1.608865356445312500e+01
5.000000000000000000e+01 3.139355627054401521e-01 0.000000000000000000e+00 1.611914443969726562e+01
5.100000000000000000e+01 3.180796681504947654e-01 0.000000000000000000e+00 1.614786720275878906e+01
5.200000000000000000e+01 3.228262044236733797e-01 0.000000000000000000e+00 1.617677688598632812e+01
5.300000000000000000e+01 3.273274271284118409e-01 0.000000000000000000e+00 1.620308303833007812e+01
5.400000000000000000e+01 3.321025602408886890e-01 0.000000000000000000e+00 1.623116111755371094e+01
5.500000000000000000e+01 3.364695587237371277e-01 0.000000000000000000e+00 1.625806617736816406e+01
5.600000000000000000e+01 3.408349125578054584e-01 0.000000000000000000e+00 1.628424072265625000e+01
5.700000000000000000e+01 3.445161991564407722e-01 0.000000000000000000e+00 1.630898666381835938e+01
5.800000000000000000e+01 3.490464319681277905e-01 0.000000000000000000e+00 1.633324050903320312e+01
5.900000000000000000e+01 3.528759572193816418e-01 0.000000000000000000e+00 1.636020660400390625e+01
6.000000000000000000e+01 3.575954487962711981e-01 0.000000000000000000e+00 1.638598823547363281e+01
6.100000000000000000e+01 3.616947337099836179e-01 0.000000000000000000e+00 1.641145324707031250e+01
6.200000000000000000e+01 3.656601674493663579e-01 0.000000000000000000e+00 1.643608474731445312e+01
6.300000000000000000e+01 3.687565671868207606e-01 0.000000000000000000e+00 1.645886039733886719e+01
6.400000000000000000e+01 3.730152009952801828e-01 0.000000000000000000e+00 1.648122787475585938e+01
6.500000000000000000e+01 3.766792065829349112e-01 0.000000000000000000e+00 1.650259971618652344e+01
6.600000000000000000e+01 3.798999427735472723e-01 0.000000000000000000e+00 1.652376365661621094e+01
6.700000000000000000e+01 3.828945252601290150e-01 0.000000000000000000e+00 1.654243278503417969e+01
6.800000000000000000e+01 3.867245407109667910e-01 0.000000000000000000e+00 1.656189155578613281e+01
6.900000000000000000e+01 3.910999897991805918e-01 0.000000000000000000e+00 1.658495712280273438e+01
7.000000000000000000e+01 3.939688358893729814e-01 0.000000000000000000e+00 1.660432243347167969e+01
7.100000000000000000e+01 3.970424795503940119e-01 0.000000000000000000e+00 1.662227630615234375e+01
7.200000000000000000e+01 4.000764195051416672e-01 0.000000000000000000e+00 1.664024925231933594e+01
7.300000000000000000e+01 4.026901020602830505e-01 0.000000000000000000e+00 1.665766525268554688e+01
7.400000000000000000e+01 4.056394757403602447e-01 0.000000000000000000e+00 1.667417144775390625e+01
7.500000000000000000e+01 4.089316986972634238e-01 0.000000000000000000e+00 1.668818473815917969e+01
7.600000000000000000e+01 4.110959292480457217e-01 0.000000000000000000e+00 1.670513725280761719e+01
7.700000000000000000e+01 4.139478621197501540e-01 0.000000000000000000e+00 1.672210502624511719e+01
7.800000000000000000e+01 4.163164702713484377e-01 0.000000000000000000e+00 1.673571968078613281e+01
7.900000000000000000e+01 4.185999152685789815e-01 0.000000000000000000e+00 1.675044441223144531e+01
8.000000000000000000e+01 4.206156888795441473e-01 0.000000000000000000e+00 1.676238059997558594e+01
8.100000000000000000e+01 4.234211782881912023e-01 0.000000000000000000e+00 1.677727508544921875e+01
8.200000000000000000e+01 4.259780568234932674e-01 0.000000000000000000e+00 1.679121398925781250e+01
8.300000000000000000e+01 4.283055186182005980e-01 0.000000000000000000e+00 1.680503654479980469e+01
8.400000000000000000e+01 4.308650207328048598e-01 0.000000000000000000e+00 1.681833457946777344e+01
8.500000000000000000e+01 4.328271627354734474e-01 0.000000000000000000e+00 1.682962226867675781e+01
8.600000000000000000e+01 4.353484863723769416e-01 0.000000000000000000e+00 1.684172439575195312e+01
8.700000000000000000e+01 4.367688420635746915e-01 0.000000000000000000e+00 1.685387802124023438e+01
8.800000000000000000e+01 4.398855343119819072e-01 0.000000000000000000e+00 1.686628532409667969e+01
8.900000000000000000e+01 4.424604278275716673e-01 0.000000000000000000e+00 1.687974929809570312e+01
9.000000000000000000e+01 4.443777327109489916e-01 0.000000000000000000e+00 1.689133262634277344e+01
9.100000000000000000e+01 4.463986779602965305e-01 0.000000000000000000e+00 1.690188789367675781e+01
9.200000000000000000e+01 4.479220994536018963e-01 0.000000000000000000e+00 1.691410827636718750e+01
9.300000000000000000e+01 4.504213604970371265e-01 0.000000000000000000e+00 1.692403030395507812e+01
9.400000000000000000e+01 4.521143620675262542e-01 0.000000000000000000e+00 1.693636703491210938e+01
9.500000000000000000e+01 4.530332164482904767e-01 0.000000000000000000e+00 1.694519042968750000e+01
9.600000000000000000e+01 4.550769673127343373e-01 0.000000000000000000e+00 1.695474815368652344e+01
9.700000000000000000e+01 4.569588404265413906e-01 0.000000000000000000e+00 1.696376228332519531e+01
9.800000000000000000e+01 4.596548209299434751e-01 0.000000000000000000e+00 1.697104454040527344e+01
9.900000000000000000e+01 4.604878908498399315e-01 0.000000000000000000e+00 1.697906303405761719e+01
1.000000000000000000e+02 4.623813844448139143e-01 0.000000000000000000e+00 1.698603630065917969e+01
1.010000000000000000e+02 4.639643706337031603e-01 0.000000000000000000e+00 1.699590301513671875e+01
1.020000000000000000e+02 4.660310694117904551e-01 0.000000000000000000e+00 1.700316238403320312e+01
1.030000000000000000e+02 4.666428246868740692e-01 0.000000000000000000e+00 1.701125526428222656e+01
1.040000000000000000e+02 4.686042209507026990e-01 0.000000000000000000e+00 1.701900672912597656e+01
1.050000000000000000e+02 4.699186584291558111e-01 0.000000000000000000e+00 1.702676773071289062e+01
1.060000000000000000e+02 4.710111620642910557e-01 0.000000000000000000e+00 1.703159713745117188e+01
1.070000000000000000e+02 4.729571134325247783e-01 0.000000000000000000e+00 1.703732109069824219e+01
1.080000000000000000e+02 4.746067116295703547e-01 0.000000000000000000e+00 1.704440116882324219e+01
1.090000000000000000e+02 4.751638496520705912e-01 0.000000000000000000e+00 1.704975509643554688e+01
1.100000000000000000e+02 4.766248496607276564e-01 0.000000000000000000e+00 1.705699157714843750e+01
1.110000000000000000e+02 4.779552333311403167e-01 0.000000000000000000e+00 1.706187248229980469e+01
1.120000000000000000e+02 4.787234908640137787e-01 0.000000000000000000e+00 1.706819725036621094e+01
1.130000000000000000e+02 4.795549251723495443e-01 0.000000000000000000e+00 1.707448768615722656e+01
1.140000000000000000e+02 4.808025087827603739e-01 0.000000000000000000e+00 1.707889556884765625e+01
1.150000000000000000e+02 4.821092893948498714e-01 0.000000000000000000e+00 1.708405876159667969e+01
1.160000000000000000e+02 4.835984607231795240e-01 0.000000000000000000e+00 1.708737564086914062e+01
1.170000000000000000e+02 4.841469723111347934e-01 0.000000000000000000e+00 1.709072113037109375e+01
1.180000000000000000e+02 4.853918885029630537e-01 0.000000000000000000e+00 1.709799194335937500e+01
1.190000000000000000e+02 4.863904921236166246e-01 0.000000000000000000e+00 1.710207176208496094e+01
1.200000000000000000e+02 4.874797306437864686e-01 0.000000000000000000e+00 1.710709953308105469e+01
1.210000000000000000e+02 4.886623071691856834e-01 0.000000000000000000e+00 1.711021423339843750e+01
1.220000000000000000e+02 4.901771086231518915e-01 0.000000000000000000e+00 1.711479187011718750e+01
1.230000000000000000e+02 4.906432173948339637e-01 0.000000000000000000e+00 1.711969757080078125e+01
1.240000000000000000e+02 4.921818467645514006e-01 0.000000000000000000e+00 1.712483978271484375e+01
1.250000000000000000e+02 4.930416660692019670e-01 0.000000000000000000e+00 1.712949562072753906e+01
1.260000000000000000e+02 4.936481953708666826e-01 0.000000000000000000e+00 1.713365554809570312e+01
1.270000000000000000e+02 4.945374934281268620e-01 0.000000000000000000e+00 1.713782882690429688e+01
1.280000000000000000e+02 4.956292171225378795e-01 0.000000000000000000e+00 1.714295196533203125e+01
1.290000000000000000e+02 4.965287090354042476e-01 0.000000000000000000e+00 1.714584159851074219e+01
1.300000000000000000e+02 4.971564951934591137e-01 0.000000000000000000e+00 1.714861679077148438e+01
1.310000000000000000e+02 4.974332512244323823e-01 0.000000000000000000e+00 1.715037918090820312e+01
1.320000000000000000e+02 4.989109524985292921e-01 0.000000000000000000e+00 1.715574073791503906e+01
1.330000000000000000e+02 4.994367014893975054e-01 0.000000000000000000e+00 1.715903854370117188e+01
1.340000000000000000e+02 5.011268358229178377e-01 0.000000000000000000e+00 1.716181755065917969e+01
1.350000000000000000e+02 5.009436257715196295e-01 0.000000000000000000e+00 1.716419601440429688e+01
1.360000000000000000e+02 5.021437588051775869e-01 0.000000000000000000e+00 1.716889572143554688e+01
1.370000000000000000e+02 5.023715891140242418e-01 0.000000000000000000e+00 1.717248725891113281e+01
1.380000000000000000e+02 5.031258692191890036e-01 0.000000000000000000e+00 1.717560386657714844e+01
1.390000000000000000e+02 5.043649106891181511e-01 0.000000000000000000e+00 1.718060874938964844e+01
1.400000000000000000e+02 5.051460901751376742e-01 0.000000000000000000e+00 1.718643379211425781e+01
1.410000000000000000e+02 5.068033338717150560e-01 0.000000000000000000e+00 1.719250869750976562e+01
1.420000000000000000e+02 5.073185255687679973e-01 0.000000000000000000e+00 1.719814109802246094e+01
1.430000000000000000e+02 5.077138977291558719e-01 0.000000000000000000e+00 1.719986915588378906e+01
1.440000000000000000e+02 5.079367698384579244e-01 0.000000000000000000e+00 1.720153999328613281e+01
1.450000000000000000e+02 5.083141974556718568e-01 0.000000000000000000e+00 1.720564842224121094e+01
1.460000000000000000e+02 5.087452896300843630e-01 0.000000000000000000e+00 1.720763969421386719e+01
1.470000000000000000e+02 5.090378120375016469e-01 0.000000000000000000e+00 1.721131134033203125e+01
1.480000000000000000e+02 5.099133619993736488e-01 0.000000000000000000e+00 1.721508216857910156e+01
1.490000000000000000e+02 5.105011926913596287e-01 0.000000000000000000e+00 1.721837234497070312e+01
1.500000000000000000e+02 5.110203626519890241e-01 0.000000000000000000e+00 1.722055435180664062e+01
1.510000000000000000e+02 5.115613418224458364e-01 0.000000000000000000e+00 1.722315979003906250e+01
1.520000000000000000e+02 5.120741348563443429e-01 0.000000000000000000e+00 1.722829627990722656e+01
1.530000000000000000e+02 5.128852191066766153e-01 0.000000000000000000e+00 1.723027038574218750e+01
1.540000000000000000e+02 5.131291026714351888e-01 0.000000000000000000e+00 1.723040390014648438e+01
1.550000000000000000e+02 5.130963551718237259e-01 0.000000000000000000e+00 1.722906303405761719e+01
1.560000000000000000e+02 5.130651549885585361e-01 0.000000000000000000e+00 1.723173713684082031e+01
1.570000000000000000e+02 5.136158186034467388e-01 0.000000000000000000e+00 1.723253631591796875e+01
1.580000000000000000e+02 5.140756494329643544e-01 0.000000000000000000e+00 1.723498153686523438e+01
1.590000000000000000e+02 5.150791440735630333e-01 0.000000000000000000e+00 1.723495674133300781e+01
1.600000000000000000e+02 5.141654698117426037e-01 0.000000000000000000e+00 1.723675537109375000e+01
1.610000000000000000e+02 5.150923092972797823e-01 0.000000000000000000e+00 1.723663520812988281e+01
1.620000000000000000e+02 5.151986540682562676e-01 0.000000000000000000e+00 1.723755073547363281e+01
1.630000000000000000e+02 5.158210598678980574e-01 0.000000000000000000e+00 1.723892021179199219e+01
1.640000000000000000e+02 5.164878699467970735e-01 0.000000000000000000e+00 1.723937416076660156e+01
1.650000000000000000e+02 5.171087018448081718e-01 0.000000000000000000e+00 1.724260330200195312e+01
1.660000000000000000e+02 5.182422640062440689e-01 0.000000000000000000e+00 1.724457168579101562e+01
1.670000000000000000e+02 5.181974009407839254e-01 0.000000000000000000e+00 1.724664306640625000e+01
1.680000000000000000e+02 5.194112503497382294e-01 0.000000000000000000e+00 1.724969673156738281e+01
1.690000000000000000e+02 5.196183871248212238e-01 0.000000000000000000e+00 1.725224304199218750e+01
1.700000000000000000e+02 5.207847825217971627e-01 0.000000000000000000e+00 1.725469779968261719e+01
1.710000000000000000e+02 5.208940784393194523e-01 0.000000000000000000e+00 1.725585365295410156e+01
1.720000000000000000e+02 5.216366285133539060e-01 0.000000000000000000e+00 1.725542640686035156e+01
1.730000000000000000e+02 5.218655315871199019e-01 0.000000000000000000e+00 1.725806427001953125e+01
1.740000000000000000e+02 5.226681220493999414e-01 0.000000000000000000e+00 1.726034355163574219e+01
1.750000000000000000e+02 5.228645419888447998e-01 0.000000000000000000e+00 1.726298904418945312e+01
1.760000000000000000e+02 5.231639893836841360e-01 0.000000000000000000e+00 1.726474952697753906e+01
1.770000000000000000e+02 5.236661137806220001e-01 0.000000000000000000e+00 1.726716232299804688e+01
1.780000000000000000e+02 5.243522481882215702e-01 0.000000000000000000e+00 1.727198791503906250e+01
1.790000000000000000e+02 5.246541831954838475e-01 0.000000000000000000e+00 1.727417564392089844e+01
1.800000000000000000e+02 5.248693727092323957e-01 0.000000000000000000e+00 1.727403640747070312e+01
1.810000000000000000e+02 5.253703883449759582e-01 0.000000000000000000e+00 1.727498435974121094e+01
1.820000000000000000e+02 5.258673264062565522e-01 0.000000000000000000e+00 1.727618598937988281e+01
1.830000000000000000e+02 5.254146150289064066e-01 0.000000000000000000e+00 1.727512359619140625e+01
1.840000000000000000e+02 5.247710573236795684e-01 0.000000000000000000e+00 1.727637672424316406e+01
1.850000000000000000e+02 5.260196853250060922e-01 0.000000000000000000e+00 1.727804374694824219e+01
1.860000000000000000e+02 5.257431821885593104e-01 0.000000000000000000e+00 1.727762031555175781e+01
1.870000000000000000e+02 5.257266297311815606e-01 0.000000000000000000e+00 1.727625274658203125e+01
1.880000000000000000e+02 5.259470674639850074e-01 0.000000000000000000e+00 1.727591323852539062e+01
1.890000000000000000e+02 5.256593313271257228e-01 0.000000000000000000e+00 1.727733993530273438e+01
1.900000000000000000e+02 5.260632929416351189e-01 0.000000000000000000e+00 1.727796745300292969e+01
1.910000000000000000e+02 5.261183971932814618e-01 0.000000000000000000e+00 1.727788352966308594e+01
1.920000000000000000e+02 5.255053492663855907e-01 0.000000000000000000e+00 1.727901649475097656e+01
1.930000000000000000e+02 5.266791582133057981e-01 0.000000000000000000e+00 1.727852821350097656e+01
1.940000000000000000e+02 5.265799334732601533e-01 0.000000000000000000e+00 1.728124237060546875e+01
1.950000000000000000e+02 5.256449727433705199e-01 0.000000000000000000e+00 1.728118515014648438e+01
1.960000000000000000e+02 5.260259250081865678e-01 0.000000000000000000e+00 1.728090476989746094e+01
1.970000000000000000e+02 5.264684968438623214e-01 0.000000000000000000e+00 1.728190994262695312e+01
1.980000000000000000e+02 5.255694911182527962e-01 0.000000000000000000e+00 1.728315162658691406e+01
1.990000000000000000e+02 5.258653897593337234e-01 0.000000000000000000e+00 1.728432273864746094e+01
2.000000000000000000e+02 5.175485235276472418e-01 1.624582598797795832e-02 1.238893413543701172e+01
2.010000000000000000e+02 5.067415493834301898e-01 1.818988754842145936e-02 1.255462360382080078e+01
2.020000000000000000e+02 4.935354588445901580e-01 2.168584345669564983e-02 1.271678066253662109e+01
2.030000000000000000e+02 4.793700112419070347e-01 2.605172675491914183e-02 1.286845493316650391e+01
2.040000000000000000e+02 4.625434515582371175e-01 3.082212739910635338e-02 1.301899814605712891e+01
2.050000000000000000e+02 4.446410028863003738e-01 3.630681522306575260e-02 1.315827369689941406e+01
2.060000000000000000e+02 4.261227069926247224e-01 4.248976842452256014e-02 1.329404258728027344e+01
2.070000000000000000e+02 4.084369435244641355e-01 4.832559694647283605e-02 1.342448616027832031e+01
2.080000000000000000e+02 3.889952864281057687e-01 5.429499331788692484e-02 1.354683971405029297e+01
2.090000000000000000e+02 3.698061631393324555e-01 6.190364812503690306e-02 1.366552829742431641e+01
2.100000000000000000e+02 3.520461490564948948e-01 6.859454723611990712e-02 1.378179740905761719e+01
2.110000000000000000e+02 3.346887769539387825e-01 7.491495304485035200e-02 1.389034175872802734e+01
2.120000000000000000e+02 3.179406868117845564e-01 8.159834642335390964e-02 1.399341011047363281e+01
2.130000000000000000e+02 3.015959524707483852e-01 8.847003999679069197e-02 1.409068584442138672e+01
2.140000000000000000e+02 2.861927181325585323e-01 9.553954349177291860e-02 1.418381977081298828e+01
2.150000000000000000e+02 2.715551930120735924e-01 1.026779126918139912e-01 1.427456378936767578e+01
2.160000000000000000e+02 2.576009359246417829e-01 1.096185696333256687e-01 1.436484050750732422e+01
2.170000000000000000e+02 2.441737903572832047e-01 1.165688314853927654e-01 1.444697761535644531e+01
2.180000000000000000e+02 2.319969222190102764e-01 1.230296873689768478e-01 1.452876186370849609e+01
2.190000000000000000e+02 2.200153880500975156e-01 1.306238080143872493e-01 1.460505485534667969e+01
2.200000000000000000e+02 2.098309678163531866e-01 1.378577753756224655e-01 1.468180656433105469e+01
2.210000000000000000e+02 1.996616656064789386e-01 1.440550928146435705e-01 1.475236797332763672e+01
2.220000000000000000e+02 1.896378857993477329e-01 1.508805723393298326e-01 1.482420253753662109e+01
2.230000000000000000e+02 1.804357113598013818e-01 1.577166354873798526e-01 1.489402389526367188e+01
2.240000000000000000e+02 1.714990825018111453e-01 1.643920027782981574e-01 1.495652770996093750e+01
2.250000000000000000e+02 1.632406923567506496e-01 1.707665044863367065e-01 1.502154159545898438e+01
2.260000000000000000e+02 1.551250390683125147e-01 1.772495414922418411e-01 1.508176422119140625e+01
2.270000000000000000e+02 1.492091172571758662e-01 1.837931724879788009e-01 1.514210224151611328e+01
2.280000000000000000e+02 1.411546421022057130e-01 1.895596250298837437e-01 1.519746112823486328e+01
2.290000000000000000e+02 1.347252210041175735e-01 1.959775187558029097e-01 1.525250816345214844e+01
2.300000000000000000e+02 1.290895093083728462e-01 2.025825610213387584e-01 1.530719757080078125e+01
2.310000000000000000e+02 1.234961540415722148e-01 2.083484109889000568e-01 1.536081790924072266e+01
2.320000000000000000e+02 1.186215642380137464e-01 2.143876699125097374e-01 1.541256332397460938e+01
2.330000000000000000e+02 1.131540402724691835e-01 2.209488191155598302e-01 1.546070575714111328e+01
2.340000000000000000e+02 1.081403974552420238e-01 2.263957877762746984e-01 1.550961589813232422e+01
2.350000000000000000e+02 1.040908099099664141e-01 2.318735843453115786e-01 1.555641174316406250e+01
2.360000000000000000e+02 9.985531564977900842e-02 2.375523316321201117e-01 1.560094833374023438e+01
2.370000000000000000e+02 9.555055567212948631e-02 2.435416535248744185e-01 1.564369392395019531e+01
2.380000000000000000e+02 9.186364052204892827e-02 2.489037267912001805e-01 1.568704700469970703e+01
2.390000000000000000e+02 8.805129195712445289e-02 2.547773873713059523e-01 1.572868156433105469e+01
2.400000000000000000e+02 8.412160716550380612e-02 2.600453995467258972e-01 1.576978778839111328e+01
2.410000000000000000e+02 8.094086416015133789e-02 2.649723397933207436e-01 1.580949401855468750e+01
2.420000000000000000e+02 7.763474735973398266e-02 2.704418921812455912e-01 1.584676265716552734e+01
2.430000000000000000e+02 7.546880116546285377e-02 2.765559466963968260e-01 1.588397121429443359e+01
2.440000000000000000e+02 7.225469715015310490e-02 2.816128714606160877e-01 1.591695308685302734e+01
2.450000000000000000e+02 6.906961803719555149e-02 2.866117538065137138e-01 1.595080375671386719e+01
2.460000000000000000e+02 6.628086808080561887e-02 2.917988022424150008e-01 1.598500156402587891e+01
2.470000000000000000e+02 6.440966484138661852e-02 2.967579547556267183e-01 1.602009582519531250e+01
2.480000000000000000e+02 6.180786357196011577e-02 3.017987550808937103e-01 1.605271530151367188e+01
2.490000000000000000e+02 5.947846978735561729e-02 3.069680959977532098e-01 1.608463287353515625e+01
2.500000000000000000e+02 5.717282018520665476e-02 3.112981827873250174e-01 1.611684799194335938e+01
2.510000000000000000e+02 5.539753020852736243e-02 3.169932533797463758e-01 1.614649009704589844e+01
2.520000000000000000e+02 5.363593031586861432e-02 3.210952420672220642e-01 1.617916870117187500e+01
2.530000000000000000e+02 5.230690235217883011e-02 3.259788651088827982e-01 1.620624923706054688e+01
2.540000000000000000e+02 5.009300907478921733e-02 3.307484790715621847e-01 1.623293876647949219e+01
2.550000000000000000e+02 4.876216824950110884e-02 3.344955126701487091e-01 1.626139450073242188e+01
2.560000000000000000e+02 4.698839158328867865e-02 3.392997316269278918e-01 1.628704261779785156e+01
2.570000000000000000e+02 4.551257278909816295e-02 3.437287946005723738e-01 1.631388282775878906e+01
2.580000000000000000e+02 4.389135333779911607e-02 3.473826105942280362e-01 1.634106636047363281e+01
2.590000000000000000e+02 4.281077333645658817e-02 3.516430457494634787e-01 1.636706924438476562e+01
2.600000000000000000e+02 4.125601125503740307e-02 3.563622636571074920e-01 1.639318656921386719e+01
2.610000000000000000e+02 4.095812136339841564e-02 3.599059624990241790e-01 1.641712188720703125e+01
2.620000000000000000e+02 3.861351742671146475e-02 3.635761983897035088e-01 1.644081115722656250e+01
2.630000000000000000e+02 3.792734103386221495e-02 3.669550541687431888e-01 1.646140861511230469e+01
2.640000000000000000e+02 3.729501328576678709e-02 3.703492207585667995e-01 1.648347663879394531e+01
2.650000000000000000e+02 3.607581266537643327e-02 3.742939707176848874e-01 1.650627517700195312e+01
2.660000000000000000e+02 3.523453800764848876e-02 3.772963417600673774e-01 1.652839088439941406e+01
2.670000000000000000e+02 3.390820819439787498e-02 3.801462151677421630e-01 1.654982566833496094e+01
2.680000000000000000e+02 3.279098236716002784e-02 3.846902584113647827e-01 1.656964874267578125e+01
2.690000000000000000e+02 3.226643588574964333e-02 3.872508494881951036e-01 1.658937072753906250e+01
2.700000000000000000e+02 3.138502229277578826e-02 3.907352580099970329e-01 1.660748291015625000e+01
2.710000000000000000e+02 3.087703613523726243e-02 3.938521670997095492e-01 1.662732887268066406e+01
2.720000000000000000e+02 2.964659199636299550e-02 3.964971893763387656e-01 1.664684486389160156e+01
2.730000000000000000e+02 2.880236387238135562e-02 3.997850945218931473e-01 1.666446685791015625e+01
2.740000000000000000e+02 2.851010667894860948e-02 4.028177750680962954e-01 1.668116950988769531e+01
2.750000000000000000e+02 2.798725309893713639e-02 4.057649711256324232e-01 1.669735717773437500e+01
2.760000000000000000e+02 2.736623254160089336e-02 4.086045364719577688e-01 1.671492767333984375e+01
2.770000000000000000e+02 2.658670611033643605e-02 4.118637080597187250e-01 1.673228645324707031e+01
2.780000000000000000e+02 2.625434481290567917e-02 4.135576864754137993e-01 1.674817848205566406e+01
2.790000000000000000e+02 2.585880069994889868e-02 4.166701712678568259e-01 1.676329612731933594e+01
2.800000000000000000e+02 2.565907869785633358e-02 4.194336137503694162e-01 1.677843284606933594e+01
2.810000000000000000e+02 2.507589629839260606e-02 4.220108371389688640e-01 1.679216766357421875e+01
2.820000000000000000e+02 2.494925636509225456e-02 4.245832852685960668e-01 1.680501747131347656e+01
2.830000000000000000e+02 2.371911015588432092e-02 4.265411099987814203e-01 1.682008743286132812e+01
2.840000000000000000e+02 2.372495793889498744e-02 4.287508107772858290e-01 1.683263397216796875e+01
2.850000000000000000e+02 2.308163213579217388e-02 4.312803497101221906e-01 1.684448051452636719e+01
2.860000000000000000e+02 2.311189470648914585e-02 4.337874170997336742e-01 1.685656166076660156e+01
2.870000000000000000e+02 2.236918523893331387e-02 4.362054457198935586e-01 1.686834907531738281e+01
2.880000000000000000e+02 2.157791594940510621e-02 4.385223846044568607e-01 1.687883949279785156e+01
2.890000000000000000e+02 2.167984756755875556e-02 4.412935093801864661e-01 1.689053726196289062e+01
2.900000000000000000e+02 2.132867966787636849e-02 4.428310825474980894e-01 1.690143966674804688e+01
2.910000000000000000e+02 2.093308185046912490e-02 4.454931036202536276e-01 1.691524314880371094e+01
2.920000000000000000e+02 2.083870315600888645e-02 4.476941510768091548e-01 1.692174339294433594e+01
2.930000000000000000e+02 2.063038995252077304e-02 4.493579931241051262e-01 1.693164062500000000e+01
2.940000000000000000e+02 2.019447883716338557e-02 4.508183288040725212e-01 1.694056320190429688e+01
2.950000000000000000e+02 2.022063884870182321e-02 4.531532669578534067e-01 1.694874000549316406e+01
2.960000000000000000e+02 2.028258437208474430e-02 4.549785662379424167e-01 1.695776557922363281e+01
2.970000000000000000e+02 2.001148392281261457e-02 4.570232834890917695e-01 1.696714782714843750e+01
2.980000000000000000e+02 1.954948166467985332e-02 4.583459623773105673e-01 1.697538757324218750e+01
2.990000000000000000e+02 2.021884691969001030e-02 4.599724727180780071e-01 1.698296737670898438e+01
3.000000000000000000e+02 1.928728834505917533e-02 4.607705256992953302e-01 1.699079132080078125e+01
3.010000000000000000e+02 1.925496399327883065e-02 4.626054775497202565e-01 1.699824905395507812e+01
3.020000000000000000e+02 1.883456739021642165e-02 4.646837742583160291e-01 1.700367927551269531e+01
3.030000000000000000e+02 1.872405744148306767e-02 4.655579099653505137e-01 1.701266479492187500e+01
3.040000000000000000e+02 1.860599713836716060e-02 4.664748960047032100e-01 1.701869201660156250e+01
3.050000000000000000e+02 1.801791018892781940e-02 4.674842514078320632e-01 1.702586746215820312e+01
3.060000000000000000e+02 1.778485572321473682e-02 4.686842356724104097e-01 1.703088188171386719e+01
3.070000000000000000e+02 1.851819893185384716e-02 4.698932245061761548e-01 1.703773689270019531e+01
3.080000000000000000e+02 1.777050810208044909e-02 4.711016440942247252e-01 1.704450607299804688e+01
3.090000000000000000e+02 1.880160136255972642e-02 4.722738554781005238e-01 1.705071830749511719e+01
3.100000000000000000e+02 1.848003061248171264e-02 4.736225304005614589e-01 1.705700874328613281e+01
3.110000000000000000e+02 1.839204034352442604e-02 4.750660175986879952e-01 1.706385993957519531e+01
3.120000000000000000e+02 1.785093505727452373e-02 4.770741841808895933e-01 1.706885528564453125e+01
3.130000000000000000e+02 1.744473086730278719e-02 4.788608858211809705e-01 1.707583045959472656e+01
3.140000000000000000e+02 1.710083326241806229e-02 4.795641577291926416e-01 1.708006858825683594e+01
3.150000000000000000e+02 1.707618397600839735e-02 4.816908143738715120e-01 1.708699035644531250e+01
3.160000000000000000e+02 1.639010765925854457e-02 4.827919008428688263e-01 1.709309387207031250e+01
3.170000000000000000e+02 1.739424733304921478e-02 4.844723394247979487e-01 1.709740638732910156e+01
3.180000000000000000e+02 1.737756941721785992e-02 4.844242969496251328e-01 1.710376167297363281e+01
3.190000000000000000e+02 1.718392618759702686e-02 4.852449136954650744e-01 1.711084747314453125e+01
3.200000000000000000e+02 1.627931700840635695e-02 4.862666048775328154e-01 1.711589241027832031e+01
3.210000000000000000e+02 1.713865218189558615e-02 4.872904106206286667e-01 1.711725234985351562e+01
3.220000000000000000e+02 1.676074976961510615e-02 4.895891605128022128e-01 1.712211608886718750e+01
3.230000000000000000e+02 1.703340855493920905e-02 4.903028598387092485e-01 1.712806701660156250e+01
3.240000000000000000e+02 1.627850006268207611e-02 4.912899419664841782e-01 1.713169670104980469e+01
3.250000000000000000e+02 1.618156802235779998e-02 4.924510341437187133e-01 1.713663101196289062e+01
3.260000000000000000e+02 1.676080963754178824e-02 4.927999556069995180e-01 1.714293289184570312e+01
3.270000000000000000e+02 1.629181442546144207e-02 4.934553341722658915e-01 1.714511680603027344e+01
3.280000000000000000e+02 1.664740726282559063e-02 4.943699760301448753e-01 1.714900779724121094e+01
3.290000000000000000e+02 1.663741420961588335e-02 4.950861030921753780e-01 1.715418624877929688e+01
3.300000000000000000e+02 1.637417891679446985e-02 4.958744843971569782e-01 1.715941429138183594e+01
3.310000000000000000e+02 1.626615316172758466e-02 4.958435985485503683e-01 1.716057968139648438e+01
3.320000000000000000e+02 1.648409493266311462e-02 4.967391330583583731e-01 1.716332817077636719e+01
3.330000000000000000e+02 1.680830122471934501e-02 4.973741297269148598e-01 1.716776466369628906e+01
3.340000000000000000e+02 1.567871331334292836e-02 4.986171742548954344e-01 1.716954040527343750e+01
3.350000000000000000e+02 1.588203870201343113e-02 4.986851789038612148e-01 1.717133903503417969e+01
3.360000000000000000e+02 1.557580457134734829e-02 5.000494850163966776e-01 1.717451858520507812e+01
3.370000000000000000e+02 1.648085115988655314e-02 5.009454976250860003e-01 1.717967224121093750e+01
3.380000000000000000e+02 1.600289553210532817e-02 5.012316485110034359e-01 1.718187904357910156e+01
3.390000000000000000e+02 1.610144395503651515e-02 5.023212953416699156e-01 1.718246459960937500e+01
3.400000000000000000e+02 1.594070264595826361e-02 5.028213042424771739e-01 1.718775749206542969e+01
3.410000000000000000e+02 1.525204079624523611e-02 5.033889094448315005e-01 1.719020843505859375e+01
3.420000000000000000e+02 1.592491192851640952e-02 5.042568321469215187e-01 1.719082450866699219e+01
3.430000000000000000e+02 1.584818088389845434e-02 5.038794821302153837e-01 1.719341659545898438e+01
3.440000000000000000e+02 1.572621422524762835e-02 5.049312856246485071e-01 1.719405937194824219e+01
3.450000000000000000e+02 1.620736351397319974e-02 5.059721176556175593e-01 1.719689178466796875e+01
3.460000000000000000e+02 1.592891094325970744e-02 5.061126394862156541e-01 1.719856262207031250e+01
3.470000000000000000e+02 1.572895443554001016e-02 5.073554040189379721e-01 1.719973945617675781e+01
3.480000000000000000e+02 1.571555810554103177e-02 5.078011754503403141e-01 1.720415115356445312e+01
3.490000000000000000e+02 1.556537882987465635e-02 5.077836349114712711e-01 1.720559883117675781e+01
3.500000000000000000e+02 1.580965846757275903e-02 5.082967037382053466e-01 1.720837211608886719e+01
3.510000000000000000e+02 1.549297991246313851e-02 5.087364714836583035e-01 1.721024131774902344e+01
3.520000000000000000e+02 1.632294470566729785e-02 5.097746117466875893e-01 1.721399688720703125e+01
3.530000000000000000e+02 1.547587395835853252e-02 5.104915420418225658e-01 1.721637916564941406e+01
3.540000000000000000e+02 1.542775765759385465e-02 5.107691174705725201e-01 1.721898078918457031e+01
3.550000000000000000e+02 1.520041255109931370e-02 5.114491611038843866e-01 1.722060394287109375e+01
3.560000000000000000e+02 1.578122607848619907e-02 5.117970164975602643e-01 1.722426986694335938e+01
3.570000000000000000e+02 1.541841325690558248e-02 5.125202932693535551e-01 1.722826957702636719e+01
3.580000000000000000e+02 1.557437292757762534e-02 5.127773628538054851e-01 1.722957229614257812e+01
3.590000000000000000e+02 1.585605245977218108e-02 5.125488651840870435e-01 1.723268508911132812e+01
3.600000000000000000e+02 1.551823199105974160e-02 5.133034574427527419e-01 1.723416709899902344e+01
3.610000000000000000e+02 1.521537105118774859e-02 5.131580710136141033e-01 1.723737144470214844e+01
3.620000000000000000e+02 1.552787777721311227e-02 5.137877112456435968e-01 1.724089241027832031e+01
3.630000000000000000e+02 1.577000379421840751e-02 5.136728429662393847e-01 1.724467658996582031e+01
3.640000000000000000e+02 1.624075288762118208e-02 5.147830354539602027e-01 1.724468994140625000e+01
3.650000000000000000e+02 1.499358528651703430e-02 5.149842812540053050e-01 1.724839782714843750e+01
3.660000000000000000e+02 1.550742046428287522e-02 5.157294861218891802e-01 1.725317573547363281e+01
3.670000000000000000e+02 1.568360288020991672e-02 5.159854129976911841e-01 1.725478935241699219e+01
3.680000000000000000e+02 1.570966665869681297e-02 5.161253647398291733e-01 1.725685501098632812e+01
3.690000000000000000e+02 1.566392867771885730e-02 5.162005216503258165e-01 1.725577735900878906e+01
3.700000000000000000e+02 1.502942888994250256e-02 5.165654849519312197e-01 1.725822448730468750e+01
3.710000000000000000e+02 1.513547319786056819e-02 5.174276524944533273e-01 1.726151657104492188e+01
3.720000000000000000e+02 1.496538731943262979e-02 5.179501855209107664e-01 1.726449584960937500e+01
3.730000000000000000e+02 1.597128727556506450e-02 5.179399213520737844e-01 1.726448822021484375e+01
3.740000000000000000e+02 1.606053559077737919e-02 5.183905353516008452e-01 1.726532745361328125e+01
3.750000000000000000e+02 1.514214272697575123e-02 5.182343127321703546e-01 1.726896286010742188e+01
3.760000000000000000e+02 1.541124484288713438e-02 5.191806021511069513e-01 1.726951408386230469e+01
3.770000000000000000e+02 1.551380636919428777e-02 5.197528052547484290e-01 1.726998710632324219e+01
3.780000000000000000e+02 1.506455985737601908e-02 5.207042638078688279e-01 1.726952171325683594e+01
3.790000000000000000e+02 1.551847604748080901e-02 5.209501253297285084e-01 1.727035903930664062e+01
3.800000000000000000e+02 1.552367465334230680e-02 5.211052999759666626e-01 1.727082633972167969e+01
3.810000000000000000e+02 1.520757005168305899e-02 5.216838313273154393e-01 1.727082252502441406e+01
3.820000000000000000e+02 1.548341014309020935e-02 5.217616898701664674e-01 1.727148437500000000e+01
3.830000000000000000e+02 1.508077817256302765e-02 5.216871339499876692e-01 1.727579116821289062e+01
3.840000000000000000e+02 1.549472902360599438e-02 5.208014530025905087e-01 1.727788352966308594e+01
3.850000000000000000e+02 1.538596940987457980e-02 5.212584310118711928e-01 1.727960395812988281e+01
3.860000000000000000e+02 1.555641644001634627e-02 5.222849164955325474e-01 1.728019905090332031e+01
3.870000000000000000e+02 1.536370042529644833e-02 5.231775871157637869e-01 1.728197860717773438e+01
3.880000000000000000e+02 1.531365098405086840e-02 5.227041280227618936e-01 1.728258514404296875e+01
3.890000000000000000e+02 1.539240237154550564e-02 5.229397112607472309e-01 1.728467178344726562e+01
3.900000000000000000e+02 1.539355734826708400e-02 5.236449177270267041e-01 1.728589630126953125e+01
3.910000000000000000e+02 1.555198657342792175e-02 5.229093541082778795e-01 1.728691864013671875e+01
3.920000000000000000e+02 1.552646304500544111e-02 5.227720042521967203e-01 1.728759384155273438e+01
3.930000000000000000e+02 1.528913162878120166e-02 5.234438780144570202e-01 1.728870010375976562e+01
3.940000000000000000e+02 1.544878543873401053e-02 5.235766614231698313e-01 1.729131126403808594e+01
3.950000000000000000e+02 1.558520323267189103e-02 5.240522189308722822e-01 1.729147338867187500e+01
3.960000000000000000e+02 1.549301586627711835e-02 5.237660281124727479e-01 1.729326820373535156e+01
3.970000000000000000e+02 1.536973282859636740e-02 5.242353969709693251e-01 1.729562377929687500e+01
3.980000000000000000e+02 1.500252566937080624e-02 5.236126788586028535e-01 1.729815483093261719e+01
