0.000000000000000000e+00 4.710261738255994840e-02 0.000000000000000000e+00 4.896711349487304688e+00
1.000000000000000000e+00 5.768279392628277574e-02 0.000000000000000000e+00 5.051592350006103516e+00
2.000000000000000000e+00 7.188709876193577486e-02 0.000000000000000000e+00 5.192842006683349609e+00
3.000000000000000000e+00 9.053015520271710803e-02 0.000000000000000000e+00 5.323990821838378906e+00
4.000000000000000000e+00 1.098026528316306538e-01 0.000000000000000000e+00 5.446693420410156250e+00
5.000000000000000000e+00 1.303508993118013271e-01 0.000000000000000000e+00 5.560321331024169922e+00
6.000000000000000000e+00 1.530902401828782844e-01 0.000000000000000000e+00 5.664740085601806641e+00
7.000000000000000000e+00 1.761056736214707541e-01 0.000000000000000000e+00 5.762688636779785156e+00
8.000000000000000000e+00 1.964382214074688882e-01 0.000000000000000000e+00 5.852235317230224609e+00
9.000000000000000000e+00 2.189967770368253241e-01 0.000000000000000000e+00 5.934326648712158203e+00
1.000000000000000000e+01 2.397593130733578770e-01 0.000000000000000000e+00 6.013895988464355469e+00
1.100000000000000000e+01 2.605370052939611769e-01 0.000000000000000000e+00 6.087293624877929688e+00
1.200000000000000000e+01 2.803397400494375691e-01 0.000000000000000000e+00 6.156697750091552734e+00
1.300000000000000000e+01 2.999469458083312556e-01 0.000000000000000000e+00 6.220166206359863281e+00
1.400000000000000000e+01 3.178347850222584814e-01 0.000000000000000000e+00 6.280445575714111328e+00
1.500000000000000000e+01 3.362801780930397277e-01 0.000000000000000000e+00 6.338854789733886719e+00
1.600000000000000000e+01 3.535870096379803984e-01 0.000000000000000000e+00 6.394212245941162109e+00
1.700000000000000000e+01 3.721025087548722743e-01 0.000000000000000000e+00 6.447429180145263672e+00
1.800000000000000000e+01 3.892022780260672166e-01 0.000000000000000000e+00 6.497478008270263672e+00
1.900000000000000000e+01 4.055625773909646847e-01 0.000000000000000000e+00 6.545822143554687500e+00
2.000000000000000000e+01 4.232082587712948651e-01 0.000000000000000000e+00 6.591365337371826172e+00
2.100000000000000000e+01 4.362397365690948159e-01 0.000000000000000000e+00 6.634779453277587891e+00
2.200000000000000000e+01 4.528984213923265556e-01 0.000000000000000000e+00 6.675616264343261719e+00
2.300000000000000000e+01 4.697443228188633579e-01 0.000000000000000000e+00 6.718226909637451172e+00
2.400000000000000000e+01 4.835936128756568864e-01 0.000000000000000000e+00 6.758585453033447266e+00
2.500000000000000000e+01 4.978747703796841395e-01 0.000000000000000000e+00 6.796831607818603516e+00
2.600000000000000000e+01 5.119801872702077761e-01 0.000000000000000000e+00 6.832890033721923828e+00
2.700000000000000000e+01 5.261420566250443187e-01 0.000000000000000000e+00 6.867979049682617188e+00
2.800000000000000000e+01 5.402912421957624112e-01 0.000000000000000000e+00 6.902240753173828125e+00
2.900000000000000000e+01 5.526708149010592930e-01 0.000000000000000000e+00 6.934404850006103516e+00
3.000000000000000000e+01 5.662157733814164873e-01 0.000000000000000000e+00 6.965721130371093750e+00
3.100000000000000000e+01 5.780256756892881986e-01 0.000000000000000000e+00 6.997036933898925781e+00
3.200000000000000000e+01 5.911295490961190335e-01 0.000000000000000000e+00 7.026316165924072266e+00
3.300000000000000000e+01 6.016395246402219676e-01 0.000000000000000000e+00 7.055202484130859375e+00
3.400000000000000000e+01 6.143383644533362276e-01 0.000000000000000000e+00 7.081893444061279297e+00
3.500000000000000000e+01 6.253036110329326380e-01 0.000000000000000000e+00 7.108787536621093750e+00
3.600000000000000000e+01 6.360518135790870220e-01 0.000000000000000000e+00 7.135622501373291016e+00
3.700000000000000000e+01 6.474839123633387983e-01 0.000000000000000000e+00 7.161911010742187500e+00
3.800000000000000000e+01 6.575174419799471037e-01 0.000000000000000000e+00 7.186724662780761719e+00
3.900000000000000000e+01 6.681665361132574921e-01 0.000000000000000000e+00 7.209696769714355469e+00
4.000000000000000000e+01 6.777013453329758796e-01 0.000000000000000000e+00 7.233149051666259766e+00
4.100000000000000000e+01 6.873731348932479168e-01 0.000000000000000000e+00 7.255135059356689453e+00
4.200000000000000000e+01 6.973061418758322860e-01 0.000000000000000000e+00 7.275891304016113281e+00
4.300000000000000000e+01 7.052471697073690038e-01 0.000000000000000000e+00 7.295701503753662109e+00
4.400000000000000000e+01 7.143755969292404640e-01 0.000000000000000000e+00 7.314904212951660156e+00
4.500000000000000000e+01 7.216346178545455237e-01 0.000000000000000000e+00 7.333886623382568359e+00
4.600000000000000000e+01 7.300206786759481092e-01 0.000000000000000000e+00 7.351456165313720703e+00
4.700000000000000000e+01 7.380633082868269801e-01 0.000000000000000000e+00 7.368097305297851562e+00
4.800000000000000000e+01 7.450041437979064707e-01 0.000000000000000000e+00 7.385352134704589844e+00
4.900000000000000000e+01 7.526684596303274688e-01 0.000000000000000000e+00 7.401331901550292969e+00
5.000000000000000000e+01 7.599686016709834568e-01 0.000000000000000000e+00 7.416965484619140625e+00
5.100000000000000000e+01 7.649677501349074760e-01 0.000000000000000000e+00 7.432228565216064453e+00
5.200000000000000000e+01 7.737546623958702074e-01 0.000000000000000000e+00 7.448090076446533203e+00
5.300000000000000000e+01 7.789525260216506597e-01 0.000000000000000000e+00 7.461984634399414062e+00
5.400000000000000000e+01 7.857131997825897995e-01 0.000000000000000000e+00 7.477058410644531250e+00
5.500000000000000000e+01 7.916008267871573745e-01 0.000000000000000000e+00 7.489699363708496094e+00
5.600000000000000000e+01 7.970521574780221608e-01 0.000000000000000000e+00 7.502408504486083984e+00
5.700000000000000000e+01 8.028080118883935690e-01 0.000000000000000000e+00 7.514723777770996094e+00
5.800000000000000000e+01 8.098663933321618158e-01 0.000000000000000000e+00 7.526146888732910156e+00
5.900000000000000000e+01 8.151142854726842746e-01 0.000000000000000000e+00 7.537964344024658203e+00
6.000000000000000000e+01 8.202664599596372064e-01 0.000000000000000000e+00 7.549534797668457031e+00
6.100000000000000000e+01 8.253372492320123488e-01 0.000000000000000000e+00 7.560264587402343750e+00
6.200000000000000000e+01 8.302154286069607370e-01 0.000000000000000000e+00 7.569994449615478516e+00
6.300000000000000000e+01 8.337787893658930027e-01 0.000000000000000000e+00 7.580604076385498047e+00
6.400000000000000000e+01 8.395142740158901828e-01 0.000000000000000000e+00 7.589336872100830078e+00
6.500000000000000000e+01 8.415559789883229058e-01 0.000000000000000000e+00 7.599192142486572266e+00
6.600000000000000000e+01 8.468994953756125987e-01 0.000000000000000000e+00 7.607673645019531250e+00
6.700000000000000000e+01 8.516070557350075010e-01 0.000000000000000000e+00 7.616598606109619141e+00
6.800000000000000000e+01 8.542909521583691435e-01 0.000000000000000000e+00 7.624704837799072266e+00
6.900000000000000000e+01 8.590525561963070489e-01 0.000000000000000000e+00 7.633432388305664062e+00
7.000000000000000000e+01 8.616721972225050985e-01 0.000000000000000000e+00 7.642139911651611328e+00
7.100000000000000000e+01 8.653647070807486408e-01 0.000000000000000000e+00 7.650419712066650391e+00
7.200000000000000000e+01 8.679879534547840780e-01 0.000000000000000000e+00 7.657746315002441406e+00
7.300000000000000000e+01 8.720016633975186116e-01 0.000000000000000000e+00 7.665160179138183594e+00
7.400000000000000000e+01 8.752391640289725050e-01 0.000000000000000000e+00 7.674126148223876953e+00
7.500000000000000000e+01 8.777288976239475682e-01 0.000000000000000000e+00 7.681172847747802734e+00
7.600000000000000000e+01 8.805607525718576190e-01 0.000000000000000000e+00 7.687876701354980469e+00
7.700000000000000000e+01 8.828245804270355990e-01 0.000000000000000000e+00 7.694363594055175781e+00
7.800000000000000000e+01 8.859479275733281867e-01 0.000000000000000000e+00 7.698797702789306641e+00
7.900000000000000000e+01 8.874143851565245988e-01 0.000000000000000000e+00 7.704683780670166016e+00
8.000000000000000000e+01 8.893719279322567228e-01 0.000000000000000000e+00 7.710182666778564453e+00
8.100000000000000000e+01 8.922310952584371346e-01 0.000000000000000000e+00 7.714913845062255859e+00
8.200000000000000000e+01 8.949246663714033323e-01 0.000000000000000000e+00 7.720736026763916016e+00
8.300000000000000000e+01 8.974302937051960027e-01 0.000000000000000000e+00 7.726431369781494141e+00
8.400000000000000000e+01 8.986503066686526431e-01 0.000000000000000000e+00 7.730802059173583984e+00
8.500000000000000000e+01 9.019428120561424622e-01 0.000000000000000000e+00 7.736414909362792969e+00
8.600000000000000000e+01 9.035675148186889105e-01 0.000000000000000000e+00 7.741656780242919922e+00
8.700000000000000000e+01 9.067035566339470831e-01 0.000000000000000000e+00 7.747852325439453125e+00
8.800000000000000000e+01 9.082673103389062863e-01 0.000000000000000000e+00 7.753346920013427734e+00
8.900000000000000000e+01 9.102012725931687420e-01 0.000000000000000000e+00 7.756658554077148438e+00
9.000000000000000000e+01 9.123780971828882036e-01 0.000000000000000000e+00 7.760539531707763672e+00
9.100000000000000000e+01 9.135513556753709352e-01 0.000000000000000000e+00 7.764846324920654297e+00
9.200000000000000000e+01 9.154818503873016766e-01 0.000000000000000000e+00 7.768283367156982422e+00
9.300000000000000000e+01 9.156583400806652673e-01 0.000000000000000000e+00 7.772042751312255859e+00
9.400000000000000000e+01 9.153936140614091777e-01 0.000000000000000000e+00 7.774844646453857422e+00
9.500000000000000000e+01 9.172855462050460984e-01 0.000000000000000000e+00 7.777184009552001953e+00
9.600000000000000000e+01 9.193722217157194176e-01 0.000000000000000000e+00 7.780099868774414062e+00
9.700000000000000000e+01 9.204160402015517661e-01 0.000000000000000000e+00 7.782188415527343750e+00
9.800000000000000000e+01 9.215603327384436216e-01 0.000000000000000000e+00 7.785781383514404297e+00
9.900000000000000000e+01 9.223138904225780532e-01 0.000000000000000000e+00 7.789008140563964844e+00
1.000000000000000000e+02 9.247292505026803999e-01 0.000000000000000000e+00 7.791756629943847656e+00
1.010000000000000000e+02 9.258191475871885290e-01 0.000000000000000000e+00 7.794605255126953125e+00
1.020000000000000000e+02 9.268270781596504859e-01 0.000000000000000000e+00 7.797891616821289062e+00
1.030000000000000000e+02 9.289604018873106606e-01 0.000000000000000000e+00 7.800298213958740234e+00
1.040000000000000000e+02 9.307957216225809516e-01 0.000000000000000000e+00 7.803630828857421875e+00
1.050000000000000000e+02 9.310001714784422733e-01 0.000000000000000000e+00 7.805313110351562500e+00
1.060000000000000000e+02 9.328262543024898878e-01 0.000000000000000000e+00 7.806548118591308594e+00
1.070000000000000000e+02 9.328385994231980227e-01 0.000000000000000000e+00 7.810106277465820312e+00
1.080000000000000000e+02 9.335071144249335040e-01 0.000000000000000000e+00 7.812031745910644531e+00
1.090000000000000000e+02 9.342718075268766631e-01 0.000000000000000000e+00 7.812359809875488281e+00
1.100000000000000000e+02 9.343907682799489356e-01 0.000000000000000000e+00 7.815548896789550781e+00
1.110000000000000000e+02 9.343235050310679801e-01 0.000000000000000000e+00 7.818069458007812500e+00
1.120000000000000000e+02 9.360970908091248432e-01 0.000000000000000000e+00 7.819971561431884766e+00
1.130000000000000000e+02 9.360617451141125533e-01 0.000000000000000000e+00 7.821503162384033203e+00
1.140000000000000000e+02 9.379231821763504007e-01 0.000000000000000000e+00 7.822478294372558594e+00
1.150000000000000000e+02 9.378212516851924807e-01 0.000000000000000000e+00 7.823155403137207031e+00
1.160000000000000000e+02 9.390886911006814941e-01 0.000000000000000000e+00 7.824708461761474609e+00
1.170000000000000000e+02 9.392728428299820242e-01 0.000000000000000000e+00 7.825717926025390625e+00
1.180000000000000000e+02 9.391876856934280315e-01 0.000000000000000000e+00 7.826838970184326172e+00
1.190000000000000000e+02 9.402417926162565109e-01 0.000000000000000000e+00 7.827555179595947266e+00
1.200000000000000000e+02 9.400808579638300078e-01 0.000000000000000000e+00 7.828430652618408203e+00
1.210000000000000000e+02 9.404186186986082108e-01 0.000000000000000000e+00 7.831129074096679688e+00
1.220000000000000000e+02 9.414386771601483961e-01 0.000000000000000000e+00 7.832056045532226562e+00
1.230000000000000000e+02 9.412000111769991406e-01 0.000000000000000000e+00 7.833373546600341797e+00
1.240000000000000000e+02 9.424474042095860593e-01 0.000000000000000000e+00 7.833887100219726562e+00
1.250000000000000000e+02 9.434119748113900528e-01 0.000000000000000000e+00 7.835944652557373047e+00
1.260000000000000000e+02 9.437973206284600014e-01 0.000000000000000000e+00 7.836686611175537109e+00
1.270000000000000000e+02 9.433455428805254117e-01 0.000000000000000000e+00 7.837616443634033203e+00
1.280000000000000000e+02 9.435790943205427661e-01 0.000000000000000000e+00 7.839396953582763672e+00
1.290000000000000000e+02 9.440238948047047218e-01 0.000000000000000000e+00 7.839708328247070312e+00
1.300000000000000000e+02 9.440741307214793876e-01 0.000000000000000000e+00 7.841075420379638672e+00
1.310000000000000000e+02 9.438903153388384926e-01 0.000000000000000000e+00 7.842958927154541016e+00
1.320000000000000000e+02 9.443499946211413310e-01 0.000000000000000000e+00 7.844384670257568359e+00
1.330000000000000000e+02 9.439086285839678458e-01 0.000000000000000000e+00 7.845160961151123047e+00
1.340000000000000000e+02 9.458575469963086402e-01 0.000000000000000000e+00 7.846188545227050781e+00
1.350000000000000000e+02 9.451299086458438969e-01 0.000000000000000000e+00 7.846915245056152344e+00
1.360000000000000000e+02 9.450365198792999299e-01 0.000000000000000000e+00 7.846731185913085938e+00
1.370000000000000000e+02 9.463184814936392852e-01 0.000000000000000000e+00 7.848037242889404297e+00
1.380000000000000000e+02 9.452911223244291339e-01 0.000000000000000000e+00 7.849807262420654297e+00
1.390000000000000000e+02 9.460263161294633072e-01 0.000000000000000000e+00 7.851509094238281250e+00
1.400000000000000000e+02 9.457575565575535581e-01 0.000000000000000000e+00 7.850731849670410156e+00
1.410000000000000000e+02 9.469521790385461157e-01 0.000000000000000000e+00 7.850273132324218750e+00
1.420000000000000000e+02 9.462418846202625966e-01 0.000000000000000000e+00 7.850213527679443359e+00
1.430000000000000000e+02 9.466529993709638102e-01 0.000000000000000000e+00 7.852173805236816406e+00
1.440000000000000000e+02 9.469342480609843626e-01 0.000000000000000000e+00 7.852559566497802734e+00
1.450000000000000000e+02 9.479528575183756578e-01 0.000000000000000000e+00 7.851852416992187500e+00
1.460000000000000000e+02 9.485766830050833542e-01 0.000000000000000000e+00 7.852838039398193359e+00
1.470000000000000000e+02 9.494604039796520345e-01 0.000000000000000000e+00 7.853257656097412109e+00
1.480000000000000000e+02 9.491731962486392726e-01 0.000000000000000000e+00 7.853353500366210938e+00
1.490000000000000000e+02 9.495817381986578765e-01 0.000000000000000000e+00 7.853645324707031250e+00
1.500000000000000000e+02 9.499751949615313773e-01 0.000000000000000000e+00 7.854498863220214844e+00
1.510000000000000000e+02 9.497031103167854482e-01 0.000000000000000000e+00 7.854807376861572266e+00
1.520000000000000000e+02 9.500203183578641575e-01 0.000000000000000000e+00 7.855277061462402344e+00
1.530000000000000000e+02 9.500230171715140504e-01 0.000000000000000000e+00 7.855695247650146484e+00
1.540000000000000000e+02 9.500386286158926108e-01 0.000000000000000000e+00 7.855851173400878906e+00
1.550000000000000000e+02 9.503063789897007174e-01 0.000000000000000000e+00 7.856431961059570312e+00
1.560000000000000000e+02 9.505117955265381946e-01 0.000000000000000000e+00 7.857369422912597656e+00
1.570000000000000000e+02 9.509452570797610749e-01 0.000000000000000000e+00 7.857625961303710938e+00
1.580000000000000000e+02 9.506998311866424745e-01 0.000000000000000000e+00 7.857992172241210938e+00
1.590000000000000000e+02 9.509056845159946647e-01 0.000000000000000000e+00 7.858499526977539062e+00
1.600000000000000000e+02 9.508638072807523711e-01 0.000000000000000000e+00 7.858388423919677734e+00
1.610000000000000000e+02 9.517566024826905613e-01 0.000000000000000000e+00 7.858660697937011719e+00
1.620000000000000000e+02 9.514907157998434561e-01 0.000000000000000000e+00 7.858732700347900391e+00
1.630000000000000000e+02 9.529108105449882737e-01 0.000000000000000000e+00 7.859048843383789062e+00
1.640000000000000000e+02 9.510309867678299334e-01 0.000000000000000000e+00 7.858924388885498047e+00
1.650000000000000000e+02 9.517267639422687386e-01 0.000000000000000000e+00 7.858457565307617188e+00
1.660000000000000000e+02 9.523310316007844722e-01 0.000000000000000000e+00 7.857583999633789062e+00
1.670000000000000000e+02 9.515944757237220220e-01 0.000000000000000000e+00 7.857067108154296875e+00
1.680000000000000000e+02 9.517450246893702781e-01 0.000000000000000000e+00 7.857926845550537109e+00
1.690000000000000000e+02 9.526974804690294674e-01 0.000000000000000000e+00 7.856340885162353516e+00
1.700000000000000000e+02 9.523069265203898404e-01 0.000000000000000000e+00 7.857711315155029297e+00
1.710000000000000000e+02 9.523751648772197376e-01 0.000000000000000000e+00 7.858601093292236328e+00
1.720000000000000000e+02 9.527933171764023657e-01 0.000000000000000000e+00 7.859343051910400391e+00
1.730000000000000000e+02 9.524398159556904941e-01 0.000000000000000000e+00 7.859807491302490234e+00
1.740000000000000000e+02 9.532519830566267283e-01 0.000000000000000000e+00 7.858960628509521484e+00
1.750000000000000000e+02 9.535149404740774770e-01 0.000000000000000000e+00 7.859703063964843750e+00
1.760000000000000000e+02 9.537013409519998763e-01 0.000000000000000000e+00 7.861329555511474609e+00
1.770000000000000000e+02 9.540976640501751538e-01 0.000000000000000000e+00 7.861407279968261719e+00
1.780000000000000000e+02 9.537603981478804949e-01 0.000000000000000000e+00 7.862663745880126953e+00
1.790000000000000000e+02 9.544329724899971445e-01 0.000000000000000000e+00 7.862959861755371094e+00
1.800000000000000000e+02 9.529335185818524900e-01 0.000000000000000000e+00 7.863756656646728516e+00
1.810000000000000000e+02 9.540780201060831134e-01 0.000000000000000000e+00 7.864212512969970703e+00
1.820000000000000000e+02 9.538260110453358198e-01 0.000000000000000000e+00 7.863756179809570312e+00
1.830000000000000000e+02 9.543139890340026632e-01 0.000000000000000000e+00 7.863265514373779297e+00
1.840000000000000000e+02 9.548737281262721366e-01 0.000000000000000000e+00 7.863179683685302734e+00
1.850000000000000000e+02 9.544283963885445976e-01 0.000000000000000000e+00 7.862981796264648438e+00
1.860000000000000000e+02 9.548038020674816106e-01 0.000000000000000000e+00 7.864562034606933594e+00
1.870000000000000000e+02 9.544723610206889974e-01 0.000000000000000000e+00 7.864341259002685547e+00
1.880000000000000000e+02 9.549669364686463879e-01 0.000000000000000000e+00 7.864401340484619141e+00
1.890000000000000000e+02 9.542086619641222400e-01 0.000000000000000000e+00 7.864775657653808594e+00
1.900000000000000000e+02 9.554193368342159820e-01 0.000000000000000000e+00 7.865393161773681641e+00
1.910000000000000000e+02 9.551593433957688006e-01 0.000000000000000000e+00 7.865538120269775391e+00
1.920000000000000000e+02 9.558546936302853014e-01 0.000000000000000000e+00 7.867144107818603516e+00
1.930000000000000000e+02 9.558821333420529642e-01 0.000000000000000000e+00 7.867009639739990234e+00
1.940000000000000000e+02 9.556588895258325556e-01 0.000000000000000000e+00 7.867588520050048828e+00
1.950000000000000000e+02 9.554618616074559423e-01 0.000000000000000000e+00 7.868361949920654297e+00
1.960000000000000000e+02 9.560630900489031081e-01 0.000000000000000000e+00 7.867971897125244141e+00
1.970000000000000000e+02 9.555460413992008517e-01 0.000000000000000000e+00 7.868702888488769531e+00
1.980000000000000000e+02 9.554076718850044170e-01 0.000000000000000000e+00 7.867365837097167969e+00
1.990000000000000000e+02 9.554496626673484316e-01 0.000000000000000000e+00 7.866512775421142578e+00
2.000000000000000000e+02 9.506185221438012700e-01 4.794009689055262619e-02 4.857130527496337891e+00
2.010000000000000000e+02 9.416835009693927949e-01 5.700782259370924809e-02 5.011975765228271484e+00
2.020000000000000000e+02 9.290689065027316618e-01 7.293780820891249128e-02 5.156589984893798828e+00
2.030000000000000000e+02 9.116037515032922034e-01 9.215943347387224593e-02 5.289625644683837891e+00
2.040000000000000000e+02 8.894661916326339623e-01 1.108713749882448280e-01 5.412924766540527344e+00
2.050000000000000000e+02 8.638767991628945042e-01 1.325088430865323796e-01 5.526857852935791016e+00
2.060000000000000000e+02 8.369680142693497471e-01 1.560207852443110665e-01 5.634114265441894531e+00
2.070000000000000000e+02 8.063959908738453919e-01 1.779907614147387129e-01 5.732066154479980469e+00
2.080000000000000000e+02 7.734364563844019491e-01 1.989236986545760144e-01 5.823978900909423828e+00
2.090000000000000000e+02 7.417271205689572877e-01 2.216359898159005470e-01 5.908886432647705078e+00
2.100000000000000000e+02 7.108506836850806421e-01 2.439434039724345527e-01 5.989204883575439453e+00
2.110000000000000000e+02 6.786935967661582580e-01 2.650099077769743627e-01 6.063347339630126953e+00
2.120000000000000000e+02 6.492989453705276803e-01 2.862481670403057010e-01 6.133324146270751953e+00
2.130000000000000000e+02 6.190477821772212286e-01 3.043489155842541982e-01 6.199297904968261719e+00
2.140000000000000000e+02 5.918171922354055203e-01 3.246433791336685304e-01 6.260105133056640625e+00
2.150000000000000000e+02 5.651460304291168191e-01 3.429172732066999574e-01 6.318209648132324219e+00
2.160000000000000000e+02 5.394600787975303291e-01 3.616996898102021740e-01 6.373089313507080078e+00
2.170000000000000000e+02 5.137912031252499512e-01 3.773295597182603212e-01 6.425313949584960938e+00
2.180000000000000000e+02 4.917262577856863492e-01 3.945780312538622603e-01 6.474352359771728516e+00
2.190000000000000000e+02 4.691772611560868778e-01 4.136803226523025900e-01 6.522180557250976562e+00
2.200000000000000000e+02 4.493331562508843247e-01 4.272722479895346148e-01 6.567578792572021484e+00
2.210000000000000000e+02 4.298990954535771292e-01 4.439148819522635292e-01 6.611760139465332031e+00
2.220000000000000000e+02 4.118818059200592963e-01 4.579965336592836667e-01 6.652979373931884766e+00
2.230000000000000000e+02 3.955074138963155517e-01 4.761065455167847738e-01 6.692992210388183594e+00
2.240000000000000000e+02 3.759299830694228239e-01 4.923463770429443720e-01 6.731079101562500000e+00
2.250000000000000000e+02 3.606600550716612674e-01 5.048302418684021964e-01 6.769598007202148438e+00
2.260000000000000000e+02 3.461258094213036096e-01 5.183476762678351779e-01 6.804118633270263672e+00
2.270000000000000000e+02 3.323941610777899625e-01 5.328169088692387145e-01 6.839306831359863281e+00
2.280000000000000000e+02 3.175098654895024963e-01 5.466360564984098502e-01 6.873385429382324219e+00
2.290000000000000000e+02 3.040650761311454731e-01 5.574541694160286553e-01 6.906177520751953125e+00
2.300000000000000000e+02 2.920490056829295189e-01 5.719903743056123924e-01 6.937681198120117188e+00
2.310000000000000000e+02 2.811635847837241631e-01 5.850302593210910951e-01 6.967455387115478516e+00
2.320000000000000000e+02 2.696460767980023987e-01 5.965379628351344943e-01 6.998402118682861328e+00
2.330000000000000000e+02 2.556339842985584920e-01 6.095489122447881325e-01 7.026620864868164062e+00
2.340000000000000000e+02 2.459990940497747969e-01 6.208136080942852075e-01 7.054424762725830078e+00
2.350000000000000000e+02 2.360638959455215735e-01 6.314103035090840033e-01 7.081658363342285156e+00
2.360000000000000000e+02 2.273172263560176154e-01 6.428304591333892093e-01 7.106184005737304688e+00
2.370000000000000000e+02 2.192570219587500757e-01 6.540620812756531288e-01 7.131982326507568359e+00
2.380000000000000000e+02 2.096313077006016767e-01 6.628954209033659506e-01 7.156479358673095703e+00
2.390000000000000000e+02 2.012335424264858064e-01 6.740486596034146460e-01 7.178481578826904297e+00
2.400000000000000000e+02 1.929882103945111949e-01 6.825937436081781495e-01 7.201079845428466797e+00
2.410000000000000000e+02 1.860769167818959458e-01 6.920954650798127883e-01 7.223099708557128906e+00
2.420000000000000000e+02 1.795580057367796578e-01 7.017913320507834785e-01 7.243206024169921875e+00
2.430000000000000000e+02 1.741215769226324428e-01 7.090398575964819150e-01 7.262076377868652344e+00
2.440000000000000000e+02 1.667240553955619264e-01 7.187298689824913600e-01 7.281591415405273438e+00
2.450000000000000000e+02 1.610723944572865773e-01 7.257996995919498984e-01 7.299239158630371094e+00
2.460000000000000000e+02 1.555747315450469737e-01 7.340976367478624365e-01 7.318243980407714844e+00
2.470000000000000000e+02 1.533645971643157746e-01 7.403264261613999864e-01 7.334856510162353516e+00
2.480000000000000000e+02 1.478925081005386111e-01 7.484620868459812559e-01 7.350650310516357422e+00
2.490000000000000000e+02 1.417642374975476571e-01 7.560929276600961702e-01 7.366534709930419922e+00
2.500000000000000000e+02 1.367487700122649308e-01 7.633599700987045988e-01 7.380976200103759766e+00
2.510000000000000000e+02 1.332128322157598299e-01 7.695888654106219917e-01 7.395408630371093750e+00
2.520000000000000000e+02 1.279876315539058562e-01 7.762118741399139932e-01 7.408782005310058594e+00
2.530000000000000000e+02 1.244658348708667372e-01 7.828185173663374519e-01 7.422267436981201172e+00
2.540000000000000000e+02 1.209922814388955659e-01 7.902571985469206695e-01 7.435506820678710938e+00
2.550000000000000000e+02 1.190385599002321965e-01 7.963658162043848465e-01 7.448596954345703125e+00
2.560000000000000000e+02 1.145679088100362425e-01 8.009141362231186889e-01 7.461593151092529297e+00
2.570000000000000000e+02 1.106046445150728891e-01 8.059117323711778580e-01 7.474351882934570312e+00
2.580000000000000000e+02 1.078140845409392978e-01 8.108206686335815983e-01 7.486893177032470703e+00
2.590000000000000000e+02 1.064358298899458072e-01 8.161501733776518330e-01 7.498659610748291016e+00
2.600000000000000000e+02 1.033508943768327026e-01 8.228266537226386346e-01 7.509173870086669922e+00
2.610000000000000000e+02 1.001694877535295181e-01 8.267463249037425577e-01 7.520515918731689453e+00
2.620000000000000000e+02 9.948105151444325278e-02 8.315059494740655310e-01 7.531719207763671875e+00
2.630000000000000000e+02 9.547556096976354822e-02 8.369247699302149179e-01 7.541180133819580078e+00
2.640000000000000000e+02 9.268308057685289980e-02 8.409845477090279742e-01 7.550717830657958984e+00
2.650000000000000000e+02 9.128860741728697659e-02 8.455976276695629235e-01 7.559510707855224609e+00
2.660000000000000000e+02 8.743019947429152283e-02 8.496472223285452818e-01 7.567357063293457031e+00
2.670000000000000000e+02 8.761102780818165459e-02 8.525626251185028925e-01 7.575982570648193359e+00
2.680000000000000000e+02 8.472439599261050169e-02 8.583008456740506276e-01 7.583820819854736328e+00
2.690000000000000000e+02 8.376141234736887708e-02 8.610569736855739897e-01 7.592426776885986328e+00
2.700000000000000000e+02 8.135453454845570365e-02 8.643788667612510856e-01 7.600672245025634766e+00
2.710000000000000000e+02 7.910404403235142545e-02 8.671796623884272526e-01 7.608163356781005859e+00
2.720000000000000000e+02 7.853544631441522483e-02 8.709886503906896227e-01 7.615436553955078125e+00
2.730000000000000000e+02 7.772406149713502466e-02 8.735895842872417605e-01 7.623112678527832031e+00
2.740000000000000000e+02 7.467457321339178444e-02 8.766720425302777508e-01 7.629687786102294922e+00
2.750000000000000000e+02 7.311096163601661646e-02 8.790830177764866749e-01 7.635630130767822266e+00
2.760000000000000000e+02 7.271522683765330175e-02 8.812534784707367619e-01 7.641796112060546875e+00
2.770000000000000000e+02 7.124444200989200893e-02 8.846986372552968492e-01 7.648198604583740234e+00
2.780000000000000000e+02 7.007482207765157456e-02 8.861357323820573395e-01 7.653748989105224609e+00
2.790000000000000000e+02 6.900074625710446441e-02 8.888773384686432522e-01 7.659022331237792969e+00
2.800000000000000000e+02 6.834160055105795162e-02 8.912934698691543645e-01 7.663733482360839844e+00
2.810000000000000000e+02 6.795230842419697215e-02 8.932592167094606239e-01 7.669580936431884766e+00
2.820000000000000000e+02 6.528987429109532614e-02 8.965138237032845847e-01 7.674094200134277344e+00
2.830000000000000000e+02 6.493394570965380086e-02 8.995175285829131173e-01 7.679231643676757812e+00
2.840000000000000000e+02 6.557202496161035343e-02 9.001089803431153724e-01 7.683199882507324219e+00
2.850000000000000000e+02 6.483075423898380929e-02 9.020747990040361985e-01 7.687402248382568359e+00
2.860000000000000000e+02 6.264232764071968329e-02 9.046542513957636089e-01 7.692883968353271484e+00
2.870000000000000000e+02 6.190595250383928994e-02 9.067020013519481170e-01 7.697636127471923828e+00
2.880000000000000000e+02 6.156287589994836884e-02 9.085782107406595864e-01 7.700905799865722656e+00
2.890000000000000000e+02 6.027864315465054218e-02 9.107594069847161355e-01 7.704143047332763672e+00
2.900000000000000000e+02 5.836253488609302598e-02 9.126962316385652807e-01 7.707452774047851562e+00
2.910000000000000000e+02 5.750350619414149045e-02 9.138738774733322634e-01 7.712424755096435547e+00
2.920000000000000000e+02 5.779828144310970167e-02 9.157184030600495905e-01 7.715112686157226562e+00
2.930000000000000000e+02 5.760782916401833986e-02 9.166417031857523323e-01 7.718403816223144531e+00
2.940000000000000000e+02 5.522044263222290750e-02 9.190473092842550429e-01 7.722601413726806641e+00
2.950000000000000000e+02 5.707093454158905510e-02 9.179151549762154527e-01 7.726182460784912109e+00
2.960000000000000000e+02 5.577781578101377591e-02 9.198903232212808367e-01 7.730035781860351562e+00
2.970000000000000000e+02 5.677927858097381320e-02 9.213323463979632422e-01 7.734244823455810547e+00
2.980000000000000000e+02 5.563582583318034402e-02 9.234920685114147432e-01 7.737498760223388672e+00
2.990000000000000000e+02 5.385564562929312515e-02 9.248573357333351730e-01 7.741555213928222656e+00
3.000000000000000000e+02 5.364921037673567317e-02 9.255026187237992419e-01 7.745532035827636719e+00
3.010000000000000000e+02 5.380767068131681735e-02 9.270642550463449316e-01 7.748414516448974609e+00
3.020000000000000000e+02 5.299611268254534463e-02 9.283669913780711047e-01 7.751598834991455078e+00
3.030000000000000000e+02 5.324878105430025377e-02 9.284524553709871952e-01 7.753294944763183594e+00
3.040000000000000000e+02 5.209432407100975104e-02 9.310758815855539883e-01 7.756997108459472656e+00
3.050000000000000000e+02 5.130548344114210096e-02 9.307333958985445355e-01 7.760046005249023438e+00
3.060000000000000000e+02 5.251821373975453650e-02 9.318111089777395550e-01 7.761665821075439453e+00
3.070000000000000000e+02 4.994767558772062604e-02 9.328161050412892008e-01 7.763403892517089844e+00
3.080000000000000000e+02 5.128858977464752222e-02 9.338290750096731596e-01 7.766582489013671875e+00
3.090000000000000000e+02 5.087614122377307618e-02 9.348337018099520668e-01 7.767978668212890625e+00
3.100000000000000000e+02 4.983058244270312243e-02 9.348461889287358328e-01 7.769849300384521484e+00
3.110000000000000000e+02 5.009231415993958825e-02 9.361179682128257795e-01 7.770901203155517578e+00
3.120000000000000000e+02 4.900050868770559204e-02 9.370784418896506152e-01 7.772606372833251953e+00
3.130000000000000000e+02 4.886374671155549465e-02 9.380513592105511611e-01 7.775585651397705078e+00
3.140000000000000000e+02 4.859065170982108939e-02 9.382238459549850917e-01 7.776491165161132812e+00
3.150000000000000000e+02 4.809279143455020417e-02 9.394350724634112915e-01 7.778275489807128906e+00
3.160000000000000000e+02 4.740676031732499185e-02 9.402246117219830168e-01 7.778944492340087891e+00
3.170000000000000000e+02 4.963949319953509659e-02 9.416626100985968639e-01 7.779885768890380859e+00
3.180000000000000000e+02 4.717643448006482443e-02 9.420153837336705527e-01 7.782221317291259766e+00
3.190000000000000000e+02 4.944250353422182526e-02 9.419320363694224651e-01 7.783472537994384766e+00
3.200000000000000000e+02 4.835774272034683990e-02 9.421263450026298170e-01 7.783312320709228516e+00
3.210000000000000000e+02 4.849368817491028771e-02 9.438543063290619761e-01 7.785818576812744141e+00
3.220000000000000000e+02 4.732670906750180428e-02 9.436212971832418361e-01 7.787721157073974609e+00
3.230000000000000000e+02 4.595903074836035079e-02 9.436589261868673084e-01 7.788755893707275391e+00
3.240000000000000000e+02 4.801000585664114834e-02 9.444225208779715164e-01 7.790940284729003906e+00
3.250000000000000000e+02 4.863011507309573933e-02 9.442639292436598719e-01 7.791267871856689453e+00
3.260000000000000000e+02 4.528069650029742377e-02 9.444640310320089327e-01 7.791786670684814453e+00
3.270000000000000000e+02 4.711331915280306953e-02 9.453032307446800342e-01 7.791641712188720703e+00
3.280000000000000000e+02 4.669552566564451335e-02 9.474848616630324738e-01 7.792616844177246094e+00
3.290000000000000000e+02 4.656306172453039682e-02 9.467578609536050349e-01 7.793206691741943359e+00
3.300000000000000000e+02 4.591405692807944833e-02 9.476167280449905306e-01 7.793779850006103516e+00
3.310000000000000000e+02 4.451073816417568108e-02 9.471433501263634147e-01 7.794722557067871094e+00
3.320000000000000000e+02 4.531434411806153223e-02 9.477365985061813047e-01 7.796529769897460938e+00
3.330000000000000000e+02 4.495024283689476319e-02 9.474961124638684451e-01 7.796656131744384766e+00
3.340000000000000000e+02 4.546707176131294104e-02 9.477701731612473424e-01 7.797079563140869141e+00
3.350000000000000000e+02 4.417734047660819979e-02 9.483056397083560185e-01 7.798717975616455078e+00
3.360000000000000000e+02 4.552500813194439166e-02 9.489233103154806059e-01 7.799164772033691406e+00
3.370000000000000000e+02 4.517925417373103159e-02 9.484739066427347876e-01 7.799746513366699219e+00
3.380000000000000000e+02 4.512590200922762806e-02 9.484146232215658889e-01 7.800928592681884766e+00
3.390000000000000000e+02 4.592395649413444358e-02 9.496486710827021227e-01 7.800221920013427734e+00
3.400000000000000000e+02 4.577806918294092392e-02 9.503280143788468415e-01 7.800806999206542969e+00
3.410000000000000000e+02 4.669601535541241522e-02 9.501429765304704178e-01 7.802127361297607422e+00
3.420000000000000000e+02 4.624968191983943461e-02 9.497221510316449233e-01 7.803298473358154297e+00
3.430000000000000000e+02 4.486525889646781479e-02 9.506771920744324644e-01 7.802915096282958984e+00
3.440000000000000000e+02 4.664657467603808283e-02 9.516636820805454144e-01 7.804168701171875000e+00
3.450000000000000000e+02 4.309329227698699416e-02 9.514745154481716316e-01 7.805118083953857422e+00
3.460000000000000000e+02 4.376726061853823679e-02 9.517885674240780247e-01 7.806992053985595703e+00
3.470000000000000000e+02 4.560162256407025716e-02 9.519547872372063901e-01 7.808060646057128906e+00
3.480000000000000000e+02 4.472014192312265962e-02 9.521799430391110208e-01 7.807004928588867188e+00
3.490000000000000000e+02 4.400581262809385302e-02 9.523550820681725426e-01 7.808037757873535156e+00
3.500000000000000000e+02 4.431970127063996484e-02 9.535186891138701659e-01 7.808905601501464844e+00
3.510000000000000000e+02 4.410422097367831112e-02 9.538781150376591800e-01 7.810319423675537109e+00
3.520000000000000000e+02 4.366087859334008558e-02 9.540722553303004894e-01 7.811664104461669922e+00
3.530000000000000000e+02 4.516603106287816333e-02 9.544075001475873510e-01 7.811280250549316406e+00
3.540000000000000000e+02 4.491123083442134789e-02 9.547702989245765437e-01 7.813019752502441406e+00
3.550000000000000000e+02 4.457451580209446235e-02 9.553776781088173520e-01 7.814016819000244141e+00
3.560000000000000000e+02 4.324770800455815523e-02 9.549480181721891059e-01 7.815261840820312500e+00
3.570000000000000000e+02 4.403007826772103311e-02 9.547344510939905771e-01 7.816716670989990234e+00
3.580000000000000000e+02 4.301348054702707618e-02 9.550217950673438594e-01 7.817817211151123047e+00
3.590000000000000000e+02 4.488576687328685311e-02 9.557655227642823936e-01 7.818173408508300781e+00
3.600000000000000000e+02 4.436403851443634916e-02 9.555474003566114538e-01 7.819128513336181641e+00
3.610000000000000000e+02 4.559502284569041247e-02 9.569367144467333386e-01 7.819674968719482422e+00
3.620000000000000000e+02 4.429127567572339885e-02 9.564319822597557863e-01 7.820353507995605469e+00
3.630000000000000000e+02 4.295246844483040921e-02 9.556566960978331027e-01 7.820072174072265625e+00
3.640000000000000000e+02 4.287945673224795307e-02 9.565342708234809699e-01 7.821789264678955078e+00
3.650000000000000000e+02 4.227441776900740800e-02 9.566611434395627667e-01 7.823257446289062500e+00
3.660000000000000000e+02 4.194809278141435616e-02 9.557289217863003117e-01 7.823668956756591797e+00
3.670000000000000000e+02 4.294300014272776911e-02 9.571055966528335679e-01 7.823756694793701172e+00
3.680000000000000000e+02 4.391916113551763007e-02 9.562183316849979242e-01 7.823566436767578125e+00
3.690000000000000000e+02 4.407209304699366559e-02 9.563313172321750155e-01 7.823885917663574219e+00
3.700000000000000000e+02 4.436344863615095113e-02 9.571093064953819507e-01 7.824886798858642578e+00
3.710000000000000000e+02 4.439635152139888991e-02 9.574230804379058046e-01 7.826550006866455078e+00
3.720000000000000000e+02 4.299911207036175020e-02 9.571885763513341416e-01 7.826601028442382812e+00
3.730000000000000000e+02 4.266345859040454602e-02 9.575814657115169215e-01 7.826893329620361328e+00
3.740000000000000000e+02 4.200772937514731659e-02 9.581091075823076064e-01 7.827156543731689453e+00
3.750000000000000000e+02 4.310166273425557887e-02 9.575899317894850382e-01 7.826893806457519531e+00
3.760000000000000000e+02 4.329067454620230682e-02 9.583011695316684397e-01 7.826611042022705078e+00
3.770000000000000000e+02 4.290524629508294524e-02 9.579869769655604550e-01 7.826406002044677734e+00
3.780000000000000000e+02 4.279011514094960972e-02 9.577938616697656560e-01 7.825614452362060547e+00
3.790000000000000000e+02 4.310509485730852630e-02 9.571740406102514642e-01 7.826709747314453125e+00
3.800000000000000000e+02 4.367786172923048688e-02 9.581050302049343159e-01 7.826184749603271484e+00
3.810000000000000000e+02 4.391156084116120545e-02 9.578232313707365497e-01 7.825810432434082031e+00
3.820000000000000000e+02 4.407001661827064654e-02 9.578621595549761114e-01 7.825537681579589844e+00
3.830000000000000000e+02 4.230790305729600215e-02 9.577516704905172373e-01 7.826230525970458984e+00
3.840000000000000000e+02 4.381920470186849437e-02 9.587577391305431851e-01 7.827532768249511719e+00
3.850000000000000000e+02 4.266405036972624465e-02 9.578390837225376764e-01 7.827034473419189453e+00
3.860000000000000000e+02 4.209341327250789438e-02 9.569059692037314990e-01 7.826183319091796875e+00
3.870000000000000000e+02 4.337050287439699753e-02 9.574931212610002795e-01 7.825313568115234375e+00
3.880000000000000000e+02 4.272215038747514959e-02 9.578635565029631760e-01 7.825847148895263672e+00
3.890000000000000000e+02 4.149758132086742157e-02 9.584567109475663482e-01 7.826416969299316406e+00
3.900000000000000000e+02 4.269981931317027440e-02 9.574999753928736812e-01 7.826108932495117188e+00
3.910000000000000000e+02 4.288331297045602786e-02 9.576449747229200948e-01 7.825697422027587891e+00
3.920000000000000000e+02 4.221994431767598505e-02 9.580196428778420259e-01 7.824950695037841797e+00
3.930000000000000000e+02 4.490436375575088124e-02 9.583231079189793444e-01 7.824706554412841797e+00
3.940000000000000000e+02 4.391727245581079908e-02 9.577344046696140145e-01 7.825023174285888672e+00
3.950000000000000000e+02 4.522683011344314635e-02 9.574177303577419140e-01 7.825115203857421875e+00
3.960000000000000000e+02 4.224566760013635791e-02 9.570383745104059647e-01 7.824312686920166016e+00
3.970000000000000000e+02 4.250612341599969285e-02 9.579182936969929951e-01 7.825321674346923828e+00
3.980000000000000000e+02 4.294188669197438607e-02 9.581960107169920082e-01 7.825039863586425781e+00
