0.000000000000000000e+00 2.345797782387109773e-02 0.000000000000000000e+00 8.631036758422851562e+00
1.000000000000000000e+00 2.845223829389897235e-02 0.000000000000000000e+00 8.792650222778320312e+00
2.000000000000000000e+00 3.488918568711546486e-02 0.000000000000000000e+00 8.945960044860839844e+00
3.000000000000000000e+00 4.265925896222940578e-02 0.000000000000000000e+00 9.092848777770996094e+00
4.000000000000000000e+00 5.041857232176816944e-02 0.000000000000000000e+00 9.231758117675781250e+00
5.000000000000000000e+00 5.999487009675123078e-02 0.000000000000000000e+00 9.362327575683593750e+00
6.000000000000000000e+00 7.090092637346195881e-02 0.000000000000000000e+00 9.485889434814453125e+00
7.000000000000000000e+00 8.055418589370064164e-02 0.000000000000000000e+00 9.603825569152832031e+00
8.000000000000000000e+00 9.145555092634721772e-02 0.000000000000000000e+00 9.717907905578613281e+00
9.000000000000000000e+00 1.030494450150326591e-01 0.000000000000000000e+00 9.825415611267089844e+00
1.000000000000000000e+01 1.126633220920280204e-01 0.000000000000000000e+00 9.925871849060058594e+00
1.100000000000000000e+01 1.235844901987118299e-01 0.000000000000000000e+00 1.002063465118408203e+01
1.200000000000000000e+01 1.343494377735612588e-01 0.000000000000000000e+00 1.011028957366943359e+01
1.300000000000000000e+01 1.449920507706725092e-01 0.000000000000000000e+00 1.019656753540039062e+01
1.400000000000000000e+01 1.559298635263399180e-01 0.000000000000000000e+00 1.028077793121337891e+01
1.500000000000000000e+01 1.659928470853761773e-01 0.000000000000000000e+00 1.036049556732177734e+01
1.600000000000000000e+01 1.765138066285361906e-01 0.000000000000000000e+00 1.043551158905029297e+01
1.700000000000000000e+01 1.864768173214072511e-01 0.000000000000000000e+00 1.050767898559570312e+01
1.800000000000000000e+01 1.972934773435153499e-01 0.000000000000000000e+00 1.057621955871582031e+01
1.900000000000000000e+01 2.066684610197939698e-01 0.000000000000000000e+00 1.064337635040283203e+01
2.000000000000000000e+01 2.173229150809694032e-01 0.000000000000000000e+00 1.070642566680908203e+01
2.100000000000000000e+01 2.267900668854398172e-01 0.000000000000000000e+00 1.076858425140380859e+01
2.200000000000000000e+01 2.369623491012098626e-01 0.000000000000000000e+00 1.082635784149169922e+01
2.300000000000000000e+01 2.463367061159161542e-01 0.000000000000000000e+00 1.088324737548828125e+01
2.400000000000000000e+01 2.561021251482794026e-01 0.000000000000000000e+00 1.093814659118652344e+01
2.500000000000000000e+01 2.664901701708296544e-01 0.000000000000000000e+00 1.099135684967041016e+01
2.600000000000000000e+01 2.749367690016086829e-01 0.000000000000000000e+00 1.104504489898681641e+01
2.700000000000000000e+01 2.851086671363471936e-01 0.000000000000000000e+00 1.109386157989501953e+01
2.800000000000000000e+01 2.940538472903886369e-01 0.000000000000000000e+00 1.114099502563476562e+01
2.900000000000000000e+01 3.030305825976208345e-01 0.000000000000000000e+00 1.118724536895751953e+01
3.000000000000000000e+01 3.115151485888885130e-01 0.000000000000000000e+00 1.123402976989746094e+01
3.100000000000000000e+01 3.205830302747217919e-01 0.000000000000000000e+00 1.127868175506591797e+01
3.200000000000000000e+01 3.289709993578431302e-01 0.000000000000000000e+00 1.132168769836425781e+01
3.300000000000000000e+01 3.377685797211192331e-01 0.000000000000000000e+00 1.136206817626953125e+01
3.400000000000000000e+01 3.465717769391151726e-01 0.000000000000000000e+00 1.140167236328125000e+01
3.500000000000000000e+01 3.544754103054524874e-01 0.000000000000000000e+00 1.144083786010742188e+01
3.600000000000000000e+01 3.634873828588431888e-01 0.000000000000000000e+00 1.147900962829589844e+01
3.700000000000000000e+01 3.695311221007579472e-01 0.000000000000000000e+00 1.151462364196777344e+01
3.800000000000000000e+01 3.783685736040460212e-01 0.000000000000000000e+00 1.154858970642089844e+01
3.900000000000000000e+01 3.849276409380748554e-01 0.000000000000000000e+00 1.158308219909667969e+01
4.000000000000000000e+01 3.943487969474424593e-01 0.000000000000000000e+00 1.161837005615234375e+01
4.100000000000000000e+01 4.005625972672849922e-01 0.000000000000000000e+00 1.165139102935791016e+01
4.200000000000000000e+01 4.084252868926803726e-01 0.000000000000000000e+00 1.168176555633544922e+01
4.300000000000000000e+01 4.159947012782022613e-01 0.000000000000000000e+00 1.171199989318847656e+01
4.400000000000000000e+01 4.220992616752559656e-01 0.000000000000000000e+00 1.174329566955566406e+01
4.500000000000000000e+01 4.288275131610262414e-01 0.000000000000000000e+00 1.177458190917968750e+01
4.600000000000000000e+01 4.363200801630012227e-01 0.000000000000000000e+00 1.180232810974121094e+01
4.700000000000000000e+01 4.423053280227244310e-01 0.000000000000000000e+00 1.183090019226074219e+01
4.800000000000000000e+01 4.487070047280411478e-01 0.000000000000000000e+00 1.185865974426269531e+01
4.900000000000000000e+01 4.547206381744701709e-01 0.000000000000000000e+00 1.188607788085937500e+01
5.000000000000000000e+01 4.617310097335661223e-01 0.000000000000000000e+00 1.191289329528808594e+01
5.100000000000000000e+01 4.678786150303865243e-01 0.000000000000000000e+00 1.193879413604736328e+01
5.200000000000000000e+01 4.739947361753296118e-01 0.000000000000000000e+00 1.196342754364013672e+01
5.300000000000000000e+01 4.801135854684239201e-01 0.000000000000000000e+00 1.198793792724609375e+01
5.400000000000000000e+01 4.853148775829663197e-01 0.000000000000000000e+00 1.200940990447998047e+01
5.500000000000000000e+01 4.913148308763986005e-01 0.000000000000000000e+00 1.203036975860595703e+01
5.600000000000000000e+01 4.971379803764047201e-01 0.000000000000000000e+00 1.205129241943359375e+01
5.700000000000000000e+01 5.021482104592563944e-01 0.000000000000000000e+00 1.207156181335449219e+01
5.800000000000000000e+01 5.085318519996714359e-01 0.000000000000000000e+00 1.209268856048583984e+01
5.900000000000000000e+01 5.127703469843206685e-01 0.000000000000000000e+00 1.211216163635253906e+01
6.000000000000000000e+01 5.186120483145488791e-01 0.000000000000000000e+00 1.213283157348632812e+01
6.100000000000000000e+01 5.235434572103723205e-01 0.000000000000000000e+00 1.215128803253173828e+01
6.200000000000000000e+01 5.276241762862980966e-01 0.000000000000000000e+00 1.217126655578613281e+01
6.300000000000000000e+01 5.322972089391716510e-01 0.000000000000000000e+00 1.219208812713623047e+01
6.400000000000000000e+01 5.359756066189285129e-01 0.000000000000000000e+00 1.220825767517089844e+01
6.500000000000000000e+01 5.394307864402821950e-01 0.000000000000000000e+00 1.222267818450927734e+01
6.600000000000000000e+01 5.447875014031686725e-01 0.000000000000000000e+00 1.224041175842285156e+01
6.700000000000000000e+01 5.499322756907499832e-01 0.000000000000000000e+00 1.225726032257080078e+01
6.800000000000000000e+01 5.521771265498514047e-01 0.000000000000000000e+00 1.227354049682617188e+01
6.900000000000000000e+01 5.565551331743374686e-01 0.000000000000000000e+00 1.228889751434326172e+01
7.000000000000000000e+01 5.608021730899994672e-01 0.000000000000000000e+00 1.230323410034179688e+01
7.100000000000000000e+01 5.650489686262776257e-01 0.000000000000000000e+00 1.231602001190185547e+01
7.200000000000000000e+01 5.694681647363383226e-01 0.000000000000000000e+00 1.233040618896484375e+01
7.300000000000000000e+01 5.731113689595497274e-01 0.000000000000000000e+00 1.234518241882324219e+01
7.400000000000000000e+01 5.771797441783608207e-01 0.000000000000000000e+00 1.235717678070068359e+01
7.500000000000000000e+01 5.805613868578521908e-01 0.000000000000000000e+00 1.236937808990478516e+01
7.600000000000000000e+01 5.853582090178646169e-01 0.000000000000000000e+00 1.238208961486816406e+01
7.700000000000000000e+01 5.892165032739620223e-01 0.000000000000000000e+00 1.239456558227539062e+01
7.800000000000000000e+01 5.920596451967942153e-01 0.000000000000000000e+00 1.240672206878662109e+01
7.900000000000000000e+01 5.950394130569912621e-01 0.000000000000000000e+00 1.241922569274902344e+01
8.000000000000000000e+01 5.980191879187125581e-01 0.000000000000000000e+00 1.243035411834716797e+01
8.100000000000000000e+01 6.013515715024985164e-01 0.000000000000000000e+00 1.244013214111328125e+01
8.200000000000000000e+01 6.038276371108454166e-01 0.000000000000000000e+00 1.245107841491699219e+01
8.300000000000000000e+01 6.066092544434616984e-01 0.000000000000000000e+00 1.246185207366943359e+01
8.400000000000000000e+01 6.106903675377993723e-01 0.000000000000000000e+00 1.247221183776855469e+01
8.500000000000000000e+01 6.130263712492565187e-01 0.000000000000000000e+00 1.248118495941162109e+01
8.600000000000000000e+01 6.151151018666981551e-01 0.000000000000000000e+00 1.249065876007080078e+01
8.700000000000000000e+01 6.182548457113548057e-01 0.000000000000000000e+00 1.250008392333984375e+01
8.800000000000000000e+01 6.212765044587000851e-01 0.000000000000000000e+00 1.250926017761230469e+01
8.900000000000000000e+01 6.233309886697016022e-01 0.000000000000000000e+00 1.251831436157226562e+01
9.000000000000000000e+01 6.257263584577841264e-01 0.000000000000000000e+00 1.252561569213867188e+01
9.100000000000000000e+01 6.290563985148451831e-01 0.000000000000000000e+00 1.253340053558349609e+01
9.200000000000000000e+01 6.320388269554033656e-01 0.000000000000000000e+00 1.254163169860839844e+01
9.300000000000000000e+01 6.340772457912952076e-01 0.000000000000000000e+00 1.255118751525878906e+01
9.400000000000000000e+01 6.374363124633712907e-01 0.000000000000000000e+00 1.255961990356445312e+01
9.500000000000000000e+01 6.386065361500399273e-01 0.000000000000000000e+00 1.256773567199707031e+01
9.600000000000000000e+01 6.411213756117951634e-01 0.000000000000000000e+00 1.257298755645751953e+01
9.700000000000000000e+01 6.425278108813622380e-01 0.000000000000000000e+00 1.258064365386962891e+01
9.800000000000000000e+01 6.451147032894062328e-01 0.000000000000000000e+00 1.258846569061279297e+01
9.900000000000000000e+01 6.470105410063518026e-01 0.000000000000000000e+00 1.259556198120117188e+01
1.000000000000000000e+02 6.497898952295657615e-01 0.000000000000000000e+00 1.260266399383544922e+01
1.010000000000000000e+02 6.516704970053291968e-01 0.000000000000000000e+00 1.260854911804199219e+01
1.020000000000000000e+02 6.518416258416469544e-01 0.000000000000000000e+00 1.261340904235839844e+01
1.030000000000000000e+02 6.542254688442433741e-01 0.000000000000000000e+00 1.261928939819335938e+01
1.040000000000000000e+02 6.565003484789352362e-01 0.000000000000000000e+00 1.262434005737304688e+01
1.050000000000000000e+02 6.568902801155306337e-01 0.000000000000000000e+00 1.263130569458007812e+01
1.060000000000000000e+02 6.590083496285112918e-01 0.000000000000000000e+00 1.263785076141357422e+01
1.070000000000000000e+02 6.604896448742392234e-01 0.000000000000000000e+00 1.264296627044677734e+01
1.080000000000000000e+02 6.629989865090633039e-01 0.000000000000000000e+00 1.264706039428710938e+01
1.090000000000000000e+02 6.641796213676807170e-01 0.000000000000000000e+00 1.265232181549072266e+01
1.100000000000000000e+02 6.663301838385051745e-01 0.000000000000000000e+00 1.265633010864257812e+01
1.110000000000000000e+02 6.665746655828205247e-01 0.000000000000000000e+00 1.266063785552978516e+01
1.120000000000000000e+02 6.675777961693851736e-01 0.000000000000000000e+00 1.266433811187744141e+01
1.130000000000000000e+02 6.686903715423977435e-01 0.000000000000000000e+00 1.266991519927978516e+01
1.140000000000000000e+02 6.696641333466673007e-01 0.000000000000000000e+00 1.267244815826416016e+01
1.150000000000000000e+02 6.711477910325657215e-01 0.000000000000000000e+00 1.267581939697265625e+01
1.160000000000000000e+02 6.721737354041569246e-01 0.000000000000000000e+00 1.268035602569580078e+01
1.170000000000000000e+02 6.733593051824986464e-01 0.000000000000000000e+00 1.268236827850341797e+01
1.180000000000000000e+02 6.745148553393527369e-01 0.000000000000000000e+00 1.268674755096435547e+01
1.190000000000000000e+02 6.753051718535140191e-01 0.000000000000000000e+00 1.269001483917236328e+01
1.200000000000000000e+02 6.770257761229754312e-01 0.000000000000000000e+00 1.269279193878173828e+01
1.210000000000000000e+02 6.777770172109607305e-01 0.000000000000000000e+00 1.269740772247314453e+01
1.220000000000000000e+02 6.789102509052290513e-01 0.000000000000000000e+00 1.270162677764892578e+01
1.230000000000000000e+02 6.807572580115084371e-01 0.000000000000000000e+00 1.270207405090332031e+01
1.240000000000000000e+02 6.813086483780769198e-01 0.000000000000000000e+00 1.270715332031250000e+01
1.250000000000000000e+02 6.821308317434311430e-01 0.000000000000000000e+00 1.271162796020507812e+01
1.260000000000000000e+02 6.826094389261097017e-01 0.000000000000000000e+00 1.271459388732910156e+01
1.270000000000000000e+02 6.835045239371094761e-01 0.000000000000000000e+00 1.271692752838134766e+01
1.280000000000000000e+02 6.847100472593211640e-01 0.000000000000000000e+00 1.271917724609375000e+01
1.290000000000000000e+02 6.863597016483851121e-01 0.000000000000000000e+00 1.272138309478759766e+01
1.300000000000000000e+02 6.852193668616491928e-01 0.000000000000000000e+00 1.272597980499267578e+01
1.310000000000000000e+02 6.863953516444811775e-01 0.000000000000000000e+00 1.272893905639648438e+01
1.320000000000000000e+02 6.879999986812284085e-01 0.000000000000000000e+00 1.273122978210449219e+01
1.330000000000000000e+02 6.881490957100246941e-01 0.000000000000000000e+00 1.273316764831542969e+01
1.340000000000000000e+02 6.880766839151017944e-01 0.000000000000000000e+00 1.273510837554931641e+01
1.350000000000000000e+02 6.887121644638306561e-01 0.000000000000000000e+00 1.273729705810546875e+01
1.360000000000000000e+02 6.898132792760808263e-01 0.000000000000000000e+00 1.273742866516113281e+01
1.370000000000000000e+02 6.907178945451937224e-01 0.000000000000000000e+00 1.273884773254394531e+01
1.380000000000000000e+02 6.920911005256993320e-01 0.000000000000000000e+00 1.274139785766601562e+01
1.390000000000000000e+02 6.914475102458340627e-01 0.000000000000000000e+00 1.274331760406494141e+01
1.400000000000000000e+02 6.933103973557647182e-01 0.000000000000000000e+00 1.274603462219238281e+01
1.410000000000000000e+02 6.932557618769011887e-01 0.000000000000000000e+00 1.274767971038818359e+01
1.420000000000000000e+02 6.937182381736669567e-01 0.000000000000000000e+00 1.274923610687255859e+01
1.430000000000000000e+02 6.945106984932141181e-01 0.000000000000000000e+00 1.275067615509033203e+01
1.440000000000000000e+02 6.946760355407305410e-01 0.000000000000000000e+00 1.275285243988037109e+01
1.450000000000000000e+02 6.962591151859722771e-01 0.000000000000000000e+00 1.275486755371093750e+01
1.460000000000000000e+02 6.959284009020852979e-01 0.000000000000000000e+00 1.275665950775146484e+01
1.470000000000000000e+02 6.972087225960994505e-01 0.000000000000000000e+00 1.275832653045654297e+01
1.480000000000000000e+02 6.981195639737128866e-01 0.000000000000000000e+00 1.276098823547363281e+01
1.490000000000000000e+02 6.976295207562052125e-01 0.000000000000000000e+00 1.276167392730712891e+01
1.500000000000000000e+02 6.989801619365100249e-01 0.000000000000000000e+00 1.276280212402343750e+01
1.510000000000000000e+02 6.997170439458270108e-01 0.000000000000000000e+00 1.276346206665039062e+01
1.520000000000000000e+02 6.999347351922329263e-01 0.000000000000000000e+00 1.276320075988769531e+01
1.530000000000000000e+02 7.010705784743475055e-01 0.000000000000000000e+00 1.276471233367919922e+01
1.540000000000000000e+02 7.012078873726955708e-01 0.000000000000000000e+00 1.276627826690673828e+01
1.550000000000000000e+02 7.010665025286836327e-01 0.000000000000000000e+00 1.276927375793457031e+01
1.560000000000000000e+02 7.018206381980323094e-01 0.000000000000000000e+00 1.277029991149902344e+01
1.570000000000000000e+02 7.025975215396260687e-01 0.000000000000000000e+00 1.277209186553955078e+01
1.580000000000000000e+02 7.022334663987712666e-01 0.000000000000000000e+00 1.277243423461914062e+01
1.590000000000000000e+02 7.025549640125351436e-01 0.000000000000000000e+00 1.277202987670898438e+01
1.600000000000000000e+02 7.029738204944180335e-01 0.000000000000000000e+00 1.277293777465820312e+01
1.610000000000000000e+02 7.029476963749038410e-01 0.000000000000000000e+00 1.277513790130615234e+01
1.620000000000000000e+02 7.042850842702815806e-01 0.000000000000000000e+00 1.277511787414550781e+01
1.630000000000000000e+02 7.051873507826197374e-01 0.000000000000000000e+00 1.277490806579589844e+01
1.640000000000000000e+02 7.057645237028334906e-01 0.000000000000000000e+00 1.277817726135253906e+01
1.650000000000000000e+02 7.054141640573616812e-01 0.000000000000000000e+00 1.277924823760986328e+01
1.660000000000000000e+02 7.062465709696388316e-01 0.000000000000000000e+00 1.278040599822998047e+01
1.670000000000000000e+02 7.063924538286305843e-01 0.000000000000000000e+00 1.278206443786621094e+01
1.680000000000000000e+02 7.063024896365454053e-01 0.000000000000000000e+00 1.278567218780517578e+01
1.690000000000000000e+02 7.064422269979048208e-01 0.000000000000000000e+00 1.278580951690673828e+01
1.700000000000000000e+02 7.060407393206372673e-01 0.000000000000000000e+00 1.278605365753173828e+01
1.710000000000000000e+02 7.072212292635001729e-01 0.000000000000000000e+00 1.278560066223144531e+01
1.720000000000000000e+02 7.074380385061387333e-01 0.000000000000000000e+00 1.278897571563720703e+01
1.730000000000000000e+02 7.072657461351317121e-01 0.000000000000000000e+00 1.278795242309570312e+01
1.740000000000000000e+02 7.073893193591633821e-01 0.000000000000000000e+00 1.278946304321289062e+01
1.750000000000000000e+02 7.080577633597718856e-01 0.000000000000000000e+00 1.279162597656250000e+01
1.760000000000000000e+02 7.070316562702615437e-01 0.000000000000000000e+00 1.279229640960693359e+01
1.770000000000000000e+02 7.079555440559734958e-01 0.000000000000000000e+00 1.279280185699462891e+01
1.780000000000000000e+02 7.067388114359932638e-01 0.000000000000000000e+00 1.279256153106689453e+01
1.790000000000000000e+02 7.077427726016985998e-01 0.000000000000000000e+00 1.279374217987060547e+01
1.800000000000000000e+02 7.082195270592148706e-01 0.000000000000000000e+00 1.279360008239746094e+01
1.810000000000000000e+02 7.083541913276960589e-01 0.000000000000000000e+00 1.279563426971435547e+01
1.820000000000000000e+02 7.083585948247643760e-01 0.000000000000000000e+00 1.279739189147949219e+01
1.830000000000000000e+02 7.085967909088151107e-01 0.000000000000000000e+00 1.279924488067626953e+01
1.840000000000000000e+02 7.089208622432282558e-01 0.000000000000000000e+00 1.279830169677734375e+01
1.850000000000000000e+02 7.088142655030693629e-01 0.000000000000000000e+00 1.279858207702636719e+01
1.860000000000000000e+02 7.095695040388084740e-01 0.000000000000000000e+00 1.280104732513427734e+01
1.870000000000000000e+02 7.093023799676417829e-01 0.000000000000000000e+00 1.280059528350830078e+01
1.880000000000000000e+02 7.082772896331739343e-01 0.000000000000000000e+00 1.280130100250244141e+01
1.890000000000000000e+02 7.082769294361266343e-01 0.000000000000000000e+00 1.280154037475585938e+01
1.900000000000000000e+02 7.089051367151729677e-01 0.000000000000000000e+00 1.280196571350097656e+01
1.910000000000000000e+02 7.091776856548148711e-01 0.000000000000000000e+00 1.280270576477050781e+01
1.920000000000000000e+02 7.086620175910101072e-01 0.000000000000000000e+00 1.280380630493164062e+01
1.930000000000000000e+02 7.088266524700708171e-01 0.000000000000000000e+00 1.280176925659179688e+01
1.940000000000000000e+02 7.086293363650625343e-01 0.000000000000000000e+00 1.280136013031005859e+01
1.950000000000000000e+02 7.087487903969051928e-01 0.000000000000000000e+00 1.280059242248535156e+01
1.960000000000000000e+02 7.094995049909977869e-01 0.000000000000000000e+00 1.280135440826416016e+01
1.970000000000000000e+02 7.095363175422749746e-01 0.000000000000000000e+00 1.280228710174560547e+01
1.980000000000000000e+02 7.097348635154128171e-01 0.000000000000000000e+00 1.280370330810546875e+01
1.990000000000000000e+02 7.097442044633337499e-01 0.000000000000000000e+00 1.280353260040283203e+01
2.000000000000000000e+02 7.016239636419326908e-01 2.389612639233197958e-02 8.611772537231445312e+00
2.010000000000000000e+02 6.898456995633388544e-01 2.854929502317456180e-02 8.771309852600097656e+00
2.020000000000000000e+02 6.734019766575138899e-01 3.431149628152989350e-02 8.924145698547363281e+00
2.030000000000000000e+02 6.543770731918755468e-01 4.161902730773139880e-02 9.069766044616699219e+00
2.040000000000000000e+02 6.330590671838048911e-01 5.094935949739387571e-02 9.205643653869628906e+00
2.050000000000000000e+02 6.103794092206512589e-01 6.008613214182015327e-02 9.339250564575195312e+00
2.060000000000000000e+02 5.854809258327541288e-01 6.957873457343290158e-02 9.463884353637695312e+00
2.070000000000000000e+02 5.601162107112157562e-01 8.070148225445761270e-02 9.582580566406250000e+00
2.080000000000000000e+02 5.345154884555857189e-01 9.040237107473474143e-02 9.694782257080078125e+00
2.090000000000000000e+02 5.087296888487510271e-01 1.024808057195184252e-01 9.802909851074218750e+00
2.100000000000000000e+02 4.847284301653715932e-01 1.120446988030289193e-01 9.905209541320800781e+00
2.110000000000000000e+02 4.608876572261600968e-01 1.229105949737374220e-01 1.000107097625732422e+01
2.120000000000000000e+02 4.371354650778029871e-01 1.344912957304284784e-01 1.009100627899169922e+01
2.130000000000000000e+02 4.156702281524032871e-01 1.446138586599091669e-01 1.017557811737060547e+01
2.140000000000000000e+02 3.933911721687023966e-01 1.556285890029575347e-01 1.025687026977539062e+01
2.150000000000000000e+02 3.743575245908299931e-01 1.661756630480210328e-01 1.033747768402099609e+01
2.160000000000000000e+02 3.551733508450110044e-01 1.770600308203075235e-01 1.041341304779052734e+01
2.170000000000000000e+02 3.370799015724649794e-01 1.868623532110368080e-01 1.048520660400390625e+01
2.180000000000000000e+02 3.191504711188922205e-01 1.972682645197295359e-01 1.055550670623779297e+01
2.190000000000000000e+02 3.042891418490189515e-01 2.068911006145315590e-01 1.062459182739257812e+01
2.200000000000000000e+02 2.900826855226530943e-01 2.173412885664212923e-01 1.068905639648437500e+01
2.210000000000000000e+02 2.750096475107030591e-01 2.277750689981729304e-01 1.075146770477294922e+01
2.220000000000000000e+02 2.623925258580099285e-01 2.371231306527997462e-01 1.081073951721191406e+01
2.230000000000000000e+02 2.506463606602317706e-01 2.469250609800266449e-01 1.086750984191894531e+01
2.240000000000000000e+02 2.388480687735449470e-01 2.565656897727792707e-01 1.092163085937500000e+01
2.250000000000000000e+02 2.276049671196049007e-01 2.665709010277350077e-01 1.097604751586914062e+01
2.260000000000000000e+02 2.171467514639448537e-01 2.759174968882721624e-01 1.102694892883300781e+01
2.270000000000000000e+02 2.075367421950099489e-01 2.852035391851586721e-01 1.107782840728759766e+01
2.280000000000000000e+02 1.980406412690002838e-01 2.935596650167362487e-01 1.112654972076416016e+01
2.290000000000000000e+02 1.894266601636110658e-01 3.033217904013628674e-01 1.117351150512695312e+01
2.300000000000000000e+02 1.806277563436176625e-01 3.110168613736684629e-01 1.121736335754394531e+01
2.310000000000000000e+02 1.732589733788941766e-01 3.204562355052404388e-01 1.126087379455566406e+01
2.320000000000000000e+02 1.665484281739076367e-01 3.282055050549833597e-01 1.130389595031738281e+01
2.330000000000000000e+02 1.590106327658662166e-01 3.371420074337830308e-01 1.134642696380615234e+01
2.340000000000000000e+02 1.515255164872899019e-01 3.462074374701922808e-01 1.138516712188720703e+01
2.350000000000000000e+02 1.453285623119502656e-01 3.548442568453837875e-01 1.142342185974121094e+01
2.360000000000000000e+02 1.403533184223009211e-01 3.622525458040168345e-01 1.146049404144287109e+01
2.370000000000000000e+02 1.343947214331036033e-01 3.700073697601317102e-01 1.149718570709228516e+01
2.380000000000000000e+02 1.280257389221953757e-01 3.775039585875387127e-01 1.153167438507080078e+01
2.390000000000000000e+02 1.231819531255761435e-01 3.866822657435210475e-01 1.156545352935791016e+01
2.400000000000000000e+02 1.187213024053636184e-01 3.942795186362004212e-01 1.159949588775634766e+01
2.410000000000000000e+02 1.139306680400187649e-01 4.019364330051538592e-01 1.163379859924316406e+01
2.420000000000000000e+02 1.093344901364080024e-01 4.093786059793670939e-01 1.166577625274658203e+01
2.430000000000000000e+02 1.039843185184458202e-01 4.166711478303086746e-01 1.169941806793212891e+01
2.440000000000000000e+02 1.009204604985339537e-01 4.246922694173334012e-01 1.173118591308593750e+01
2.450000000000000000e+02 9.736518952511442893e-02 4.308311872648549201e-01 1.176027393341064453e+01
2.460000000000000000e+02 9.271463626264934976e-02 4.383275074625118672e-01 1.178818798065185547e+01
2.470000000000000000e+02 9.034227208779226082e-02 4.447552243238416803e-01 1.181651020050048828e+01
2.480000000000000000e+02 8.622630712954913734e-02 4.509240877827184746e-01 1.184363555908203125e+01
2.490000000000000000e+02 8.376412305682505444e-02 4.571321446578685554e-01 1.187162399291992188e+01
2.500000000000000000e+02 8.040828084381849983e-02 4.626555983159353902e-01 1.189427566528320312e+01
2.510000000000000000e+02 7.693414186708254221e-02 4.682221138535356819e-01 1.191923904418945312e+01
2.520000000000000000e+02 7.603500281542462103e-02 4.744878510854405040e-01 1.194258594512939453e+01
2.530000000000000000e+02 7.259822029035915836e-02 4.804358652050899625e-01 1.196479797363281250e+01
2.540000000000000000e+02 6.883316236680141198e-02 4.859890001170009688e-01 1.198687267303466797e+01
2.550000000000000000e+02 6.736434704871616108e-02 4.914612750685125042e-01 1.200916099548339844e+01
2.560000000000000000e+02 6.515972208403385257e-02 4.976525254696402834e-01 1.203147411346435547e+01
2.570000000000000000e+02 6.362036672588458619e-02 5.017472687281102628e-01 1.205230808258056641e+01
2.580000000000000000e+02 6.106822274886628682e-02 5.075386292438633928e-01 1.207213878631591797e+01
2.590000000000000000e+02 5.942001532629136856e-02 5.126061681017729521e-01 1.209204387664794922e+01
2.600000000000000000e+02 5.724900475187449933e-02 5.180302413002025874e-01 1.211359786987304688e+01
2.610000000000000000e+02 5.692879778882690284e-02 5.230832630047735909e-01 1.213216781616210938e+01
2.620000000000000000e+02 5.484687093358878857e-02 5.273534463538073203e-01 1.215139770507812500e+01
2.630000000000000000e+02 5.278250635310392791e-02 5.322586177167456523e-01 1.216961574554443359e+01
2.640000000000000000e+02 5.236959979360173573e-02 5.367930556395774655e-01 1.218817806243896484e+01
2.650000000000000000e+02 5.087541692755690598e-02 5.405307007660637986e-01 1.220425796508789062e+01
2.660000000000000000e+02 4.832981852559275343e-02 5.446012308213282749e-01 1.221837711334228516e+01
2.670000000000000000e+02 4.846231322899596100e-02 5.483950006370545971e-01 1.223502159118652344e+01
2.680000000000000000e+02 4.713105618661297957e-02 5.529136702461319164e-01 1.224972152709960938e+01
2.690000000000000000e+02 4.535408674436964410e-02 5.572093763850504144e-01 1.226333427429199219e+01
2.700000000000000000e+02 4.424799051490897750e-02 5.613622182821942364e-01 1.227774524688720703e+01
2.710000000000000000e+02 4.411049923940110751e-02 5.646058318413671451e-01 1.229204177856445312e+01
2.720000000000000000e+02 4.198309147062198599e-02 5.696460637963538520e-01 1.230555820465087891e+01
2.730000000000000000e+02 4.121475172427328804e-02 5.733839350411116254e-01 1.231833839416503906e+01
2.740000000000000000e+02 3.995989647120148924e-02 5.774207615379416403e-01 1.233143424987792969e+01
2.750000000000000000e+02 3.929181138002300205e-02 5.810743174835291125e-01 1.234366130828857422e+01
2.760000000000000000e+02 3.857396819674985960e-02 5.849867544967073396e-01 1.235552501678466797e+01
2.770000000000000000e+02 3.827673424358576937e-02 5.881725235535121277e-01 1.236703205108642578e+01
2.780000000000000000e+02 3.663544282520072443e-02 5.910775548080394737e-01 1.237829780578613281e+01
2.790000000000000000e+02 3.693049322784679178e-02 5.946654215246681696e-01 1.238877391815185547e+01
2.800000000000000000e+02 3.557089214789003334e-02 5.969018080744090682e-01 1.239871406555175781e+01
2.810000000000000000e+02 3.425631084601483273e-02 6.003041616846865880e-01 1.240945720672607422e+01
2.820000000000000000e+02 3.478189683334620419e-02 6.035683339808505243e-01 1.241970157623291016e+01
2.830000000000000000e+02 3.460986644913489896e-02 6.057460675898174163e-01 1.243063640594482422e+01
2.840000000000000000e+02 3.319135733358710011e-02 6.090243101557506478e-01 1.244065475463867188e+01
2.850000000000000000e+02 3.294008989462163944e-02 6.110155405396520134e-01 1.244754981994628906e+01
2.860000000000000000e+02 3.200508734240346126e-02 6.131498936273028777e-01 1.245786190032958984e+01
2.870000000000000000e+02 3.234656661355275742e-02 6.161679472880182695e-01 1.246610164642333984e+01
2.880000000000000000e+02 3.212795213041406972e-02 6.190721118576781867e-01 1.247579956054687500e+01
2.890000000000000000e+02 3.145175034187867175e-02 6.228698079642123187e-01 1.248448562622070312e+01
2.900000000000000000e+02 3.024404742678644259e-02 6.231520633800832210e-01 1.249576187133789062e+01
2.910000000000000000e+02 3.042678155600032561e-02 6.263655173279902844e-01 1.250311374664306641e+01
2.920000000000000000e+02 3.002810803229931727e-02 6.288628151304338498e-01 1.251066398620605469e+01
2.930000000000000000e+02 3.033575740828397746e-02 6.307374652780963764e-01 1.251942825317382812e+01
2.940000000000000000e+02 2.926175228660918629e-02 6.335897269993434611e-01 1.252643871307373047e+01
2.950000000000000000e+02 2.834165012227253880e-02 6.355063433397686312e-01 1.253300380706787109e+01
2.960000000000000000e+02 2.823893736188890294e-02 6.369211260501119742e-01 1.253935337066650391e+01
2.970000000000000000e+02 2.932549560037574568e-02 6.398421463265830944e-01 1.254786014556884766e+01
2.980000000000000000e+02 2.846861808227516694e-02 6.422218552545690962e-01 1.255346965789794922e+01
2.990000000000000000e+02 2.870331640873351881e-02 6.442078047786283790e-01 1.255965805053710938e+01
3.000000000000000000e+02 2.776626304815416058e-02 6.458670044831428259e-01 1.256488227844238281e+01
3.010000000000000000e+02 2.766598047232623342e-02 6.475993559892699869e-01 1.257114601135253906e+01
3.020000000000000000e+02 2.738643428879296987e-02 6.488753628151255892e-01 1.257692718505859375e+01
3.030000000000000000e+02 2.722565690684583192e-02 6.506765381800431181e-01 1.258049201965332031e+01
3.040000000000000000e+02 2.723385206872265540e-02 6.512769922825770719e-01 1.258613395690917969e+01
3.050000000000000000e+02 2.663282942887458191e-02 6.530048816263970268e-01 1.259129428863525391e+01
3.060000000000000000e+02 2.608015865571560940e-02 6.561359271932220016e-01 1.259730815887451172e+01
3.070000000000000000e+02 2.668341994334470085e-02 6.569635101020003809e-01 1.260175228118896484e+01
3.080000000000000000e+02 2.601667315837204869e-02 6.584344042148857490e-01 1.260626220703125000e+01
3.090000000000000000e+02 2.638629359547015052e-02 6.602740037774255111e-01 1.261170864105224609e+01
3.100000000000000000e+02 2.677818566039307652e-02 6.612971785005437031e-01 1.261599731445312500e+01
3.110000000000000000e+02 2.560419499047992403e-02 6.631863282006826843e-01 1.261927700042724609e+01
3.120000000000000000e+02 2.583499689058786977e-02 6.643245506561773484e-01 1.262293529510498047e+01
3.130000000000000000e+02 2.565104473188194872e-02 6.664398820916882515e-01 1.262625503540039062e+01
3.140000000000000000e+02 2.553410000133953667e-02 6.671551273778469904e-01 1.263109397888183594e+01
3.150000000000000000e+02 2.558138496241587137e-02 6.675935470132385863e-01 1.263552856445312500e+01
3.160000000000000000e+02 2.524664391229046803e-02 6.693674658876674899e-01 1.263962554931640625e+01
3.170000000000000000e+02 2.524947793824038056e-02 6.710925850917922597e-01 1.264414787292480469e+01
3.180000000000000000e+02 2.557706345122752467e-02 6.725660221288430884e-01 1.264936733245849609e+01
3.190000000000000000e+02 2.497280492525614723e-02 6.730958582647570410e-01 1.265227413177490234e+01
3.200000000000000000e+02 2.424002504352520612e-02 6.745745008823662570e-01 1.265713787078857422e+01
3.210000000000000000e+02 2.501093475191231916e-02 6.759660288681572649e-01 1.266119575500488281e+01
3.220000000000000000e+02 2.435506190472225274e-02 6.766636897281584906e-01 1.266252803802490234e+01
3.230000000000000000e+02 2.477739564923832002e-02 6.755064974787873266e-01 1.266593265533447266e+01
3.240000000000000000e+02 2.422564522259466890e-02 6.781509309385462814e-01 1.266989612579345703e+01
3.250000000000000000e+02 2.417383960327932485e-02 6.795574294073593036e-01 1.267199802398681641e+01
3.260000000000000000e+02 2.378679983411258539e-02 6.811573191110035230e-01 1.267525196075439453e+01
3.270000000000000000e+02 2.446096992387565214e-02 6.812219940177206556e-01 1.267871952056884766e+01
3.280000000000000000e+02 2.475417589511574173e-02 6.828874083271407880e-01 1.268221473693847656e+01
3.290000000000000000e+02 2.426003391151359059e-02 6.834242969420525338e-01 1.268468570709228516e+01
3.300000000000000000e+02 2.482373742568732417e-02 6.833866087146197588e-01 1.268763542175292969e+01
3.310000000000000000e+02 2.411723028284685003e-02 6.851682964036174273e-01 1.269006919860839844e+01
3.320000000000000000e+02 2.413617779854361489e-02 6.853683768660226994e-01 1.269363403320312500e+01
3.330000000000000000e+02 2.308303766813061403e-02 6.864537518259288262e-01 1.269620990753173828e+01
3.340000000000000000e+02 2.407565769647510359e-02 6.869777630705835580e-01 1.269876384735107422e+01
3.350000000000000000e+02 2.405976012648285145e-02 6.873840485547646484e-01 1.270291709899902344e+01
3.360000000000000000e+02 2.295134107879758315e-02 6.880858558266989000e-01 1.270571422576904297e+01
3.370000000000000000e+02 2.375397231351822347e-02 6.881140705339915398e-01 1.270858192443847656e+01
3.380000000000000000e+02 2.340381191256276153e-02 6.875425675113949753e-01 1.271050357818603516e+01
3.390000000000000000e+02 2.302606470465098226e-02 6.885594475562610839e-01 1.271133136749267578e+01
3.400000000000000000e+02 2.348063756996027901e-02 6.889551119595741513e-01 1.271422958374023438e+01
3.410000000000000000e+02 2.440292655801860541e-02 6.900530952315583333e-01 1.271648406982421875e+01
3.420000000000000000e+02 2.328555146602276360e-02 6.909975831622214848e-01 1.271814632415771484e+01
3.430000000000000000e+02 2.294728201436937662e-02 6.925919157477679056e-01 1.272062015533447266e+01
3.440000000000000000e+02 2.342935173284822065e-02 6.917469801249140904e-01 1.272155189514160156e+01
3.450000000000000000e+02 2.323104345860411285e-02 6.927501899835172283e-01 1.272196865081787109e+01
3.460000000000000000e+02 2.321779197747652485e-02 6.936793016017906988e-01 1.272272777557373047e+01
3.470000000000000000e+02 2.368575469242383685e-02 6.939017346701787936e-01 1.272348213195800781e+01
3.480000000000000000e+02 2.330714364082604739e-02 6.940758904247437133e-01 1.272561931610107422e+01
3.490000000000000000e+02 2.359597265465637750e-02 6.940114318566334983e-01 1.272716236114501953e+01
3.500000000000000000e+02 2.293028607112387526e-02 6.939629149831406663e-01 1.272952175140380859e+01
3.510000000000000000e+02 2.274869974626273633e-02 6.947778126138762778e-01 1.273007106781005859e+01
3.520000000000000000e+02 2.394224950302564076e-02 6.946399824181797023e-01 1.273232936859130859e+01
3.530000000000000000e+02 2.350882325124420066e-02 6.955474562508041636e-01 1.273432254791259766e+01
3.540000000000000000e+02 2.400717136919778769e-02 6.960429983196976256e-01 1.273565769195556641e+01
3.550000000000000000e+02 2.268733338132285574e-02 6.961491095785959926e-01 1.273642158508300781e+01
3.560000000000000000e+02 2.317041261901812976e-02 6.969689701921217839e-01 1.273851966857910156e+01
3.570000000000000000e+02 2.299357443955596728e-02 6.976144686941678774e-01 1.274148368835449219e+01
3.580000000000000000e+02 2.373384458716984446e-02 6.973289425503362837e-01 1.274194240570068359e+01
3.590000000000000000e+02 2.347546620673861273e-02 6.979744345979689291e-01 1.274352073669433594e+01
3.600000000000000000e+02 2.380275381207514612e-02 6.975128229960618764e-01 1.274449825286865234e+01
3.610000000000000000e+02 2.371813523089965833e-02 6.988726048010480696e-01 1.274471759796142578e+01
3.620000000000000000e+02 2.391818574395187733e-02 6.995002034401404112e-01 1.274402713775634766e+01
3.630000000000000000e+02 2.303794230317045277e-02 7.001599853848492483e-01 1.274596118927001953e+01
3.640000000000000000e+02 2.355512694056863948e-02 6.989776382943057031e-01 1.274671840667724609e+01
3.650000000000000000e+02 2.430579364278742660e-02 6.995204988197977203e-01 1.274811363220214844e+01
3.660000000000000000e+02 2.303675619824771884e-02 6.994672034080241518e-01 1.275086784362792969e+01
3.670000000000000000e+02 2.387286323166004642e-02 7.003836649108483581e-01 1.275117969512939453e+01
3.680000000000000000e+02 2.331136804839278875e-02 7.006054369730273512e-01 1.275211334228515625e+01
3.690000000000000000e+02 2.303172429530637652e-02 7.005133302234316517e-01 1.275244426727294922e+01
3.700000000000000000e+02 2.349216124307532128e-02 7.020511081654852159e-01 1.275218582153320312e+01
3.710000000000000000e+02 2.368179393461565529e-02 7.015226156495578680e-01 1.275276184082031250e+01
3.720000000000000000e+02 2.337012351164755378e-02 7.017791437621245798e-01 1.275451374053955078e+01
3.730000000000000000e+02 2.299275213159893139e-02 7.017213460186539908e-01 1.275601768493652344e+01
3.740000000000000000e+02 2.343084079226764524e-02 7.038152153754999585e-01 1.275799560546875000e+01
3.750000000000000000e+02 2.287629837599483573e-02 7.035739453503435659e-01 1.276018333435058594e+01
3.760000000000000000e+02 2.285047544999491836e-02 7.031845833386209943e-01 1.276219654083251953e+01
3.770000000000000000e+02 2.222514950521100111e-02 7.030035576869999581e-01 1.276185798645019531e+01
3.780000000000000000e+02 2.254797880273830962e-02 7.042030609959009091e-01 1.276378726959228516e+01
3.790000000000000000e+02 2.286539831890242735e-02 7.042031335003048342e-01 1.276690006256103516e+01
3.800000000000000000e+02 2.319853927173482627e-02 7.055912301425404376e-01 1.276807212829589844e+01
3.810000000000000000e+02 2.343014209257666958e-02 7.052068204824647468e-01 1.277009963989257812e+01
3.820000000000000000e+02 2.232499385219960386e-02 7.061153525027706879e-01 1.277067470550537109e+01
3.830000000000000000e+02 2.386657176546520820e-02 7.067677256707478595e-01 1.277187252044677734e+01
3.840000000000000000e+02 2.263962750244530309e-02 7.063690025066722278e-01 1.277399826049804688e+01
3.850000000000000000e+02 2.361912432852769292e-02 7.062730895348408033e-01 1.277466964721679688e+01
3.860000000000000000e+02 2.359606384173242033e-02 7.063792392939257647e-01 1.277441596984863281e+01
3.870000000000000000e+02 2.288334377069233330e-02 7.063547319231465726e-01 1.277411270141601562e+01
3.880000000000000000e+02 2.338926237158707455e-02 7.077158688720037727e-01 1.277544021606445312e+01
3.890000000000000000e+02 2.288997580490532285e-02 7.071376654499517134e-01 1.277713680267333984e+01
3.900000000000000000e+02 2.308655103289184579e-02 7.081404828929318551e-01 1.277679824829101562e+01
3.910000000000000000e+02 2.345884728973139655e-02 7.093307569820117564e-01 1.277646541595458984e+01
3.920000000000000000e+02 2.330600557795011601e-02 7.092949590852344333e-01 1.277721214294433594e+01
3.930000000000000000e+02 2.370624862160251867e-02 7.097344310497079034e-01 1.277869129180908203e+01
3.940000000000000000e+02 2.264124842246080516e-02 7.107483222950896629e-01 1.278063106536865234e+01
3.950000000000000000e+02 2.232628709029643721e-02 7.098211581257753977e-01 1.278116130828857422e+01
3.960000000000000000e+02 2.261213360585312415e-02 7.099242755238638347e-01 1.278102302551269531e+01
3.970000000000000000e+02 2.319763298756354411e-02 7.097232239498274531e-01 1.278015232086181641e+01
3.980000000000000000e+02 2.237873864975447810e-02 7.096285779948319217e-01 1.278011894226074219e+01
