0.000000000000000000e+00 2.731709178828667720e-02 0.000000000000000000e+00 7.991493701934814453e+00
1.000000000000000000e+00 3.103997411785864094e-02 0.000000000000000000e+00 8.149026870727539062e+00
2.000000000000000000e+00 3.779300738920999408e-02 0.000000000000000000e+00 8.299836158752441406e+00
3.000000000000000000e+00 4.709340436723555290e-02 0.000000000000000000e+00 8.441672325134277344e+00
4.000000000000000000e+00 5.692055636106490429e-02 0.000000000000000000e+00 8.576037406921386719e+00
5.000000000000000000e+00 6.898517525641904846e-02 0.000000000000000000e+00 8.702367782592773438e+00
6.000000000000000000e+00 7.895316560743728673e-02 0.000000000000000000e+00 8.824007987976074219e+00
7.000000000000000000e+00 9.048122081243487047e-02 0.000000000000000000e+00 8.938830375671386719e+00
8.000000000000000000e+00 1.025066086385604397e-01 0.000000000000000000e+00 9.047939300537109375e+00
9.000000000000000000e+00 1.143851312412858950e-01 0.000000000000000000e+00 9.151503562927246094e+00
1.000000000000000000e+01 1.263510445155950346e-01 0.000000000000000000e+00 9.250494956970214844e+00
1.100000000000000000e+01 1.366190152968985716e-01 0.000000000000000000e+00 9.341875076293945312e+00
1.200000000000000000e+01 1.486126451869848319e-01 0.000000000000000000e+00 9.429887771606445312e+00
1.300000000000000000e+01 1.607432245060423093e-01 0.000000000000000000e+00 9.515343666076660156e+00
1.400000000000000000e+01 1.729189409529311994e-01 0.000000000000000000e+00 9.596323966979980469e+00
1.500000000000000000e+01 1.850562975431132295e-01 0.000000000000000000e+00 9.673421859741210938e+00
1.600000000000000000e+01 1.961698867883314712e-01 0.000000000000000000e+00 9.745869636535644531e+00
1.700000000000000000e+01 2.074994405564146438e-01 0.000000000000000000e+00 9.816105842590332031e+00
1.800000000000000000e+01 2.190084456547619074e-01 0.000000000000000000e+00 9.882756233215332031e+00
1.900000000000000000e+01 2.289917405479751367e-01 0.000000000000000000e+00 9.947228431701660156e+00
2.000000000000000000e+01 2.399592049147479811e-01 0.000000000000000000e+00 1.000791358947753906e+01
2.100000000000000000e+01 2.510354596645452685e-01 0.000000000000000000e+00 1.006728076934814453e+01
2.200000000000000000e+01 2.628765080263196219e-01 0.000000000000000000e+00 1.012560367584228516e+01
2.300000000000000000e+01 2.723364620537474523e-01 0.000000000000000000e+00 1.018103408813476562e+01
2.400000000000000000e+01 2.825820602093483402e-01 0.000000000000000000e+00 1.023176002502441406e+01
2.500000000000000000e+01 2.922255570044681727e-01 0.000000000000000000e+00 1.028141593933105469e+01
2.600000000000000000e+01 3.029623614995495817e-01 0.000000000000000000e+00 1.033085250854492188e+01
2.700000000000000000e+01 3.126138518972320646e-01 0.000000000000000000e+00 1.037963581085205078e+01
2.800000000000000000e+01 3.233924170642722418e-01 0.000000000000000000e+00 1.042747402191162109e+01
2.900000000000000000e+01 3.324161473421331503e-01 0.000000000000000000e+00 1.047292041778564453e+01
3.000000000000000000e+01 3.417976488902653709e-01 0.000000000000000000e+00 1.051594161987304688e+01
3.100000000000000000e+01 3.520359412823771406e-01 0.000000000000000000e+00 1.055864620208740234e+01
3.200000000000000000e+01 3.607889905657046259e-01 0.000000000000000000e+00 1.060151576995849609e+01
3.300000000000000000e+01 3.697587101518195474e-01 0.000000000000000000e+00 1.064114379882812500e+01
3.400000000000000000e+01 3.794429628351083661e-01 0.000000000000000000e+00 1.067957973480224609e+01
3.500000000000000000e+01 3.882923520828052144e-01 0.000000000000000000e+00 1.072006797790527344e+01
3.600000000000000000e+01 3.968374783965221697e-01 0.000000000000000000e+00 1.075628757476806641e+01
3.700000000000000000e+01 4.051641369180642993e-01 0.000000000000000000e+00 1.079263019561767578e+01
3.800000000000000000e+01 4.139649269899604023e-01 0.000000000000000000e+00 1.082669162750244141e+01
3.900000000000000000e+01 4.220150520273270867e-01 0.000000000000000000e+00 1.086162185668945312e+01
4.000000000000000000e+01 4.307603415463415741e-01 0.000000000000000000e+00 1.089430809020996094e+01
4.100000000000000000e+01 4.380508197522906544e-01 0.000000000000000000e+00 1.092491149902343750e+01
4.200000000000000000e+01 4.455402175080618865e-01 0.000000000000000000e+00 1.095561218261718750e+01
4.300000000000000000e+01 4.532980894452546816e-01 0.000000000000000000e+00 1.098526382446289062e+01
4.400000000000000000e+01 4.593052881824849498e-01 0.000000000000000000e+00 1.101351642608642578e+01
4.500000000000000000e+01 4.662292050035149460e-01 0.000000000000000000e+00 1.104136371612548828e+01
4.600000000000000000e+01 4.750184838911557517e-01 0.000000000000000000e+00 1.106922054290771484e+01
4.700000000000000000e+01 4.810990625417508326e-01 0.000000000000000000e+00 1.109445190429687500e+01
4.800000000000000000e+01 4.872408146545700869e-01 0.000000000000000000e+00 1.112070560455322266e+01
4.900000000000000000e+01 4.945087618019762266e-01 0.000000000000000000e+00 1.114529800415039062e+01
5.000000000000000000e+01 5.004411088583200495e-01 0.000000000000000000e+00 1.116802787780761719e+01
5.100000000000000000e+01 5.064309310661427865e-01 0.000000000000000000e+00 1.119097232818603516e+01
5.200000000000000000e+01 5.136233447409311870e-01 0.000000000000000000e+00 1.121505641937255859e+01
5.300000000000000000e+01 5.194943952707047341e-01 0.000000000000000000e+00 1.123796176910400391e+01
5.400000000000000000e+01 5.249955906589782728e-01 0.000000000000000000e+00 1.126218223571777344e+01
5.500000000000000000e+01 5.318211791074800576e-01 0.000000000000000000e+00 1.128152370452880859e+01
5.600000000000000000e+01 5.373351441850606758e-01 0.000000000000000000e+00 1.130255126953125000e+01
5.700000000000000000e+01 5.441181393523738530e-01 0.000000000000000000e+00 1.132196998596191406e+01
5.800000000000000000e+01 5.490390276692090898e-01 0.000000000000000000e+00 1.134081363677978516e+01
5.900000000000000000e+01 5.546379643826059302e-01 0.000000000000000000e+00 1.136144828796386719e+01
6.000000000000000000e+01 5.603564501953279819e-01 0.000000000000000000e+00 1.137966156005859375e+01
6.100000000000000000e+01 5.657919541369191840e-01 0.000000000000000000e+00 1.139842605590820312e+01
6.200000000000000000e+01 5.704590343574770239e-01 0.000000000000000000e+00 1.141704559326171875e+01
6.300000000000000000e+01 5.752052570096203299e-01 0.000000000000000000e+00 1.143187808990478516e+01
6.400000000000000000e+01 5.797445161585346174e-01 0.000000000000000000e+00 1.144741153717041016e+01
6.500000000000000000e+01 5.833298330151238664e-01 0.000000000000000000e+00 1.146389579772949219e+01
6.600000000000000000e+01 5.877699107577299964e-01 0.000000000000000000e+00 1.147868919372558594e+01
6.700000000000000000e+01 5.932759721304340372e-01 0.000000000000000000e+00 1.149216842651367188e+01
6.800000000000000000e+01 5.975880668924681283e-01 0.000000000000000000e+00 1.150610637664794922e+01
6.900000000000000000e+01 6.016170298957599361e-01 0.000000000000000000e+00 1.151899242401123047e+01
7.000000000000000000e+01 6.050032847501214395e-01 0.000000000000000000e+00 1.153088283538818359e+01
7.100000000000000000e+01 6.083014628428007331e-01 0.000000000000000000e+00 1.154370212554931641e+01
7.200000000000000000e+01 6.136218961598424171e-01 0.000000000000000000e+00 1.155744552612304688e+01
7.300000000000000000e+01 6.169242663593852427e-01 0.000000000000000000e+00 1.156985569000244141e+01
7.400000000000000000e+01 6.212785522554289397e-01 0.000000000000000000e+00 1.158260250091552734e+01
7.500000000000000000e+01 6.237036909038661259e-01 0.000000000000000000e+00 1.159123134613037109e+01
7.600000000000000000e+01 6.268710029940839368e-01 0.000000000000000000e+00 1.160178756713867188e+01
7.700000000000000000e+01 6.302500813220656140e-01 0.000000000000000000e+00 1.161324501037597656e+01
7.800000000000000000e+01 6.342622022627746325e-01 0.000000000000000000e+00 1.162356376647949219e+01
7.900000000000000000e+01 6.387564227548981899e-01 0.000000000000000000e+00 1.163258552551269531e+01
8.000000000000000000e+01 6.417704682026577068e-01 0.000000000000000000e+00 1.164237785339355469e+01
8.100000000000000000e+01 6.458251774035650428e-01 0.000000000000000000e+00 1.165296554565429688e+01
8.200000000000000000e+01 6.474477887020672062e-01 0.000000000000000000e+00 1.166173839569091797e+01
8.300000000000000000e+01 6.506581117035479256e-01 0.000000000000000000e+00 1.167107200622558594e+01
8.400000000000000000e+01 6.535409921653853038e-01 0.000000000000000000e+00 1.167899227142333984e+01
8.500000000000000000e+01 6.562590398852206075e-01 0.000000000000000000e+00 1.168910408020019531e+01
8.600000000000000000e+01 6.594716934099456029e-01 0.000000000000000000e+00 1.169651031494140625e+01
8.700000000000000000e+01 6.612725629593446675e-01 0.000000000000000000e+00 1.170617389678955078e+01
8.800000000000000000e+01 6.638152700009316565e-01 0.000000000000000000e+00 1.171389484405517578e+01
8.900000000000000000e+01 6.670044998062965025e-01 0.000000000000000000e+00 1.172033405303955078e+01
9.000000000000000000e+01 6.687714640127072618e-01 0.000000000000000000e+00 1.172556972503662109e+01
9.100000000000000000e+01 6.708097562942847425e-01 0.000000000000000000e+00 1.173296642303466797e+01
9.200000000000000000e+01 6.734558425469650000e-01 0.000000000000000000e+00 1.174083805084228516e+01
9.300000000000000000e+01 6.758164350943587362e-01 0.000000000000000000e+00 1.174876499176025391e+01
9.400000000000000000e+01 6.775808526145437050e-01 0.000000000000000000e+00 1.175592899322509766e+01
9.500000000000000000e+01 6.807757214624767794e-01 0.000000000000000000e+00 1.176434993743896484e+01
9.600000000000000000e+01 6.817714892758023337e-01 0.000000000000000000e+00 1.177318191528320312e+01
9.700000000000000000e+01 6.837704982868217929e-01 0.000000000000000000e+00 1.177883529663085938e+01
9.800000000000000000e+01 6.862811494791108968e-01 0.000000000000000000e+00 1.178513622283935547e+01
9.900000000000000000e+01 6.873746182229905077e-01 0.000000000000000000e+00 1.179150009155273438e+01
1.000000000000000000e+02 6.875944513999463492e-01 0.000000000000000000e+00 1.179657173156738281e+01
1.010000000000000000e+02 6.902134343921537685e-01 0.000000000000000000e+00 1.180154705047607422e+01
1.020000000000000000e+02 6.909363814118606451e-01 0.000000000000000000e+00 1.180620670318603516e+01
1.030000000000000000e+02 6.933996468619904041e-01 0.000000000000000000e+00 1.181202983856201172e+01
1.040000000000000000e+02 6.948212121957710874e-01 0.000000000000000000e+00 1.181670570373535156e+01
1.050000000000000000e+02 6.976838586807652121e-01 0.000000000000000000e+00 1.182237243652343750e+01
1.060000000000000000e+02 6.977692610801869977e-01 0.000000000000000000e+00 1.182780170440673828e+01
1.070000000000000000e+02 6.996263527732744514e-01 0.000000000000000000e+00 1.183071041107177734e+01
1.080000000000000000e+02 7.011795281246339107e-01 0.000000000000000000e+00 1.183548164367675781e+01
1.090000000000000000e+02 7.021754153053267888e-01 0.000000000000000000e+00 1.183879756927490234e+01
1.100000000000000000e+02 7.037152567757508637e-01 0.000000000000000000e+00 1.184247207641601562e+01
1.110000000000000000e+02 7.052628934516241843e-01 0.000000000000000000e+00 1.184601974487304688e+01
1.120000000000000000e+02 7.072492710695127416e-01 0.000000000000000000e+00 1.184869194030761719e+01
1.130000000000000000e+02 7.083512729055070345e-01 0.000000000000000000e+00 1.185224151611328125e+01
1.140000000000000000e+02 7.105283813442562213e-01 0.000000000000000000e+00 1.185496807098388672e+01
1.150000000000000000e+02 7.111675671692202494e-01 0.000000000000000000e+00 1.185934352874755859e+01
1.160000000000000000e+02 7.127324206783092198e-01 0.000000000000000000e+00 1.186296176910400391e+01
1.170000000000000000e+02 7.137036026404044442e-01 0.000000000000000000e+00 1.186704349517822266e+01
1.180000000000000000e+02 7.157799654567728043e-01 0.000000000000000000e+00 1.187168407440185547e+01
1.190000000000000000e+02 7.167017910168623773e-01 0.000000000000000000e+00 1.187509632110595703e+01
1.200000000000000000e+02 7.177604779733187668e-01 0.000000000000000000e+00 1.187992763519287109e+01
1.210000000000000000e+02 7.186271100706113080e-01 0.000000000000000000e+00 1.188402271270751953e+01
1.220000000000000000e+02 7.183403485023173163e-01 0.000000000000000000e+00 1.188549995422363281e+01
1.230000000000000000e+02 7.204444690086834191e-01 0.000000000000000000e+00 1.188936614990234375e+01
1.240000000000000000e+02 7.212854640211564528e-01 0.000000000000000000e+00 1.189184761047363281e+01
1.250000000000000000e+02 7.222431725410437542e-01 0.000000000000000000e+00 1.189394187927246094e+01
1.260000000000000000e+02 7.230091104981173356e-01 0.000000000000000000e+00 1.189685821533203125e+01
1.270000000000000000e+02 7.240693613685458274e-01 0.000000000000000000e+00 1.190079975128173828e+01
1.280000000000000000e+02 7.255813148684824299e-01 0.000000000000000000e+00 1.190252304077148438e+01
1.290000000000000000e+02 7.254262320333515479e-01 0.000000000000000000e+00 1.190553474426269531e+01
1.300000000000000000e+02 7.262221197161380370e-01 0.000000000000000000e+00 1.190793895721435547e+01
1.310000000000000000e+02 7.267463718275485318e-01 0.000000000000000000e+00 1.191066837310791016e+01
1.320000000000000000e+02 7.280395999386362060e-01 0.000000000000000000e+00 1.191314411163330078e+01
1.330000000000000000e+02 7.279638664800827108e-01 0.000000000000000000e+00 1.191536235809326172e+01
1.340000000000000000e+02 7.293046238368043888e-01 0.000000000000000000e+00 1.191764068603515625e+01
1.350000000000000000e+02 7.307942199779852155e-01 0.000000000000000000e+00 1.192171478271484375e+01
1.360000000000000000e+02 7.317343592445854084e-01 0.000000000000000000e+00 1.192333412170410156e+01
1.370000000000000000e+02 7.322613637305408485e-01 0.000000000000000000e+00 1.192582988739013672e+01
1.380000000000000000e+02 7.336247199980854283e-01 0.000000000000000000e+00 1.192741012573242188e+01
1.390000000000000000e+02 7.341241272007849039e-01 0.000000000000000000e+00 1.193165397644042969e+01
1.400000000000000000e+02 7.335713404767025825e-01 0.000000000000000000e+00 1.193299198150634766e+01
1.410000000000000000e+02 7.341025251505234328e-01 0.000000000000000000e+00 1.193365383148193359e+01
1.420000000000000000e+02 7.365391064675014254e-01 0.000000000000000000e+00 1.193523216247558594e+01
1.430000000000000000e+02 7.364197323413688157e-01 0.000000000000000000e+00 1.193633365631103516e+01
1.440000000000000000e+02 7.367030705900764476e-01 0.000000000000000000e+00 1.193850231170654297e+01
1.450000000000000000e+02 7.369594256813841726e-01 0.000000000000000000e+00 1.193886089324951172e+01
1.460000000000000000e+02 7.374828300431957029e-01 0.000000000000000000e+00 1.194124603271484375e+01
1.470000000000000000e+02 7.384567093498950463e-01 0.000000000000000000e+00 1.194553184509277344e+01
1.480000000000000000e+02 7.393998339162232147e-01 0.000000000000000000e+00 1.194722270965576172e+01
1.490000000000000000e+02 7.384572560495498150e-01 0.000000000000000000e+00 1.194713878631591797e+01
1.500000000000000000e+02 7.388063707727924312e-01 0.000000000000000000e+00 1.194688034057617188e+01
1.510000000000000000e+02 7.397013490246469036e-01 0.000000000000000000e+00 1.194724178314208984e+01
1.520000000000000000e+02 7.400203418373647590e-01 0.000000000000000000e+00 1.194761943817138672e+01
1.530000000000000000e+02 7.401099181512597047e-01 0.000000000000000000e+00 1.194973659515380859e+01
1.540000000000000000e+02 7.405983877926411996e-01 0.000000000000000000e+00 1.195250225067138672e+01
1.550000000000000000e+02 7.412919764835906866e-01 0.000000000000000000e+00 1.195516300201416016e+01
1.560000000000000000e+02 7.415991810138509166e-01 0.000000000000000000e+00 1.195838165283203125e+01
1.570000000000000000e+02 7.416832815115667055e-01 0.000000000000000000e+00 1.195903015136718750e+01
1.580000000000000000e+02 7.420558646585884155e-01 0.000000000000000000e+00 1.196145439147949219e+01
1.590000000000000000e+02 7.426876464029650293e-01 0.000000000000000000e+00 1.196154022216796875e+01
1.600000000000000000e+02 7.433396185279931290e-01 0.000000000000000000e+00 1.196107196807861328e+01
1.610000000000000000e+02 7.435169568916401017e-01 0.000000000000000000e+00 1.196122550964355469e+01
1.620000000000000000e+02 7.443803191016959975e-01 0.000000000000000000e+00 1.196197986602783203e+01
1.630000000000000000e+02 7.436121316891901589e-01 0.000000000000000000e+00 1.196182155609130859e+01
1.640000000000000000e+02 7.446468832183469333e-01 0.000000000000000000e+00 1.196359634399414062e+01
1.650000000000000000e+02 7.444964555748957435e-01 0.000000000000000000e+00 1.196431636810302734e+01
1.660000000000000000e+02 7.461576380511465434e-01 0.000000000000000000e+00 1.196463108062744141e+01
1.670000000000000000e+02 7.472898916440056105e-01 0.000000000000000000e+00 1.196754074096679688e+01
1.680000000000000000e+02 7.469131073024039003e-01 0.000000000000000000e+00 1.196744251251220703e+01
1.690000000000000000e+02 7.464114092987642612e-01 0.000000000000000000e+00 1.196845626831054688e+01
1.700000000000000000e+02 7.471190320671485807e-01 0.000000000000000000e+00 1.196859455108642578e+01
1.710000000000000000e+02 7.477802048784766287e-01 0.000000000000000000e+00 1.196916675567626953e+01
1.720000000000000000e+02 7.471213584720950429e-01 0.000000000000000000e+00 1.197081565856933594e+01
1.730000000000000000e+02 7.472867434415453314e-01 0.000000000000000000e+00 1.197135257720947266e+01
1.740000000000000000e+02 7.477958440752748848e-01 0.000000000000000000e+00 1.197149562835693359e+01
1.750000000000000000e+02 7.471024902925733624e-01 0.000000000000000000e+00 1.197213172912597656e+01
1.760000000000000000e+02 7.473305804855332468e-01 0.000000000000000000e+00 1.197284793853759766e+01
1.770000000000000000e+02 7.466983746689939139e-01 0.000000000000000000e+00 1.197310161590576172e+01
1.780000000000000000e+02 7.479366803217399884e-01 0.000000000000000000e+00 1.197413635253906250e+01
1.790000000000000000e+02 7.477741240178661375e-01 0.000000000000000000e+00 1.197379112243652344e+01
1.800000000000000000e+02 7.490023272500643259e-01 0.000000000000000000e+00 1.197562217712402344e+01
1.810000000000000000e+02 7.496484034683864595e-01 0.000000000000000000e+00 1.197786998748779297e+01
1.820000000000000000e+02 7.485436104618680142e-01 0.000000000000000000e+00 1.197743797302246094e+01
1.830000000000000000e+02 7.490954208737268250e-01 0.000000000000000000e+00 1.197696208953857422e+01
1.840000000000000000e+02 7.504801988308729133e-01 0.000000000000000000e+00 1.197916316986083984e+01
1.850000000000000000e+02 7.499399490200708840e-01 0.000000000000000000e+00 1.198005962371826172e+01
1.860000000000000000e+02 7.501692117860101483e-01 0.000000000000000000e+00 1.197996044158935547e+01
1.870000000000000000e+02 7.506778366675562753e-01 0.000000000000000000e+00 1.198108959197998047e+01
1.880000000000000000e+02 7.501654542999139919e-01 0.000000000000000000e+00 1.198396015167236328e+01
1.890000000000000000e+02 7.494535551245787852e-01 0.000000000000000000e+00 1.198281478881835938e+01
1.900000000000000000e+02 7.494676730660037034e-01 0.000000000000000000e+00 1.198411941528320312e+01
1.910000000000000000e+02 7.487743841918835797e-01 0.000000000000000000e+00 1.198532867431640625e+01
1.920000000000000000e+02 7.500271758815674206e-01 0.000000000000000000e+00 1.198303794860839844e+01
1.930000000000000000e+02 7.499538524858739841e-01 0.000000000000000000e+00 1.198388385772705078e+01
1.940000000000000000e+02 7.496367223867282936e-01 0.000000000000000000e+00 1.198208522796630859e+01
1.950000000000000000e+02 7.500889993160422264e-01 0.000000000000000000e+00 1.198289680480957031e+01
1.960000000000000000e+02 7.496726266371998015e-01 0.000000000000000000e+00 1.198358821868896484e+01
1.970000000000000000e+02 7.502894162767135278e-01 0.000000000000000000e+00 1.198361968994140625e+01
1.980000000000000000e+02 7.501740694012355437e-01 0.000000000000000000e+00 1.198290634155273438e+01
1.990000000000000000e+02 7.498094215541386554e-01 0.000000000000000000e+00 1.198415279388427734e+01
2.000000000000000000e+02 7.413941492906908071e-01 2.647047438101848491e-02 8.001440048217773438e+00
2.010000000000000000e+02 7.280577362913751571e-01 3.123288748575199156e-02 8.160587310791015625e+00
2.020000000000000000e+02 7.106887984959765481e-01 3.840235965962383868e-02 8.311312675476074219e+00
2.030000000000000000e+02 6.923581023012141955e-01 4.700854013110167262e-02 8.455996513366699219e+00
2.040000000000000000e+02 6.690860471180626323e-01 5.740903528206958706e-02 8.591126441955566406e+00
2.050000000000000000e+02 6.462785860074637956e-01 6.860363459050419777e-02 8.720124244689941406e+00
2.060000000000000000e+02 6.200948034362051553e-01 7.891793686658583884e-02 8.843195915222167969e+00
2.070000000000000000e+02 5.928525877765166152e-01 9.014481905579051213e-02 8.959939956665039062e+00
2.080000000000000000e+02 5.664527591380389415e-01 1.023860548835585360e-01 9.068674087524414062e+00
2.090000000000000000e+02 5.402302354768708792e-01 1.133108261058945188e-01 9.171547889709472656e+00
2.100000000000000000e+02 5.143533292535410473e-01 1.245990951527867763e-01 9.269605636596679688e+00
2.110000000000000000e+02 4.882307509130538459e-01 1.359403531898442929e-01 9.359888076782226562e+00
2.120000000000000000e+02 4.649166589607803268e-01 1.471664561529086868e-01 9.447389602661132812e+00
2.130000000000000000e+02 4.401836852421420754e-01 1.589144509020859464e-01 9.530845642089843750e+00
2.140000000000000000e+02 4.186574361477925499e-01 1.710678016982320748e-01 9.611107826232910156e+00
2.150000000000000000e+02 3.985221459887742790e-01 1.820222710168475644e-01 9.687422752380371094e+00
2.160000000000000000e+02 3.785127492098078195e-01 1.935474671339973696e-01 9.758751869201660156e+00
2.170000000000000000e+02 3.610724455256130172e-01 2.043301963790210007e-01 9.827404022216796875e+00
2.180000000000000000e+02 3.438346986262650340e-01 2.144163460724510251e-01 9.892166137695312500e+00
2.190000000000000000e+02 3.279084313294448605e-01 2.261829305714711247e-01 9.954364776611328125e+00
2.200000000000000000e+02 3.115635383444415596e-01 2.359090819260586946e-01 1.001523876190185547e+01
2.210000000000000000e+02 2.969109570669058451e-01 2.470919790913055913e-01 1.007462596893310547e+01
2.220000000000000000e+02 2.839684150219478065e-01 2.574030301924506436e-01 1.013139438629150391e+01
2.230000000000000000e+02 2.702127604829604457e-01 2.671372201031443905e-01 1.018664073944091797e+01
2.240000000000000000e+02 2.585790306855177412e-01 2.782939382237223924e-01 1.023894405364990234e+01
2.250000000000000000e+02 2.461747734388235742e-01 2.870126395815433828e-01 1.029014205932617188e+01
2.260000000000000000e+02 2.344793525481229657e-01 2.975824722518222720e-01 1.033997440338134766e+01
2.270000000000000000e+02 2.244362783705173836e-01 3.072629490082013914e-01 1.038857364654541016e+01
2.280000000000000000e+02 2.154009510315072762e-01 3.167391655048381605e-01 1.043451023101806641e+01
2.290000000000000000e+02 2.051180885844486046e-01 3.263867969092319465e-01 1.047834300994873047e+01
2.300000000000000000e+02 1.965982139260362693e-01 3.362605565092433024e-01 1.052232837677001953e+01
2.310000000000000000e+02 1.879518674890610641e-01 3.451647985865616275e-01 1.056515598297119141e+01
2.320000000000000000e+02 1.794270408915198400e-01 3.545756080960113521e-01 1.060775566101074219e+01
2.330000000000000000e+02 1.720936858771459077e-01 3.637457272803164554e-01 1.064681434631347656e+01
2.340000000000000000e+02 1.637211887491614726e-01 3.725387903392561872e-01 1.068471813201904297e+01
2.350000000000000000e+02 1.574067658917691348e-01 3.814144656766046970e-01 1.072234630584716797e+01
2.360000000000000000e+02 1.512231738180361551e-01 3.902249947899706362e-01 1.076041507720947266e+01
2.370000000000000000e+02 1.448610510459301115e-01 3.980062087244890523e-01 1.079646778106689453e+01
2.380000000000000000e+02 1.389776591104033565e-01 4.071773267482958203e-01 1.083134841918945312e+01
2.390000000000000000e+02 1.334924931218568200e-01 4.144764940583675616e-01 1.086694526672363281e+01
2.400000000000000000e+02 1.277980339074998306e-01 4.230610727539987903e-01 1.089821815490722656e+01
2.410000000000000000e+02 1.232931286272162669e-01 4.323897577241074264e-01 1.093121242523193359e+01
2.420000000000000000e+02 1.176965700105653267e-01 4.403759591374055149e-01 1.096455192565917969e+01
2.430000000000000000e+02 1.132241609368083990e-01 4.476653767151568264e-01 1.099557971954345703e+01
2.440000000000000000e+02 1.091274394159900823e-01 4.543900440232627735e-01 1.102453613281250000e+01
2.450000000000000000e+02 1.053009112966376143e-01 4.619069157460121700e-01 1.105383396148681641e+01
2.460000000000000000e+02 1.018062959578258375e-01 4.690967799711520114e-01 1.108251762390136719e+01
2.470000000000000000e+02 9.754247955666650594e-02 4.758709769945470014e-01 1.110845756530761719e+01
2.480000000000000000e+02 9.524694936605206108e-02 4.824076235367737442e-01 1.113312244415283203e+01
2.490000000000000000e+02 9.024574253509887178e-02 4.894766579815860164e-01 1.115800380706787109e+01
2.500000000000000000e+02 8.796971455761266878e-02 4.955874320606789563e-01 1.118357181549072266e+01
2.510000000000000000e+02 8.430186919823259850e-02 5.028616244448810280e-01 1.120549201965332031e+01
2.520000000000000000e+02 8.092929101154368310e-02 5.089092353707911354e-01 1.122820758819580078e+01
2.530000000000000000e+02 7.896144252131609420e-02 5.139586748149986839e-01 1.124929714202880859e+01
2.540000000000000000e+02 7.566290806833847471e-02 5.205528411654624099e-01 1.127218151092529297e+01
2.550000000000000000e+02 7.345923883441997371e-02 5.270869203513448564e-01 1.129301261901855469e+01
2.560000000000000000e+02 7.074903924682889034e-02 5.330109776837776980e-01 1.131579017639160156e+01
2.570000000000000000e+02 6.873418173210198157e-02 5.385520013698061881e-01 1.133587837219238281e+01
2.580000000000000000e+02 6.645624899354013460e-02 5.450968080579572383e-01 1.135538196563720703e+01
2.590000000000000000e+02 6.569809446048407997e-02 5.496736535698416581e-01 1.137652397155761719e+01
2.600000000000000000e+02 6.353587562188037219e-02 5.543931026511418336e-01 1.139521217346191406e+01
2.610000000000000000e+02 6.117441846975550657e-02 5.587944598633562965e-01 1.141335868835449219e+01
2.620000000000000000e+02 5.953277299570970682e-02 5.649698729606980052e-01 1.143089294433593750e+01
2.630000000000000000e+02 5.841717019922825632e-02 5.691350222969840944e-01 1.144891262054443359e+01
2.640000000000000000e+02 5.644647741922816098e-02 5.737562097969016728e-01 1.146624755859375000e+01
2.650000000000000000e+02 5.487945705977580191e-02 5.799741264026267995e-01 1.148124122619628906e+01
2.660000000000000000e+02 5.298775867823392327e-02 5.845021681189253027e-01 1.149410629272460938e+01
2.670000000000000000e+02 5.144871642516259808e-02 5.890057364725977962e-01 1.151004791259765625e+01
2.680000000000000000e+02 5.058232733129033876e-02 5.939055032632182263e-01 1.152471828460693359e+01
2.690000000000000000e+02 5.034114907219319063e-02 5.973169527070033569e-01 1.153829193115234375e+01
2.700000000000000000e+02 4.783442409209995305e-02 6.011179879273282900e-01 1.155198192596435547e+01
2.710000000000000000e+02 4.728511758594892284e-02 6.060450890440581828e-01 1.156484794616699219e+01
2.720000000000000000e+02 4.563964500863713220e-02 6.093674602585524847e-01 1.157825756072998047e+01
2.730000000000000000e+02 4.453722175933703953e-02 6.121273888350253767e-01 1.159042644500732422e+01
2.740000000000000000e+02 4.401628539167568716e-02 6.159276403911739806e-01 1.160079956054687500e+01
2.750000000000000000e+02 4.299638478137913361e-02 6.200204064133623127e-01 1.161389827728271484e+01
2.760000000000000000e+02 4.266067672310059483e-02 6.231207243949193897e-01 1.162647438049316406e+01
2.770000000000000000e+02 4.085034905280238160e-02 6.264800042569020899e-01 1.163807010650634766e+01
2.780000000000000000e+02 4.120780550321733599e-02 6.306932364849037187e-01 1.165016937255859375e+01
2.790000000000000000e+02 4.037768927852240092e-02 6.337130200193238361e-01 1.166128158569335938e+01
2.800000000000000000e+02 3.918867391221272922e-02 6.370306953820437101e-01 1.167148399353027344e+01
2.810000000000000000e+02 3.806314556624031814e-02 6.395020602760618234e-01 1.168183612823486328e+01
2.820000000000000000e+02 3.815041852106798581e-02 6.424416939090985545e-01 1.169125652313232422e+01
2.830000000000000000e+02 3.782220874846126124e-02 6.454745220330611044e-01 1.170099830627441406e+01
2.840000000000000000e+02 3.725686902077448431e-02 6.483417163389294524e-01 1.170977592468261719e+01
2.850000000000000000e+02 3.565903005459137437e-02 6.507561342687707695e-01 1.171925640106201172e+01
2.860000000000000000e+02 3.588666147513829008e-02 6.528922405424723019e-01 1.172683620452880859e+01
2.870000000000000000e+02 3.540399768518048135e-02 6.559944146925048569e-01 1.173535251617431641e+01
2.880000000000000000e+02 3.504982843280032845e-02 6.588678234703171377e-01 1.174337005615234375e+01
2.890000000000000000e+02 3.396427471944038490e-02 6.615153564082069115e-01 1.175122642517089844e+01
2.900000000000000000e+02 3.371247985152708154e-02 6.635091840668215779e-01 1.175902843475341797e+01
2.910000000000000000e+02 3.306937037209813773e-02 6.668816114474140910e-01 1.176619243621826172e+01
2.920000000000000000e+02 3.283921288385512061e-02 6.682448412281526418e-01 1.177330780029296875e+01
2.930000000000000000e+02 3.260929710532520232e-02 6.717176252375327561e-01 1.178000926971435547e+01
2.940000000000000000e+02 3.182262987661341191e-02 6.733309557300559689e-01 1.178662967681884766e+01
2.950000000000000000e+02 3.145302987272684259e-02 6.752833099643181791e-01 1.179287433624267578e+01
2.960000000000000000e+02 3.117860599570996052e-02 6.777236821325142158e-01 1.179857826232910156e+01
2.970000000000000000e+02 3.106695354294253600e-02 6.811593473133956689e-01 1.180513668060302734e+01
2.980000000000000000e+02 3.121503504798025727e-02 6.831502136971545625e-01 1.181126785278320312e+01
2.990000000000000000e+02 3.129121582712443561e-02 6.846343588635214195e-01 1.181643772125244141e+01
3.000000000000000000e+02 3.047421895984534987e-02 6.869037138378879526e-01 1.182156562805175781e+01
3.010000000000000000e+02 3.013303731766353924e-02 6.886221807145547213e-01 1.182620811462402344e+01
3.020000000000000000e+02 2.969884137499242960e-02 6.898950275355031359e-01 1.183113098144531250e+01
3.030000000000000000e+02 2.971090969028622464e-02 6.915909836304184877e-01 1.183716392517089844e+01
3.040000000000000000e+02 2.901774929905377720e-02 6.925830549845241046e-01 1.184267807006835938e+01
3.050000000000000000e+02 2.963181142140249025e-02 6.954729314295562403e-01 1.184737777709960938e+01
3.060000000000000000e+02 2.944814977998939931e-02 6.966114428407711445e-01 1.185110664367675781e+01
3.070000000000000000e+02 2.840624146533836381e-02 6.971454196832753691e-01 1.185600852966308594e+01
3.080000000000000000e+02 2.942928481853990252e-02 6.991281613481599155e-01 1.185913753509521484e+01
3.090000000000000000e+02 2.877094692935613235e-02 7.007090147673679104e-01 1.186431217193603516e+01
3.100000000000000000e+02 2.844060398564049116e-02 7.038069179148220833e-01 1.186836433410644531e+01
3.110000000000000000e+02 2.845982533159808342e-02 7.039093192466966409e-01 1.187311172485351562e+01
3.120000000000000000e+02 2.897469775198700109e-02 7.054583584683231656e-01 1.187759590148925781e+01
3.130000000000000000e+02 2.816071392148981195e-02 7.064096332635932951e-01 1.188068962097167969e+01
3.140000000000000000e+02 2.651244117327447580e-02 7.088716814934378219e-01 1.188471031188964844e+01
3.150000000000000000e+02 2.768226519685166448e-02 7.098583118729699937e-01 1.188911724090576172e+01
3.160000000000000000e+02 2.709284034101877570e-02 7.107617777121317815e-01 1.189434909820556641e+01
3.170000000000000000e+02 2.803389087394967186e-02 7.122212647148035147e-01 1.189987564086914062e+01
3.180000000000000000e+02 2.793025255749542399e-02 7.131706308187779619e-01 1.190285491943359375e+01
3.190000000000000000e+02 2.651441551902271668e-02 7.146600330564157888e-01 1.190636825561523438e+01
3.200000000000000000e+02 2.679855795250889183e-02 7.162369992648799366e-01 1.190755558013916016e+01
3.210000000000000000e+02 2.660671167697870390e-02 7.165156169052098178e-01 1.191036796569824219e+01
3.220000000000000000e+02 2.684535565417571490e-02 7.177493369001239909e-01 1.191201972961425781e+01
3.230000000000000000e+02 2.738098737048332010e-02 7.189552194816841713e-01 1.191553878784179688e+01
3.240000000000000000e+02 2.672868651704472104e-02 7.202388882823749228e-01 1.191671562194824219e+01
3.250000000000000000e+02 2.659093071145456066e-02 7.218988212951800154e-01 1.191970539093017578e+01
3.260000000000000000e+02 2.706931027380461013e-02 7.230402229885143361e-01 1.192375564575195312e+01
3.270000000000000000e+02 2.642485405645584456e-02 7.238744300200926629e-01 1.192611217498779297e+01
3.280000000000000000e+02 2.730059657031476059e-02 7.253321969017554327e-01 1.192918968200683594e+01
3.290000000000000000e+02 2.620215589607407039e-02 7.252771733498306617e-01 1.193239498138427734e+01
3.300000000000000000e+02 2.581522455200563684e-02 7.266013968341914486e-01 1.193525314331054688e+01
3.310000000000000000e+02 2.605478142040564341e-02 7.269897508269160813e-01 1.193779087066650391e+01
3.320000000000000000e+02 2.676287974218942434e-02 7.279243467806995049e-01 1.194012165069580078e+01
3.330000000000000000e+02 2.672685580633000005e-02 7.280941056989164162e-01 1.194232559204101562e+01
3.340000000000000000e+02 2.637245947351698691e-02 7.283321443337682499e-01 1.194452571868896484e+01
3.350000000000000000e+02 2.656072967019868988e-02 7.293501434470089917e-01 1.194675540924072266e+01
3.360000000000000000e+02 2.717856613768874705e-02 7.290054842308505423e-01 1.195168495178222656e+01
3.370000000000000000e+02 2.568716167847335044e-02 7.303064860486284671e-01 1.195503234863281250e+01
3.380000000000000000e+02 2.539938905188460563e-02 7.307464676198652809e-01 1.195648670196533203e+01
3.390000000000000000e+02 2.637659774507718907e-02 7.315584136558610506e-01 1.195810985565185547e+01
3.400000000000000000e+02 2.559813064230921642e-02 7.318194559670972987e-01 1.195998764038085938e+01
3.410000000000000000e+02 2.561259056237570608e-02 7.313858745757102486e-01 1.196369552612304688e+01
3.420000000000000000e+02 2.589154095604229849e-02 7.322158621962699954e-01 1.196606540679931641e+01
3.430000000000000000e+02 2.630655401379784764e-02 7.321689723935688177e-01 1.196792411804199219e+01
3.440000000000000000e+02 2.565971185175362421e-02 7.328838884669923726e-01 1.196898269653320312e+01
3.450000000000000000e+02 2.515514951818106915e-02 7.335402643498853958e-01 1.197098350524902344e+01
3.460000000000000000e+02 2.582013518051333445e-02 7.336847014937069034e-01 1.197194957733154297e+01
3.470000000000000000e+02 2.433160284881379781e-02 7.341268745092748294e-01 1.197299003601074219e+01
3.480000000000000000e+02 2.576764020557880189e-02 7.349341512465686899e-01 1.197416210174560547e+01
3.490000000000000000e+02 2.490049435827474886e-02 7.337223762915824343e-01 1.197484970092773438e+01
3.500000000000000000e+02 2.472277684034767525e-02 7.352346015227854137e-01 1.197638034820556641e+01
3.510000000000000000e+02 2.514186883344331214e-02 7.360378264728192343e-01 1.197783088684082031e+01
3.520000000000000000e+02 2.538905136763920309e-02 7.372278144554762491e-01 1.197869205474853516e+01
3.530000000000000000e+02 2.486160042577361534e-02 7.372842727947802599e-01 1.198114967346191406e+01
3.540000000000000000e+02 2.486636205803126332e-02 7.375189330369715801e-01 1.198508739471435547e+01
3.550000000000000000e+02 2.441654467938834255e-02 7.384586188071204926e-01 1.198600196838378906e+01
3.560000000000000000e+02 2.576837321029339795e-02 7.385286507569245318e-01 1.198767757415771484e+01
3.570000000000000000e+02 2.513720772373209678e-02 7.388778026554471134e-01 1.198749160766601562e+01
3.580000000000000000e+02 2.505595215440587636e-02 7.396848631067430846e-01 1.198816013336181641e+01
3.590000000000000000e+02 2.596476802837284492e-02 7.394746778983058988e-01 1.198919582366943359e+01
3.600000000000000000e+02 2.548810732474098006e-02 7.400033987011237491e-01 1.198981952667236328e+01
3.610000000000000000e+02 2.490812518066929521e-02 7.404467991102188229e-01 1.199087142944335938e+01
3.620000000000000000e+02 2.585020374399087453e-02 7.410178618718835653e-01 1.199430179595947266e+01
3.630000000000000000e+02 2.620460066473831798e-02 7.409648190513760113e-01 1.199467563629150391e+01
3.640000000000000000e+02 2.620571554977589937e-02 7.406789445949055750e-01 1.199506568908691406e+01
3.650000000000000000e+02 2.495529666357227186e-02 7.421647473379415771e-01 1.199562835693359375e+01
3.660000000000000000e+02 2.482350080586467195e-02 7.421737456886660089e-01 1.199584007263183594e+01
3.670000000000000000e+02 2.592538371053750360e-02 7.432829458990749538e-01 1.199641799926757812e+01
3.680000000000000000e+02 2.461295092255287587e-02 7.436016961361507915e-01 1.199838733673095703e+01
3.690000000000000000e+02 2.541817347347346753e-02 7.442442724033165868e-01 1.199817180633544922e+01
3.700000000000000000e+02 2.561343156223710310e-02 7.447280956822498466e-01 1.199847793579101562e+01
3.710000000000000000e+02 2.525330290757192564e-02 7.451057403069949459e-01 1.199929428100585938e+01
3.720000000000000000e+02 2.463820364542686561e-02 7.444588495787367588e-01 1.200012302398681641e+01
3.730000000000000000e+02 2.476445169131000212e-02 7.461606206566178123e-01 1.199781990051269531e+01
3.740000000000000000e+02 2.442424365453042118e-02 7.455665922519576494e-01 1.199884510040283203e+01
3.750000000000000000e+02 2.413069521643728538e-02 7.461673915198818730e-01 1.199826240539550781e+01
3.760000000000000000e+02 2.490375020587134308e-02 7.469301800472529784e-01 1.199920368194580078e+01
3.770000000000000000e+02 2.438990044849633290e-02 7.461005218124675542e-01 1.199998760223388672e+01
3.780000000000000000e+02 2.554435784941373397e-02 7.472992989381159745e-01 1.199835205078125000e+01
3.790000000000000000e+02 2.424561578063908623e-02 7.474588317049990494e-01 1.199785995483398438e+01
3.800000000000000000e+02 2.470369580102334955e-02 7.490076166218064824e-01 1.199768161773681641e+01
3.810000000000000000e+02 2.433313914715858756e-02 7.486598019759580502e-01 1.199878120422363281e+01
3.820000000000000000e+02 2.526840076434763022e-02 7.486425132543272909e-01 1.199864959716796875e+01
3.830000000000000000e+02 2.542610056118892528e-02 7.490158175037134880e-01 1.200094413757324219e+01
3.840000000000000000e+02 2.549989075871876912e-02 7.490186150065900605e-01 1.200286769866943359e+01
3.850000000000000000e+02 2.555886598839928955e-02 7.502092759538151467e-01 1.200391197204589844e+01
3.860000000000000000e+02 2.497012834418972996e-02 7.497181239985879486e-01 1.200551891326904297e+01
3.870000000000000000e+02 2.442642536065580197e-02 7.484144100339806815e-01 1.200374031066894531e+01
3.880000000000000000e+02 2.535952342182926436e-02 7.486353436489948665e-01 1.200488853454589844e+01
3.890000000000000000e+02 2.482936431884578965e-02 7.484516660010270828e-01 1.200535202026367188e+01
3.900000000000000000e+02 2.484027834537945456e-02 7.486115581167636090e-01 1.200463390350341797e+01
3.910000000000000000e+02 2.380101523706561542e-02 7.490672407558183199e-01 1.200577640533447266e+01
3.920000000000000000e+02 2.472188758042041107e-02 7.496577957836881856e-01 1.200588798522949219e+01
3.930000000000000000e+02 2.523813685323160125e-02 7.506747501418578050e-01 1.200710868835449219e+01
3.940000000000000000e+02 2.495043091850607936e-02 7.500975136078438243e-01 1.200903224945068359e+01
3.950000000000000000e+02 2.426871939528390046e-02 7.512170074645404538e-01 1.201107978820800781e+01
3.960000000000000000e+02 2.404251737626284663e-02 7.508065183820687993e-01 1.201163482666015625e+01
3.970000000000000000e+02 2.419334206053494127e-02 7.513836146644714553e-01 1.201094150543212891e+01
3.980000000000000000e+02 2.506996862311529697e-02 7.522341104808130119e-01 1.201016426086425781e+01
