0.000000000000000000e+00 3.520563956299770092e-02 0.000000000000000000e+00 6.103515148162841797e+00
1.000000000000000000e+00 4.207154553153086979e-02 0.000000000000000000e+00 6.261922359466552734e+00
2.000000000000000000e+00 5.220795272565938172e-02 0.000000000000000000e+00 6.407874107360839844e+00
3.000000000000000000e+00 6.575516921817776972e-02 0.000000000000000000e+00 6.545262813568115234e+00
4.000000000000000000e+00 7.969357387804393289e-02 0.000000000000000000e+00 6.676197052001953125e+00
5.000000000000000000e+00 9.582883272186552837e-02 0.000000000000000000e+00 6.797428607940673828e+00
6.000000000000000000e+00 1.123399006089012275e-01 0.000000000000000000e+00 6.908705711364746094e+00
7.000000000000000000e+00 1.282643442117058219e-01 0.000000000000000000e+00 7.015101909637451172e+00
8.000000000000000000e+00 1.447376024591421062e-01 0.000000000000000000e+00 7.114380836486816406e+00
9.000000000000000000e+00 1.610185899881670935e-01 0.000000000000000000e+00 7.208786964416503906e+00
1.000000000000000000e+01 1.774073924797529567e-01 0.000000000000000000e+00 7.299629211425781250e+00
1.100000000000000000e+01 1.940772269065109135e-01 0.000000000000000000e+00 7.382515430450439453e+00
1.200000000000000000e+01 2.102243950519630533e-01 0.000000000000000000e+00 7.461316108703613281e+00
1.300000000000000000e+01 2.257989315920777285e-01 0.000000000000000000e+00 7.535613536834716797e+00
1.400000000000000000e+01 2.414435059398875871e-01 0.000000000000000000e+00 7.607718467712402344e+00
1.500000000000000000e+01 2.560315042002370145e-01 0.000000000000000000e+00 7.674883842468261719e+00
1.600000000000000000e+01 2.703608405889912913e-01 0.000000000000000000e+00 7.739707469940185547e+00
1.700000000000000000e+01 2.858775862739287854e-01 0.000000000000000000e+00 7.800763607025146484e+00
1.800000000000000000e+01 3.003801782577272816e-01 0.000000000000000000e+00 7.858522891998291016e+00
1.900000000000000000e+01 3.142722282564741065e-01 0.000000000000000000e+00 7.914383411407470703e+00
2.000000000000000000e+01 3.275476408878670864e-01 0.000000000000000000e+00 7.967803478240966797e+00
2.100000000000000000e+01 3.410468793695085599e-01 0.000000000000000000e+00 8.018728256225585938e+00
2.200000000000000000e+01 3.542430769868578078e-01 0.000000000000000000e+00 8.067570686340332031e+00
2.300000000000000000e+01 3.676029958082538962e-01 0.000000000000000000e+00 8.113713264465332031e+00
2.400000000000000000e+01 3.802977337765933163e-01 0.000000000000000000e+00 8.158646583557128906e+00
2.500000000000000000e+01 3.925312615979374975e-01 0.000000000000000000e+00 8.201989173889160156e+00
2.600000000000000000e+01 4.057220220075830608e-01 0.000000000000000000e+00 8.244749069213867188e+00
2.700000000000000000e+01 4.175099884000600947e-01 0.000000000000000000e+00 8.285845756530761719e+00
2.800000000000000000e+01 4.298515619471482974e-01 0.000000000000000000e+00 8.326013565063476562e+00
2.900000000000000000e+01 4.407662241041955253e-01 0.000000000000000000e+00 8.365298271179199219e+00
3.000000000000000000e+01 4.529108107385980131e-01 0.000000000000000000e+00 8.402826309204101562e+00
3.100000000000000000e+01 4.647883370988025176e-01 0.000000000000000000e+00 8.440016746520996094e+00
3.200000000000000000e+01 4.751860687663144178e-01 0.000000000000000000e+00 8.475317955017089844e+00
3.300000000000000000e+01 4.870984000131352021e-01 0.000000000000000000e+00 8.509989738464355469e+00
3.400000000000000000e+01 4.963680377658235554e-01 0.000000000000000000e+00 8.543069839477539062e+00
3.500000000000000000e+01 5.066648902163438661e-01 0.000000000000000000e+00 8.575282096862792969e+00
3.600000000000000000e+01 5.174189226627274873e-01 0.000000000000000000e+00 8.605372428894042969e+00
3.700000000000000000e+01 5.271902067921006019e-01 0.000000000000000000e+00 8.634544372558593750e+00
3.800000000000000000e+01 5.354924962935648791e-01 0.000000000000000000e+00 8.662559509277343750e+00
3.900000000000000000e+01 5.451621823811232392e-01 0.000000000000000000e+00 8.690355300903320312e+00
4.000000000000000000e+01 5.542660702714139465e-01 0.000000000000000000e+00 8.717222213745117188e+00
4.100000000000000000e+01 5.638599573743530158e-01 0.000000000000000000e+00 8.743563652038574219e+00
4.200000000000000000e+01 5.719261232842488551e-01 0.000000000000000000e+00 8.769488334655761719e+00
4.300000000000000000e+01 5.795661000175704736e-01 0.000000000000000000e+00 8.793696403503417969e+00
4.400000000000000000e+01 5.887042693628935508e-01 0.000000000000000000e+00 8.817707061767578125e+00
4.500000000000000000e+01 5.979405475185696206e-01 0.000000000000000000e+00 8.841830253601074219e+00
4.600000000000000000e+01 6.047175157756818908e-01 0.000000000000000000e+00 8.865055084228515625e+00
4.700000000000000000e+01 6.116889211098055501e-01 0.000000000000000000e+00 8.887170791625976562e+00
4.800000000000000000e+01 6.203392478914649955e-01 0.000000000000000000e+00 8.908120155334472656e+00
4.900000000000000000e+01 6.279056421943446376e-01 0.000000000000000000e+00 8.927840232849121094e+00
5.000000000000000000e+01 6.353095510092796605e-01 0.000000000000000000e+00 8.948361396789550781e+00
5.100000000000000000e+01 6.428603397851569978e-01 0.000000000000000000e+00 8.967707633972167969e+00
5.200000000000000000e+01 6.493481482729804855e-01 0.000000000000000000e+00 8.986306190490722656e+00
5.300000000000000000e+01 6.579659858997533028e-01 0.000000000000000000e+00 9.005034446716308594e+00
5.400000000000000000e+01 6.632185176871799870e-01 0.000000000000000000e+00 9.023539543151855469e+00
5.500000000000000000e+01 6.702045235495723841e-01 0.000000000000000000e+00 9.042793273925781250e+00
5.600000000000000000e+01 6.766546148855712151e-01 0.000000000000000000e+00 9.059977531433105469e+00
5.700000000000000000e+01 6.830672102061436934e-01 0.000000000000000000e+00 9.076140403747558594e+00
5.800000000000000000e+01 6.902739769455803476e-01 0.000000000000000000e+00 9.091796875000000000e+00
5.900000000000000000e+01 6.952948053276489793e-01 0.000000000000000000e+00 9.108233451843261719e+00
6.000000000000000000e+01 7.022252354234534977e-01 0.000000000000000000e+00 9.123651504516601562e+00
6.100000000000000000e+01 7.066171965841643310e-01 0.000000000000000000e+00 9.138890266418457031e+00
6.200000000000000000e+01 7.120301761549862052e-01 0.000000000000000000e+00 9.152551651000976562e+00
6.300000000000000000e+01 7.172240529900352213e-01 0.000000000000000000e+00 9.166035652160644531e+00
6.400000000000000000e+01 7.218592490368970216e-01 0.000000000000000000e+00 9.179448127746582031e+00
6.500000000000000000e+01 7.269251009856436685e-01 0.000000000000000000e+00 9.191370010375976562e+00
6.600000000000000000e+01 7.320073091087893058e-01 0.000000000000000000e+00 9.204901695251464844e+00
6.700000000000000000e+01 7.361066894328103238e-01 0.000000000000000000e+00 9.217206954956054688e+00
6.800000000000000000e+01 7.409337893594609703e-01 0.000000000000000000e+00 9.226417541503906250e+00
6.900000000000000000e+01 7.455187608738572669e-01 0.000000000000000000e+00 9.238119125366210938e+00
7.000000000000000000e+01 7.482562308387085137e-01 0.000000000000000000e+00 9.249690055847167969e+00
7.100000000000000000e+01 7.525699671715230243e-01 0.000000000000000000e+00 9.259690284729003906e+00
7.200000000000000000e+01 7.569631334088088304e-01 0.000000000000000000e+00 9.270598411560058594e+00
7.300000000000000000e+01 7.598017657085581744e-01 0.000000000000000000e+00 9.280864715576171875e+00
7.400000000000000000e+01 7.644514908730232206e-01 0.000000000000000000e+00 9.289702415466308594e+00
7.500000000000000000e+01 7.670072079187716385e-01 0.000000000000000000e+00 9.298540115356445312e+00
7.600000000000000000e+01 7.705509889219004371e-01 0.000000000000000000e+00 9.308699607849121094e+00
7.700000000000000000e+01 7.740355690707655389e-01 0.000000000000000000e+00 9.317235946655273438e+00
7.800000000000000000e+01 7.774146473227858678e-01 0.000000000000000000e+00 9.326242446899414062e+00
7.900000000000000000e+01 7.805309119591294920e-01 0.000000000000000000e+00 9.335129737854003906e+00
8.000000000000000000e+01 7.843138846656274588e-01 0.000000000000000000e+00 9.343819618225097656e+00
8.100000000000000000e+01 7.871442050699957171e-01 0.000000000000000000e+00 9.351276397705078125e+00
8.200000000000000000e+01 7.897614220767080750e-01 0.000000000000000000e+00 9.357685089111328125e+00
8.300000000000000000e+01 7.930630864376578826e-01 0.000000000000000000e+00 9.364210128784179688e+00
8.400000000000000000e+01 7.960975503404873477e-01 0.000000000000000000e+00 9.371211051940917969e+00
8.500000000000000000e+01 7.985757053278801365e-01 0.000000000000000000e+00 9.377145767211914062e+00
8.600000000000000000e+01 8.014344627221005046e-01 0.000000000000000000e+00 9.383065223693847656e+00
8.700000000000000000e+01 8.032588296968893316e-01 0.000000000000000000e+00 9.389712333679199219e+00
8.800000000000000000e+01 8.056466497245280411e-01 0.000000000000000000e+00 9.395161628723144531e+00
8.900000000000000000e+01 8.076903181134936771e-01 0.000000000000000000e+00 9.400947570800781250e+00
9.000000000000000000e+01 8.111673205443995505e-01 0.000000000000000000e+00 9.407966613769531250e+00
9.100000000000000000e+01 8.130160207904959524e-01 0.000000000000000000e+00 9.413975715637207031e+00
9.200000000000000000e+01 8.159742626365764639e-01 0.000000000000000000e+00 9.419591903686523438e+00
9.300000000000000000e+01 8.171651582195372798e-01 0.000000000000000000e+00 9.425563812255859375e+00
9.400000000000000000e+01 8.205718266259685034e-01 0.000000000000000000e+00 9.430390357971191406e+00
9.500000000000000000e+01 8.215199101728827280e-01 0.000000000000000000e+00 9.435432434082031250e+00
9.600000000000000000e+01 8.240221135894009175e-01 0.000000000000000000e+00 9.437588691711425781e+00
9.700000000000000000e+01 8.261180210072900376e-01 0.000000000000000000e+00 9.441955566406250000e+00
9.800000000000000000e+01 8.285193185512822467e-01 0.000000000000000000e+00 9.446399688720703125e+00
9.900000000000000000e+01 8.306715706255963783e-01 0.000000000000000000e+00 9.450663566589355469e+00
1.000000000000000000e+02 8.314855932673492767e-01 0.000000000000000000e+00 9.454504013061523438e+00
1.010000000000000000e+02 8.330148569224203881e-01 0.000000000000000000e+00 9.456341743469238281e+00
1.020000000000000000e+02 8.340550230439974788e-01 0.000000000000000000e+00 9.461475372314453125e+00
1.030000000000000000e+02 8.361946435506319997e-01 0.000000000000000000e+00 9.465120315551757812e+00
1.040000000000000000e+02 8.363982719631833929e-01 0.000000000000000000e+00 9.467842102050781250e+00
1.050000000000000000e+02 8.382878482548506982e-01 0.000000000000000000e+00 9.470638275146484375e+00
1.060000000000000000e+02 8.411360628938088224e-01 0.000000000000000000e+00 9.474014282226562500e+00
1.070000000000000000e+02 8.414850315999449215e-01 0.000000000000000000e+00 9.477380752563476562e+00
1.080000000000000000e+02 8.428402247389297219e-01 0.000000000000000000e+00 9.480930328369140625e+00
1.090000000000000000e+02 8.453611218939626193e-01 0.000000000000000000e+00 9.483741760253906250e+00
1.100000000000000000e+02 8.457812219854655700e-01 0.000000000000000000e+00 9.487168312072753906e+00
1.110000000000000000e+02 8.476325085100251400e-01 0.000000000000000000e+00 9.488785743713378906e+00
1.120000000000000000e+02 8.482850992000958712e-01 0.000000000000000000e+00 9.492340087890625000e+00
1.130000000000000000e+02 8.489276766863048662e-01 0.000000000000000000e+00 9.495764732360839844e+00
1.140000000000000000e+02 8.505726455567510502e-01 0.000000000000000000e+00 9.498270988464355469e+00
1.150000000000000000e+02 8.512986672808465771e-01 0.000000000000000000e+00 9.499232292175292969e+00
1.160000000000000000e+02 8.533858853602834804e-01 0.000000000000000000e+00 9.499985694885253906e+00
1.170000000000000000e+02 8.549085502753798194e-01 0.000000000000000000e+00 9.503007888793945312e+00
1.180000000000000000e+02 8.547175088627413375e-01 0.000000000000000000e+00 9.504855155944824219e+00
1.190000000000000000e+02 8.552500551313865218e-01 0.000000000000000000e+00 9.506327629089355469e+00
1.200000000000000000e+02 8.564289878349214957e-01 0.000000000000000000e+00 9.507000923156738281e+00
1.210000000000000000e+02 8.567951852531985324e-01 0.000000000000000000e+00 9.509940147399902344e+00
1.220000000000000000e+02 8.579143816380340182e-01 0.000000000000000000e+00 9.512843132019042969e+00
1.230000000000000000e+02 8.592516663390556975e-01 0.000000000000000000e+00 9.515705108642578125e+00
1.240000000000000000e+02 8.593636640343483846e-01 0.000000000000000000e+00 9.516661643981933594e+00
1.250000000000000000e+02 8.601684289740352263e-01 0.000000000000000000e+00 9.517324447631835938e+00
1.260000000000000000e+02 8.610926699075276414e-01 0.000000000000000000e+00 9.520341873168945312e+00
1.270000000000000000e+02 8.619615378819903695e-01 0.000000000000000000e+00 9.522203445434570312e+00
1.280000000000000000e+02 8.627652714824920466e-01 0.000000000000000000e+00 9.523404121398925781e+00
1.290000000000000000e+02 8.630901115416297342e-01 0.000000000000000000e+00 9.525606155395507812e+00
1.300000000000000000e+02 8.634962943902004806e-01 0.000000000000000000e+00 9.527139663696289062e+00
1.310000000000000000e+02 8.642116802072122850e-01 0.000000000000000000e+00 9.529177665710449219e+00
1.320000000000000000e+02 8.644313259761279289e-01 0.000000000000000000e+00 9.530825614929199219e+00
1.330000000000000000e+02 8.659442036760742756e-01 0.000000000000000000e+00 9.532161712646484375e+00
1.340000000000000000e+02 8.667355301932124778e-01 0.000000000000000000e+00 9.533528327941894531e+00
1.350000000000000000e+02 8.667960047409084545e-01 0.000000000000000000e+00 9.534381866455078125e+00
1.360000000000000000e+02 8.670092092057779531e-01 0.000000000000000000e+00 9.536071777343750000e+00
1.370000000000000000e+02 8.675712823876332580e-01 0.000000000000000000e+00 9.537664413452148438e+00
1.380000000000000000e+02 8.673134536338820144e-01 0.000000000000000000e+00 9.538638114929199219e+00
1.390000000000000000e+02 8.664451463641236195e-01 0.000000000000000000e+00 9.538390159606933594e+00
1.400000000000000000e+02 8.673421735757517181e-01 0.000000000000000000e+00 9.540903091430664062e+00
1.410000000000000000e+02 8.682210770325804461e-01 0.000000000000000000e+00 9.541562080383300781e+00
1.420000000000000000e+02 8.686555958326801496e-01 0.000000000000000000e+00 9.542881011962890625e+00
1.430000000000000000e+02 8.683347721364892413e-01 0.000000000000000000e+00 9.543521881103515625e+00
1.440000000000000000e+02 8.689748329877613475e-01 0.000000000000000000e+00 9.545328140258789062e+00
1.450000000000000000e+02 8.691411360505171269e-01 0.000000000000000000e+00 9.547754287719726562e+00
1.460000000000000000e+02 8.693909564248969435e-01 0.000000000000000000e+00 9.548698425292968750e+00
1.470000000000000000e+02 8.706506191035173758e-01 0.000000000000000000e+00 9.548941612243652344e+00
1.480000000000000000e+02 8.702068597541170458e-01 0.000000000000000000e+00 9.549137115478515625e+00
1.490000000000000000e+02 8.714403648123734136e-01 0.000000000000000000e+00 9.549432754516601562e+00
1.500000000000000000e+02 8.720229628195050875e-01 0.000000000000000000e+00 9.551763534545898438e+00
1.510000000000000000e+02 8.721343035506160524e-01 0.000000000000000000e+00 9.551923751831054688e+00
1.520000000000000000e+02 8.723261515921734155e-01 0.000000000000000000e+00 9.553055763244628906e+00
1.530000000000000000e+02 8.725219433114173029e-01 0.000000000000000000e+00 9.553933143615722656e+00
1.540000000000000000e+02 8.738742124232760089e-01 0.000000000000000000e+00 9.553530693054199219e+00
1.550000000000000000e+02 8.737466946431616810e-01 0.000000000000000000e+00 9.553290367126464844e+00
1.560000000000000000e+02 8.734412544970949765e-01 0.000000000000000000e+00 9.553460121154785156e+00
1.570000000000000000e+02 8.740805280216524809e-01 0.000000000000000000e+00 9.552867889404296875e+00
1.580000000000000000e+02 8.740973119468797847e-01 0.000000000000000000e+00 9.553939819335937500e+00
1.590000000000000000e+02 8.748279149444516678e-01 0.000000000000000000e+00 9.553735733032226562e+00
1.600000000000000000e+02 8.755927165760030162e-01 0.000000000000000000e+00 9.552680969238281250e+00
1.610000000000000000e+02 8.755938779899541391e-01 0.000000000000000000e+00 9.555040359497070312e+00
1.620000000000000000e+02 8.756381928621049804e-01 0.000000000000000000e+00 9.554734230041503906e+00
1.630000000000000000e+02 8.753881781752805846e-01 0.000000000000000000e+00 9.555972099304199219e+00
1.640000000000000000e+02 8.753401975630165088e-01 0.000000000000000000e+00 9.555369377136230469e+00
1.650000000000000000e+02 8.764340236636274373e-01 0.000000000000000000e+00 9.555952072143554688e+00
1.660000000000000000e+02 8.760173872010070806e-01 0.000000000000000000e+00 9.555720329284667969e+00
1.670000000000000000e+02 8.759211896616003745e-01 0.000000000000000000e+00 9.555476188659667969e+00
1.680000000000000000e+02 8.769701388009064624e-01 0.000000000000000000e+00 9.555337905883789062e+00
1.690000000000000000e+02 8.775394555354514292e-01 0.000000000000000000e+00 9.556369781494140625e+00
1.700000000000000000e+02 8.779213706577599918e-01 0.000000000000000000e+00 9.557474136352539062e+00
1.710000000000000000e+02 8.787948102771276915e-01 0.000000000000000000e+00 9.558254241943359375e+00
1.720000000000000000e+02 8.791030828992878465e-01 0.000000000000000000e+00 9.560155868530273438e+00
1.730000000000000000e+02 8.791440583823200150e-01 0.000000000000000000e+00 9.560830116271972656e+00
1.740000000000000000e+02 8.784721924499920842e-01 0.000000000000000000e+00 9.561125755310058594e+00
1.750000000000000000e+02 8.796584980743749060e-01 0.000000000000000000e+00 9.562209129333496094e+00
1.760000000000000000e+02 8.801572757863024288e-01 0.000000000000000000e+00 9.563930511474609375e+00
1.770000000000000000e+02 8.805314119056608657e-01 0.000000000000000000e+00 9.566068649291992188e+00
1.780000000000000000e+02 8.802289930828506304e-01 0.000000000000000000e+00 9.565941810607910156e+00
1.790000000000000000e+02 8.784928927793476117e-01 0.000000000000000000e+00 9.565838813781738281e+00
1.800000000000000000e+02 8.797865722521319709e-01 0.000000000000000000e+00 9.568129539489746094e+00
1.810000000000000000e+02 8.795601485102724215e-01 0.000000000000000000e+00 9.568735122680664062e+00
1.820000000000000000e+02 8.785329830747342639e-01 0.000000000000000000e+00 9.566969871520996094e+00
1.830000000000000000e+02 8.807648343445149131e-01 0.000000000000000000e+00 9.565820693969726562e+00
1.840000000000000000e+02 8.814938933877362048e-01 0.000000000000000000e+00 9.566185951232910156e+00
1.850000000000000000e+02 8.808561124407027210e-01 0.000000000000000000e+00 9.566493988037109375e+00
1.860000000000000000e+02 8.806855575903030919e-01 0.000000000000000000e+00 9.566313743591308594e+00
1.870000000000000000e+02 8.806616403630647127e-01 0.000000000000000000e+00 9.567979812622070312e+00
1.880000000000000000e+02 8.813850167295514959e-01 0.000000000000000000e+00 9.567912101745605469e+00
1.890000000000000000e+02 8.817598689665372413e-01 0.000000000000000000e+00 9.568709373474121094e+00
1.900000000000000000e+02 8.813666952745428107e-01 0.000000000000000000e+00 9.568654060363769531e+00
1.910000000000000000e+02 8.813494722419145111e-01 0.000000000000000000e+00 9.567441940307617188e+00
1.920000000000000000e+02 8.804860665595759528e-01 0.000000000000000000e+00 9.567609786987304688e+00
1.930000000000000000e+02 8.805917263474632994e-01 0.000000000000000000e+00 9.568710327148437500e+00
1.940000000000000000e+02 8.798586677593820404e-01 0.000000000000000000e+00 9.568850517272949219e+00
1.950000000000000000e+02 8.808046961431222899e-01 0.000000000000000000e+00 9.567684173583984375e+00
1.960000000000000000e+02 8.813503423922686153e-01 0.000000000000000000e+00 9.566904067993164062e+00
1.970000000000000000e+02 8.811541486357714614e-01 0.000000000000000000e+00 9.567484855651855469e+00
1.980000000000000000e+02 8.809851093864542459e-01 0.000000000000000000e+00 9.568763732910156250e+00
1.990000000000000000e+02 8.801341224094380022e-01 0.000000000000000000e+00 9.567811965942382812e+00
2.000000000000000000e+02 8.730558640621641775e-01 3.499013286502033332e-02 6.142289638519287109e+00
2.010000000000000000e+02 8.617776553297417097e-01 4.442074307526867882e-02 6.297248840332031250e+00
2.020000000000000000e+02 8.456289218180498279e-01 5.493702182512492233e-02 6.442807197570800781e+00
2.030000000000000000e+02 8.262945667993696341e-01 6.794470766915075566e-02 6.581440925598144531e+00
2.040000000000000000e+02 8.037898151042853767e-01 8.291271063984667622e-02 6.711055755615234375e+00
2.050000000000000000e+02 7.785488280554062612e-01 9.776399035058951081e-02 6.832682609558105469e+00
2.060000000000000000e+02 7.499935791248524275e-01 1.146176878097601992e-01 6.946329116821289062e+00
2.070000000000000000e+02 7.204098915129997227e-01 1.305163499317261444e-01 7.055127620697021484e+00
2.080000000000000000e+02 6.903773126126613313e-01 1.479849135699856100e-01 7.155262470245361328e+00
2.090000000000000000e+02 6.585274715348750085e-01 1.654526353187870946e-01 7.249005794525146484e+00
2.100000000000000000e+02 6.272898336214922654e-01 1.807668792223968146e-01 7.337128162384033203e+00
2.110000000000000000e+02 5.992053697322037298e-01 1.962025546760428341e-01 7.420948982238769531e+00
2.120000000000000000e+02 5.687106349427332175e-01 2.123619306676929608e-01 7.498782157897949219e+00
2.130000000000000000e+02 5.409130400400012917e-01 2.281637688693833321e-01 7.572731494903564453e+00
2.140000000000000000e+02 5.166889684462642185e-01 2.419304817012742359e-01 7.642096042633056641e+00
2.150000000000000000e+02 4.919914331609895886e-01 2.566455971828036087e-01 7.709655284881591797e+00
2.160000000000000000e+02 4.681774272033441542e-01 2.726866162009877192e-01 7.773177146911621094e+00
2.170000000000000000e+02 4.438055688250298614e-01 2.881825729055590979e-01 7.833589076995849609e+00
2.180000000000000000e+02 4.243823625496920826e-01 3.019955869801843051e-01 7.892047405242919922e+00
2.190000000000000000e+02 4.042253963277897544e-01 3.159377975472528188e-01 7.946992397308349609e+00
2.200000000000000000e+02 3.836702235923951654e-01 3.287871744532299689e-01 8.000187873840332031e+00
2.210000000000000000e+02 3.672623303919083648e-01 3.425092705279145222e-01 8.051338195800781250e+00
2.220000000000000000e+02 3.503932350769867199e-01 3.561988528433929768e-01 8.097283363342285156e+00
2.230000000000000000e+02 3.359069513430365528e-01 3.689347812523042225e-01 8.144365310668945312e+00
2.240000000000000000e+02 3.196606733944323264e-01 3.809128440880251154e-01 8.189626693725585938e+00
2.250000000000000000e+02 3.078432493751320775e-01 3.933136442282225698e-01 8.232269287109375000e+00
2.260000000000000000e+02 2.933609460629070242e-01 4.058143131401448223e-01 8.273966789245605469e+00
2.270000000000000000e+02 2.803408848058382419e-01 4.175545131756913109e-01 8.314488410949707031e+00
2.280000000000000000e+02 2.689318783961573422e-01 4.291265283150602627e-01 8.356040954589843750e+00
2.290000000000000000e+02 2.573870685290451377e-01 4.406355644159893337e-01 8.393125534057617188e+00
2.300000000000000000e+02 2.457762137521653234e-01 4.515886550203027650e-01 8.429456710815429688e+00
2.310000000000000000e+02 2.365028128670742524e-01 4.625301834452633654e-01 8.465419769287109375e+00
2.320000000000000000e+02 2.259648996359426565e-01 4.754096661627399412e-01 8.500503540039062500e+00
2.330000000000000000e+02 2.159850575650034132e-01 4.861928703882383296e-01 8.533592224121093750e+00
2.340000000000000000e+02 2.065835583456528957e-01 4.958922886922054740e-01 8.564922332763671875e+00
2.350000000000000000e+02 1.987018025689337719e-01 5.054778505819292889e-01 8.596495628356933594e+00
2.360000000000000000e+02 1.900662876658029410e-01 5.171691120205150760e-01 8.627756118774414062e+00
2.370000000000000000e+02 1.845035882660475135e-01 5.261436618461328152e-01 8.657910346984863281e+00
2.380000000000000000e+02 1.765554429944419246e-01 5.372756387021965230e-01 8.686161994934082031e+00
2.390000000000000000e+02 1.685627875804644737e-01 5.462907095868957397e-01 8.715691566467285156e+00
2.400000000000000000e+02 1.632364503358280372e-01 5.564064897102793950e-01 8.742939949035644531e+00
2.410000000000000000e+02 1.565113848425942200e-01 5.642623192647987507e-01 8.768560409545898438e+00
2.420000000000000000e+02 1.501285313550259348e-01 5.726270783449575186e-01 8.794948577880859375e+00
2.430000000000000000e+02 1.458979069920735561e-01 5.817166239740938494e-01 8.818819999694824219e+00
2.440000000000000000e+02 1.401749321507262391e-01 5.889374444411931142e-01 8.843221664428710938e+00
2.450000000000000000e+02 1.349450619926835793e-01 5.989191782590215229e-01 8.866084098815917969e+00
2.460000000000000000e+02 1.301808916457294907e-01 6.064406714039997093e-01 8.889652252197265625e+00
2.470000000000000000e+02 1.245688621570333193e-01 6.148507411307018167e-01 8.911494255065917969e+00
2.480000000000000000e+02 1.201676882566739823e-01 6.230406652416587976e-01 8.933312416076660156e+00
2.490000000000000000e+02 1.152845910693880288e-01 6.301482203118513592e-01 8.955605506896972656e+00
2.500000000000000000e+02 1.122986988212692494e-01 6.367051785215971371e-01 8.976957321166992188e+00
2.510000000000000000e+02 1.088306735035781819e-01 6.443115272495486545e-01 8.995052337646484375e+00
2.520000000000000000e+02 1.046701489781756839e-01 6.517276027249955250e-01 9.015270233154296875e+00
2.530000000000000000e+02 1.003405625581942906e-01 6.597629453317038761e-01 9.033346176147460938e+00
2.540000000000000000e+02 9.757625249733108130e-02 6.658742837971226569e-01 9.050561904907226562e+00
2.550000000000000000e+02 9.375899442910919090e-02 6.721928687592709784e-01 9.067970275878906250e+00
2.560000000000000000e+02 9.124267336164133824e-02 6.797710309927261774e-01 9.084172248840332031e+00
2.570000000000000000e+02 8.929137145270434062e-02 6.846692753347565219e-01 9.101250648498535156e+00
2.580000000000000000e+02 8.678374661405859058e-02 6.906706280559794520e-01 9.115604400634765625e+00
2.590000000000000000e+02 8.544375979054910641e-02 6.985614658629961671e-01 9.130100250244140625e+00
2.600000000000000000e+02 8.192067229205890477e-02 7.022368394294866700e-01 9.142308235168457031e+00
2.610000000000000000e+02 7.941397306349816387e-02 7.074371746402188244e-01 9.156799316406250000e+00
2.620000000000000000e+02 7.681315282894896068e-02 7.136826523476018647e-01 9.170346260070800781e+00
2.630000000000000000e+02 7.394671052049626991e-02 7.174884810152851733e-01 9.183694839477539062e+00
2.640000000000000000e+02 7.240155207256725178e-02 7.230280143598729614e-01 9.196065902709960938e+00
2.650000000000000000e+02 7.005322578104151987e-02 7.266435387089039688e-01 9.209623336791992188e+00
2.660000000000000000e+02 6.847086147240222243e-02 7.318808104207851217e-01 9.219738006591796875e+00
2.670000000000000000e+02 6.751038860901467653e-02 7.364681118701140727e-01 9.230448722839355469e+00
2.680000000000000000e+02 6.574025309916224635e-02 7.393023370621509827e-01 9.241476058959960938e+00
2.690000000000000000e+02 6.443216553160470428e-02 7.417858082995052449e-01 9.251057624816894531e+00
2.700000000000000000e+02 6.336016353221744779e-02 7.475902345676176397e-01 9.262978553771972656e+00
2.710000000000000000e+02 6.099470051137036858e-02 7.518634216071904408e-01 9.272110939025878906e+00
2.720000000000000000e+02 6.055096972668469468e-02 7.566872229829810781e-01 9.282513618469238281e+00
2.730000000000000000e+02 5.922452888885867961e-02 7.615318344216337465e-01 9.291159629821777344e+00
2.740000000000000000e+02 5.905073416720638818e-02 7.638565336965558172e-01 9.301234245300292969e+00
2.750000000000000000e+02 5.661723175575013312e-02 7.679854627773639031e-01 9.310053825378417969e+00
2.760000000000000000e+02 5.762817384308422525e-02 7.708751185509508108e-01 9.318722724914550781e+00
2.770000000000000000e+02 5.589606429293905721e-02 7.745319541407136299e-01 9.327595710754394531e+00
2.780000000000000000e+02 5.319143735606876588e-02 7.773363109163631268e-01 9.334589958190917969e+00
2.790000000000000000e+02 5.280844298412410570e-02 7.809306969436937695e-01 9.342029571533203125e+00
2.800000000000000000e+02 5.202921939349949843e-02 7.841329973461600433e-01 9.349816322326660156e+00
2.810000000000000000e+02 5.049774795421579227e-02 7.881502693410047389e-01 9.357359886169433594e+00
2.820000000000000000e+02 5.052680529291866951e-02 7.903556526644179847e-01 9.365718841552734375e+00
2.830000000000000000e+02 4.934014701117867691e-02 7.946541756730679529e-01 9.372712135314941406e+00
2.840000000000000000e+02 4.970314147940863708e-02 7.966555132306135656e-01 9.379008293151855469e+00
2.850000000000000000e+02 4.891000425050223005e-02 7.993312484523609207e-01 9.384945869445800781e+00
2.860000000000000000e+02 4.818938636422282623e-02 8.017124915952265063e-01 9.390093803405761719e+00
2.870000000000000000e+02 4.688723141663961314e-02 8.041019869438630341e-01 9.397693634033203125e+00
2.880000000000000000e+02 4.724480182171383880e-02 8.068919692344546091e-01 9.405007362365722656e+00
2.890000000000000000e+02 4.623337341602842127e-02 8.092123902679757563e-01 9.411437988281250000e+00
2.900000000000000000e+02 4.521030704644921072e-02 8.129250944332567785e-01 9.418527603149414062e+00
2.910000000000000000e+02 4.570760763619240163e-02 8.144124190597340496e-01 9.424559593200683594e+00
2.920000000000000000e+02 4.426574849473059736e-02 8.161773370921047155e-01 9.431101799011230469e+00
2.930000000000000000e+02 4.391706552087751986e-02 8.178441560361389140e-01 9.435123443603515625e+00
2.940000000000000000e+02 4.396458729988153569e-02 8.207418038753812040e-01 9.440097808837890625e+00
2.950000000000000000e+02 4.430423996342285758e-02 8.215989354092119168e-01 9.442888259887695312e+00
2.960000000000000000e+02 4.317382987794201460e-02 8.241576771554571801e-01 9.445442199707031250e+00
2.970000000000000000e+02 4.269539693355888649e-02 8.247785354323676765e-01 9.449204444885253906e+00
2.980000000000000000e+02 4.145110799033496773e-02 8.273304071623550637e-01 9.453492164611816406e+00
2.990000000000000000e+02 4.211782671390163629e-02 8.295444595340877303e-01 9.457287788391113281e+00
3.000000000000000000e+02 4.233829840275340345e-02 8.309108029035535692e-01 9.462417602539062500e+00
3.010000000000000000e+02 4.136520312829417706e-02 8.324030896640556287e-01 9.467823982238769531e+00
3.020000000000000000e+02 4.095644038360950895e-02 8.342801951450941056e-01 9.470301628112792969e+00
3.030000000000000000e+02 3.972025628066160052e-02 8.353420924787862134e-01 9.473893165588378906e+00
3.040000000000000000e+02 3.922591014574017959e-02 8.371736947807102425e-01 9.476752281188964844e+00
3.050000000000000000e+02 4.017138290365223491e-02 8.382643341844097096e-01 9.479947090148925781e+00
3.060000000000000000e+02 4.006031316590313862e-02 8.385035476070300531e-01 9.482857704162597656e+00
3.070000000000000000e+02 3.949620800794813313e-02 8.412127761258012537e-01 9.484589576721191406e+00
3.080000000000000000e+02 4.053996097596082593e-02 8.424526312072726508e-01 9.488654136657714844e+00
3.090000000000000000e+02 3.903311784540879764e-02 8.438518339172287330e-01 9.491255760192871094e+00
3.100000000000000000e+02 3.888478256863461130e-02 8.440103549753898982e-01 9.493421554565429688e+00
3.110000000000000000e+02 3.872282452495295207e-02 8.447003219088239367e-01 9.496894836425781250e+00
3.120000000000000000e+02 3.934386657928431313e-02 8.477209487231955887e-01 9.499752044677734375e+00
3.130000000000000000e+02 3.740304672805565278e-02 8.481899941552701883e-01 9.502156257629394531e+00
3.140000000000000000e+02 3.804766480306288889e-02 8.492882826457569534e-01 9.504659652709960938e+00
3.150000000000000000e+02 3.651167890189056103e-02 8.496901172400814772e-01 9.506978034973144531e+00
3.160000000000000000e+02 3.782732915133223128e-02 8.494727886534739758e-01 9.511305809020996094e+00
3.170000000000000000e+02 3.734152949904260416e-02 8.510095036153106918e-01 9.514537811279296875e+00
3.180000000000000000e+02 3.766951006194515367e-02 8.527152012988701291e-01 9.516668319702148438e+00
3.190000000000000000e+02 3.723352844020898222e-02 8.537322641707940640e-01 9.518681526184082031e+00
3.200000000000000000e+02 3.665631037435677225e-02 8.540948833152028907e-01 9.520443916320800781e+00
3.210000000000000000e+02 3.626892538579909453e-02 8.549267085130872745e-01 9.523352622985839844e+00
3.220000000000000000e+02 3.643243029556578888e-02 8.555222016879630020e-01 9.525580406188964844e+00
3.230000000000000000e+02 3.649490427618856669e-02 8.564799117275753160e-01 9.527210235595703125e+00
3.240000000000000000e+02 3.521064253520806570e-02 8.573338234861864748e-01 9.529479980468750000e+00
3.250000000000000000e+02 3.698480890294224277e-02 8.571526005418091954e-01 9.531685829162597656e+00
3.260000000000000000e+02 3.595356258391504273e-02 8.575148414421079890e-01 9.535561561584472656e+00
3.270000000000000000e+02 3.641238159875524738e-02 8.591064225293532086e-01 9.536685943603515625e+00
3.280000000000000000e+02 3.637436255257475715e-02 8.592473482081249836e-01 9.538039207458496094e+00
3.290000000000000000e+02 3.506702587524360148e-02 8.611649113626878016e-01 9.540352821350097656e+00
3.300000000000000000e+02 3.624763695112484529e-02 8.622187992544629864e-01 9.542231559753417969e+00
3.310000000000000000e+02 3.516067187682288958e-02 8.628978638654422051e-01 9.544958114624023438e+00
3.320000000000000000e+02 3.517101850465435831e-02 8.644463589160880090e-01 9.545552253723144531e+00
3.330000000000000000e+02 3.594151751843345510e-02 8.634474604041747492e-01 9.548119544982910156e+00
3.340000000000000000e+02 3.527246095052660735e-02 8.637879093300175892e-01 9.549510955810546875e+00
3.350000000000000000e+02 3.541338342532954209e-02 8.649957572704226605e-01 9.550113677978515625e+00
3.360000000000000000e+02 3.481532787078022578e-02 8.638290239540742377e-01 9.550208091735839844e+00
3.370000000000000000e+02 3.584362836284419457e-02 8.648014158398082962e-01 9.551371574401855469e+00
3.380000000000000000e+02 3.448787778910712698e-02 8.657219794399061419e-01 9.552683830261230469e+00
3.390000000000000000e+02 3.380484991452741006e-02 8.648576447730418337e-01 9.554895401000976562e+00
3.400000000000000000e+02 3.510369606180330226e-02 8.661499586307332965e-01 9.557164192199707031e+00
3.410000000000000000e+02 3.407689511353000078e-02 8.669213472025765199e-01 9.558480262756347656e+00
3.420000000000000000e+02 3.363226886336444926e-02 8.672825535108884543e-01 9.559847831726074219e+00
3.430000000000000000e+02 3.457726019252890803e-02 8.676006588540544628e-01 9.560116767883300781e+00
3.440000000000000000e+02 3.486674405202182941e-02 8.682210037682935866e-01 9.562084197998046875e+00
3.450000000000000000e+02 3.476597123135555245e-02 8.682476993281693645e-01 9.562503814697265625e+00
3.460000000000000000e+02 3.513728642539817870e-02 8.696119055123153752e-01 9.562226295471191406e+00
3.470000000000000000e+02 3.437686108116451422e-02 8.688908659162899450e-01 9.563302040100097656e+00
3.480000000000000000e+02 3.485646741336963922e-02 8.697102077137012222e-01 9.562739372253417969e+00
3.490000000000000000e+02 3.503389842441582969e-02 8.694532522721760692e-01 9.562479972839355469e+00
3.500000000000000000e+02 3.485356958768948826e-02 8.695006132563842804e-01 9.563734054565429688e+00
3.510000000000000000e+02 3.524679736399678742e-02 8.696330784333445862e-01 9.563673973083496094e+00
3.520000000000000000e+02 3.451743881284451837e-02 8.695893143450550422e-01 9.563492774963378906e+00
3.530000000000000000e+02 3.510199686024567667e-02 8.705866034556067889e-01 9.563664436340332031e+00
3.540000000000000000e+02 3.245281225065657638e-02 8.708730778539504058e-01 9.561386108398437500e+00
3.550000000000000000e+02 3.481141655740359331e-02 8.706180018254449093e-01 9.560566902160644531e+00
3.560000000000000000e+02 3.529409725032886525e-02 8.722473150580158929e-01 9.562382698059082031e+00
3.570000000000000000e+02 3.402330659091178100e-02 8.726730967625691004e-01 9.564207077026367188e+00
3.580000000000000000e+02 3.360787009347613458e-02 8.723727029621897167e-01 9.563701629638671875e+00
3.590000000000000000e+02 3.356641814264599982e-02 8.721810288540363665e-01 9.565316200256347656e+00
3.600000000000000000e+02 3.522860110337459882e-02 8.729033058864540395e-01 9.565190315246582031e+00
3.610000000000000000e+02 3.375908588328355164e-02 8.727039047023359419e-01 9.566384315490722656e+00
3.620000000000000000e+02 3.345176234603362136e-02 8.734617903288335317e-01 9.566726684570312500e+00
3.630000000000000000e+02 3.444659737184296161e-02 8.735742259640477680e-01 9.565481185913085938e+00
3.640000000000000000e+02 3.430731763927905714e-02 8.732018479679198864e-01 9.566579818725585938e+00
3.650000000000000000e+02 3.541421926472637649e-02 8.731776419667598432e-01 9.568971633911132812e+00
3.660000000000000000e+02 3.387364217050374549e-02 8.745735816689148567e-01 9.568530082702636719e+00
3.670000000000000000e+02 3.396655832531184777e-02 8.737885781159862031e-01 9.570019721984863281e+00
3.680000000000000000e+02 3.416520524561059841e-02 8.745905732951271272e-01 9.569066047668457031e+00
3.690000000000000000e+02 3.463452206618519713e-02 8.746564452939185053e-01 9.570020675659179688e+00
3.700000000000000000e+02 3.283801583555482489e-02 8.763449652448318528e-01 9.570632934570312500e+00
3.710000000000000000e+02 3.354910337256694630e-02 8.753838180605972852e-01 9.570695877075195312e+00
3.720000000000000000e+02 3.444075192429731092e-02 8.757028500893573320e-01 9.570325851440429688e+00
3.730000000000000000e+02 3.443745131991418629e-02 8.755324519772250680e-01 9.569131851196289062e+00
3.740000000000000000e+02 3.274286769788397472e-02 8.756064005412975693e-01 9.570070266723632812e+00
3.750000000000000000e+02 3.454551037028404104e-02 8.759641437918980200e-01 9.569494247436523438e+00
3.760000000000000000e+02 3.447469985439394896e-02 8.749543194139085545e-01 9.570179939270019531e+00
3.770000000000000000e+02 3.412207545416358345e-02 8.768509788098081126e-01 9.571251869201660156e+00
3.780000000000000000e+02 3.207776083480044088e-02 8.749989621947036333e-01 9.574433326721191406e+00
3.790000000000000000e+02 3.415051262015887656e-02 8.758580782401140796e-01 9.574040412902832031e+00
3.800000000000000000e+02 3.457762792846379857e-02 8.752384279008678103e-01 9.575499534606933594e+00
3.810000000000000000e+02 3.360317075913282076e-02 8.757765040405335322e-01 9.574815750122070312e+00
3.820000000000000000e+02 3.502991874511153514e-02 8.749791578887317067e-01 9.576025962829589844e+00
3.830000000000000000e+02 3.348815753837178222e-02 8.755944340992184438e-01 9.576268196105957031e+00
3.840000000000000000e+02 3.476804418094429916e-02 8.763150647375457236e-01 9.576709747314453125e+00
3.850000000000000000e+02 3.357223215362280938e-02 8.765503521456505798e-01 9.578248977661132812e+00
3.860000000000000000e+02 3.314212089318588350e-02 8.753523679064633134e-01 9.578871726989746094e+00
3.870000000000000000e+02 3.398636824330308198e-02 8.758633082571698480e-01 9.578448295593261719e+00
3.880000000000000000e+02 3.474880736302565776e-02 8.769581699744242176e-01 9.578821182250976562e+00
3.890000000000000000e+02 3.461065545224377427e-02 8.764706865476820097e-01 9.579826354980468750e+00
3.900000000000000000e+02 3.482355316446686389e-02 8.769245885787019246e-01 9.578871726989746094e+00
3.910000000000000000e+02 3.365701419248395831e-02 8.765534002623559529e-01 9.578882217407226562e+00
3.920000000000000000e+02 3.418765883807491773e-02 8.776736349246584412e-01 9.577801704406738281e+00
3.930000000000000000e+02 3.371654425809618438e-02 8.777893228993920438e-01 9.576685905456542969e+00
3.940000000000000000e+02 3.382738473483493796e-02 8.780726969629436551e-01 9.577797889709472656e+00
3.950000000000000000e+02 3.491175465474270767e-02 8.778599243583915523e-01 9.578110694885253906e+00
3.960000000000000000e+02 3.342982034108791384e-02 8.777045911427961977e-01 9.578033447265625000e+00
3.970000000000000000e+02 3.326986743877246439e-02 8.779043854900020483e-01 9.577816009521484375e+00
3.980000000000000000e+02 3.405966138561549589e-02 8.765406338265727682e-01 9.578085899353027344e+00
