0.000000000000000000e+00 8.971202332763372755e-02 0.000000000000000000e+00 3.019267559051513672e+00
1.000000000000000000e+00 1.255548865649038226e-01 0.000000000000000000e+00 3.180798053741455078e+00
2.000000000000000000e+00 1.711660196533025535e-01 0.000000000000000000e+00 3.320084571838378906e+00
3.000000000000000000e+00 2.237521143698684989e-01 0.000000000000000000e+00 3.443887472152709961e+00
4.000000000000000000e+00 2.779677193439313854e-01 0.000000000000000000e+00 3.552983999252319336e+00
5.000000000000000000e+00 3.275462144089654748e-01 0.000000000000000000e+00 3.650088548660278320e+00
6.000000000000000000e+00 3.788239247657747000e-01 0.000000000000000000e+00 3.737637519836425781e+00
7.000000000000000000e+00 4.210262070270995305e-01 0.000000000000000000e+00 3.816032409667968750e+00
8.000000000000000000e+00 4.655158555718363345e-01 0.000000000000000000e+00 3.886274099349975586e+00
9.000000000000000000e+00 5.071553016027066096e-01 0.000000000000000000e+00 3.950386047363281250e+00
1.000000000000000000e+01 5.416891551259579440e-01 0.000000000000000000e+00 4.009070873260498047e+00
1.100000000000000000e+01 5.736072585978901905e-01 0.000000000000000000e+00 4.061657905578613281e+00
1.200000000000000000e+01 6.059086289398882830e-01 0.000000000000000000e+00 4.111385822296142578e+00
1.300000000000000000e+01 6.388976108430707290e-01 0.000000000000000000e+00 4.156537532806396484e+00
1.400000000000000000e+01 6.621726252573171267e-01 0.000000000000000000e+00 4.200141906738281250e+00
1.500000000000000000e+01 6.874487479957313019e-01 0.000000000000000000e+00 4.239967346191406250e+00
1.600000000000000000e+01 7.090564245102597418e-01 0.000000000000000000e+00 4.276609420776367188e+00
1.700000000000000000e+01 7.343269383259004579e-01 0.000000000000000000e+00 4.311515331268310547e+00
1.800000000000000000e+01 7.534544999069815452e-01 0.000000000000000000e+00 4.343378067016601562e+00
1.900000000000000000e+01 7.731959013479378084e-01 0.000000000000000000e+00 4.373665332794189453e+00
2.000000000000000000e+01 7.893218268677895111e-01 0.000000000000000000e+00 4.402074813842773438e+00
2.100000000000000000e+01 8.071332252976991528e-01 0.000000000000000000e+00 4.428812980651855469e+00
2.200000000000000000e+01 8.209527272216089466e-01 0.000000000000000000e+00 4.454134941101074219e+00
2.300000000000000000e+01 8.344190374095226126e-01 0.000000000000000000e+00 4.476518154144287109e+00
2.400000000000000000e+01 8.471786230983583410e-01 0.000000000000000000e+00 4.497580051422119141e+00
2.500000000000000000e+01 8.603730928926835997e-01 0.000000000000000000e+00 4.518952369689941406e+00
2.600000000000000000e+01 8.727520327498290431e-01 0.000000000000000000e+00 4.538471698760986328e+00
2.700000000000000000e+01 8.829590377732247086e-01 0.000000000000000000e+00 4.557830810546875000e+00
2.800000000000000000e+01 8.919906131370259894e-01 0.000000000000000000e+00 4.574162483215332031e+00
2.900000000000000000e+01 9.010042328452736449e-01 0.000000000000000000e+00 4.590772628784179688e+00
3.000000000000000000e+01 9.091079761939178105e-01 0.000000000000000000e+00 4.605751991271972656e+00
3.100000000000000000e+01 9.174758398604404563e-01 0.000000000000000000e+00 4.620987415313720703e+00
3.200000000000000000e+01 9.236377189525953879e-01 0.000000000000000000e+00 4.634993553161621094e+00
3.300000000000000000e+01 9.307208488240537037e-01 0.000000000000000000e+00 4.647678375244140625e+00
3.400000000000000000e+01 9.368916188914800935e-01 0.000000000000000000e+00 4.659560680389404297e+00
3.500000000000000000e+01 9.425900752155916829e-01 0.000000000000000000e+00 4.670094490051269531e+00
3.600000000000000000e+01 9.477322363657993964e-01 0.000000000000000000e+00 4.680780410766601562e+00
3.700000000000000000e+01 9.509548906847592464e-01 0.000000000000000000e+00 4.690368175506591797e+00
3.800000000000000000e+01 9.556606670487246546e-01 0.000000000000000000e+00 4.699672222137451172e+00
3.900000000000000000e+01 9.583392328559646733e-01 0.000000000000000000e+00 4.708057880401611328e+00
4.000000000000000000e+01 9.610758410296335041e-01 0.000000000000000000e+00 4.717085361480712891e+00
4.100000000000000000e+01 9.649306556595033113e-01 0.000000000000000000e+00 4.724889755249023438e+00
4.200000000000000000e+01 9.679781813035570615e-01 0.000000000000000000e+00 4.731793880462646484e+00
4.300000000000000000e+01 9.698138871471880806e-01 0.000000000000000000e+00 4.738859176635742188e+00
4.400000000000000000e+01 9.719204935766752040e-01 0.000000000000000000e+00 4.745312690734863281e+00
4.500000000000000000e+01 9.761240080478275072e-01 0.000000000000000000e+00 4.751228809356689453e+00
4.600000000000000000e+01 9.772767642261227516e-01 0.000000000000000000e+00 4.757862567901611328e+00
4.700000000000000000e+01 9.793989176452784218e-01 0.000000000000000000e+00 4.764255523681640625e+00
4.800000000000000000e+01 9.809228277882957592e-01 0.000000000000000000e+00 4.769451618194580078e+00
4.900000000000000000e+01 9.823385998063500768e-01 0.000000000000000000e+00 4.775226593017578125e+00
5.000000000000000000e+01 9.834752344624291265e-01 0.000000000000000000e+00 4.781126499176025391e+00
5.100000000000000000e+01 9.854594540869378028e-01 0.000000000000000000e+00 4.785235881805419922e+00
5.200000000000000000e+01 9.859551552179264267e-01 0.000000000000000000e+00 4.788804531097412109e+00
5.300000000000000000e+01 9.868243335853512654e-01 0.000000000000000000e+00 4.791400432586669922e+00
5.400000000000000000e+01 9.877308688763903888e-01 0.000000000000000000e+00 4.795995712280273438e+00
5.500000000000000000e+01 9.886056849553208625e-01 0.000000000000000000e+00 4.798607826232910156e+00
5.600000000000000000e+01 9.901081395599962143e-01 0.000000000000000000e+00 4.802340507507324219e+00
5.700000000000000000e+01 9.894551045969035563e-01 0.000000000000000000e+00 4.805800437927246094e+00
5.800000000000000000e+01 9.907259786028210780e-01 0.000000000000000000e+00 4.808819293975830078e+00
5.900000000000000000e+01 9.909507717766871115e-01 0.000000000000000000e+00 4.810188770294189453e+00
6.000000000000000000e+01 9.911568487265158822e-01 0.000000000000000000e+00 4.812746047973632812e+00
6.100000000000000000e+01 9.914495562545159180e-01 0.000000000000000000e+00 4.814939975738525391e+00
6.200000000000000000e+01 9.926418314896121586e-01 0.000000000000000000e+00 4.816278457641601562e+00
6.300000000000000000e+01 9.930910297800882303e-01 0.000000000000000000e+00 4.818415164947509766e+00
6.400000000000000000e+01 9.930106451248851274e-01 0.000000000000000000e+00 4.820612430572509766e+00
6.500000000000000000e+01 9.935754749951350995e-01 0.000000000000000000e+00 4.821506977081298828e+00
6.600000000000000000e+01 9.940463790270992472e-01 0.000000000000000000e+00 4.823237419128417969e+00
6.700000000000000000e+01 9.939085431773401202e-01 0.000000000000000000e+00 4.825218677520751953e+00
6.800000000000000000e+01 9.944796219659755021e-01 0.000000000000000000e+00 4.826086997985839844e+00
6.900000000000000000e+01 9.948505649629015846e-01 0.000000000000000000e+00 4.826681137084960938e+00
7.000000000000000000e+01 9.944575028922704174e-01 0.000000000000000000e+00 4.828484058380126953e+00
7.100000000000000000e+01 9.950933718645811332e-01 0.000000000000000000e+00 4.829999446868896484e+00
7.200000000000000000e+01 9.953908784654859065e-01 0.000000000000000000e+00 4.830783367156982422e+00
7.300000000000000000e+01 9.957962116276388720e-01 0.000000000000000000e+00 4.831032752990722656e+00
7.400000000000000000e+01 9.959141372531695735e-01 0.000000000000000000e+00 4.831874847412109375e+00
7.500000000000000000e+01 9.960445994835074313e-01 0.000000000000000000e+00 4.833292007446289062e+00
7.600000000000000000e+01 9.963318119445934151e-01 0.000000000000000000e+00 4.835023880004882812e+00
7.700000000000000000e+01 9.967817041592574867e-01 0.000000000000000000e+00 4.835752010345458984e+00
7.800000000000000000e+01 9.970235891158770736e-01 0.000000000000000000e+00 4.837021827697753906e+00
7.900000000000000000e+01 9.972005693856326181e-01 0.000000000000000000e+00 4.837814331054687500e+00
8.000000000000000000e+01 9.971995369437989254e-01 0.000000000000000000e+00 4.837996006011962891e+00
8.100000000000000000e+01 9.972206936146238432e-01 0.000000000000000000e+00 4.838797092437744141e+00
8.200000000000000000e+01 9.977397402784686786e-01 0.000000000000000000e+00 4.838635921478271484e+00
8.300000000000000000e+01 9.975408578098572399e-01 0.000000000000000000e+00 4.839306354522705078e+00
8.400000000000000000e+01 9.971710519053177402e-01 0.000000000000000000e+00 4.840180397033691406e+00
8.500000000000000000e+01 9.970977924394646141e-01 0.000000000000000000e+00 4.840337753295898438e+00
8.600000000000000000e+01 9.977437048208692705e-01 0.000000000000000000e+00 4.840020656585693359e+00
8.700000000000000000e+01 9.978280969164184944e-01 0.000000000000000000e+00 4.841317176818847656e+00
8.800000000000000000e+01 9.976295099578911252e-01 0.000000000000000000e+00 4.841887950897216797e+00
8.900000000000000000e+01 9.977664509831112305e-01 0.000000000000000000e+00 4.842689037322998047e+00
9.000000000000000000e+01 9.975364703081999185e-01 0.000000000000000000e+00 4.844285964965820312e+00
9.100000000000000000e+01 9.976875617990557110e-01 0.000000000000000000e+00 4.843656539916992188e+00
9.200000000000000000e+01 9.979880681273812781e-01 0.000000000000000000e+00 4.844280719757080078e+00
9.300000000000000000e+01 9.980746318733336730e-01 0.000000000000000000e+00 4.843414783477783203e+00
9.400000000000000000e+01 9.979235026366060080e-01 0.000000000000000000e+00 4.843968391418457031e+00
9.500000000000000000e+01 9.979288598894437978e-01 0.000000000000000000e+00 4.843810558319091797e+00
9.600000000000000000e+01 9.980790995074533267e-01 0.000000000000000000e+00 4.844688892364501953e+00
9.700000000000000000e+01 9.980878367801216955e-01 0.000000000000000000e+00 4.843972682952880859e+00
9.800000000000000000e+01 9.981978999129923480e-01 0.000000000000000000e+00 4.845215320587158203e+00
9.900000000000000000e+01 9.981166604406220833e-01 0.000000000000000000e+00 4.845432281494140625e+00
1.000000000000000000e+02 9.981697765504157216e-01 0.000000000000000000e+00 4.845881938934326172e+00
1.010000000000000000e+02 9.984323477390406598e-01 0.000000000000000000e+00 4.846705436706542969e+00
1.020000000000000000e+02 9.989479590361799444e-01 0.000000000000000000e+00 4.846796512603759766e+00
1.030000000000000000e+02 9.989765082645313266e-01 0.000000000000000000e+00 4.846895694732666016e+00
1.040000000000000000e+02 9.986653601038285588e-01 0.000000000000000000e+00 4.847289562225341797e+00
1.050000000000000000e+02 9.986560792721796975e-01 0.000000000000000000e+00 4.848302364349365234e+00
1.060000000000000000e+02 9.989712975641718007e-01 0.000000000000000000e+00 4.848693847656250000e+00
1.070000000000000000e+02 9.986249944784600929e-01 0.000000000000000000e+00 4.847680568695068359e+00
1.080000000000000000e+02 9.986061526913188047e-01 0.000000000000000000e+00 4.848147869110107422e+00
1.090000000000000000e+02 9.982128456652300530e-01 0.000000000000000000e+00 4.848309993743896484e+00
1.100000000000000000e+02 9.984248221786736766e-01 0.000000000000000000e+00 4.848081588745117188e+00
1.110000000000000000e+02 9.984685583280141774e-01 0.000000000000000000e+00 4.847746372222900391e+00
1.120000000000000000e+02 9.988799235639821417e-01 0.000000000000000000e+00 4.847732067108154297e+00
1.130000000000000000e+02 9.982357203161762449e-01 0.000000000000000000e+00 4.848290920257568359e+00
1.140000000000000000e+02 9.980752930557000857e-01 0.000000000000000000e+00 4.848171710968017578e+00
1.150000000000000000e+02 9.981947559859211117e-01 0.000000000000000000e+00 4.847836971282958984e+00
1.160000000000000000e+02 9.986886085541829550e-01 0.000000000000000000e+00 4.847794055938720703e+00
1.170000000000000000e+02 9.982834564214932982e-01 0.000000000000000000e+00 4.848169803619384766e+00
1.180000000000000000e+02 9.981247594440606496e-01 0.000000000000000000e+00 4.847710609436035156e+00
1.190000000000000000e+02 9.982031962154138682e-01 0.000000000000000000e+00 4.847712516784667969e+00
1.200000000000000000e+02 9.982555629658833585e-01 0.000000000000000000e+00 4.848237991333007812e+00
1.210000000000000000e+02 9.982333971261533323e-01 0.000000000000000000e+00 4.848673343658447266e+00
1.220000000000000000e+02 9.980208458268678973e-01 0.000000000000000000e+00 4.849088191986083984e+00
1.230000000000000000e+02 9.981441191864833806e-01 0.000000000000000000e+00 4.848811626434326172e+00
1.240000000000000000e+02 9.983227536201986219e-01 0.000000000000000000e+00 4.848775863647460938e+00
1.250000000000000000e+02 9.980766192134518100e-01 0.000000000000000000e+00 4.847989082336425781e+00
1.260000000000000000e+02 9.982475131679653391e-01 0.000000000000000000e+00 4.848167419433593750e+00
1.270000000000000000e+02 9.982056662666884961e-01 0.000000000000000000e+00 4.848170280456542969e+00
1.280000000000000000e+02 9.981475499367901127e-01 0.000000000000000000e+00 4.847828865051269531e+00
1.290000000000000000e+02 9.983771116785102873e-01 0.000000000000000000e+00 4.847972393035888672e+00
1.300000000000000000e+02 9.978694512386627746e-01 0.000000000000000000e+00 4.847208023071289062e+00
1.310000000000000000e+02 9.982505422906564618e-01 0.000000000000000000e+00 4.846667289733886719e+00
1.320000000000000000e+02 9.987341069317465791e-01 0.000000000000000000e+00 4.846254825592041016e+00
1.330000000000000000e+02 9.984766198885580701e-01 0.000000000000000000e+00 4.846257209777832031e+00
1.340000000000000000e+02 9.981480858894651309e-01 0.000000000000000000e+00 4.846433162689208984e+00
1.350000000000000000e+02 9.982291514154951750e-01 0.000000000000000000e+00 4.846371173858642578e+00
1.360000000000000000e+02 9.983936557247188315e-01 0.000000000000000000e+00 4.845986366271972656e+00
1.370000000000000000e+02 9.983139116429532445e-01 0.000000000000000000e+00 4.846356391906738281e+00
1.380000000000000000e+02 9.983424473458382131e-01 0.000000000000000000e+00 4.846647262573242188e+00
1.390000000000000000e+02 9.986113613090479291e-01 0.000000000000000000e+00 4.847084999084472656e+00
1.400000000000000000e+02 9.981082299508938771e-01 0.000000000000000000e+00 4.847249984741210938e+00
1.410000000000000000e+02 9.980917294020414943e-01 0.000000000000000000e+00 4.847299575805664062e+00
1.420000000000000000e+02 9.982229684014327642e-01 0.000000000000000000e+00 4.848013401031494141e+00
1.430000000000000000e+02 9.981516537306139858e-01 0.000000000000000000e+00 4.847372055053710938e+00
1.440000000000000000e+02 9.983962300570188297e-01 0.000000000000000000e+00 4.847386837005615234e+00
1.450000000000000000e+02 9.984289812931350649e-01 0.000000000000000000e+00 4.848094463348388672e+00
1.460000000000000000e+02 9.985895662612940260e-01 0.000000000000000000e+00 4.848255157470703125e+00
1.470000000000000000e+02 9.986484007008934460e-01 0.000000000000000000e+00 4.848578929901123047e+00
1.480000000000000000e+02 9.984361678194314527e-01 0.000000000000000000e+00 4.848547458648681641e+00
1.490000000000000000e+02 9.985630666965418234e-01 0.000000000000000000e+00 4.847883224487304688e+00
1.500000000000000000e+02 9.982184513700719242e-01 0.000000000000000000e+00 4.847475051879882812e+00
1.510000000000000000e+02 9.984561625702361720e-01 0.000000000000000000e+00 4.846627712249755859e+00
1.520000000000000000e+02 9.985939600927845605e-01 0.000000000000000000e+00 4.846179962158203125e+00
1.530000000000000000e+02 9.984668915225962671e-01 0.000000000000000000e+00 4.846467494964599609e+00
1.540000000000000000e+02 9.984410191330624906e-01 0.000000000000000000e+00 4.846883773803710938e+00
1.550000000000000000e+02 9.986731640062368465e-01 0.000000000000000000e+00 4.846138954162597656e+00
1.560000000000000000e+02 9.983565876863812472e-01 0.000000000000000000e+00 4.847317695617675781e+00
1.570000000000000000e+02 9.983435399327639237e-01 0.000000000000000000e+00 4.847382545471191406e+00
1.580000000000000000e+02 9.987490255056651334e-01 0.000000000000000000e+00 4.848244667053222656e+00
1.590000000000000000e+02 9.987951542731795529e-01 0.000000000000000000e+00 4.847993373870849609e+00
1.600000000000000000e+02 9.983760832159437326e-01 0.000000000000000000e+00 4.846976757049560547e+00
1.610000000000000000e+02 9.989938195927535736e-01 0.000000000000000000e+00 4.846395015716552734e+00
1.620000000000000000e+02 9.985242285690026920e-01 0.000000000000000000e+00 4.846080780029296875e+00
1.630000000000000000e+02 9.988244381456365950e-01 0.000000000000000000e+00 4.846477508544921875e+00
1.640000000000000000e+02 9.989304712265398845e-01 0.000000000000000000e+00 4.846880435943603516e+00
1.650000000000000000e+02 9.988461440121836343e-01 0.000000000000000000e+00 4.847074508666992188e+00
1.660000000000000000e+02 9.989294992761464931e-01 0.000000000000000000e+00 4.847005844116210938e+00
1.670000000000000000e+02 9.984362102725626853e-01 0.000000000000000000e+00 4.847033023834228516e+00
1.680000000000000000e+02 9.988045560393312705e-01 0.000000000000000000e+00 4.846985340118408203e+00
1.690000000000000000e+02 9.988752443809674197e-01 0.000000000000000000e+00 4.846672534942626953e+00
1.700000000000000000e+02 9.985782627122085087e-01 0.000000000000000000e+00 4.845839500427246094e+00
1.710000000000000000e+02 9.988110769628194552e-01 0.000000000000000000e+00 4.845583915710449219e+00
1.720000000000000000e+02 9.985071750128639012e-01 0.000000000000000000e+00 4.846859455108642578e+00
1.730000000000000000e+02 9.987057568440675936e-01 0.000000000000000000e+00 4.846659183502197266e+00
1.740000000000000000e+02 9.985563583419364564e-01 0.000000000000000000e+00 4.847150325775146484e+00
1.750000000000000000e+02 9.985524953201930787e-01 0.000000000000000000e+00 4.846089839935302734e+00
1.760000000000000000e+02 9.988166007076205721e-01 0.000000000000000000e+00 4.846512317657470703e+00
1.770000000000000000e+02 9.987614024992175210e-01 0.000000000000000000e+00 4.846181392669677734e+00
1.780000000000000000e+02 9.987676872822531804e-01 0.000000000000000000e+00 4.846175193786621094e+00
1.790000000000000000e+02 9.986209040599813846e-01 0.000000000000000000e+00 4.846538066864013672e+00
1.800000000000000000e+02 9.985051151538911762e-01 0.000000000000000000e+00 4.845675945281982422e+00
1.810000000000000000e+02 9.983796615033078137e-01 0.000000000000000000e+00 4.845276832580566406e+00
1.820000000000000000e+02 9.985229396897978837e-01 0.000000000000000000e+00 4.845338344573974609e+00
1.830000000000000000e+02 9.983884144102932456e-01 0.000000000000000000e+00 4.845041275024414062e+00
1.840000000000000000e+02 9.986894249672474411e-01 0.000000000000000000e+00 4.844499588012695312e+00
1.850000000000000000e+02 9.982392246582439954e-01 0.000000000000000000e+00 4.844956874847412109e+00
1.860000000000000000e+02 9.983216422350417174e-01 0.000000000000000000e+00 4.845082283020019531e+00
1.870000000000000000e+02 9.982056572754011148e-01 0.000000000000000000e+00 4.845591068267822266e+00
1.880000000000000000e+02 9.981618816324836496e-01 0.000000000000000000e+00 4.845299720764160156e+00
1.890000000000000000e+02 9.983616786350621997e-01 0.000000000000000000e+00 4.845632553100585938e+00
1.900000000000000000e+02 9.988439137664658629e-01 0.000000000000000000e+00 4.845797061920166016e+00
1.910000000000000000e+02 9.984449957999819159e-01 0.000000000000000000e+00 4.845846176147460938e+00
1.920000000000000000e+02 9.981835327267640778e-01 0.000000000000000000e+00 4.846827507019042969e+00
1.930000000000000000e+02 9.985109444774705745e-01 0.000000000000000000e+00 4.846757411956787109e+00
1.940000000000000000e+02 9.986694630914609849e-01 0.000000000000000000e+00 4.846353054046630859e+00
1.950000000000000000e+02 9.985238473672121140e-01 0.000000000000000000e+00 4.846826076507568359e+00
1.960000000000000000e+02 9.983730410222496632e-01 0.000000000000000000e+00 4.846439361572265625e+00
1.970000000000000000e+02 9.980938606666528434e-01 0.000000000000000000e+00 4.845739841461181641e+00
1.980000000000000000e+02 9.982574942840104493e-01 0.000000000000000000e+00 4.846081256866455078e+00
1.990000000000000000e+02 9.982656459145606842e-01 0.000000000000000000e+00 4.845672130584716797e+00
2.000000000000000000e+02 9.975863185932172250e-01 8.987939463090920122e-02 3.003560543060302734e+00
2.010000000000000000e+02 9.958850902598624932e-01 1.285690557713177751e-01 3.164110898971557617e+00
2.020000000000000000e+02 9.913358114400246945e-01 1.733066760204481638e-01 3.302772521972656250e+00
2.030000000000000000e+02 9.818814536878960331e-01 2.269858657783429545e-01 3.427319049835205078e+00
2.040000000000000000e+02 9.646858354895848642e-01 2.776890924356036350e-01 3.536134958267211914e+00
2.050000000000000000e+02 9.422335308806225607e-01 3.339591147589144327e-01 3.631407976150512695e+00
2.060000000000000000e+02 9.158027807945652299e-01 3.809848728589137479e-01 3.717465400695800781e+00
2.070000000000000000e+02 8.808126142130432434e-01 4.282052574800821465e-01 3.796050071716308594e+00
2.080000000000000000e+02 8.447706745257834715e-01 4.707338046299046619e-01 3.866301059722900391e+00
2.090000000000000000e+02 8.071676035309738317e-01 5.088260534627691012e-01 3.930293560028076172e+00
2.100000000000000000e+02 7.729334315300838698e-01 5.438453273210250849e-01 3.987883567810058594e+00
2.110000000000000000e+02 7.360828274798665305e-01 5.782495549547698177e-01 4.041656494140625000e+00
2.120000000000000000e+02 7.027865446572058028e-01 6.086217516444023534e-01 4.091182708740234375e+00
2.130000000000000000e+02 6.650180720522024247e-01 6.369994527322354605e-01 4.136435031890869141e+00
2.140000000000000000e+02 6.349298329681172248e-01 6.660362883928884203e-01 4.178392887115478516e+00
2.150000000000000000e+02 6.009689754313016774e-01 6.896892035986761371e-01 4.217448711395263672e+00
2.160000000000000000e+02 5.749223570116351878e-01 7.098797387824165028e-01 4.253198623657226562e+00
2.170000000000000000e+02 5.449405958051225518e-01 7.328415198506964545e-01 4.287958145141601562e+00
2.180000000000000000e+02 5.225063191501813087e-01 7.525586258398913042e-01 4.319507122039794922e+00
2.190000000000000000e+02 4.951093496787217774e-01 7.720607311676430662e-01 4.349298000335693359e+00
2.200000000000000000e+02 4.714807458438882715e-01 7.909804041669785679e-01 4.377133369445800781e+00
2.210000000000000000e+02 4.514559743593857810e-01 8.066434314592336730e-01 4.403308868408203125e+00
2.220000000000000000e+02 4.309002026921042172e-01 8.220903448773415612e-01 4.429276466369628906e+00
2.230000000000000000e+02 4.085195420639137764e-01 8.351599833041634113e-01 4.452540397644042969e+00
2.240000000000000000e+02 3.930106104073309292e-01 8.500474256424654929e-01 4.473952770233154297e+00
2.250000000000000000e+02 3.752313613576921947e-01 8.631130252210512666e-01 4.494767189025878906e+00
2.260000000000000000e+02 3.582740303869613174e-01 8.738573134877278825e-01 4.515118598937988281e+00
2.270000000000000000e+02 3.466553953169528857e-01 8.853970242978403959e-01 4.532586574554443359e+00
2.280000000000000000e+02 3.309893182569016434e-01 8.964364920597921449e-01 4.548669338226318359e+00
2.290000000000000000e+02 3.198840451489793346e-01 9.045642034885356120e-01 4.565124511718750000e+00
2.300000000000000000e+02 3.059197433133732935e-01 9.123542356996943159e-01 4.580391883850097656e+00
2.310000000000000000e+02 2.932592111044124428e-01 9.210041568862148420e-01 4.594846725463867188e+00
2.320000000000000000e+02 2.829091303909213040e-01 9.270959800007730900e-01 4.607540130615234375e+00
2.330000000000000000e+02 2.737264036238225562e-01 9.344631201997475323e-01 4.620348930358886719e+00
2.340000000000000000e+02 2.622611494179518110e-01 9.381001277785371295e-01 4.631320476531982422e+00
2.350000000000000000e+02 2.530042742278214574e-01 9.432281742071321196e-01 4.641436576843261719e+00
2.360000000000000000e+02 2.472364493537886621e-01 9.478972036928645650e-01 4.652094364166259766e+00
2.370000000000000000e+02 2.390510041682067932e-01 9.527938667747890555e-01 4.661395072937011719e+00
2.380000000000000000e+02 2.293282419459395649e-01 9.567709180977258532e-01 4.670966148376464844e+00
2.390000000000000000e+02 2.189463520280789388e-01 9.609799249209886041e-01 4.679820537567138672e+00
2.400000000000000000e+02 2.138226010110697850e-01 9.632049609318436012e-01 4.688756942749023438e+00
2.410000000000000000e+02 2.083790593148775461e-01 9.667254858901255243e-01 4.696338653564453125e+00
2.420000000000000000e+02 2.028866959713665763e-01 9.695447209730718718e-01 4.703822135925292969e+00
2.430000000000000000e+02 1.963016423680111200e-01 9.718967228991443053e-01 4.710641384124755859e+00
2.440000000000000000e+02 1.907876533245728146e-01 9.741516730401037494e-01 4.716652393341064453e+00
2.450000000000000000e+02 1.884237370633020936e-01 9.776256289556123358e-01 4.723045825958251953e+00
2.460000000000000000e+02 1.835212563012219300e-01 9.788061838782877722e-01 4.730070114135742188e+00
2.470000000000000000e+02 1.801190475165975746e-01 9.804315189975089107e-01 4.735868453979492188e+00
2.480000000000000000e+02 1.731110980831913893e-01 9.818953066255264872e-01 4.740653038024902344e+00
2.490000000000000000e+02 1.660203413051195287e-01 9.841383147455606828e-01 4.744840145111083984e+00
2.500000000000000000e+02 1.587129237542957982e-01 9.847551445207559651e-01 4.748285293579101562e+00
2.510000000000000000e+02 1.563292109290507492e-01 9.869935770752101822e-01 4.751282215118408203e+00
2.520000000000000000e+02 1.525233835615631417e-01 9.869223352069398381e-01 4.755042076110839844e+00
2.530000000000000000e+02 1.498814248392523196e-01 9.881898022085203737e-01 4.758624076843261719e+00
2.540000000000000000e+02 1.430276991895327032e-01 9.887931859037750737e-01 4.762390136718750000e+00
2.550000000000000000e+02 1.452996726668866478e-01 9.886677545008819568e-01 4.766714572906494141e+00
2.560000000000000000e+02 1.393987323284223423e-01 9.909216891913856795e-01 4.769110679626464844e+00
2.570000000000000000e+02 1.356380848103461989e-01 9.912682461878873363e-01 4.772798538208007812e+00
2.580000000000000000e+02 1.311653670650008430e-01 9.914516970443361110e-01 4.775891780853271484e+00
2.590000000000000000e+02 1.297695091568952241e-01 9.922442494189614992e-01 4.778605937957763672e+00
2.600000000000000000e+02 1.274211367521577987e-01 9.927163737691795387e-01 4.781090259552001953e+00
2.610000000000000000e+02 1.266240490066457280e-01 9.922269846688390738e-01 4.783319950103759766e+00
2.620000000000000000e+02 1.216528385763049197e-01 9.935173445591464203e-01 4.785294532775878906e+00
2.630000000000000000e+02 1.176378399199755620e-01 9.936091121841214013e-01 4.787260055541992188e+00
2.640000000000000000e+02 1.176128827207806038e-01 9.940705996517673615e-01 4.788019657135009766e+00
2.650000000000000000e+02 1.157005643504868952e-01 9.937686936546463734e-01 4.789340496063232422e+00
2.660000000000000000e+02 1.144988523261805391e-01 9.946129734894373353e-01 4.791740894317626953e+00
2.670000000000000000e+02 1.107063168982900941e-01 9.947723475201267762e-01 4.792720317840576172e+00
2.680000000000000000e+02 1.111140638222064408e-01 9.952027834124510530e-01 4.793896198272705078e+00
2.690000000000000000e+02 1.107889184899302493e-01 9.952305686297717724e-01 4.794858455657958984e+00
2.700000000000000000e+02 1.060528821970628532e-01 9.955841194012967632e-01 4.796003341674804688e+00
2.710000000000000000e+02 1.054879790518886834e-01 9.958944319574133397e-01 4.797869205474853516e+00
2.720000000000000000e+02 1.033475756806844503e-01 9.955951205940445359e-01 4.798954486846923828e+00
2.730000000000000000e+02 1.053291292134272972e-01 9.959574438102306582e-01 4.799335479736328125e+00
2.740000000000000000e+02 1.003741347654556471e-01 9.960507721650515567e-01 4.800827026367187500e+00
2.750000000000000000e+02 9.977303122196433394e-02 9.962257373738873101e-01 4.800189495086669922e+00
2.760000000000000000e+02 9.913259647147378006e-02 9.968072733339051750e-01 4.801084041595458984e+00
2.770000000000000000e+02 9.607632661684320508e-02 9.962620366797064753e-01 4.802058696746826172e+00
2.780000000000000000e+02 9.702070100364042216e-02 9.968343063342315347e-01 4.803129673004150391e+00
2.790000000000000000e+02 9.672973874319595877e-02 9.968270323646820641e-01 4.804278373718261719e+00
2.800000000000000000e+02 9.317444848571684868e-02 9.971291000201709664e-01 4.805645465850830078e+00
2.810000000000000000e+02 9.143576291520809363e-02 9.971165378956965419e-01 4.806052684783935547e+00
2.820000000000000000e+02 9.299531492883972295e-02 9.966513627129862662e-01 4.806403160095214844e+00
2.830000000000000000e+02 8.929317203416103910e-02 9.972543697745089863e-01 4.807232379913330078e+00
2.840000000000000000e+02 9.124866685505535202e-02 9.969447886421483052e-01 4.807479381561279297e+00
2.850000000000000000e+02 9.098464852864979191e-02 9.973365733563736013e-01 4.806952953338623047e+00
2.860000000000000000e+02 8.926533203661139726e-02 9.973607374594652963e-01 4.807104587554931641e+00
2.870000000000000000e+02 8.784631562758543621e-02 9.975226438449055211e-01 4.808525562286376953e+00
2.880000000000000000e+02 8.835175176954307430e-02 9.974109047586033894e-01 4.809020996093750000e+00
2.890000000000000000e+02 8.763351727161761140e-02 9.975486372637467625e-01 4.809684276580810547e+00
2.900000000000000000e+02 8.777716785544899258e-02 9.976784070726346654e-01 4.810318946838378906e+00
2.910000000000000000e+02 8.715576013221774943e-02 9.977438459889208522e-01 4.810451030731201172e+00
2.920000000000000000e+02 8.709058061823757302e-02 9.976959311748933024e-01 4.810445785522460938e+00
2.930000000000000000e+02 8.629829255997210902e-02 9.975765391577610108e-01 4.810092449188232422e+00
2.940000000000000000e+02 8.137150063429243740e-02 9.979816728180150864e-01 4.810080528259277344e+00
2.950000000000000000e+02 8.276840281768406415e-02 9.978236665389028648e-01 4.810433864593505859e+00
2.960000000000000000e+02 8.205559447595409117e-02 9.976262388104484291e-01 4.810614109039306641e+00
2.970000000000000000e+02 8.336309893477483746e-02 9.980705885942707800e-01 4.811126708984375000e+00
2.980000000000000000e+02 8.100038358097658153e-02 9.976532756607126018e-01 4.811612129211425781e+00
2.990000000000000000e+02 8.230700421181319504e-02 9.980213992062625383e-01 4.811076641082763672e+00
3.000000000000000000e+02 8.285146111899187316e-02 9.978122155151712969e-01 4.810809612274169922e+00
3.010000000000000000e+02 7.964562110828413144e-02 9.978053089214885540e-01 4.811183929443359375e+00
3.020000000000000000e+02 8.051731859392859125e-02 9.974749310517347922e-01 4.811790943145751953e+00
3.030000000000000000e+02 8.211738134766254082e-02 9.978478744892878005e-01 4.811873912811279297e+00
3.040000000000000000e+02 8.123259360955947805e-02 9.979380228531213870e-01 4.811850547790527344e+00
3.050000000000000000e+02 7.991073310666625684e-02 9.980540664705541687e-01 4.811637401580810547e+00
3.060000000000000000e+02 7.870440494922605057e-02 9.983372010051978496e-01 4.811719894409179688e+00
3.070000000000000000e+02 8.382307557779494767e-02 9.982051114941086212e-01 4.811538696289062500e+00
3.080000000000000000e+02 8.013279515206453429e-02 9.978094596553637174e-01 4.811884403228759766e+00
3.090000000000000000e+02 7.664194503602356212e-02 9.983398790367542519e-01 4.811749458312988281e+00
3.100000000000000000e+02 7.779691024743121130e-02 9.983475470938102392e-01 4.811624050140380859e+00
3.110000000000000000e+02 7.994647739890668736e-02 9.983666784495897062e-01 4.811530590057373047e+00
3.120000000000000000e+02 8.091706671437506881e-02 9.986775504189143726e-01 4.811922550201416016e+00
3.130000000000000000e+02 8.022630503675808045e-02 9.987520714196986837e-01 4.813082695007324219e+00
3.140000000000000000e+02 7.811565109465516688e-02 9.982614745027251768e-01 4.813211441040039062e+00
3.150000000000000000e+02 7.980596814901168290e-02 9.983654238457351227e-01 4.813825607299804688e+00
3.160000000000000000e+02 7.876732903881333847e-02 9.982262318278940505e-01 4.813799381256103516e+00
3.170000000000000000e+02 7.763038476220938955e-02 9.981105683545519192e-01 4.815125942230224609e+00
3.180000000000000000e+02 7.638300388167586219e-02 9.982040783460152111e-01 4.815608024597167969e+00
3.190000000000000000e+02 7.706367388210724756e-02 9.984496379330889404e-01 4.815793991088867188e+00
3.200000000000000000e+02 7.611213816047422698e-02 9.982424470266533234e-01 4.816567420959472656e+00
3.210000000000000000e+02 7.881964387101648983e-02 9.987445487023233204e-01 4.816961288452148438e+00
3.220000000000000000e+02 7.607816125405719720e-02 9.984762865796896758e-01 4.816710472106933594e+00
3.230000000000000000e+02 7.862833174747330123e-02 9.985665960155633014e-01 4.817320346832275391e+00
3.240000000000000000e+02 7.789429546736865995e-02 9.980759159112005952e-01 4.817251682281494141e+00
3.250000000000000000e+02 7.565370856696269908e-02 9.984767433211699794e-01 4.817197799682617188e+00
3.260000000000000000e+02 7.680902942195280692e-02 9.979051738522768389e-01 4.817341804504394531e+00
3.270000000000000000e+02 7.881546978699950634e-02 9.983196142657625449e-01 4.817030906677246094e+00
3.280000000000000000e+02 7.661667125686465185e-02 9.983303940457568526e-01 4.817248344421386719e+00
3.290000000000000000e+02 7.733481737417767510e-02 9.985638416203720391e-01 4.817334175109863281e+00
3.300000000000000000e+02 7.813139958651008077e-02 9.987793874789898663e-01 4.817558288574218750e+00
3.310000000000000000e+02 7.857678174375996860e-02 9.987993892674746910e-01 4.816675662994384766e+00
3.320000000000000000e+02 7.833512573544636204e-02 9.987025048541311456e-01 4.817412376403808594e+00
3.330000000000000000e+02 7.860939839245129068e-02 9.988049146090625108e-01 4.818047046661376953e+00
3.340000000000000000e+02 7.643023878045464292e-02 9.988055792976466840e-01 4.818303585052490234e+00
3.350000000000000000e+02 7.581081250070703659e-02 9.986697067988585808e-01 4.818415164947509766e+00
3.360000000000000000e+02 7.824516166941213047e-02 9.982378303550115684e-01 4.818634510040283203e+00
3.370000000000000000e+02 7.353804295367871724e-02 9.986592435997202477e-01 4.817800045013427734e+00
3.380000000000000000e+02 7.619033781317557930e-02 9.986090151336539655e-01 4.818122386932373047e+00
3.390000000000000000e+02 7.515201115574916824e-02 9.982900636720591914e-01 4.817206382751464844e+00
3.400000000000000000e+02 7.713875420099093605e-02 9.983309978279225616e-01 4.817111492156982422e+00
3.410000000000000000e+02 7.621956415525944772e-02 9.986576981792179009e-01 4.817194461822509766e+00
3.420000000000000000e+02 7.872745623719809571e-02 9.987201340439521013e-01 4.817349910736083984e+00
3.430000000000000000e+02 7.835070183331449556e-02 9.985008441401124202e-01 4.816955566406250000e+00
3.440000000000000000e+02 7.540208552328428460e-02 9.987215876045431040e-01 4.817092418670654297e+00
3.450000000000000000e+02 7.673155620181194847e-02 9.984401213275861942e-01 4.817705154418945312e+00
3.460000000000000000e+02 7.367894714204735462e-02 9.987516311303930028e-01 4.817560195922851562e+00
3.470000000000000000e+02 7.386961400897047725e-02 9.984922112573503261e-01 4.818404197692871094e+00
3.480000000000000000e+02 7.349065400954916949e-02 9.987119500689288776e-01 4.817848682403564453e+00
3.490000000000000000e+02 7.565950421542033677e-02 9.985412556696803277e-01 4.817728042602539062e+00
3.500000000000000000e+02 7.568370575308520920e-02 9.983928597940073812e-01 4.817824363708496094e+00
3.510000000000000000e+02 7.359394845100823701e-02 9.983270509054696928e-01 4.819305419921875000e+00
3.520000000000000000e+02 7.487350995470455628e-02 9.988151019559435850e-01 4.818482398986816406e+00
3.530000000000000000e+02 7.573123368869288941e-02 9.985689906023800244e-01 4.818284988403320312e+00
3.540000000000000000e+02 7.374708360913453942e-02 9.983351842642552709e-01 4.817780494689941406e+00
3.550000000000000000e+02 7.543074932531666776e-02 9.988017714543117043e-01 4.817982673645019531e+00
3.560000000000000000e+02 7.865899230232965833e-02 9.985197583074388872e-01 4.817388057708740234e+00
3.570000000000000000e+02 7.716680834150664581e-02 9.983370007386829226e-01 4.817605018615722656e+00
3.580000000000000000e+02 7.736942527418334825e-02 9.983406568659646263e-01 4.817061901092529297e+00
3.590000000000000000e+02 7.713971407481896858e-02 9.983630249377211108e-01 4.816816329956054688e+00
3.600000000000000000e+02 7.529873374915806161e-02 9.984893067724136539e-01 4.817595481872558594e+00
3.610000000000000000e+02 7.316265328500251575e-02 9.982968930909873473e-01 4.817381858825683594e+00
3.620000000000000000e+02 7.456444410189080885e-02 9.981767036857638331e-01 4.817183017730712891e+00
3.630000000000000000e+02 7.518654619479714363e-02 9.982276166001311513e-01 4.817321777343750000e+00
3.640000000000000000e+02 7.583535460211524026e-02 9.982858507773435530e-01 4.817830562591552734e+00
3.650000000000000000e+02 7.435198537515617934e-02 9.984096843125318532e-01 4.818384170532226562e+00
3.660000000000000000e+02 7.315529487190658431e-02 9.984770167252143835e-01 4.818621635437011719e+00
3.670000000000000000e+02 7.270803296025052376e-02 9.982088858939616172e-01 4.818779945373535156e+00
3.680000000000000000e+02 7.557779420390461911e-02 9.984575449098612721e-01 4.817531108856201172e+00
3.690000000000000000e+02 7.433302469461966488e-02 9.984095384195262879e-01 4.816523075103759766e+00
3.700000000000000000e+02 7.499524629622385252e-02 9.986937223788686646e-01 4.816441535949707031e+00
3.710000000000000000e+02 7.521035542694641529e-02 9.985061816249295452e-01 4.816764354705810547e+00
3.720000000000000000e+02 7.524614274086764698e-02 9.983159630204018198e-01 4.816813468933105469e+00
3.730000000000000000e+02 7.547519080057442376e-02 9.982545891576171115e-01 4.816866397857666016e+00
3.740000000000000000e+02 7.412903236745554958e-02 9.980012848886448129e-01 4.816300868988037109e+00
3.750000000000000000e+02 7.695293313196577278e-02 9.988019757510675500e-01 4.816317558288574219e+00
3.760000000000000000e+02 7.557614986221226905e-02 9.984941756347603947e-01 4.816201210021972656e+00
3.770000000000000000e+02 7.646627708100957321e-02 9.987444493932450262e-01 4.815675258636474609e+00
3.780000000000000000e+02 7.710817688250180824e-02 9.980620943735966089e-01 4.815418720245361328e+00
3.790000000000000000e+02 7.736527637014933845e-02 9.978972346307738439e-01 4.813869476318359375e+00
3.800000000000000000e+02 7.642265735781855751e-02 9.984969305665284400e-01 4.813980579376220703e+00
3.810000000000000000e+02 7.698263417630905880e-02 9.985582063552495002e-01 4.814408779144287109e+00
3.820000000000000000e+02 7.848472856679419851e-02 9.985336642552828934e-01 4.814370632171630859e+00
3.830000000000000000e+02 7.697366483384039670e-02 9.981198990984169184e-01 4.814706802368164062e+00
3.840000000000000000e+02 7.660216129012149822e-02 9.984588891250298914e-01 4.815039157867431641e+00
3.850000000000000000e+02 7.854852729300024206e-02 9.980096124768264021e-01 4.814797878265380859e+00
3.860000000000000000e+02 7.301913642648144576e-02 9.980701786881682747e-01 4.814645767211914062e+00
3.870000000000000000e+02 7.700006985414729888e-02 9.981208041214555404e-01 4.814179897308349609e+00
3.880000000000000000e+02 7.613899750323202542e-02 9.979049316347311516e-01 4.814558506011962891e+00
3.890000000000000000e+02 7.517839434435259760e-02 9.978593100504082880e-01 4.814214706420898438e+00
3.900000000000000000e+02 7.419247663007226545e-02 9.981614390949048454e-01 4.814294338226318359e+00
3.910000000000000000e+02 7.457542217712095911e-02 9.981607201778243121e-01 4.813864707946777344e+00
3.920000000000000000e+02 7.672755785198993872e-02 9.983338791391193068e-01 4.814610958099365234e+00
3.930000000000000000e+02 7.719061482422802378e-02 9.981568794510501386e-01 4.814867019653320312e+00
3.940000000000000000e+02 7.475261446559926248e-02 9.983009829433153737e-01 4.814163684844970703e+00
3.950000000000000000e+02 7.595269269732198014e-02 9.983626775570325629e-01 4.815676689147949219e+00
3.960000000000000000e+02 7.743471538562808620e-02 9.982800594234394476e-01 4.815900325775146484e+00
3.970000000000000000e+02 7.620649166475999825e-02 9.984194997442199515e-01 4.815679550170898438e+00
3.980000000000000000e+02 7.500092901447089067e-02 9.984270567813647856e-01 4.815753459930419922e+00
