0.000000000000000000e+00 9.678063164737769897e-02 0.000000000000000000e+00 3.000670433044433594e+00
1.000000000000000000e+00 1.490929761321294622e-01 0.000000000000000000e+00 3.166456937789916992e+00
2.000000000000000000e+00 2.122231228063584385e-01 0.000000000000000000e+00 3.309146404266357422e+00
3.000000000000000000e+00 2.833404605691091649e-01 0.000000000000000000e+00 3.432866096496582031e+00
4.000000000000000000e+00 3.498448066995596406e-01 0.000000000000000000e+00 3.541609525680541992e+00
5.000000000000000000e+00 4.138953215852026468e-01 0.000000000000000000e+00 3.638062000274658203e+00
6.000000000000000000e+00 4.711162965342181042e-01 0.000000000000000000e+00 3.723180055618286133e+00
7.000000000000000000e+00 5.304911582750120314e-01 0.000000000000000000e+00 3.799963474273681641e+00
8.000000000000000000e+00 5.761037491580318637e-01 0.000000000000000000e+00 3.867992401123046875e+00
9.000000000000000000e+00 6.202948256434496210e-01 0.000000000000000000e+00 3.928339481353759766e+00
1.000000000000000000e+01 6.579692889291672842e-01 0.000000000000000000e+00 3.983396053314208984e+00
1.100000000000000000e+01 6.912733315680312796e-01 0.000000000000000000e+00 4.032873630523681641e+00
1.200000000000000000e+01 7.226071674945182544e-01 0.000000000000000000e+00 4.077070713043212891e+00
1.300000000000000000e+01 7.509721547341745573e-01 0.000000000000000000e+00 4.118730068206787109e+00
1.400000000000000000e+01 7.765497412574474678e-01 0.000000000000000000e+00 4.156894683837890625e+00
1.500000000000000000e+01 8.004753030826305960e-01 0.000000000000000000e+00 4.191307067871093750e+00
1.600000000000000000e+01 8.208621791849530780e-01 0.000000000000000000e+00 4.223433017730712891e+00
1.700000000000000000e+01 8.387430389502950057e-01 0.000000000000000000e+00 4.252174854278564453e+00
1.800000000000000000e+01 8.551546214563411352e-01 0.000000000000000000e+00 4.278739452362060547e+00
1.900000000000000000e+01 8.704471771384933998e-01 0.000000000000000000e+00 4.303600788116455078e+00
2.000000000000000000e+01 8.833363626480984498e-01 0.000000000000000000e+00 4.325879573822021484e+00
2.100000000000000000e+01 8.952945031445850299e-01 0.000000000000000000e+00 4.347124099731445312e+00
2.200000000000000000e+01 9.067812048238460543e-01 0.000000000000000000e+00 4.366324424743652344e+00
2.300000000000000000e+01 9.164455752931515153e-01 0.000000000000000000e+00 4.383391380310058594e+00
2.400000000000000000e+01 9.242843109461009732e-01 0.000000000000000000e+00 4.399623394012451172e+00
2.500000000000000000e+01 9.323111464893741873e-01 0.000000000000000000e+00 4.414982795715332031e+00
2.600000000000000000e+01 9.383264245901845602e-01 0.000000000000000000e+00 4.428607463836669922e+00
2.700000000000000000e+01 9.459520023100949082e-01 0.000000000000000000e+00 4.441014289855957031e+00
2.800000000000000000e+01 9.502307105927895181e-01 0.000000000000000000e+00 4.452628612518310547e+00
2.900000000000000000e+01 9.554016242814207249e-01 0.000000000000000000e+00 4.464167118072509766e+00
3.000000000000000000e+01 9.603057361141262849e-01 0.000000000000000000e+00 4.475028991699218750e+00
3.100000000000000000e+01 9.645486541119200341e-01 0.000000000000000000e+00 4.484244346618652344e+00
3.200000000000000000e+01 9.680089271751499691e-01 0.000000000000000000e+00 4.492362022399902344e+00
3.300000000000000000e+01 9.695103706348066064e-01 0.000000000000000000e+00 4.500315666198730469e+00
3.400000000000000000e+01 9.722723490945724967e-01 0.000000000000000000e+00 4.507306098937988281e+00
3.500000000000000000e+01 9.760798017680233363e-01 0.000000000000000000e+00 4.514049530029296875e+00
3.600000000000000000e+01 9.773460770679123222e-01 0.000000000000000000e+00 4.521566867828369141e+00
3.700000000000000000e+01 9.794579482395913139e-01 0.000000000000000000e+00 4.527995109558105469e+00
3.800000000000000000e+01 9.806721515413846513e-01 0.000000000000000000e+00 4.533537864685058594e+00
3.900000000000000000e+01 9.825612478022540675e-01 0.000000000000000000e+00 4.538931369781494141e+00
4.000000000000000000e+01 9.827090662845189284e-01 0.000000000000000000e+00 4.543456554412841797e+00
4.100000000000000000e+01 9.846485220825429430e-01 0.000000000000000000e+00 4.547389030456542969e+00
4.200000000000000000e+01 9.863671789903974974e-01 0.000000000000000000e+00 4.551405906677246094e+00
4.300000000000000000e+01 9.878728543620418634e-01 0.000000000000000000e+00 4.555508613586425781e+00
4.400000000000000000e+01 9.874677511680970410e-01 0.000000000000000000e+00 4.559265613555908203e+00
4.500000000000000000e+01 9.880603229845547064e-01 0.000000000000000000e+00 4.562517166137695312e+00
4.600000000000000000e+01 9.877741863172836423e-01 0.000000000000000000e+00 4.564990520477294922e+00
4.700000000000000000e+01 9.891209124292968946e-01 0.000000000000000000e+00 4.566702842712402344e+00
4.800000000000000000e+01 9.902125983502372275e-01 0.000000000000000000e+00 4.568544387817382812e+00
4.900000000000000000e+01 9.908425675092584761e-01 0.000000000000000000e+00 4.571133613586425781e+00
5.000000000000000000e+01 9.910493674890207272e-01 0.000000000000000000e+00 4.573421001434326172e+00
5.100000000000000000e+01 9.922352198084998243e-01 0.000000000000000000e+00 4.576046943664550781e+00
5.200000000000000000e+01 9.926210850458211388e-01 0.000000000000000000e+00 4.578942298889160156e+00
5.300000000000000000e+01 9.924082952117861955e-01 0.000000000000000000e+00 4.580965042114257812e+00
5.400000000000000000e+01 9.930398336337495913e-01 0.000000000000000000e+00 4.582413196563720703e+00
5.500000000000000000e+01 9.931318810072313763e-01 0.000000000000000000e+00 4.584849357604980469e+00
5.600000000000000000e+01 9.938805477504474295e-01 0.000000000000000000e+00 4.585576534271240234e+00
5.700000000000000000e+01 9.936766536786432180e-01 0.000000000000000000e+00 4.586394309997558594e+00
5.800000000000000000e+01 9.942401369078568418e-01 0.000000000000000000e+00 4.586571216583251953e+00
5.900000000000000000e+01 9.941588258290625646e-01 0.000000000000000000e+00 4.588566303253173828e+00
6.000000000000000000e+01 9.937614128697150884e-01 0.000000000000000000e+00 4.589032649993896484e+00
6.100000000000000000e+01 9.941302233066298122e-01 0.000000000000000000e+00 4.589221000671386719e+00
6.200000000000000000e+01 9.938752388324030296e-01 0.000000000000000000e+00 4.589570045471191406e+00
6.300000000000000000e+01 9.945263896482148258e-01 0.000000000000000000e+00 4.590588569641113281e+00
6.400000000000000000e+01 9.950072444800998062e-01 0.000000000000000000e+00 4.591707706451416016e+00
6.500000000000000000e+01 9.958310860681358623e-01 0.000000000000000000e+00 4.592084884643554688e+00
6.600000000000000000e+01 9.955490613918037690e-01 0.000000000000000000e+00 4.593078613281250000e+00
6.700000000000000000e+01 9.957641157270948895e-01 0.000000000000000000e+00 4.592948913574218750e+00
6.800000000000000000e+01 9.956060687160520617e-01 0.000000000000000000e+00 4.593764781951904297e+00
6.900000000000000000e+01 9.959106966553757934e-01 0.000000000000000000e+00 4.595128059387207031e+00
7.000000000000000000e+01 9.953467623028091626e-01 0.000000000000000000e+00 4.595584869384765625e+00
7.100000000000000000e+01 9.961030065396400124e-01 0.000000000000000000e+00 4.596073150634765625e+00
7.200000000000000000e+01 9.961817159160804014e-01 0.000000000000000000e+00 4.597885131835937500e+00
7.300000000000000000e+01 9.961097551352051660e-01 0.000000000000000000e+00 4.597548484802246094e+00
7.400000000000000000e+01 9.955609751395688711e-01 0.000000000000000000e+00 4.598224639892578125e+00
7.500000000000000000e+01 9.959272453499016242e-01 0.000000000000000000e+00 4.597542762756347656e+00
7.600000000000000000e+01 9.958627982257979294e-01 0.000000000000000000e+00 4.597157478332519531e+00
7.700000000000000000e+01 9.959363731674366615e-01 0.000000000000000000e+00 4.597895145416259766e+00
7.800000000000000000e+01 9.965805321717332577e-01 0.000000000000000000e+00 4.598142623901367188e+00
7.900000000000000000e+01 9.968374716540463476e-01 0.000000000000000000e+00 4.597298622131347656e+00
8.000000000000000000e+01 9.966815712255173709e-01 0.000000000000000000e+00 4.598830699920654297e+00
8.100000000000000000e+01 9.960253543540390497e-01 0.000000000000000000e+00 4.598998546600341797e+00
8.200000000000000000e+01 9.965209667442622710e-01 0.000000000000000000e+00 4.598903656005859375e+00
8.300000000000000000e+01 9.963832159240322284e-01 0.000000000000000000e+00 4.599451065063476562e+00
8.400000000000000000e+01 9.961695524752204323e-01 0.000000000000000000e+00 4.599266529083251953e+00
8.500000000000000000e+01 9.962513661347486282e-01 0.000000000000000000e+00 4.599166393280029297e+00
8.600000000000000000e+01 9.968013936263541153e-01 0.000000000000000000e+00 4.598816394805908203e+00
8.700000000000000000e+01 9.962561613050445741e-01 0.000000000000000000e+00 4.598625659942626953e+00
8.800000000000000000e+01 9.959348507888130531e-01 0.000000000000000000e+00 4.599007606506347656e+00
8.900000000000000000e+01 9.958948611272366858e-01 0.000000000000000000e+00 4.599369049072265625e+00
9.000000000000000000e+01 9.963169200064752040e-01 0.000000000000000000e+00 4.600185871124267578e+00
9.100000000000000000e+01 9.962241043219827175e-01 0.000000000000000000e+00 4.600578784942626953e+00
9.200000000000000000e+01 9.967264904730177566e-01 0.000000000000000000e+00 4.600242614746093750e+00
9.300000000000000000e+01 9.965303158309147813e-01 0.000000000000000000e+00 4.600331783294677734e+00
9.400000000000000000e+01 9.961551978550556852e-01 0.000000000000000000e+00 4.601123332977294922e+00
9.500000000000000000e+01 9.965294529388575295e-01 0.000000000000000000e+00 4.601428985595703125e+00
9.600000000000000000e+01 9.960574237362218586e-01 0.000000000000000000e+00 4.601483821868896484e+00
9.700000000000000000e+01 9.960181451208045544e-01 0.000000000000000000e+00 4.601128101348876953e+00
9.800000000000000000e+01 9.961409945024960466e-01 0.000000000000000000e+00 4.600721836090087891e+00
9.900000000000000000e+01 9.961424654237965859e-01 0.000000000000000000e+00 4.600710391998291016e+00
1.000000000000000000e+02 9.961106151686093257e-01 0.000000000000000000e+00 4.600481986999511719e+00
1.010000000000000000e+02 9.959355183677924828e-01 0.000000000000000000e+00 4.600412368774414062e+00
1.020000000000000000e+02 9.962672497190969700e-01 0.000000000000000000e+00 4.599861145019531250e+00
1.030000000000000000e+02 9.964882620132053948e-01 0.000000000000000000e+00 4.600525379180908203e+00
1.040000000000000000e+02 9.960073867869582154e-01 0.000000000000000000e+00 4.601203918457031250e+00
1.050000000000000000e+02 9.955371843957830924e-01 0.000000000000000000e+00 4.600699424743652344e+00
1.060000000000000000e+02 9.965258868164547090e-01 0.000000000000000000e+00 4.601470947265625000e+00
1.070000000000000000e+02 9.969142475420958993e-01 0.000000000000000000e+00 4.601676464080810547e+00
1.080000000000000000e+02 9.964454434659910653e-01 0.000000000000000000e+00 4.602791309356689453e+00
1.090000000000000000e+02 9.965106884743686333e-01 0.000000000000000000e+00 4.602325439453125000e+00
1.100000000000000000e+02 9.960442624452506832e-01 0.000000000000000000e+00 4.602473258972167969e+00
1.110000000000000000e+02 9.967072588094021413e-01 0.000000000000000000e+00 4.603116035461425781e+00
1.120000000000000000e+02 9.962651097933373778e-01 0.000000000000000000e+00 4.603218078613281250e+00
1.130000000000000000e+02 9.964145910399103689e-01 0.000000000000000000e+00 4.603324890136718750e+00
1.140000000000000000e+02 9.964809259812132947e-01 0.000000000000000000e+00 4.603474140167236328e+00
1.150000000000000000e+02 9.966620824754751640e-01 0.000000000000000000e+00 4.602758407592773438e+00
1.160000000000000000e+02 9.969424350731939111e-01 0.000000000000000000e+00 4.602644443511962891e+00
1.170000000000000000e+02 9.968128223902323892e-01 0.000000000000000000e+00 4.601994991302490234e+00
1.180000000000000000e+02 9.959567877649827539e-01 0.000000000000000000e+00 4.601832389831542969e+00
1.190000000000000000e+02 9.966205291434860891e-01 0.000000000000000000e+00 4.601426124572753906e+00
1.200000000000000000e+02 9.963975580505005647e-01 0.000000000000000000e+00 4.600751876831054688e+00
1.210000000000000000e+02 9.964496678244488814e-01 0.000000000000000000e+00 4.600893974304199219e+00
1.220000000000000000e+02 9.968181320011748614e-01 0.000000000000000000e+00 4.602026939392089844e+00
1.230000000000000000e+02 9.962575906152997263e-01 0.000000000000000000e+00 4.602408409118652344e+00
1.240000000000000000e+02 9.965780203148514316e-01 0.000000000000000000e+00 4.602708816528320312e+00
1.250000000000000000e+02 9.974540561114609849e-01 0.000000000000000000e+00 4.601912975311279297e+00
1.260000000000000000e+02 9.970488158686907632e-01 0.000000000000000000e+00 4.603269577026367188e+00
1.270000000000000000e+02 9.967319427175671542e-01 0.000000000000000000e+00 4.604033470153808594e+00
1.280000000000000000e+02 9.969711954861266712e-01 0.000000000000000000e+00 4.604194641113281250e+00
1.290000000000000000e+02 9.962394440336085344e-01 0.000000000000000000e+00 4.603020668029785156e+00
1.300000000000000000e+02 9.962345924535811470e-01 0.000000000000000000e+00 4.603647708892822266e+00
1.310000000000000000e+02 9.962642596662660832e-01 0.000000000000000000e+00 4.603338718414306641e+00
1.320000000000000000e+02 9.971935861985073979e-01 0.000000000000000000e+00 4.603632450103759766e+00
1.330000000000000000e+02 9.968219214585526400e-01 0.000000000000000000e+00 4.604012966156005859e+00
1.340000000000000000e+02 9.971739782637804028e-01 0.000000000000000000e+00 4.604278564453125000e+00
1.350000000000000000e+02 9.969085583352341740e-01 0.000000000000000000e+00 4.604025363922119141e+00
1.360000000000000000e+02 9.965496867882004395e-01 0.000000000000000000e+00 4.603570461273193359e+00
1.370000000000000000e+02 9.965682174342141986e-01 0.000000000000000000e+00 4.603403568267822266e+00
1.380000000000000000e+02 9.969678093239665584e-01 0.000000000000000000e+00 4.602814197540283203e+00
1.390000000000000000e+02 9.967197644920745558e-01 0.000000000000000000e+00 4.602778911590576172e+00
1.400000000000000000e+02 9.964860199278793296e-01 0.000000000000000000e+00 4.602232933044433594e+00
1.410000000000000000e+02 9.964638491205791704e-01 0.000000000000000000e+00 4.602797508239746094e+00
1.420000000000000000e+02 9.969747191065385650e-01 0.000000000000000000e+00 4.602931976318359375e+00
1.430000000000000000e+02 9.967426393233446147e-01 0.000000000000000000e+00 4.603274345397949219e+00
1.440000000000000000e+02 9.967690857042463826e-01 0.000000000000000000e+00 4.603526592254638672e+00
1.450000000000000000e+02 9.969869891656161220e-01 0.000000000000000000e+00 4.604388713836669922e+00
1.460000000000000000e+02 9.969197180265431113e-01 0.000000000000000000e+00 4.604577541351318359e+00
1.470000000000000000e+02 9.964938301839132428e-01 0.000000000000000000e+00 4.604541301727294922e+00
1.480000000000000000e+02 9.966929688629609929e-01 0.000000000000000000e+00 4.603528022766113281e+00
1.490000000000000000e+02 9.966089085131404346e-01 0.000000000000000000e+00 4.603766441345214844e+00
1.500000000000000000e+02 9.970886338846136621e-01 0.000000000000000000e+00 4.604389667510986328e+00
1.510000000000000000e+02 9.961721988049487830e-01 0.000000000000000000e+00 4.605110645294189453e+00
1.520000000000000000e+02 9.964339865205853464e-01 0.000000000000000000e+00 4.604485988616943359e+00
1.530000000000000000e+02 9.967156132257024570e-01 0.000000000000000000e+00 4.604430198669433594e+00
1.540000000000000000e+02 9.968873386216641208e-01 0.000000000000000000e+00 4.603835105895996094e+00
1.550000000000000000e+02 9.969046582795578759e-01 0.000000000000000000e+00 4.603198051452636719e+00
1.560000000000000000e+02 9.968922954623125054e-01 0.000000000000000000e+00 4.603807449340820312e+00
1.570000000000000000e+02 9.968965419670040573e-01 0.000000000000000000e+00 4.603229522705078125e+00
1.580000000000000000e+02 9.975227807080412346e-01 0.000000000000000000e+00 4.603092193603515625e+00
1.590000000000000000e+02 9.971763500340821151e-01 0.000000000000000000e+00 4.603140830993652344e+00
1.600000000000000000e+02 9.968404338397545139e-01 0.000000000000000000e+00 4.603000164031982422e+00
1.610000000000000000e+02 9.969852746479176409e-01 0.000000000000000000e+00 4.603246212005615234e+00
1.620000000000000000e+02 9.971578036730952554e-01 0.000000000000000000e+00 4.603829383850097656e+00
1.630000000000000000e+02 9.962514137825457805e-01 0.000000000000000000e+00 4.602712631225585938e+00
1.640000000000000000e+02 9.965120834309537656e-01 0.000000000000000000e+00 4.602624416351318359e+00
1.650000000000000000e+02 9.961953054133459995e-01 0.000000000000000000e+00 4.602519035339355469e+00
1.660000000000000000e+02 9.969452004220271668e-01 0.000000000000000000e+00 4.602939128875732422e+00
1.670000000000000000e+02 9.965575235894296169e-01 0.000000000000000000e+00 4.603542804718017578e+00
1.680000000000000000e+02 9.969813334241930391e-01 0.000000000000000000e+00 4.604121685028076172e+00
1.690000000000000000e+02 9.967332698860936757e-01 0.000000000000000000e+00 4.603425025939941406e+00
1.700000000000000000e+02 9.974534346418295616e-01 0.000000000000000000e+00 4.604014396667480469e+00
1.710000000000000000e+02 9.972554291005646387e-01 0.000000000000000000e+00 4.603053092956542969e+00
1.720000000000000000e+02 9.969970131397005719e-01 0.000000000000000000e+00 4.603363513946533203e+00
1.730000000000000000e+02 9.969084604032906194e-01 0.000000000000000000e+00 4.601626396179199219e+00
1.740000000000000000e+02 9.971117800874694792e-01 0.000000000000000000e+00 4.601814270019531250e+00
1.750000000000000000e+02 9.970938529750558166e-01 0.000000000000000000e+00 4.601672649383544922e+00
1.760000000000000000e+02 9.970884333543423850e-01 0.000000000000000000e+00 4.601962566375732422e+00
1.770000000000000000e+02 9.969338424449830649e-01 0.000000000000000000e+00 4.602856159210205078e+00
1.780000000000000000e+02 9.974204998388610521e-01 0.000000000000000000e+00 4.601890087127685547e+00
1.790000000000000000e+02 9.969062928218115349e-01 0.000000000000000000e+00 4.601688861846923828e+00
1.800000000000000000e+02 9.967615828217867291e-01 0.000000000000000000e+00 4.601968288421630859e+00
1.810000000000000000e+02 9.973313351454251574e-01 0.000000000000000000e+00 4.601891994476318359e+00
1.820000000000000000e+02 9.977739053722878282e-01 0.000000000000000000e+00 4.601541996002197266e+00
1.830000000000000000e+02 9.972888472077912070e-01 0.000000000000000000e+00 4.600256919860839844e+00
1.840000000000000000e+02 9.975489782209344680e-01 0.000000000000000000e+00 4.600080490112304688e+00
1.850000000000000000e+02 9.970848836010623994e-01 0.000000000000000000e+00 4.600515365600585938e+00
1.860000000000000000e+02 9.970881961124073989e-01 0.000000000000000000e+00 4.600237846374511719e+00
1.870000000000000000e+02 9.973922623070692328e-01 0.000000000000000000e+00 4.600019931793212891e+00
1.880000000000000000e+02 9.972447108540306582e-01 0.000000000000000000e+00 4.599533081054687500e+00
1.890000000000000000e+02 9.971058003857707908e-01 0.000000000000000000e+00 4.599724292755126953e+00
1.900000000000000000e+02 9.978466710389612970e-01 0.000000000000000000e+00 4.599575519561767578e+00
1.910000000000000000e+02 9.977944825760335368e-01 0.000000000000000000e+00 4.598931312561035156e+00
1.920000000000000000e+02 9.974818579622771741e-01 0.000000000000000000e+00 4.599327087402343750e+00
1.930000000000000000e+02 9.978752909029633411e-01 0.000000000000000000e+00 4.599983215332031250e+00
1.940000000000000000e+02 9.973266301174037451e-01 0.000000000000000000e+00 4.600344181060791016e+00
1.950000000000000000e+02 9.976283180823666275e-01 0.000000000000000000e+00 4.600991725921630859e+00
1.960000000000000000e+02 9.979542428508513252e-01 0.000000000000000000e+00 4.601047515869140625e+00
1.970000000000000000e+02 9.973481188150717935e-01 0.000000000000000000e+00 4.601742267608642578e+00
1.980000000000000000e+02 9.974945205253639147e-01 0.000000000000000000e+00 4.601618766784667969e+00
1.990000000000000000e+02 9.972852104467045953e-01 0.000000000000000000e+00 4.600077629089355469e+00
2.000000000000000000e+02 9.949689326751902652e-01 8.872817572504702877e-02 3.001150608062744141e+00
2.010000000000000000e+02 9.891766542057529588e-01 1.406762830738342296e-01 3.168082952499389648e+00
2.020000000000000000e+02 9.775530790660287295e-01 1.990824306583337810e-01 3.312134981155395508e+00
2.030000000000000000e+02 9.577720640750283509e-01 2.714924667277788251e-01 3.436091899871826172e+00
2.040000000000000000e+02 9.266653638947017768e-01 3.371676443947716484e-01 3.545006036758422852e+00
2.050000000000000000e+02 8.871594702741082417e-01 4.011588595513324029e-01 3.641759395599365234e+00
2.060000000000000000e+02 8.427068451495407508e-01 4.604200828397481127e-01 3.727201938629150391e+00
2.070000000000000000e+02 7.938162958421215443e-01 5.140925942053905517e-01 3.804307460784912109e+00
2.080000000000000000e+02 7.461421274121787794e-01 5.626049910249762975e-01 3.873385906219482422e+00
2.090000000000000000e+02 6.981501013518943699e-01 6.083954991321908201e-01 3.935234546661376953e+00
2.100000000000000000e+02 6.518346470608338272e-01 6.477269512673179408e-01 3.991107463836669922e+00
2.110000000000000000e+02 6.097298843920881950e-01 6.838412796691727413e-01 4.042235374450683594e+00
2.120000000000000000e+02 5.658891883998165007e-01 7.148088989939392901e-01 4.088228702545166016e+00
2.130000000000000000e+02 5.251144273517707184e-01 7.442939489676813070e-01 4.131110191345214844e+00
2.140000000000000000e+02 4.902541880172328059e-01 7.689597198449719118e-01 4.170122623443603516e+00
2.150000000000000000e+02 4.570379987842090874e-01 7.921944055774600146e-01 4.205119609832763672e+00
2.160000000000000000e+02 4.245932503614755493e-01 8.120725645203232812e-01 4.237563133239746094e+00
2.170000000000000000e+02 3.978370414944889522e-01 8.299224228455450714e-01 4.266462326049804688e+00
2.180000000000000000e+02 3.725188985449275347e-01 8.477747673734437051e-01 4.293788433074951172e+00
2.190000000000000000e+02 3.466380380881323164e-01 8.638650286611369022e-01 4.319114208221435547e+00
2.200000000000000000e+02 3.271827417957557937e-01 8.766952929557300100e-01 4.342525959014892578e+00
2.210000000000000000e+02 3.071052755841719439e-01 8.883351482184081993e-01 4.363961219787597656e+00
2.220000000000000000e+02 2.909832756185576352e-01 9.016304274240199979e-01 4.383191108703613281e+00
2.230000000000000000e+02 2.714168409424953521e-01 9.124889373995981323e-01 4.401487827301025391e+00
2.240000000000000000e+02 2.584108656685613625e-01 9.204879515317900829e-01 4.417465209960937500e+00
2.250000000000000000e+02 2.441587140491844610e-01 9.294526417442426913e-01 4.433059215545654297e+00
2.260000000000000000e+02 2.286241599105961475e-01 9.347249190579868250e-01 4.446588993072509766e+00
2.270000000000000000e+02 2.174847192108342042e-01 9.404160420749303473e-01 4.459932327270507812e+00
2.280000000000000000e+02 2.080732761316640700e-01 9.464078220548788334e-01 4.471821784973144531e+00
2.290000000000000000e+02 1.965975106551859919e-01 9.513285268501404657e-01 4.483102321624755859e+00
2.300000000000000000e+02 1.906454025526092277e-01 9.559261684240588641e-01 4.493328094482421875e+00
2.310000000000000000e+02 1.778428820013417400e-01 9.593104578757262191e-01 4.502898693084716797e+00
2.320000000000000000e+02 1.702016408346175569e-01 9.638600075233019204e-01 4.511740684509277344e+00
2.330000000000000000e+02 1.660570758059555785e-01 9.672538821764989914e-01 4.520679950714111328e+00
2.340000000000000000e+02 1.558201836777329541e-01 9.708894897411793901e-01 4.528027534484863281e+00
2.350000000000000000e+02 1.493367860197546693e-01 9.740691892651958117e-01 4.536133766174316406e+00
2.360000000000000000e+02 1.441391150743021599e-01 9.771550077676337542e-01 4.542314529418945312e+00
2.370000000000000000e+02 1.407686710682107267e-01 9.775917058697498607e-01 4.548750400543212891e+00
2.380000000000000000e+02 1.331118616561312307e-01 9.799432766293761921e-01 4.554852485656738281e+00
2.390000000000000000e+02 1.292754180167209332e-01 9.809006338623246224e-01 4.560681819915771484e+00
2.400000000000000000e+02 1.247690850168027554e-01 9.831510749421870088e-01 4.564669609069824219e+00
2.410000000000000000e+02 1.208502995515405021e-01 9.840320537024958014e-01 4.569876670837402344e+00
2.420000000000000000e+02 1.166352391558301699e-01 9.859264588754851344e-01 4.573459148406982422e+00
2.430000000000000000e+02 1.167493224987092154e-01 9.866402424509580493e-01 4.576820373535156250e+00
2.440000000000000000e+02 1.125150993890230433e-01 9.875143795629510723e-01 4.580797672271728516e+00
2.450000000000000000e+02 1.084716372848206628e-01 9.893461892934829471e-01 4.584770202636718750e+00
2.460000000000000000e+02 1.056771572925186697e-01 9.895386860617726432e-01 4.587801933288574219e+00
2.470000000000000000e+02 1.026887984047009234e-01 9.904460025360508624e-01 4.590302944183349609e+00
2.480000000000000000e+02 1.004554764455792559e-01 9.911052767737381641e-01 4.593511581420898438e+00
2.490000000000000000e+02 1.006920273586102144e-01 9.911318003780325014e-01 4.595423698425292969e+00
2.500000000000000000e+02 9.665396715901725111e-02 9.918514891242815601e-01 4.597381114959716797e+00
2.510000000000000000e+02 9.626152755160680141e-02 9.912244513658472478e-01 4.600678443908691406e+00
2.520000000000000000e+02 9.190762560753699961e-02 9.919459682217049989e-01 4.602389812469482422e+00
2.530000000000000000e+02 8.949899354421132769e-02 9.922622808224266233e-01 4.603310585021972656e+00
2.540000000000000000e+02 8.578180354871856039e-02 9.926413121898158831e-01 4.605714797973632812e+00
2.550000000000000000e+02 8.985805215303967197e-02 9.936022338160845901e-01 4.607636451721191406e+00
2.560000000000000000e+02 8.712969271918420688e-02 9.934932984546928081e-01 4.609332084655761719e+00
2.570000000000000000e+02 8.319024665975180421e-02 9.942907010494850262e-01 4.609644412994384766e+00
2.580000000000000000e+02 8.496961404343410240e-02 9.939833624097818010e-01 4.610538959503173828e+00
2.590000000000000000e+02 8.461498873163741941e-02 9.944990362151847618e-01 4.611082077026367188e+00
2.600000000000000000e+02 8.407498881721429951e-02 9.951532921845298585e-01 4.612020015716552734e+00
2.610000000000000000e+02 8.065504760958193409e-02 9.940801364403379914e-01 4.613807201385498047e+00
2.620000000000000000e+02 8.050664266763021826e-02 9.951359109162580818e-01 4.614717006683349609e+00
2.630000000000000000e+02 8.057568055234200222e-02 9.948249107207050024e-01 4.614064216613769531e+00
2.640000000000000000e+02 8.175879939288484277e-02 9.942226661102563368e-01 4.614533901214599609e+00
2.650000000000000000e+02 7.961074874720805439e-02 9.954606710755860011e-01 4.615991115570068359e+00
2.660000000000000000e+02 7.697039987052174681e-02 9.956602356451199620e-01 4.616673469543457031e+00
2.670000000000000000e+02 7.849576295869899190e-02 9.953059700006779975e-01 4.617147922515869141e+00
2.680000000000000000e+02 7.867857540908239355e-02 9.954894120603350327e-01 4.618049621582031250e+00
2.690000000000000000e+02 7.965912336309656505e-02 9.960636590296131354e-01 4.618483066558837891e+00
2.700000000000000000e+02 7.823371466346058789e-02 9.953807062602055833e-01 4.619014263153076172e+00
2.710000000000000000e+02 7.624172613487190109e-02 9.956537916363997764e-01 4.619458675384521484e+00
2.720000000000000000e+02 7.606086448358168051e-02 9.962563890840513414e-01 4.620376586914062500e+00
2.730000000000000000e+02 7.495640404738049267e-02 9.961010027005003931e-01 4.620424270629882812e+00
2.740000000000000000e+02 7.704459718368757148e-02 9.959016248481384892e-01 4.620201587677001953e+00
2.750000000000000000e+02 7.731586854172932399e-02 9.959885235955454608e-01 4.620844841003417969e+00
2.760000000000000000e+02 7.434398285087687186e-02 9.962828363257522080e-01 4.620584011077880859e+00
2.770000000000000000e+02 7.404530484221819031e-02 9.958898622597267547e-01 4.621269702911376953e+00
2.780000000000000000e+02 7.640265339346465068e-02 9.967126127021378457e-01 4.621569156646728516e+00
2.790000000000000000e+02 7.444863430662776449e-02 9.962020203328003642e-01 4.622306346893310547e+00
2.800000000000000000e+02 7.507793836032507218e-02 9.963166762570326851e-01 4.623319625854492188e+00
2.810000000000000000e+02 7.724247794413248436e-02 9.965494244036504634e-01 4.622671604156494141e+00
2.820000000000000000e+02 7.616432046819657242e-02 9.971942417388514057e-01 4.623785972595214844e+00
2.830000000000000000e+02 7.573373188454700367e-02 9.966858109431278034e-01 4.623051166534423828e+00
2.840000000000000000e+02 7.402584072954834782e-02 9.967229344709500616e-01 4.623799324035644531e+00
2.850000000000000000e+02 7.361144318091698835e-02 9.964377464050588884e-01 4.623793601989746094e+00
2.860000000000000000e+02 7.528126296122782113e-02 9.972700946580321801e-01 4.623654842376708984e+00
2.870000000000000000e+02 7.250696821205862563e-02 9.970676778326448275e-01 4.623754024505615234e+00
2.880000000000000000e+02 7.193685604611721462e-02 9.973763236707917645e-01 4.624950408935546875e+00
2.890000000000000000e+02 7.616617519907266376e-02 9.972135913080204528e-01 4.626029014587402344e+00
2.900000000000000000e+02 7.297481260479067589e-02 9.964339516890111659e-01 4.626270771026611328e+00
2.910000000000000000e+02 7.400040366226898203e-02 9.969795603143787321e-01 4.626542091369628906e+00
2.920000000000000000e+02 7.297888404583306732e-02 9.967248676947181307e-01 4.626649856567382812e+00
2.930000000000000000e+02 7.303492693716083506e-02 9.967012139393476300e-01 4.626035213470458984e+00
2.940000000000000000e+02 7.319325914040804293e-02 9.973978991765407587e-01 4.625198364257812500e+00
2.950000000000000000e+02 7.236404200524153285e-02 9.971307628026443437e-01 4.624909400939941406e+00
2.960000000000000000e+02 7.341093481118710073e-02 9.971513587480744789e-01 4.626221179962158203e+00
2.970000000000000000e+02 7.238002762266464163e-02 9.968045608834341653e-01 4.626317501068115234e+00
2.980000000000000000e+02 7.138812325331796160e-02 9.975389823398664868e-01 4.625917434692382812e+00
2.990000000000000000e+02 7.209884606309174826e-02 9.968052897087913422e-01 4.625256538391113281e+00
3.000000000000000000e+02 7.049784657875160510e-02 9.972024764792941642e-01 4.625154972076416016e+00
3.010000000000000000e+02 7.330231754664781607e-02 9.972601191240757501e-01 4.624926090240478516e+00
3.020000000000000000e+02 7.322302223118719311e-02 9.971698028313760176e-01 4.623681068420410156e+00
3.030000000000000000e+02 7.114808968349532747e-02 9.973398229481783561e-01 4.624649524688720703e+00
3.040000000000000000e+02 7.021716554164862678e-02 9.970682216619126681e-01 4.624423027038574219e+00
3.050000000000000000e+02 7.404584205592042168e-02 9.974880625848857596e-01 4.624564647674560547e+00
3.060000000000000000e+02 7.296616181249063193e-02 9.970791921098494104e-01 4.624978542327880859e+00
3.070000000000000000e+02 7.071228091663973869e-02 9.970899674818940461e-01 4.625720977783203125e+00
3.080000000000000000e+02 6.975224307832769699e-02 9.971991561359709877e-01 4.626188755035400391e+00
3.090000000000000000e+02 7.006743815547650245e-02 9.969157750032247023e-01 4.626816272735595703e+00
3.100000000000000000e+02 7.103900948310028218e-02 9.969763754103005970e-01 4.627835273742675781e+00
3.110000000000000000e+02 7.148523271102374954e-02 9.972968904185943728e-01 4.626841068267822266e+00
3.120000000000000000e+02 6.961459348575714523e-02 9.972789784213572650e-01 4.625664710998535156e+00
3.130000000000000000e+02 7.031102238012275352e-02 9.972308085838331726e-01 4.625359058380126953e+00
3.140000000000000000e+02 7.454381419340463943e-02 9.966552874053898892e-01 4.626400947570800781e+00
3.150000000000000000e+02 7.327041624038639622e-02 9.965779754078948338e-01 4.625768184661865234e+00
3.160000000000000000e+02 7.542044309831409665e-02 9.968719569721736784e-01 4.626418113708496094e+00
3.170000000000000000e+02 7.214662420783141128e-02 9.973693676657114926e-01 4.626377105712890625e+00
3.180000000000000000e+02 7.247664471366999095e-02 9.969133778008490987e-01 4.626880645751953125e+00
3.190000000000000000e+02 7.074762411718726884e-02 9.967528163760018822e-01 4.627089500427246094e+00
3.200000000000000000e+02 7.384167471898178681e-02 9.972472463615741356e-01 4.627778053283691406e+00
3.210000000000000000e+02 7.125698458610947583e-02 9.967467791946140743e-01 4.628259658813476562e+00
3.220000000000000000e+02 7.263672314578324685e-02 9.972645510854898365e-01 4.627852439880371094e+00
3.230000000000000000e+02 7.093899828283072029e-02 9.967979285413776092e-01 4.627787590026855469e+00
3.240000000000000000e+02 7.549871503217829571e-02 9.968244325452026988e-01 4.627203941345214844e+00
3.250000000000000000e+02 7.331569862441300600e-02 9.967162573888521671e-01 4.627573490142822266e+00
3.260000000000000000e+02 7.424634805362421985e-02 9.964402729676518078e-01 4.627648830413818359e+00
3.270000000000000000e+02 7.142341539680628626e-02 9.968949131016585641e-01 4.627175331115722656e+00
3.280000000000000000e+02 7.044530988490951828e-02 9.964752010160250473e-01 4.626775264739990234e+00
3.290000000000000000e+02 7.290787125085892995e-02 9.963989321409052469e-01 4.626508712768554688e+00
3.300000000000000000e+02 6.984803624763320784e-02 9.969029479422056861e-01 4.626035213470458984e+00
3.310000000000000000e+02 7.031757728218573922e-02 9.969169703335343247e-01 4.625588417053222656e+00
3.320000000000000000e+02 7.217308585830896350e-02 9.967617677670296272e-01 4.624349117279052734e+00
3.330000000000000000e+02 6.699370205467697348e-02 9.970649114173595340e-01 4.624590396881103516e+00
3.340000000000000000e+02 7.334337893082686077e-02 9.971020488199445753e-01 4.623595714569091797e+00
3.350000000000000000e+02 7.388785616089156572e-02 9.970485719575218342e-01 4.622984886169433594e+00
3.360000000000000000e+02 7.007061578285031511e-02 9.971008808255946709e-01 4.623611927032470703e+00
3.370000000000000000e+02 7.405823597845288819e-02 9.967874911458112219e-01 4.623053550720214844e+00
3.380000000000000000e+02 7.176833312376131035e-02 9.965412595719562727e-01 4.623580455780029297e+00
3.390000000000000000e+02 7.189152057202100043e-02 9.969558588577828173e-01 4.623423576354980469e+00
3.400000000000000000e+02 7.040545832912389890e-02 9.964653716047121579e-01 4.623002529144287109e+00
3.410000000000000000e+02 7.028973530025606209e-02 9.970672090080906491e-01 4.623311519622802734e+00
3.420000000000000000e+02 7.206428505916981364e-02 9.965589130668740525e-01 4.623888492584228516e+00
3.430000000000000000e+02 7.287371795608929559e-02 9.968436684544647042e-01 4.624267101287841797e+00
3.440000000000000000e+02 7.137926776035651011e-02 9.965434203341906327e-01 4.624586105346679688e+00
3.450000000000000000e+02 7.188868687542745994e-02 9.964604333655188162e-01 4.624797344207763672e+00
3.460000000000000000e+02 7.366118868989295076e-02 9.965938564726021243e-01 4.623897552490234375e+00
3.470000000000000000e+02 7.168764797619200935e-02 9.963500936316919132e-01 4.624283313751220703e+00
3.480000000000000000e+02 7.262440660819259597e-02 9.961403105749420117e-01 4.626092433929443359e+00
3.490000000000000000e+02 7.229872548504730212e-02 9.966536279138531462e-01 4.625711441040039062e+00
3.500000000000000000e+02 6.997296397603235130e-02 9.964990657441702426e-01 4.625605583190917969e+00
3.510000000000000000e+02 7.149280096388888062e-02 9.966229835280652205e-01 4.626675128936767578e+00
3.520000000000000000e+02 7.146452016049661959e-02 9.964331095201705013e-01 4.627020359039306641e+00
3.530000000000000000e+02 7.300877778404556151e-02 9.966201860732586404e-01 4.627079486846923828e+00
3.540000000000000000e+02 7.226102312874949085e-02 9.959217592744217251e-01 4.626092433929443359e+00
3.550000000000000000e+02 7.172395755616498003e-02 9.964639276132748469e-01 4.625585556030273438e+00
3.560000000000000000e+02 7.149462631019178060e-02 9.959722244551204584e-01 4.625762939453125000e+00
3.570000000000000000e+02 7.166791235911265656e-02 9.961610343440546744e-01 4.625995635986328125e+00
3.580000000000000000e+02 7.003460849959629309e-02 9.960075158148582464e-01 4.626553535461425781e+00
3.590000000000000000e+02 7.085845269491494736e-02 9.960577239158838747e-01 4.627202033996582031e+00
3.600000000000000000e+02 7.051404356581508770e-02 9.963389873619336035e-01 4.627480506896972656e+00
3.610000000000000000e+02 7.199397713320154768e-02 9.960192715690663334e-01 4.627307891845703125e+00
3.620000000000000000e+02 7.457010162256083596e-02 9.964521898109518494e-01 4.626361846923828125e+00
3.630000000000000000e+02 7.133764430354547215e-02 9.968732160798380315e-01 4.626710891723632812e+00
3.640000000000000000e+02 7.020531226323385721e-02 9.963739324252472995e-01 4.627454280853271484e+00
3.650000000000000000e+02 7.391346993716016445e-02 9.961589947849166515e-01 4.626192092895507812e+00
3.660000000000000000e+02 7.086384873633204406e-02 9.952492354097283167e-01 4.626837253570556641e+00
3.670000000000000000e+02 7.038807955792727999e-02 9.957868737652049163e-01 4.626105308532714844e+00
3.680000000000000000e+02 7.343536696271078801e-02 9.963555006326111352e-01 4.626011371612548828e+00
3.690000000000000000e+02 7.151634264401736385e-02 9.961824815358446550e-01 4.625940322875976562e+00
3.700000000000000000e+02 7.136879599801281004e-02 9.968995519785009973e-01 4.625328540802001953e+00
3.710000000000000000e+02 7.061605672579095161e-02 9.961181589819986248e-01 4.625822544097900391e+00
3.720000000000000000e+02 7.289915110097174022e-02 9.969108979099244872e-01 4.624402523040771484e+00
3.730000000000000000e+02 7.111217774304741390e-02 9.958180315417795025e-01 4.624489784240722656e+00
3.740000000000000000e+02 7.093633005592224483e-02 9.963360229896919273e-01 4.624206066131591797e+00
3.750000000000000000e+02 7.106428365517823698e-02 9.963377163792926927e-01 4.624034404754638672e+00
3.760000000000000000e+02 7.279625521938615229e-02 9.961825770918268930e-01 4.624518871307373047e+00
3.770000000000000000e+02 7.082085977335443594e-02 9.960728983226091460e-01 4.625776290893554688e+00
3.780000000000000000e+02 6.977442548502743591e-02 9.958307823305263540e-01 4.625578403472900391e+00
3.790000000000000000e+02 7.230701504034688087e-02 9.958047461656603927e-01 4.625692844390869141e+00
3.800000000000000000e+02 7.003456929057406966e-02 9.961674262514929046e-01 4.625748157501220703e+00
3.810000000000000000e+02 7.223894851963302832e-02 9.962024665396561618e-01 4.625515460968017578e+00
3.820000000000000000e+02 7.156639371539419425e-02 9.963401636820276019e-01 4.626407146453857422e+00
3.830000000000000000e+02 7.287711372003509436e-02 9.967937434321156864e-01 4.626762390136718750e+00
3.840000000000000000e+02 7.113543572674470294e-02 9.964890336376753810e-01 4.627367973327636719e+00
3.850000000000000000e+02 7.397472586607502232e-02 9.965600209593448167e-01 4.626728534698486328e+00
3.860000000000000000e+02 7.268522739377082653e-02 9.968446549900346065e-01 4.625670433044433594e+00
3.870000000000000000e+02 7.066576251278346155e-02 9.966739090004453905e-01 4.626334667205810547e+00
3.880000000000000000e+02 7.425230452187732422e-02 9.967088710360380022e-01 4.626283168792724609e+00
3.890000000000000000e+02 7.306137047391257633e-02 9.970708831522335780e-01 4.626039028167724609e+00
3.900000000000000000e+02 7.110506497711796547e-02 9.971154618532672709e-01 4.626093864440917969e+00
3.910000000000000000e+02 7.168028111241477041e-02 9.970932761873263495e-01 4.626099586486816406e+00
3.920000000000000000e+02 7.291301866746852101e-02 9.968908143909632757e-01 4.625719547271728516e+00
3.930000000000000000e+02 7.343170025515841082e-02 9.969327846584883357e-01 4.624921798706054688e+00
3.940000000000000000e+02 7.325062177082720949e-02 9.974367062917347537e-01 4.625620841979980469e+00
3.950000000000000000e+02 7.084516440137990367e-02 9.969204418101407228e-01 4.625120639801025391e+00
3.960000000000000000e+02 7.040542570503437181e-02 9.968943477009120091e-01 4.624840259552001953e+00
3.970000000000000000e+02 7.243860633940990557e-02 9.966559870606387372e-01 4.625680923461914062e+00
3.980000000000000000e+02 7.190431598965942028e-02 9.968752751876126528e-01 4.625751495361328125e+00
