0.000000000000000000e+00 1.010518867052861147e-01 0.000000000000000000e+00 3.003859996795654297e+00
1.000000000000000000e+00 1.759870142077139821e-01 0.000000000000000000e+00 3.176218986511230469e+00
2.000000000000000000e+00 2.685995547256129767e-01 0.000000000000000000e+00 3.318279981613159180e+00
3.000000000000000000e+00 3.594955815159643908e-01 0.000000000000000000e+00 3.440827608108520508e+00
4.000000000000000000e+00 4.491130650234072541e-01 0.000000000000000000e+00 3.545074939727783203e+00
5.000000000000000000e+00 5.279983468401296953e-01 0.000000000000000000e+00 3.635907888412475586e+00
6.000000000000000000e+00 5.961180542247844771e-01 0.000000000000000000e+00 3.715165376663208008e+00
7.000000000000000000e+00 6.553506483937856508e-01 0.000000000000000000e+00 3.784056901931762695e+00
8.000000000000000000e+00 7.072859489877215688e-01 0.000000000000000000e+00 3.846493959426879883e+00
9.000000000000000000e+00 7.462685145815769472e-01 0.000000000000000000e+00 3.899940013885498047e+00
1.000000000000000000e+01 7.805974057447633285e-01 0.000000000000000000e+00 3.946050882339477539e+00
1.100000000000000000e+01 8.127346082017792295e-01 0.000000000000000000e+00 3.986835956573486328e+00
1.200000000000000000e+01 8.352367237589647386e-01 0.000000000000000000e+00 4.024833679199218750e+00
1.300000000000000000e+01 8.573111171057697932e-01 0.000000000000000000e+00 4.055768966674804688e+00
1.400000000000000000e+01 8.778008850213043779e-01 0.000000000000000000e+00 4.085610866546630859e+00
1.500000000000000000e+01 8.937098146884715488e-01 0.000000000000000000e+00 4.112423896789550781e+00
1.600000000000000000e+01 9.057415943446405215e-01 0.000000000000000000e+00 4.137122154235839844e+00
1.700000000000000000e+01 9.182793159967979069e-01 0.000000000000000000e+00 4.158463001251220703e+00
1.800000000000000000e+01 9.286076059974555097e-01 0.000000000000000000e+00 4.177837371826171875e+00
1.900000000000000000e+01 9.382317083971526417e-01 0.000000000000000000e+00 4.195410251617431641e+00
2.000000000000000000e+01 9.448054991528137547e-01 0.000000000000000000e+00 4.209891796112060547e+00
2.100000000000000000e+01 9.514065881270411529e-01 0.000000000000000000e+00 4.224474906921386719e+00
2.200000000000000000e+01 9.570881399611673723e-01 0.000000000000000000e+00 4.237780094146728516e+00
2.300000000000000000e+01 9.598124252363871012e-01 0.000000000000000000e+00 4.250167846679687500e+00
2.400000000000000000e+01 9.657741420424853507e-01 0.000000000000000000e+00 4.259305000305175781e+00
2.500000000000000000e+01 9.682683465139523271e-01 0.000000000000000000e+00 4.268378257751464844e+00
2.600000000000000000e+01 9.711464149689250647e-01 0.000000000000000000e+00 4.277499675750732422e+00
2.700000000000000000e+01 9.731542576478606765e-01 0.000000000000000000e+00 4.285088062286376953e+00
2.800000000000000000e+01 9.752964957615338770e-01 0.000000000000000000e+00 4.291657924652099609e+00
2.900000000000000000e+01 9.776036139450977602e-01 0.000000000000000000e+00 4.299094200134277344e+00
3.000000000000000000e+01 9.788695290638550484e-01 0.000000000000000000e+00 4.304895401000976562e+00
3.100000000000000000e+01 9.801904607539871916e-01 0.000000000000000000e+00 4.308410167694091797e+00
3.200000000000000000e+01 9.821671009663911489e-01 0.000000000000000000e+00 4.312302589416503906e+00
3.300000000000000000e+01 9.827091805619756482e-01 0.000000000000000000e+00 4.316409111022949219e+00
3.400000000000000000e+01 9.840944834423857035e-01 0.000000000000000000e+00 4.319300651550292969e+00
3.500000000000000000e+01 9.852454324108147476e-01 0.000000000000000000e+00 4.322496414184570312e+00
3.600000000000000000e+01 9.850861950396075928e-01 0.000000000000000000e+00 4.324468612670898438e+00
3.700000000000000000e+01 9.853496376641227572e-01 0.000000000000000000e+00 4.326632499694824219e+00
3.800000000000000000e+01 9.864779965477207258e-01 0.000000000000000000e+00 4.328574180603027344e+00
3.900000000000000000e+01 9.869666845180817827e-01 0.000000000000000000e+00 4.330781459808349609e+00
4.000000000000000000e+01 9.877401872301515562e-01 0.000000000000000000e+00 4.332078456878662109e+00
4.100000000000000000e+01 9.875448775243520494e-01 0.000000000000000000e+00 4.333948135375976562e+00
4.200000000000000000e+01 9.892845464196763361e-01 0.000000000000000000e+00 4.336315155029296875e+00
4.300000000000000000e+01 9.879073930429884687e-01 0.000000000000000000e+00 4.337186336517333984e+00
4.400000000000000000e+01 9.891217857669635238e-01 0.000000000000000000e+00 4.338504314422607422e+00
4.500000000000000000e+01 9.890494059511980574e-01 0.000000000000000000e+00 4.339471817016601562e+00
4.600000000000000000e+01 9.898512294782028098e-01 0.000000000000000000e+00 4.341066837310791016e+00
4.700000000000000000e+01 9.903892687634222591e-01 0.000000000000000000e+00 4.341794967651367188e+00
4.800000000000000000e+01 9.906464501069908168e-01 0.000000000000000000e+00 4.342354297637939453e+00
4.900000000000000000e+01 9.913148263291484685e-01 0.000000000000000000e+00 4.343257427215576172e+00
5.000000000000000000e+01 9.901897978234684983e-01 0.000000000000000000e+00 4.344839572906494141e+00
5.100000000000000000e+01 9.909312500251723499e-01 0.000000000000000000e+00 4.345754623413085938e+00
5.200000000000000000e+01 9.911376746845670382e-01 0.000000000000000000e+00 4.346014499664306641e+00
5.300000000000000000e+01 9.904608751069805539e-01 0.000000000000000000e+00 4.346517086029052734e+00
5.400000000000000000e+01 9.911022224399423930e-01 0.000000000000000000e+00 4.348197460174560547e+00
5.500000000000000000e+01 9.915192302259203672e-01 0.000000000000000000e+00 4.349558353424072266e+00
5.600000000000000000e+01 9.920364685710375552e-01 0.000000000000000000e+00 4.349457263946533203e+00
5.700000000000000000e+01 9.919204354268780222e-01 0.000000000000000000e+00 4.349650382995605469e+00
5.800000000000000000e+01 9.922566162230704867e-01 0.000000000000000000e+00 4.349923133850097656e+00
5.900000000000000000e+01 9.920465242547881202e-01 0.000000000000000000e+00 4.349215984344482422e+00
6.000000000000000000e+01 9.918900320624131073e-01 0.000000000000000000e+00 4.349229812622070312e+00
6.100000000000000000e+01 9.916155338519221374e-01 0.000000000000000000e+00 4.350381374359130859e+00
6.200000000000000000e+01 9.917967491093540033e-01 0.000000000000000000e+00 4.351114273071289062e+00
6.300000000000000000e+01 9.918802043877127383e-01 0.000000000000000000e+00 4.349767684936523438e+00
6.400000000000000000e+01 9.915928189981130236e-01 0.000000000000000000e+00 4.350493431091308594e+00
6.500000000000000000e+01 9.918080856142734714e-01 0.000000000000000000e+00 4.350874423980712891e+00
6.600000000000000000e+01 9.916555258891905922e-01 0.000000000000000000e+00 4.350893974304199219e+00
6.700000000000000000e+01 9.921331695956936425e-01 0.000000000000000000e+00 4.351870536804199219e+00
6.800000000000000000e+01 9.922619126999471240e-01 0.000000000000000000e+00 4.352242469787597656e+00
6.900000000000000000e+01 9.918346212014856889e-01 0.000000000000000000e+00 4.351498603820800781e+00
7.000000000000000000e+01 9.918442775904265929e-01 0.000000000000000000e+00 4.351677417755126953e+00
7.100000000000000000e+01 9.931581995017588760e-01 0.000000000000000000e+00 4.351398944854736328e+00
7.200000000000000000e+01 9.923630127352510710e-01 0.000000000000000000e+00 4.351297378540039062e+00
7.300000000000000000e+01 9.917996241097539745e-01 0.000000000000000000e+00 4.350527286529541016e+00
7.400000000000000000e+01 9.920806618639937957e-01 0.000000000000000000e+00 4.351379394531250000e+00
7.500000000000000000e+01 9.923531835991336036e-01 0.000000000000000000e+00 4.350261211395263672e+00
7.600000000000000000e+01 9.916465082385301777e-01 0.000000000000000000e+00 4.351417541503906250e+00
7.700000000000000000e+01 9.920787026266555397e-01 0.000000000000000000e+00 4.352243900299072266e+00
7.800000000000000000e+01 9.925339399744356195e-01 0.000000000000000000e+00 4.352982044219970703e+00
7.900000000000000000e+01 9.932615059961106274e-01 0.000000000000000000e+00 4.353879451751708984e+00
8.000000000000000000e+01 9.932683761026364078e-01 0.000000000000000000e+00 4.353598117828369141e+00
8.100000000000000000e+01 9.932350999039732953e-01 0.000000000000000000e+00 4.352591514587402344e+00
8.200000000000000000e+01 9.923666185554698149e-01 0.000000000000000000e+00 4.353573799133300781e+00
8.300000000000000000e+01 9.927336851665752304e-01 0.000000000000000000e+00 4.355219841003417969e+00
8.400000000000000000e+01 9.930906880465482089e-01 0.000000000000000000e+00 4.356524944305419922e+00
8.500000000000000000e+01 9.931233763968478900e-01 0.000000000000000000e+00 4.356026172637939453e+00
8.600000000000000000e+01 9.935015447067871985e-01 0.000000000000000000e+00 4.356097221374511719e+00
8.700000000000000000e+01 9.935476744956164286e-01 0.000000000000000000e+00 4.355012893676757812e+00
8.800000000000000000e+01 9.931554257990743428e-01 0.000000000000000000e+00 4.354628086090087891e+00
8.900000000000000000e+01 9.928183721808372386e-01 0.000000000000000000e+00 4.354843139648437500e+00
9.000000000000000000e+01 9.928391228342011710e-01 0.000000000000000000e+00 4.353912830352783203e+00
9.100000000000000000e+01 9.924760797050790062e-01 0.000000000000000000e+00 4.353841304779052734e+00
9.200000000000000000e+01 9.927819037890079912e-01 0.000000000000000000e+00 4.353206634521484375e+00
9.300000000000000000e+01 9.931817345019098298e-01 0.000000000000000000e+00 4.353138446807861328e+00
9.400000000000000000e+01 9.931742766698029579e-01 0.000000000000000000e+00 4.351978302001953125e+00
9.500000000000000000e+01 9.926999612646359994e-01 0.000000000000000000e+00 4.352776050567626953e+00
9.600000000000000000e+01 9.924740020786814165e-01 0.000000000000000000e+00 4.352132320404052734e+00
9.700000000000000000e+01 9.936189953065232006e-01 0.000000000000000000e+00 4.351694583892822266e+00
9.800000000000000000e+01 9.930386718826917924e-01 0.000000000000000000e+00 4.351579189300537109e+00
9.900000000000000000e+01 9.933729290053728844e-01 0.000000000000000000e+00 4.351740360260009766e+00
1.000000000000000000e+02 9.929614522859457892e-01 0.000000000000000000e+00 4.351990699768066406e+00
1.010000000000000000e+02 9.931714791337270531e-01 0.000000000000000000e+00 4.352757930755615234e+00
1.020000000000000000e+02 9.927650596699911789e-01 0.000000000000000000e+00 4.353587150573730469e+00
1.030000000000000000e+02 9.931771349414888483e-01 0.000000000000000000e+00 4.353140354156494141e+00
1.040000000000000000e+02 9.922752776701838640e-01 0.000000000000000000e+00 4.352322578430175781e+00
1.050000000000000000e+02 9.921679701801616735e-01 0.000000000000000000e+00 4.352742195129394531e+00
1.060000000000000000e+02 9.920762754327140387e-01 0.000000000000000000e+00 4.352434158325195312e+00
1.070000000000000000e+02 9.924078878740363319e-01 0.000000000000000000e+00 4.352479457855224609e+00
1.080000000000000000e+02 9.927174351579159950e-01 0.000000000000000000e+00 4.352394580841064453e+00
1.090000000000000000e+02 9.932972509218988000e-01 0.000000000000000000e+00 4.353027820587158203e+00
1.100000000000000000e+02 9.929736338888276448e-01 0.000000000000000000e+00 4.353436946868896484e+00
1.110000000000000000e+02 9.936503079178712339e-01 0.000000000000000000e+00 4.352510929107666016e+00
1.120000000000000000e+02 9.934619210848233406e-01 0.000000000000000000e+00 4.353533267974853516e+00
1.130000000000000000e+02 9.938172171636279195e-01 0.000000000000000000e+00 4.352277755737304688e+00
1.140000000000000000e+02 9.937393231578216524e-01 0.000000000000000000e+00 4.352395534515380859e+00
1.150000000000000000e+02 9.944715911318372514e-01 0.000000000000000000e+00 4.353389263153076172e+00
1.160000000000000000e+02 9.938983307029508607e-01 0.000000000000000000e+00 4.353330135345458984e+00
1.170000000000000000e+02 9.936549021953168248e-01 0.000000000000000000e+00 4.353972434997558594e+00
1.180000000000000000e+02 9.939585221242295265e-01 0.000000000000000000e+00 4.354084968566894531e+00
1.190000000000000000e+02 9.941272309477989788e-01 0.000000000000000000e+00 4.354074478149414062e+00
1.200000000000000000e+02 9.936927314415937573e-01 0.000000000000000000e+00 4.353411674499511719e+00
1.210000000000000000e+02 9.934482146130054758e-01 0.000000000000000000e+00 4.353713989257812500e+00
1.220000000000000000e+02 9.929153366426075600e-01 0.000000000000000000e+00 4.352848529815673828e+00
1.230000000000000000e+02 9.935632746447093933e-01 0.000000000000000000e+00 4.353532314300537109e+00
1.240000000000000000e+02 9.930833877094961126e-01 0.000000000000000000e+00 4.354349613189697266e+00
1.250000000000000000e+02 9.922560045576086507e-01 0.000000000000000000e+00 4.353840827941894531e+00
1.260000000000000000e+02 9.917548995770397724e-01 0.000000000000000000e+00 4.353919029235839844e+00
1.270000000000000000e+02 9.918726144584995019e-01 0.000000000000000000e+00 4.354474067687988281e+00
1.280000000000000000e+02 9.920644877686121132e-01 0.000000000000000000e+00 4.353991031646728516e+00
1.290000000000000000e+02 9.928955618458403798e-01 0.000000000000000000e+00 4.353497982025146484e+00
1.300000000000000000e+02 9.925442424894416193e-01 0.000000000000000000e+00 4.352202415466308594e+00
1.310000000000000000e+02 9.922552553938331910e-01 0.000000000000000000e+00 4.352078914642333984e+00
1.320000000000000000e+02 9.919529403757090247e-01 0.000000000000000000e+00 4.351457595825195312e+00
1.330000000000000000e+02 9.914867661184811887e-01 0.000000000000000000e+00 4.351674556732177734e+00
1.340000000000000000e+02 9.915240888078359349e-01 0.000000000000000000e+00 4.352966785430908203e+00
1.350000000000000000e+02 9.921384038066985989e-01 0.000000000000000000e+00 4.353108882904052734e+00
1.360000000000000000e+02 9.913719185000495759e-01 0.000000000000000000e+00 4.353647708892822266e+00
1.370000000000000000e+02 9.916711474337305265e-01 0.000000000000000000e+00 4.353008270263671875e+00
1.380000000000000000e+02 9.910840605854402963e-01 0.000000000000000000e+00 4.351829528808593750e+00
1.390000000000000000e+02 9.920875257709147466e-01 0.000000000000000000e+00 4.352738380432128906e+00
1.400000000000000000e+02 9.923585438505961864e-01 0.000000000000000000e+00 4.353428840637207031e+00
1.410000000000000000e+02 9.922678709306876899e-01 0.000000000000000000e+00 4.352622985839843750e+00
1.420000000000000000e+02 9.916410606897554381e-01 0.000000000000000000e+00 4.353260040283203125e+00
1.430000000000000000e+02 9.919581502176672005e-01 0.000000000000000000e+00 4.353948116302490234e+00
1.440000000000000000e+02 9.922099784718294568e-01 0.000000000000000000e+00 4.353476524353027344e+00
1.450000000000000000e+02 9.917647090466075177e-01 0.000000000000000000e+00 4.354318618774414062e+00
1.460000000000000000e+02 9.919832507441136427e-01 0.000000000000000000e+00 4.354096889495849609e+00
1.470000000000000000e+02 9.918775580150850368e-01 0.000000000000000000e+00 4.353834629058837891e+00
1.480000000000000000e+02 9.917519648380235253e-01 0.000000000000000000e+00 4.353653907775878906e+00
1.490000000000000000e+02 9.911667859576099859e-01 0.000000000000000000e+00 4.354872226715087891e+00
1.500000000000000000e+02 9.922364764014427463e-01 0.000000000000000000e+00 4.354653835296630859e+00
1.510000000000000000e+02 9.922532056327676431e-01 0.000000000000000000e+00 4.355395317077636719e+00
1.520000000000000000e+02 9.928669315560074704e-01 0.000000000000000000e+00 4.355679988861083984e+00
1.530000000000000000e+02 9.928572678980943644e-01 0.000000000000000000e+00 4.354647636413574219e+00
1.540000000000000000e+02 9.932929597683142209e-01 0.000000000000000000e+00 4.354152202606201172e+00
1.550000000000000000e+02 9.931667764961448208e-01 0.000000000000000000e+00 4.353113174438476562e+00
1.560000000000000000e+02 9.936192548248959922e-01 0.000000000000000000e+00 4.352869987487792969e+00
1.570000000000000000e+02 9.931028204809385640e-01 0.000000000000000000e+00 4.352818489074707031e+00
1.580000000000000000e+02 9.923478954465020374e-01 0.000000000000000000e+00 4.352605342864990234e+00
1.590000000000000000e+02 9.931558072162562922e-01 0.000000000000000000e+00 4.353209495544433594e+00
1.600000000000000000e+02 9.925842356738564520e-01 0.000000000000000000e+00 4.354284286499023438e+00
1.610000000000000000e+02 9.930697344235002166e-01 0.000000000000000000e+00 4.354659557342529297e+00
1.620000000000000000e+02 9.925363004175045134e-01 0.000000000000000000e+00 4.355945587158203125e+00
1.630000000000000000e+02 9.928132703591390218e-01 0.000000000000000000e+00 4.354526519775390625e+00
1.640000000000000000e+02 9.925415338707662682e-01 0.000000000000000000e+00 4.354990959167480469e+00
1.650000000000000000e+02 9.920855788575471124e-01 0.000000000000000000e+00 4.354763507843017578e+00
1.660000000000000000e+02 9.921504250720533102e-01 0.000000000000000000e+00 4.355247020721435547e+00
1.670000000000000000e+02 9.928235507731972831e-01 0.000000000000000000e+00 4.354516029357910156e+00
1.680000000000000000e+02 9.926663961377731882e-01 0.000000000000000000e+00 4.354416847229003906e+00
1.690000000000000000e+02 9.930556028380523870e-01 0.000000000000000000e+00 4.354254722595214844e+00
1.700000000000000000e+02 9.930576762831103688e-01 0.000000000000000000e+00 4.353831768035888672e+00
1.710000000000000000e+02 9.924811898253912412e-01 0.000000000000000000e+00 4.353853225708007812e+00
1.720000000000000000e+02 9.926731906013486206e-01 0.000000000000000000e+00 4.353344917297363281e+00
1.730000000000000000e+02 9.928625326137811014e-01 0.000000000000000000e+00 4.351957798004150391e+00
1.740000000000000000e+02 9.926002802597565511e-01 0.000000000000000000e+00 4.351769924163818359e+00
1.750000000000000000e+02 9.928052340723384495e-01 0.000000000000000000e+00 4.351963520050048828e+00
1.760000000000000000e+02 9.922176117354623015e-01 0.000000000000000000e+00 4.351441860198974609e+00
1.770000000000000000e+02 9.919757800520330182e-01 0.000000000000000000e+00 4.352366924285888672e+00
1.780000000000000000e+02 9.923713633078912189e-01 0.000000000000000000e+00 4.353358268737792969e+00
1.790000000000000000e+02 9.922682132544281552e-01 0.000000000000000000e+00 4.353149414062500000e+00
1.800000000000000000e+02 9.932019912498221137e-01 0.000000000000000000e+00 4.353006839752197266e+00
1.810000000000000000e+02 9.932436039365536429e-01 0.000000000000000000e+00 4.352528572082519531e+00
1.820000000000000000e+02 9.936719998421025268e-01 0.000000000000000000e+00 4.352953433990478516e+00
1.830000000000000000e+02 9.927768010083065642e-01 0.000000000000000000e+00 4.353723049163818359e+00
1.840000000000000000e+02 9.921788799780454360e-01 0.000000000000000000e+00 4.353574275970458984e+00
1.850000000000000000e+02 9.922508102184287582e-01 0.000000000000000000e+00 4.354129791259765625e+00
1.860000000000000000e+02 9.925746737416811794e-01 0.000000000000000000e+00 4.352690219879150391e+00
1.870000000000000000e+02 9.929094889831557857e-01 0.000000000000000000e+00 4.353005409240722656e+00
1.880000000000000000e+02 9.925320126643840668e-01 0.000000000000000000e+00 4.353151798248291016e+00
1.890000000000000000e+02 9.926628522094961271e-01 0.000000000000000000e+00 4.352395534515380859e+00
1.900000000000000000e+02 9.934322791195262514e-01 0.000000000000000000e+00 4.352995872497558594e+00
1.910000000000000000e+02 9.926659884151650681e-01 0.000000000000000000e+00 4.353037357330322266e+00
1.920000000000000000e+02 9.918712905481759101e-01 0.000000000000000000e+00 4.353067398071289062e+00
1.930000000000000000e+02 9.920936465914896862e-01 0.000000000000000000e+00 4.353331565856933594e+00
1.940000000000000000e+02 9.927281927577471521e-01 0.000000000000000000e+00 4.352297782897949219e+00
1.950000000000000000e+02 9.922588083289618499e-01 0.000000000000000000e+00 4.351509571075439453e+00
1.960000000000000000e+02 9.918652626980400955e-01 0.000000000000000000e+00 4.351302146911621094e+00
1.970000000000000000e+02 9.925494506799984462e-01 0.000000000000000000e+00 4.351420402526855469e+00
1.980000000000000000e+02 9.924707173462219423e-01 0.000000000000000000e+00 4.351380348205566406e+00
1.990000000000000000e+02 9.924998102284811052e-01 0.000000000000000000e+00 4.351664066314697266e+00
2.000000000000000000e+02 9.874159093091041672e-01 1.018511783995883629e-01 2.977931022644042969e+00
2.010000000000000000e+02 9.709125264726865545e-01 1.774469041512335976e-01 3.150157928466796875e+00
2.020000000000000000e+02 9.407827538256869904e-01 2.673849548192083758e-01 3.292826414108276367e+00
2.030000000000000000e+02 8.959816120126947725e-01 3.632637241598505318e-01 3.415772914886474609e+00
2.040000000000000000e+02 8.377241608909513637e-01 4.496615474926662359e-01 3.522068500518798828e+00
2.050000000000000000e+02 7.738533786201572395e-01 5.280782602591500563e-01 3.611703872680664062e+00
2.060000000000000000e+02 7.080209592328952084e-01 5.988424045083042824e-01 3.690647602081298828e+00
2.070000000000000000e+02 6.426547216580016375e-01 6.541554157930675739e-01 3.759444952011108398e+00
2.080000000000000000e+02 5.789670387917768002e-01 7.037243281494618419e-01 3.819447994232177734e+00
2.090000000000000000e+02 5.241246278154180205e-01 7.457407266474188612e-01 3.872699022293090820e+00
2.100000000000000000e+02 4.743695239080071846e-01 7.819452996607132444e-01 3.920309543609619141e+00
2.110000000000000000e+02 4.295796734402639871e-01 8.120199509350543021e-01 3.962660074234008789e+00
2.120000000000000000e+02 3.902321265182628340e-01 8.372386363011987687e-01 3.999316453933715820e+00
2.130000000000000000e+02 3.498012934040806154e-01 8.588296377718328545e-01 4.033616542816162109e+00
2.140000000000000000e+02 3.165974260547083086e-01 8.748895012037007923e-01 4.062357425689697266e+00
2.150000000000000000e+02 2.844499899981963176e-01 8.896412868246587058e-01 4.089093685150146484e+00
2.160000000000000000e+02 2.628524514504155807e-01 9.040904957808921782e-01 4.112514972686767578e+00
2.170000000000000000e+02 2.404428067380110223e-01 9.164931069753765591e-01 4.134548664093017578e+00
2.180000000000000000e+02 2.213752748231239964e-01 9.261758176896487393e-01 4.153700351715087891e+00
2.190000000000000000e+02 2.065358606652358819e-01 9.353488698937667545e-01 4.171029090881347656e+00
2.200000000000000000e+02 1.874144908619513883e-01 9.437562932307261843e-01 4.186362266540527344e+00
2.210000000000000000e+02 1.736501509919465835e-01 9.502327829306415063e-01 4.200106620788574219e+00
2.220000000000000000e+02 1.597835881268957481e-01 9.558290520330925411e-01 4.212656497955322266e+00
2.230000000000000000e+02 1.496783716800151598e-01 9.606624406285552142e-01 4.224283218383789062e+00
2.240000000000000000e+02 1.407825785362375459e-01 9.648229125988975197e-01 4.234321594238281250e+00
2.250000000000000000e+02 1.309985545769374871e-01 9.691928955167367077e-01 4.243248939514160156e+00
2.260000000000000000e+02 1.244587181347672072e-01 9.713803399241365266e-01 4.250685214996337891e+00
2.270000000000000000e+02 1.184891008623484704e-01 9.739260561611572387e-01 4.257896423339843750e+00
2.280000000000000000e+02 1.130254972259889662e-01 9.766451241184234133e-01 4.263876438140869141e+00
2.290000000000000000e+02 1.057196921652438920e-01 9.786060505283549205e-01 4.269222259521484375e+00
2.300000000000000000e+02 1.003553293839347521e-01 9.806401813774293652e-01 4.276466369628906250e+00
2.310000000000000000e+02 9.783083301952046062e-02 9.824197993814970387e-01 4.281981468200683594e+00
2.320000000000000000e+02 9.481076182306821809e-02 9.841030632617741025e-01 4.287290573120117188e+00
2.330000000000000000e+02 9.337376438099681542e-02 9.858393665111965243e-01 4.292006015777587891e+00
2.340000000000000000e+02 9.241608910111370756e-02 9.864247107295476269e-01 4.295777797698974609e+00
2.350000000000000000e+02 8.469764892768415210e-02 9.868285689552886986e-01 4.298119068145751953e+00
2.360000000000000000e+02 8.557489883121301155e-02 9.876960331360638001e-01 4.301212310791015625e+00
2.370000000000000000e+02 8.178816902338210959e-02 9.883425692927296780e-01 4.303531646728515625e+00
2.380000000000000000e+02 8.047751528207819360e-02 9.888042460052801630e-01 4.307989120483398438e+00
2.390000000000000000e+02 7.823576398728900039e-02 9.881640267499200991e-01 4.309440612792968750e+00
2.400000000000000000e+02 7.805796408858770019e-02 9.899334981978139547e-01 4.310494899749755859e+00
2.410000000000000000e+02 7.612014278991859062e-02 9.901890257858759758e-01 4.311075210571289062e+00
2.420000000000000000e+02 7.586678742695199262e-02 9.901930857908937123e-01 4.312010765075683594e+00
2.430000000000000000e+02 7.207298472986646554e-02 9.896593946257259411e-01 4.314259052276611328e+00
2.440000000000000000e+02 7.499895835414613354e-02 9.906320138745990933e-01 4.315650939941406250e+00
2.450000000000000000e+02 7.465940507906176915e-02 9.905759432960831168e-01 4.316287040710449219e+00
2.460000000000000000e+02 7.397850645974082817e-02 9.909623623971990369e-01 4.317092418670654297e+00
2.470000000000000000e+02 7.269041420485050642e-02 9.900461625781957764e-01 4.317329883575439453e+00
2.480000000000000000e+02 7.185177575491626112e-02 9.909014208985206240e-01 4.316583633422851562e+00
2.490000000000000000e+02 7.008009111055241158e-02 9.913715079667760888e-01 4.318092346191406250e+00
2.500000000000000000e+02 6.933599985578553504e-02 9.910622003737217245e-01 4.319210529327392578e+00
2.510000000000000000e+02 7.074098052786984003e-02 9.922607008465732514e-01 4.319178581237792969e+00
2.520000000000000000e+02 6.848062343986026368e-02 9.922272722273359769e-01 4.319840908050537109e+00
2.530000000000000000e+02 6.930946429960495314e-02 9.924946812788547623e-01 4.320565700531005859e+00
2.540000000000000000e+02 6.911142384905714919e-02 9.915884830309151798e-01 4.320954799652099609e+00
2.550000000000000000e+02 6.783944976535051519e-02 9.932881252704840458e-01 4.322256565093994141e+00
2.560000000000000000e+02 6.624426907008902632e-02 9.927605382430921832e-01 4.321255683898925781e+00
2.570000000000000000e+02 6.734646841861401112e-02 9.924677831756654189e-01 4.322903156280517578e+00
2.580000000000000000e+02 6.629811980052958964e-02 9.923642276312741872e-01 4.323563575744628906e+00
2.590000000000000000e+02 6.691699764242921289e-02 9.924516919034375162e-01 4.323781967163085938e+00
2.600000000000000000e+02 6.700836779129916432e-02 9.927180290722433798e-01 4.324182510375976562e+00
2.610000000000000000e+02 7.022534847044367701e-02 9.937186304822008820e-01 4.325006484985351562e+00
2.620000000000000000e+02 6.834084589743502636e-02 9.924832175608908624e-01 4.326086997985839844e+00
2.630000000000000000e+02 6.754625087109972226e-02 9.928701727820121725e-01 4.325709819793701172e+00
2.640000000000000000e+02 6.971745576348704898e-02 9.927392652107532856e-01 4.326786994934082031e+00
2.650000000000000000e+02 6.834827432862691787e-02 9.933633948540304681e-01 4.327524185180664062e+00
2.660000000000000000e+02 6.834268364223101966e-02 9.940162299278069158e-01 4.327633380889892578e+00
2.670000000000000000e+02 6.867775741728948669e-02 9.933687971244804515e-01 4.328190803527832031e+00
2.680000000000000000e+02 6.668369814993341249e-02 9.941631514063351549e-01 4.327985286712646484e+00
2.690000000000000000e+02 6.832487102519441136e-02 9.943114357121827229e-01 4.328697204589843750e+00
2.700000000000000000e+02 6.793932968009597229e-02 9.942968633033930637e-01 4.326811313629150391e+00
2.710000000000000000e+02 6.831354218247133459e-02 9.940176753306355639e-01 4.327178001403808594e+00
2.720000000000000000e+02 6.775606346271258185e-02 9.946602105127803073e-01 4.327254295349121094e+00
2.730000000000000000e+02 6.675001370655476995e-02 9.940745004480880942e-01 4.327715396881103516e+00
2.740000000000000000e+02 6.516891122916791679e-02 9.944291809275055405e-01 4.327701568603515625e+00
2.750000000000000000e+02 6.833693112132155356e-02 9.936382578924742859e-01 4.327623844146728516e+00
2.760000000000000000e+02 6.746884453206535015e-02 9.935295246877471342e-01 4.326256275177001953e+00
2.770000000000000000e+02 6.739715333029813737e-02 9.928621492564840834e-01 4.327206611633300781e+00
2.780000000000000000e+02 6.588042618167809505e-02 9.927341387142055718e-01 4.327549934387207031e+00
2.790000000000000000e+02 6.825958616674250579e-02 9.930036802722356226e-01 4.327802181243896484e+00
2.800000000000000000e+02 6.545704232348124874e-02 9.936095576379585514e-01 4.327422142028808594e+00
2.810000000000000000e+02 6.565645199075025029e-02 9.930127602745142390e-01 4.327581882476806641e+00
2.820000000000000000e+02 6.444028009039537430e-02 9.931825647206481422e-01 4.327285289764404297e+00
2.830000000000000000e+02 6.736209950300454941e-02 9.935306108410513204e-01 4.327871799468994141e+00
2.840000000000000000e+02 6.560712522942958869e-02 9.921599834037988508e-01 4.327157497406005859e+00
2.850000000000000000e+02 6.629533343538866752e-02 9.930757168454273920e-01 4.326923847198486328e+00
2.860000000000000000e+02 6.760955243900203249e-02 9.929525333049533664e-01 4.326632499694824219e+00
2.870000000000000000e+02 6.489744499512911657e-02 9.933881932522523606e-01 4.327261447906494141e+00
2.880000000000000000e+02 6.604577151308753391e-02 9.939894747159301325e-01 4.327991962432861328e+00
2.890000000000000000e+02 6.307484820566265638e-02 9.935057734157020093e-01 4.327136039733886719e+00
2.900000000000000000e+02 6.706534942416614298e-02 9.941265786459220211e-01 4.326819419860839844e+00
2.910000000000000000e+02 6.441376635770566794e-02 9.934263981145372568e-01 4.325658321380615234e+00
2.920000000000000000e+02 6.692620925238515484e-02 9.932803794958010579e-01 4.324524879455566406e+00
2.930000000000000000e+02 6.417939374100251060e-02 9.935309740242660448e-01 4.325033664703369141e+00
2.940000000000000000e+02 6.710117618603000933e-02 9.931299065629839440e-01 4.324247360229492188e+00
2.950000000000000000e+02 6.793083602967919798e-02 9.938458874120221775e-01 4.324458599090576172e+00
2.960000000000000000e+02 6.918533685216481099e-02 9.941462768776135883e-01 4.324384212493896484e+00
2.970000000000000000e+02 6.700540374563146440e-02 9.934749465981516092e-01 4.324767589569091797e+00
2.980000000000000000e+02 6.679329582678542043e-02 9.931834449011411881e-01 4.325852870941162109e+00
2.990000000000000000e+02 6.843175918639984867e-02 9.929907306363349173e-01 4.326060771942138672e+00
3.000000000000000000e+02 6.714552019473335465e-02 9.936788618861310818e-01 4.325963497161865234e+00
3.010000000000000000e+02 6.845420220023393232e-02 9.928445335133528893e-01 4.326934337615966797e+00
3.020000000000000000e+02 6.957388556722457484e-02 9.921805172133273398e-01 4.325496196746826172e+00
3.030000000000000000e+02 7.029443953604228024e-02 9.928122591862124091e-01 4.325657844543457031e+00
3.040000000000000000e+02 6.841640798098076737e-02 9.936808422357269466e-01 4.325121879577636719e+00
3.050000000000000000e+02 6.910176354853526937e-02 9.928665278121932003e-01 4.325264453887939453e+00
3.060000000000000000e+02 6.776640853310009205e-02 9.931983099226162626e-01 4.325190067291259766e+00
3.070000000000000000e+02 6.642980426420147522e-02 9.925909791820426431e-01 4.325762271881103516e+00
3.080000000000000000e+02 6.597426701788187964e-02 9.930927327569257779e-01 4.326437950134277344e+00
3.090000000000000000e+02 6.525451034088025626e-02 9.925752276061652335e-01 4.326985359191894531e+00
3.100000000000000000e+02 6.779178619873367506e-02 9.930749617808941609e-01 4.326973915100097656e+00
3.110000000000000000e+02 6.568940288317863530e-02 9.929651552241005596e-01 4.328030586242675781e+00
3.120000000000000000e+02 6.777227066426194657e-02 9.934892529066970956e-01 4.328226566314697266e+00
3.130000000000000000e+02 6.781039900443643076e-02 9.933147409128499916e-01 4.328188896179199219e+00
3.140000000000000000e+02 6.640898541200891680e-02 9.926512206338482525e-01 4.328986167907714844e+00
3.150000000000000000e+02 6.696900497356281234e-02 9.934572260840283109e-01 4.328635215759277344e+00
3.160000000000000000e+02 6.676184283398772790e-02 9.924354116406611803e-01 4.328493118286132812e+00
3.170000000000000000e+02 6.600191015028428199e-02 9.930517555615215874e-01 4.327984809875488281e+00
3.180000000000000000e+02 6.717219378114171191e-02 9.926629608913564162e-01 4.328199863433837891e+00
3.190000000000000000e+02 6.523130413433780861e-02 9.922270349629067621e-01 4.327342987060546875e+00
3.200000000000000000e+02 6.893897436343018881e-02 9.923106671094958919e-01 4.326718807220458984e+00
3.210000000000000000e+02 6.889335271702409780e-02 9.926498638412482034e-01 4.325876712799072266e+00
3.220000000000000000e+02 6.528016693321357644e-02 9.929306914023097175e-01 4.325658321380615234e+00
3.230000000000000000e+02 6.671995393055787926e-02 9.933530291638374976e-01 4.326150417327880859e+00
3.240000000000000000e+02 7.030823563289506639e-02 9.926622568136980185e-01 4.326463222503662109e+00
3.250000000000000000e+02 6.743512953505735597e-02 9.935000806059737233e-01 4.326670646667480469e+00
3.260000000000000000e+02 6.797850760847863605e-02 9.938827748453951116e-01 4.327462196350097656e+00
3.270000000000000000e+02 6.625867733441438701e-02 9.945896462119345749e-01 4.327958583831787109e+00
3.280000000000000000e+02 6.636844825247552315e-02 9.946151850634157299e-01 4.327108383178710938e+00
3.290000000000000000e+02 6.705958891753155404e-02 9.941183815324733386e-01 4.328388690948486328e+00
3.300000000000000000e+02 6.429213673764912207e-02 9.937882371249282532e-01 4.327249050140380859e+00
3.310000000000000000e+02 6.704513964098421375e-02 9.935049862719775859e-01 4.327367305755615234e+00
3.320000000000000000e+02 6.822473538162292239e-02 9.928291465312919506e-01 4.329567909240722656e+00
3.330000000000000000e+02 6.697377845623715686e-02 9.936090165426116894e-01 4.328194618225097656e+00
3.340000000000000000e+02 6.522221188775159662e-02 9.931917069147302435e-01 4.328462600708007812e+00
3.350000000000000000e+02 6.846086468969063421e-02 9.937433823882557693e-01 4.327930450439453125e+00
3.360000000000000000e+02 6.560796224953797939e-02 9.929231221815968400e-01 4.327404499053955078e+00
3.370000000000000000e+02 6.559532357830820393e-02 9.932866544306175882e-01 4.327461719512939453e+00
3.380000000000000000e+02 6.452207650449610921e-02 9.940235264937824500e-01 4.326510906219482422e+00
3.390000000000000000e+02 6.600179249781863711e-02 9.932799188380669886e-01 4.327170848846435547e+00
3.400000000000000000e+02 6.734596659878062941e-02 9.935701411302166886e-01 4.327233314514160156e+00
3.410000000000000000e+02 6.527124194227779119e-02 9.937120280355066226e-01 4.326938629150390625e+00
3.420000000000000000e+02 6.648284700332561525e-02 9.932637691755565879e-01 4.326837539672851562e+00
3.430000000000000000e+02 6.866561734139359219e-02 9.934882938355575899e-01 4.327402114868164062e+00
3.440000000000000000e+02 6.641965581896172588e-02 9.929505020363882384e-01 4.327952384948730469e+00
3.450000000000000000e+02 6.773262207188104900e-02 9.939416555957296673e-01 4.328176975250244141e+00
3.460000000000000000e+02 6.648472015846054739e-02 9.942417860069915347e-01 4.328411579132080078e+00
3.470000000000000000e+02 6.781048729740903058e-02 9.936001075983036390e-01 4.329179286956787109e+00
3.480000000000000000e+02 6.715077340919085869e-02 9.938387813199098808e-01 4.329075336456298828e+00
3.490000000000000000e+02 6.626792184541074882e-02 9.935461094018094297e-01 4.329390525817871094e+00
3.500000000000000000e+02 6.954837510586225902e-02 9.935178682002523409e-01 4.328536510467529297e+00
3.510000000000000000e+02 6.643638410683647133e-02 9.933652228626334013e-01 4.328479290008544922e+00
3.520000000000000000e+02 6.703923166960477908e-02 9.932969592531906144e-01 4.327916145324707031e+00
3.530000000000000000e+02 6.590681850419984056e-02 9.930704623546141585e-01 4.328148841857910156e+00
3.540000000000000000e+02 6.682905662465182806e-02 9.937184556010814074e-01 4.328489780426025391e+00
3.550000000000000000e+02 6.527374398084570539e-02 9.933149121170317120e-01 4.328233718872070312e+00
3.560000000000000000e+02 6.675238955616415171e-02 9.930776545758092100e-01 4.327132701873779297e+00
3.570000000000000000e+02 6.665229089379427763e-02 9.923738954929915979e-01 4.325706005096435547e+00
3.580000000000000000e+02 6.725232001500681955e-02 9.929995284101962305e-01 4.325004100799560547e+00
3.590000000000000000e+02 6.638340208021975553e-02 9.925622735726084001e-01 4.324707508087158203e+00
3.600000000000000000e+02 6.667136744082870214e-02 9.930856149881649442e-01 4.324751377105712891e+00
3.610000000000000000e+02 6.607637788331263695e-02 9.936476136982184126e-01 4.325672626495361328e+00
3.620000000000000000e+02 6.719986146801104621e-02 9.938540472239406620e-01 4.326616287231445312e+00
3.630000000000000000e+02 6.721172914021497635e-02 9.935125819964012450e-01 4.327673912048339844e+00
3.640000000000000000e+02 6.816732209576924217e-02 9.935410284208537890e-01 4.327047824859619141e+00
3.650000000000000000e+02 6.629428399732270605e-02 9.933153198553650309e-01 4.326476097106933594e+00
3.660000000000000000e+02 6.846550528358336107e-02 9.937944402489656825e-01 4.326131820678710938e+00
3.670000000000000000e+02 6.567250534886941160e-02 9.936964266687586811e-01 4.326992034912109375e+00
3.680000000000000000e+02 6.764858160442863144e-02 9.936928817497648891e-01 4.326757431030273438e+00
3.690000000000000000e+02 6.450661387412977288e-02 9.937290651545293008e-01 4.326815605163574219e+00
3.700000000000000000e+02 6.739355600281281278e-02 9.935740555089536130e-01 4.326489448547363281e+00
3.710000000000000000e+02 6.471533314587760155e-02 9.931738630873995222e-01 4.326325416564941406e+00
3.720000000000000000e+02 6.562758486345929287e-02 9.933591517490798495e-01 4.326602458953857422e+00
3.730000000000000000e+02 6.516990593231257456e-02 9.927253076547434274e-01 4.327379703521728516e+00
3.740000000000000000e+02 6.769086899207744923e-02 9.923742665310433253e-01 4.327713966369628906e+00
3.750000000000000000e+02 6.703043493165794509e-02 9.932317558629746301e-01 4.327539443969726562e+00
3.760000000000000000e+02 6.661564474644116052e-02 9.929311649165247777e-01 4.326305866241455078e+00
3.770000000000000000e+02 6.445148303173604820e-02 9.930644529731201819e-01 4.326005458831787109e+00
3.780000000000000000e+02 6.540005884891419985e-02 9.931391656091448361e-01 4.326225280761718750e+00
3.790000000000000000e+02 6.562454158298032525e-02 9.929730368140362584e-01 4.326293945312500000e+00
3.800000000000000000e+02 6.480965750996367514e-02 9.931239889003787846e-01 4.325156688690185547e+00
3.810000000000000000e+02 6.663432815430063438e-02 9.924715667669117281e-01 4.326079845428466797e+00
3.820000000000000000e+02 6.612749042488361151e-02 9.935335498454034298e-01 4.325514316558837891e+00
3.830000000000000000e+02 6.847901836917380525e-02 9.928133153211302631e-01 4.324898719787597656e+00
3.840000000000000000e+02 6.790688955266387106e-02 9.934626388312163270e-01 4.325094699859619141e+00
3.850000000000000000e+02 6.400370478021684406e-02 9.936102363726037057e-01 4.325115680694580078e+00
3.860000000000000000e+02 6.588067371242595227e-02 9.938839716317997564e-01 4.325028896331787109e+00
3.870000000000000000e+02 6.633459604449030989e-02 9.938294338148583318e-01 4.325154781341552734e+00
3.880000000000000000e+02 6.498409835752248787e-02 9.928830286776868519e-01 4.325230121612548828e+00
3.890000000000000000e+02 6.924286878542147694e-02 9.935659301552790534e-01 4.324728012084960938e+00
3.900000000000000000e+02 6.808290310328725392e-02 9.932846427960654312e-01 4.324835777282714844e+00
3.910000000000000000e+02 6.626957352231736820e-02 9.931165732967867088e-01 4.325197219848632812e+00
3.920000000000000000e+02 6.788767382187707589e-02 9.927167979539917031e-01 4.326002597808837891e+00
3.930000000000000000e+02 6.681462237147257899e-02 9.936467564602677882e-01 4.327214717864990234e+00
3.940000000000000000e+02 6.826639737202500058e-02 9.936151894986448019e-01 4.328659534454345703e+00
3.950000000000000000e+02 6.569817028432541062e-02 9.934947344751685616e-01 4.328182220458984375e+00
3.960000000000000000e+02 6.552898072212041958e-02 9.940257767533522415e-01 4.328220844268798828e+00
3.970000000000000000e+02 6.644449677123459574e-02 9.934676989871866759e-01 4.329208850860595703e+00
3.980000000000000000e+02 6.675444352395402958e-02 9.934210480727456716e-01 4.328655719757080078e+00
