0.000000000000000000e+00 1.069257707169764399e-01 0.000000000000000000e+00 3.004771947860717773e+00
1.000000000000000000e+00 1.975617326256145223e-01 0.000000000000000000e+00 3.179941415786743164e+00
2.000000000000000000e+00 3.094379234966291858e-01 0.000000000000000000e+00 3.324482440948486328e+00
3.000000000000000000e+00 4.136632329330617863e-01 0.000000000000000000e+00 3.446568965911865234e+00
4.000000000000000000e+00 5.082894045343135936e-01 0.000000000000000000e+00 3.547812461853027344e+00
5.000000000000000000e+00 5.889655106679625440e-01 0.000000000000000000e+00 3.635579586029052734e+00
6.000000000000000000e+00 6.550021922663389340e-01 0.000000000000000000e+00 3.710088014602661133e+00
7.000000000000000000e+00 7.108144257243402819e-01 0.000000000000000000e+00 3.774322509765625000e+00
8.000000000000000000e+00 7.539041545747733331e-01 0.000000000000000000e+00 3.829919099807739258e+00
9.000000000000000000e+00 7.927220185334906688e-01 0.000000000000000000e+00 3.878104925155639648e+00
1.000000000000000000e+01 8.246799641150249771e-01 0.000000000000000000e+00 3.920217514038085938e+00
1.100000000000000000e+01 8.501284418025230050e-01 0.000000000000000000e+00 3.956252098083496094e+00
1.200000000000000000e+01 8.713133343564465338e-01 0.000000000000000000e+00 3.989146471023559570e+00
1.300000000000000000e+01 8.880730155837667228e-01 0.000000000000000000e+00 4.018666267395019531e+00
1.400000000000000000e+01 9.041448311614656008e-01 0.000000000000000000e+00 4.043128490447998047e+00
1.500000000000000000e+01 9.178372759744520826e-01 0.000000000000000000e+00 4.066061973571777344e+00
1.600000000000000000e+01 9.280200047095633620e-01 0.000000000000000000e+00 4.086370468139648438e+00
1.700000000000000000e+01 9.377892818550381815e-01 0.000000000000000000e+00 4.102337837219238281e+00
1.800000000000000000e+01 9.451813664007441274e-01 0.000000000000000000e+00 4.117279052734375000e+00
1.900000000000000000e+01 9.521617918388175505e-01 0.000000000000000000e+00 4.130956172943115234e+00
2.000000000000000000e+01 9.590405247636838437e-01 0.000000000000000000e+00 4.143073081970214844e+00
2.100000000000000000e+01 9.625845257276227640e-01 0.000000000000000000e+00 4.154226303100585938e+00
2.200000000000000000e+01 9.656141506487428972e-01 0.000000000000000000e+00 4.163730144500732422e+00
2.300000000000000000e+01 9.686718046144435768e-01 0.000000000000000000e+00 4.171949863433837891e+00
2.400000000000000000e+01 9.707369872824727075e-01 0.000000000000000000e+00 4.180032253265380859e+00
2.500000000000000000e+01 9.725121130787688362e-01 0.000000000000000000e+00 4.186182022094726562e+00
2.600000000000000000e+01 9.748298491197846527e-01 0.000000000000000000e+00 4.190951824188232422e+00
2.700000000000000000e+01 9.766957590811282675e-01 0.000000000000000000e+00 4.196150302886962891e+00
2.800000000000000000e+01 9.769551222632809617e-01 0.000000000000000000e+00 4.199928283691406250e+00
2.900000000000000000e+01 9.784438393059934347e-01 0.000000000000000000e+00 4.203701972961425781e+00
3.000000000000000000e+01 9.797519007743767938e-01 0.000000000000000000e+00 4.207392215728759766e+00
3.100000000000000000e+01 9.812816910149685379e-01 0.000000000000000000e+00 4.211289882659912109e+00
3.200000000000000000e+01 9.830617658231723954e-01 0.000000000000000000e+00 4.215473651885986328e+00
3.300000000000000000e+01 9.835419467680117656e-01 0.000000000000000000e+00 4.217978954315185547e+00
3.400000000000000000e+01 9.844066282940503454e-01 0.000000000000000000e+00 4.220232963562011719e+00
3.500000000000000000e+01 9.846499103668514552e-01 0.000000000000000000e+00 4.221306324005126953e+00
3.600000000000000000e+01 9.848231469193179377e-01 0.000000000000000000e+00 4.223299026489257812e+00
3.700000000000000000e+01 9.859558605194009839e-01 0.000000000000000000e+00 4.225783348083496094e+00
3.800000000000000000e+01 9.860216816942057871e-01 0.000000000000000000e+00 4.227068901062011719e+00
3.900000000000000000e+01 9.863838485108049614e-01 0.000000000000000000e+00 4.229865074157714844e+00
4.000000000000000000e+01 9.868465528582114343e-01 0.000000000000000000e+00 4.230503559112548828e+00
4.100000000000000000e+01 9.861995911575408558e-01 0.000000000000000000e+00 4.230673789978027344e+00
4.200000000000000000e+01 9.874041765069210275e-01 0.000000000000000000e+00 4.231836795806884766e+00
4.300000000000000000e+01 9.878608534865090940e-01 0.000000000000000000e+00 4.232266902923583984e+00
4.400000000000000000e+01 9.884652772743511839e-01 0.000000000000000000e+00 4.232386112213134766e+00
4.500000000000000000e+01 9.875490764008760802e-01 0.000000000000000000e+00 4.233673572540283203e+00
4.600000000000000000e+01 9.883952993036114743e-01 0.000000000000000000e+00 4.233568668365478516e+00
4.700000000000000000e+01 9.875633159328649491e-01 0.000000000000000000e+00 4.234562873840332031e+00
4.800000000000000000e+01 9.881520874214700934e-01 0.000000000000000000e+00 4.235408782958984375e+00
4.900000000000000000e+01 9.881267462197128593e-01 0.000000000000000000e+00 4.234595298767089844e+00
5.000000000000000000e+01 9.881966082161335319e-01 0.000000000000000000e+00 4.234510898590087891e+00
5.100000000000000000e+01 9.882369479819853586e-01 0.000000000000000000e+00 4.234425067901611328e+00
5.200000000000000000e+01 9.880926701525134526e-01 0.000000000000000000e+00 4.234563350677490234e+00
5.300000000000000000e+01 9.870621638465686409e-01 0.000000000000000000e+00 4.234033107757568359e+00
5.400000000000000000e+01 9.880216526384261178e-01 0.000000000000000000e+00 4.233714580535888672e+00
5.500000000000000000e+01 9.876986633382909275e-01 0.000000000000000000e+00 4.233795642852783203e+00
5.600000000000000000e+01 9.877795431208029608e-01 0.000000000000000000e+00 4.236389636993408203e+00
5.700000000000000000e+01 9.883678799826280947e-01 0.000000000000000000e+00 4.236942768096923828e+00
5.800000000000000000e+01 9.881376549025971956e-01 0.000000000000000000e+00 4.237049579620361328e+00
5.900000000000000000e+01 9.880040294726648575e-01 0.000000000000000000e+00 4.237214565277099609e+00
6.000000000000000000e+01 9.876213370584123741e-01 0.000000000000000000e+00 4.236755847930908203e+00
6.100000000000000000e+01 9.889252387601509264e-01 0.000000000000000000e+00 4.238588809967041016e+00
6.200000000000000000e+01 9.891729494829887281e-01 0.000000000000000000e+00 4.238592147827148438e+00
6.300000000000000000e+01 9.892952197856618168e-01 0.000000000000000000e+00 4.239541053771972656e+00
6.400000000000000000e+01 9.901550389391310381e-01 0.000000000000000000e+00 4.240758895874023438e+00
6.500000000000000000e+01 9.898056418161410575e-01 0.000000000000000000e+00 4.240786075592041016e+00
6.600000000000000000e+01 9.901349837386531627e-01 0.000000000000000000e+00 4.240643024444580078e+00
6.700000000000000000e+01 9.903044937044919171e-01 0.000000000000000000e+00 4.240797519683837891e+00
6.800000000000000000e+01 9.902574441083989987e-01 0.000000000000000000e+00 4.242327213287353516e+00
6.900000000000000000e+01 9.906812330016653290e-01 0.000000000000000000e+00 4.242636203765869141e+00
7.000000000000000000e+01 9.909963170465195814e-01 0.000000000000000000e+00 4.242808341979980469e+00
7.100000000000000000e+01 9.907751688599565343e-01 0.000000000000000000e+00 4.242610931396484375e+00
7.200000000000000000e+01 9.893134417787233792e-01 0.000000000000000000e+00 4.241381168365478516e+00
7.300000000000000000e+01 9.885445290607471902e-01 0.000000000000000000e+00 4.240509986877441406e+00
7.400000000000000000e+01 9.890431195333346803e-01 0.000000000000000000e+00 4.239518165588378906e+00
7.500000000000000000e+01 9.887882884879475309e-01 0.000000000000000000e+00 4.238725185394287109e+00
7.600000000000000000e+01 9.899511858521569119e-01 0.000000000000000000e+00 4.239666938781738281e+00
7.700000000000000000e+01 9.892205534597706684e-01 0.000000000000000000e+00 4.239235877990722656e+00
7.800000000000000000e+01 9.895628531835439778e-01 0.000000000000000000e+00 4.238331317901611328e+00
7.900000000000000000e+01 9.897021986565891494e-01 0.000000000000000000e+00 4.238924503326416016e+00
8.000000000000000000e+01 9.890070195346108983e-01 0.000000000000000000e+00 4.238317966461181641e+00
8.100000000000000000e+01 9.892358440781356954e-01 0.000000000000000000e+00 4.237914562225341797e+00
8.200000000000000000e+01 9.897472142815135765e-01 0.000000000000000000e+00 4.237632751464843750e+00
8.300000000000000000e+01 9.893259350310353861e-01 0.000000000000000000e+00 4.237981796264648438e+00
8.400000000000000000e+01 9.897655985767804809e-01 0.000000000000000000e+00 4.238770484924316406e+00
8.500000000000000000e+01 9.893448078695294967e-01 0.000000000000000000e+00 4.239205837249755859e+00
8.600000000000000000e+01 9.894562619869193831e-01 0.000000000000000000e+00 4.238596916198730469e+00
8.700000000000000000e+01 9.896197626161428174e-01 0.000000000000000000e+00 4.238761425018310547e+00
8.800000000000000000e+01 9.891682202319763695e-01 0.000000000000000000e+00 4.237565040588378906e+00
8.900000000000000000e+01 9.892030379332303891e-01 0.000000000000000000e+00 4.236817836761474609e+00
9.000000000000000000e+01 9.895210634333474475e-01 0.000000000000000000e+00 4.237311840057373047e+00
9.100000000000000000e+01 9.894091303711362029e-01 0.000000000000000000e+00 4.237273693084716797e+00
9.200000000000000000e+01 9.885821355617187001e-01 0.000000000000000000e+00 4.238296031951904297e+00
9.300000000000000000e+01 9.889339493235976830e-01 0.000000000000000000e+00 4.238746166229248047e+00
9.400000000000000000e+01 9.884072970760975352e-01 0.000000000000000000e+00 4.238108634948730469e+00
9.500000000000000000e+01 9.886276401679894299e-01 0.000000000000000000e+00 4.239181995391845703e+00
9.600000000000000000e+01 9.881786107394688878e-01 0.000000000000000000e+00 4.240238189697265625e+00
9.700000000000000000e+01 9.894677999304558602e-01 0.000000000000000000e+00 4.239800930023193359e+00
9.800000000000000000e+01 9.894362642985558010e-01 0.000000000000000000e+00 4.239977359771728516e+00
9.900000000000000000e+01 9.892602276004182071e-01 0.000000000000000000e+00 4.240717411041259766e+00
1.000000000000000000e+02 9.894495397245767210e-01 0.000000000000000000e+00 4.240138053894042969e+00
1.010000000000000000e+02 9.897162408813041656e-01 0.000000000000000000e+00 4.239811420440673828e+00
1.020000000000000000e+02 9.902328850981586550e-01 0.000000000000000000e+00 4.239904880523681641e+00
1.030000000000000000e+02 9.898703701791501386e-01 0.000000000000000000e+00 4.239134788513183594e+00
1.040000000000000000e+02 9.888548459212564978e-01 0.000000000000000000e+00 4.239183902740478516e+00
1.050000000000000000e+02 9.897572928534272840e-01 0.000000000000000000e+00 4.239647865295410156e+00
1.060000000000000000e+02 9.897329141820163656e-01 0.000000000000000000e+00 4.239984512329101562e+00
1.070000000000000000e+02 9.897025045295883006e-01 0.000000000000000000e+00 4.239865303039550781e+00
1.080000000000000000e+02 9.901737648495951838e-01 0.000000000000000000e+00 4.239131927490234375e+00
1.090000000000000000e+02 9.902829939514676827e-01 0.000000000000000000e+00 4.240187168121337891e+00
1.100000000000000000e+02 9.901917695532478358e-01 0.000000000000000000e+00 4.238790035247802734e+00
1.110000000000000000e+02 9.900453573352538950e-01 0.000000000000000000e+00 4.238739013671875000e+00
1.120000000000000000e+02 9.897779724980316773e-01 0.000000000000000000e+00 4.239185333251953125e+00
1.130000000000000000e+02 9.878959397733376724e-01 0.000000000000000000e+00 4.239559650421142578e+00
1.140000000000000000e+02 9.892861641222361335e-01 0.000000000000000000e+00 4.240719795227050781e+00
1.150000000000000000e+02 9.887430057615355095e-01 0.000000000000000000e+00 4.240625381469726562e+00
1.160000000000000000e+02 9.881179867778207004e-01 0.000000000000000000e+00 4.240697383880615234e+00
1.170000000000000000e+02 9.889832083428543585e-01 0.000000000000000000e+00 4.238848686218261719e+00
1.180000000000000000e+02 9.889605638396856691e-01 0.000000000000000000e+00 4.239276885986328125e+00
1.190000000000000000e+02 9.873764858026167213e-01 0.000000000000000000e+00 4.239368438720703125e+00
1.200000000000000000e+02 9.877465172135896365e-01 0.000000000000000000e+00 4.238464355468750000e+00
1.210000000000000000e+02 9.886856275858779686e-01 0.000000000000000000e+00 4.237235546112060547e+00
1.220000000000000000e+02 9.883512248516004295e-01 0.000000000000000000e+00 4.237661838531494141e+00
1.230000000000000000e+02 9.879878667366840395e-01 0.000000000000000000e+00 4.238316535949707031e+00
1.240000000000000000e+02 9.878913036787425606e-01 0.000000000000000000e+00 4.236848831176757812e+00
1.250000000000000000e+02 9.885401669383601098e-01 0.000000000000000000e+00 4.236713886260986328e+00
1.260000000000000000e+02 9.885700916136426208e-01 0.000000000000000000e+00 4.237237930297851562e+00
1.270000000000000000e+02 9.877181567374355708e-01 0.000000000000000000e+00 4.236815452575683594e+00
1.280000000000000000e+02 9.886971436974822947e-01 0.000000000000000000e+00 4.237764835357666016e+00
1.290000000000000000e+02 9.884489033329457719e-01 0.000000000000000000e+00 4.238900661468505859e+00
1.300000000000000000e+02 9.881266852608473483e-01 0.000000000000000000e+00 4.238009452819824219e+00
1.310000000000000000e+02 9.878864310990499442e-01 0.000000000000000000e+00 4.237383365631103516e+00
1.320000000000000000e+02 9.882656581857565126e-01 0.000000000000000000e+00 4.237380981445312500e+00
1.330000000000000000e+02 9.888790579227308974e-01 0.000000000000000000e+00 4.236614227294921875e+00
1.340000000000000000e+02 9.884774932943910519e-01 0.000000000000000000e+00 4.237247943878173828e+00
1.350000000000000000e+02 9.889202936298281399e-01 0.000000000000000000e+00 4.236458301544189453e+00
1.360000000000000000e+02 9.888500249262669461e-01 0.000000000000000000e+00 4.235805034637451172e+00
1.370000000000000000e+02 9.890838697182071648e-01 0.000000000000000000e+00 4.235627651214599609e+00
1.380000000000000000e+02 9.885758272218717613e-01 0.000000000000000000e+00 4.236855506896972656e+00
1.390000000000000000e+02 9.899386463712958051e-01 0.000000000000000000e+00 4.235938549041748047e+00
1.400000000000000000e+02 9.891367485224690226e-01 0.000000000000000000e+00 4.236019611358642578e+00
1.410000000000000000e+02 9.882923161853546246e-01 0.000000000000000000e+00 4.235439300537109375e+00
1.420000000000000000e+02 9.887783297064867138e-01 0.000000000000000000e+00 4.236530780792236328e+00
1.430000000000000000e+02 9.892437037810496436e-01 0.000000000000000000e+00 4.237164974212646484e+00
1.440000000000000000e+02 9.892849492921738097e-01 0.000000000000000000e+00 4.237039566040039062e+00
1.450000000000000000e+02 9.889372859019656126e-01 0.000000000000000000e+00 4.237142086029052734e+00
1.460000000000000000e+02 9.887825065153990067e-01 0.000000000000000000e+00 4.237059116363525391e+00
1.470000000000000000e+02 9.887176674932481868e-01 0.000000000000000000e+00 4.237689971923828125e+00
1.480000000000000000e+02 9.890563341208133963e-01 0.000000000000000000e+00 4.237881183624267578e+00
1.490000000000000000e+02 9.900722405950470595e-01 0.000000000000000000e+00 4.236561775207519531e+00
1.500000000000000000e+02 9.897183214294588138e-01 0.000000000000000000e+00 4.237235069274902344e+00
1.510000000000000000e+02 9.891922713869625294e-01 0.000000000000000000e+00 4.236756324768066406e+00
1.520000000000000000e+02 9.894242711867762274e-01 0.000000000000000000e+00 4.236789226531982422e+00
1.530000000000000000e+02 9.894306219888037157e-01 0.000000000000000000e+00 4.236464023590087891e+00
1.540000000000000000e+02 9.883749416510783092e-01 0.000000000000000000e+00 4.237502574920654297e+00
1.550000000000000000e+02 9.888478236603931437e-01 0.000000000000000000e+00 4.238682270050048828e+00
1.560000000000000000e+02 9.895689911831194729e-01 0.000000000000000000e+00 4.238303661346435547e+00
1.570000000000000000e+02 9.896487955218857824e-01 0.000000000000000000e+00 4.238025188446044922e+00
1.580000000000000000e+02 9.897067343290208985e-01 0.000000000000000000e+00 4.238454341888427734e+00
1.590000000000000000e+02 9.900621359172343539e-01 0.000000000000000000e+00 4.238443374633789062e+00
1.600000000000000000e+02 9.894858966699134895e-01 0.000000000000000000e+00 4.238715648651123047e+00
1.610000000000000000e+02 9.892455994456322843e-01 0.000000000000000000e+00 4.238546371459960938e+00
1.620000000000000000e+02 9.888848915216503777e-01 0.000000000000000000e+00 4.237464427947998047e+00
1.630000000000000000e+02 9.890579375435482046e-01 0.000000000000000000e+00 4.236410140991210938e+00
1.640000000000000000e+02 9.890690548104624780e-01 0.000000000000000000e+00 4.236645698547363281e+00
1.650000000000000000e+02 9.899502797313813884e-01 0.000000000000000000e+00 4.236681461334228516e+00
1.660000000000000000e+02 9.899603778081962346e-01 0.000000000000000000e+00 4.237440586090087891e+00
1.670000000000000000e+02 9.893789820319671691e-01 0.000000000000000000e+00 4.237933635711669922e+00
1.680000000000000000e+02 9.895995537496913297e-01 0.000000000000000000e+00 4.238347053527832031e+00
1.690000000000000000e+02 9.899862371695281604e-01 0.000000000000000000e+00 4.238441944122314453e+00
1.700000000000000000e+02 9.895640320003844526e-01 0.000000000000000000e+00 4.237461566925048828e+00
1.710000000000000000e+02 9.893467626861256470e-01 0.000000000000000000e+00 4.237564563751220703e+00
1.720000000000000000e+02 9.891229578209468354e-01 0.000000000000000000e+00 4.238263130187988281e+00
1.730000000000000000e+02 9.897694713054392412e-01 0.000000000000000000e+00 4.237793922424316406e+00
1.740000000000000000e+02 9.890215817964518319e-01 0.000000000000000000e+00 4.236845493316650391e+00
1.750000000000000000e+02 9.900698887491639066e-01 0.000000000000000000e+00 4.237116336822509766e+00
1.760000000000000000e+02 9.890575364587219642e-01 0.000000000000000000e+00 4.238629817962646484e+00
1.770000000000000000e+02 9.899450125210608187e-01 0.000000000000000000e+00 4.238132476806640625e+00
1.780000000000000000e+02 9.886709722457044380e-01 0.000000000000000000e+00 4.238379478454589844e+00
1.790000000000000000e+02 9.887817069801293490e-01 0.000000000000000000e+00 4.237817764282226562e+00
1.800000000000000000e+02 9.885043869917456982e-01 0.000000000000000000e+00 4.238287448883056641e+00
1.810000000000000000e+02 9.887825943609497292e-01 0.000000000000000000e+00 4.239109039306640625e+00
1.820000000000000000e+02 9.882713091377666181e-01 0.000000000000000000e+00 4.239785671234130859e+00
1.830000000000000000e+02 9.892091759420053032e-01 0.000000000000000000e+00 4.239711284637451172e+00
1.840000000000000000e+02 9.887009755184253956e-01 0.000000000000000000e+00 4.240094184875488281e+00
1.850000000000000000e+02 9.896431068688731347e-01 0.000000000000000000e+00 4.238841056823730469e+00
1.860000000000000000e+02 9.899889531439577395e-01 0.000000000000000000e+00 4.238669395446777344e+00
1.870000000000000000e+02 9.898423863078068541e-01 0.000000000000000000e+00 4.239493370056152344e+00
1.880000000000000000e+02 9.896604391071317508e-01 0.000000000000000000e+00 4.238787174224853516e+00
1.890000000000000000e+02 9.897651217266778545e-01 0.000000000000000000e+00 4.239056110382080078e+00
1.900000000000000000e+02 9.897792192115569820e-01 0.000000000000000000e+00 4.238586902618408203e+00
1.910000000000000000e+02 9.894105579635843473e-01 0.000000000000000000e+00 4.238331317901611328e+00
1.920000000000000000e+02 9.895712167531333092e-01 0.000000000000000000e+00 4.237202644348144531e+00
1.930000000000000000e+02 9.896766372815711810e-01 0.000000000000000000e+00 4.238741397857666016e+00
1.940000000000000000e+02 9.896483621732213853e-01 0.000000000000000000e+00 4.239000320434570312e+00
1.950000000000000000e+02 9.886463360184759575e-01 0.000000000000000000e+00 4.239416599273681641e+00
1.960000000000000000e+02 9.895821353225939809e-01 0.000000000000000000e+00 4.238199710845947266e+00
1.970000000000000000e+02 9.893175914905071311e-01 0.000000000000000000e+00 4.238095760345458984e+00
1.980000000000000000e+02 9.890075912048071904e-01 0.000000000000000000e+00 4.237095355987548828e+00
1.990000000000000000e+02 9.897388408675975580e-01 0.000000000000000000e+00 4.237926483154296875e+00
2.000000000000000000e+02 9.781462396364124512e-01 1.033934864813856880e-01 2.993692398071289062e+00
2.010000000000000000e+02 9.526736102056849731e-01 1.936953438325170196e-01 3.167433977127075195e+00
2.020000000000000000e+02 9.079430633987378707e-01 2.993722245615185740e-01 3.310594081878662109e+00
2.030000000000000000e+02 8.471845270613548307e-01 4.057255790809394247e-01 3.429268598556518555e+00
2.040000000000000000e+02 7.728985935609614666e-01 5.037415462492691454e-01 3.531375408172607422e+00
2.050000000000000000e+02 6.974738909683487753e-01 5.855579243890206564e-01 3.618836879730224609e+00
2.060000000000000000e+02 6.235994625523730850e-01 6.552392093229414405e-01 3.692183017730712891e+00
2.070000000000000000e+02 5.518574495405668134e-01 7.122390080841046744e-01 3.758124589920043945e+00
2.080000000000000000e+02 4.868419581089344361e-01 7.581575672578041436e-01 3.814760923385620117e+00
2.090000000000000000e+02 4.316704210968673183e-01 7.959794372861667133e-01 3.863638401031494141e+00
2.100000000000000000e+02 3.815117635604908242e-01 8.313835986261260969e-01 3.906714439392089844e+00
2.110000000000000000e+02 3.385290537894186103e-01 8.562478585293863409e-01 3.945212602615356445e+00
2.120000000000000000e+02 3.011972381274849453e-01 8.771160206937566040e-01 3.977272510528564453e+00
2.130000000000000000e+02 2.685381165219173361e-01 8.960815819514093006e-01 4.006864070892333984e+00
2.140000000000000000e+02 2.429680661448719026e-01 9.091459090788610586e-01 4.031880855560302734e+00
2.150000000000000000e+02 2.178933206279972945e-01 9.212710194553810350e-01 4.053465843200683594e+00
2.160000000000000000e+02 1.994681914161920144e-01 9.326214397345065077e-01 4.073092937469482422e+00
2.170000000000000000e+02 1.784915684627156607e-01 9.422431928354170205e-01 4.091215610504150391e+00
2.180000000000000000e+02 1.615425558576546461e-01 9.509074492696599767e-01 4.106925487518310547e+00
2.190000000000000000e+02 1.493243665277625976e-01 9.536819787090121681e-01 4.120766639709472656e+00
2.200000000000000000e+02 1.375976173860406770e-01 9.587571212740852999e-01 4.131007194519042969e+00
2.210000000000000000e+02 1.292681761290077613e-01 9.624000390796493276e-01 4.141926765441894531e+00
2.220000000000000000e+02 1.196246376408218737e-01 9.669353014262926926e-01 4.151296138763427734e+00
2.230000000000000000e+02 1.131732183020398713e-01 9.708321721322183961e-01 4.160443782806396484e+00
2.240000000000000000e+02 1.025647543705540815e-01 9.726360303965408960e-01 4.167978286743164062e+00
2.250000000000000000e+02 9.735389429711562015e-02 9.748111893989467314e-01 4.174503803253173828e+00
2.260000000000000000e+02 9.181480590640077322e-02 9.757637356510837634e-01 4.179242610931396484e+00
2.270000000000000000e+02 8.913274747830005063e-02 9.783179852291008505e-01 4.184796333312988281e+00
2.280000000000000000e+02 8.614586530720920454e-02 9.806835081023829170e-01 4.191081047058105469e+00
2.290000000000000000e+02 8.208324431905193730e-02 9.813002566204789279e-01 4.194644927978515625e+00
2.300000000000000000e+02 7.826825720616548132e-02 9.819885299315945781e-01 4.197754859924316406e+00
2.310000000000000000e+02 7.770477914491434601e-02 9.841351195068100965e-01 4.202494621276855469e+00
2.320000000000000000e+02 7.400020146416821931e-02 9.829322496694197220e-01 4.205163955688476562e+00
2.330000000000000000e+02 7.652425325468686923e-02 9.837952136229692890e-01 4.206489086151123047e+00
2.340000000000000000e+02 7.336354372627726383e-02 9.859905277511776811e-01 4.208971500396728516e+00
2.350000000000000000e+02 7.276864916700934161e-02 9.862405128978275481e-01 4.210093975067138672e+00
2.360000000000000000e+02 7.388402686723952173e-02 9.865297382088499267e-01 4.212285995483398438e+00
2.370000000000000000e+02 7.062771000687781409e-02 9.865523604253175760e-01 4.214537620544433594e+00
2.380000000000000000e+02 6.700279859803905114e-02 9.871801448928152478e-01 4.214937686920166016e+00
2.390000000000000000e+02 6.626959529066119015e-02 9.869880413617593273e-01 4.215733528137207031e+00
2.400000000000000000e+02 6.640492811910392312e-02 9.870105328885656615e-01 4.217991352081298828e+00
2.410000000000000000e+02 6.823698911811025558e-02 9.876811567991889973e-01 4.219424724578857422e+00
2.420000000000000000e+02 6.702622509197202205e-02 9.872724877625812523e-01 4.219596385955810547e+00
2.430000000000000000e+02 6.332656512068807197e-02 9.874268531094203549e-01 4.221105098724365234e+00
2.440000000000000000e+02 6.497400434123898338e-02 9.884922062776736462e-01 4.220520973205566406e+00
2.450000000000000000e+02 6.693541602189218009e-02 9.880990998751389975e-01 4.220156192779541016e+00
2.460000000000000000e+02 6.587263957481200027e-02 9.887489218021365822e-01 4.220631599426269531e+00
2.470000000000000000e+02 6.847574092298208681e-02 9.892147125849872769e-01 4.222690105438232422e+00
2.480000000000000000e+02 6.700545093251153439e-02 9.890387204161639190e-01 4.222774982452392578e+00
2.490000000000000000e+02 6.458630683889128588e-02 9.903048624257261290e-01 4.224786758422851562e+00
2.500000000000000000e+02 6.313378919384331212e-02 9.901320080194636608e-01 4.225658893585205078e+00
2.510000000000000000e+02 6.454733288329184138e-02 9.899237415600783407e-01 4.225053787231445312e+00
2.520000000000000000e+02 6.358445068392454269e-02 9.896555205195245453e-01 4.224577426910400391e+00
2.530000000000000000e+02 6.377629010020333111e-02 9.895424044315836998e-01 4.225032806396484375e+00
2.540000000000000000e+02 6.512105174054645673e-02 9.907224823416207471e-01 4.225593090057373047e+00
2.550000000000000000e+02 6.336818033599464495e-02 9.907426520370807843e-01 4.225894927978515625e+00
2.560000000000000000e+02 6.168493698560650190e-02 9.887018235771173336e-01 4.226705551147460938e+00
2.570000000000000000e+02 6.259797719383558556e-02 9.901854347123086875e-01 4.226208209991455078e+00
2.580000000000000000e+02 6.519850458217697764e-02 9.900926962418740152e-01 4.227062702178955078e+00
2.590000000000000000e+02 5.939567979777364559e-02 9.899351458071220522e-01 4.225204944610595703e+00
2.600000000000000000e+02 6.329360850962920115e-02 9.898687388688536259e-01 4.226210594177246094e+00
2.610000000000000000e+02 6.343111888865539394e-02 9.893565666875419051e-01 4.225698947906494141e+00
2.620000000000000000e+02 6.212377038325832268e-02 9.897882611079497073e-01 4.227198600769042969e+00
2.630000000000000000e+02 6.345307209896050571e-02 9.892865158680872462e-01 4.227599620819091797e+00
2.640000000000000000e+02 6.330989610611613416e-02 9.894567695723158751e-01 4.227765083312988281e+00
2.650000000000000000e+02 6.440253847967052081e-02 9.892868487440950043e-01 4.227657318115234375e+00
2.660000000000000000e+02 6.322050538226293981e-02 9.882208687260134461e-01 4.226848125457763672e+00
2.670000000000000000e+02 6.505299799012946582e-02 9.893289807150908999e-01 4.226022720336914062e+00
2.680000000000000000e+02 6.358591176732591999e-02 9.887981748727588949e-01 4.226062297821044922e+00
2.690000000000000000e+02 6.371759770747116580e-02 9.879666197386675064e-01 4.225511074066162109e+00
2.700000000000000000e+02 6.561367482651045413e-02 9.888845325846084000e-01 4.224624156951904297e+00
2.710000000000000000e+02 6.608816900036502962e-02 9.887877819399455426e-01 4.224487304687500000e+00
2.720000000000000000e+02 6.340588269917264708e-02 9.890881181170334546e-01 4.225533962249755859e+00
2.730000000000000000e+02 6.350816155125620088e-02 9.902218307512866691e-01 4.224855422973632812e+00
2.740000000000000000e+02 6.255572161540041976e-02 9.883924701398739687e-01 4.226046562194824219e+00
2.750000000000000000e+02 6.353717970712099983e-02 9.875752551382335209e-01 4.225558280944824219e+00
2.760000000000000000e+02 6.537811314101781013e-02 9.875670768310267356e-01 4.224884510040283203e+00
2.770000000000000000e+02 6.496435928034076379e-02 9.888538430672587642e-01 4.225018024444580078e+00
2.780000000000000000e+02 6.399196796620650052e-02 9.883920999598632129e-01 4.224225521087646484e+00
2.790000000000000000e+02 6.010612089456467827e-02 9.887275425750302604e-01 4.224393844604492188e+00
2.800000000000000000e+02 6.584920023756780927e-02 9.882681618827510173e-01 4.224530696868896484e+00
2.810000000000000000e+02 6.449619544216177169e-02 9.885724191076192824e-01 4.224359035491943359e+00
2.820000000000000000e+02 6.152327891538710014e-02 9.883065895140695778e-01 4.224096298217773438e+00
2.830000000000000000e+02 6.337781590249118302e-02 9.888280628959172924e-01 4.222662925720214844e+00
2.840000000000000000e+02 6.498452919483885259e-02 9.884244421995969088e-01 4.222163200378417969e+00
2.850000000000000000e+02 6.477966866529044632e-02 9.883712927950336624e-01 4.221234321594238281e+00
2.860000000000000000e+02 6.458361099746634526e-02 9.886021655866571445e-01 4.221892356872558594e+00
2.870000000000000000e+02 6.412421946037312470e-02 9.880134775565664329e-01 4.222307205200195312e+00
2.880000000000000000e+02 6.422406218470838590e-02 9.885536973354789314e-01 4.222481727600097656e+00
2.890000000000000000e+02 6.465645175117915033e-02 9.881538370378768477e-01 4.221561908721923828e+00
2.900000000000000000e+02 6.226357578333013149e-02 9.885078551033013028e-01 4.221576213836669922e+00
2.910000000000000000e+02 6.435710165947310102e-02 9.898872536220008067e-01 4.222281932830810547e+00
2.920000000000000000e+02 6.275658292385453974e-02 9.890489562053115247e-01 4.223567485809326172e+00
2.930000000000000000e+02 6.187248596452246674e-02 9.884817242752685917e-01 4.224424839019775391e+00
2.940000000000000000e+02 6.258663440719888782e-02 9.885513026530976521e-01 4.224645137786865234e+00
2.950000000000000000e+02 6.544973948510908468e-02 9.882948829592804740e-01 4.224200725555419922e+00
2.960000000000000000e+02 6.242856520601430120e-02 9.882921858461709563e-01 4.224122047424316406e+00
2.970000000000000000e+02 6.104112950167204371e-02 9.887238096415995603e-01 4.223427772521972656e+00
2.980000000000000000e+02 6.329378780508723712e-02 9.890101522966058267e-01 4.223070621490478516e+00
2.990000000000000000e+02 6.411545459695834615e-02 9.879738982379546730e-01 4.222754955291748047e+00
3.000000000000000000e+02 6.272232277366859843e-02 9.875028683791738926e-01 4.222812175750732422e+00
3.010000000000000000e+02 6.092423225375937640e-02 9.886884659996298952e-01 4.223064899444580078e+00
3.020000000000000000e+02 6.470290182559734760e-02 9.876855554362498069e-01 4.223717212677001953e+00
3.030000000000000000e+02 6.443528945577403633e-02 9.879934617477941217e-01 4.223294258117675781e+00
3.040000000000000000e+02 6.376195444555982084e-02 9.883004388191644063e-01 4.225033760070800781e+00
3.050000000000000000e+02 6.365724135294861807e-02 9.884761248891258401e-01 4.225031852722167969e+00
3.060000000000000000e+02 6.153551958290411072e-02 9.894416371518279796e-01 4.225235462188720703e+00
3.070000000000000000e+02 6.373625172936872585e-02 9.893966932526518931e-01 4.225006103515625000e+00
3.080000000000000000e+02 6.293155699533992120e-02 9.885636644667746831e-01 4.226287364959716797e+00
3.090000000000000000e+02 6.414925302205663760e-02 9.885658249884718973e-01 4.225369930267333984e+00
3.100000000000000000e+02 5.916429830524113503e-02 9.890728021773718126e-01 4.225068092346191406e+00
3.110000000000000000e+02 6.329939393123631963e-02 9.888783267235965457e-01 4.225066184997558594e+00
3.120000000000000000e+02 6.638822358568070847e-02 9.885365555506164803e-01 4.225624561309814453e+00
3.130000000000000000e+02 6.263025194246030214e-02 9.881111216837922262e-01 4.225296974182128906e+00
3.140000000000000000e+02 6.083561978903734291e-02 9.888304522166793120e-01 4.225589752197265625e+00
3.150000000000000000e+02 6.380646438209768012e-02 9.875514344770337516e-01 4.225884437561035156e+00
3.160000000000000000e+02 6.467073275302505364e-02 9.892234446182462948e-01 4.225607395172119141e+00
3.170000000000000000e+02 6.185799324090621165e-02 9.897223042972611573e-01 4.225201129913330078e+00
3.180000000000000000e+02 6.554829263078418289e-02 9.891074723378895373e-01 4.224443435668945312e+00
3.190000000000000000e+02 6.235663245368432833e-02 9.898515320517106142e-01 4.225502014160156250e+00
3.200000000000000000e+02 6.368913797461132897e-02 9.892939627654846468e-01 4.225840091705322266e+00
3.210000000000000000e+02 6.467098508744201224e-02 9.900500988593585738e-01 4.226342678070068359e+00
3.220000000000000000e+02 6.292878543952261372e-02 9.893495985626042932e-01 4.226659297943115234e+00
3.230000000000000000e+02 6.218969150594258477e-02 9.902828872177747987e-01 4.226632118225097656e+00
3.240000000000000000e+02 6.193438405349765280e-02 9.901758386001676682e-01 4.226906299591064453e+00
3.250000000000000000e+02 6.385201661308106957e-02 9.899277994520224722e-01 4.227479934692382812e+00
3.260000000000000000e+02 6.357836764930388518e-02 9.897861323337614481e-01 4.227937221527099609e+00
3.270000000000000000e+02 6.495640621670381587e-02 9.909101580256640673e-01 4.228262901306152344e+00
3.280000000000000000e+02 6.178836513399843522e-02 9.904549168532753578e-01 4.228324413299560547e+00
3.290000000000000000e+02 6.519519706998316844e-02 9.902008116695000250e-01 4.228571414947509766e+00
3.300000000000000000e+02 6.225479428100530455e-02 9.897720010324719819e-01 4.228224277496337891e+00
3.310000000000000000e+02 6.214318260095869073e-02 9.899423700726472930e-01 4.228032588958740234e+00
3.320000000000000000e+02 6.380273464878083445e-02 9.883104461901436322e-01 4.227201461791992188e+00
3.330000000000000000e+02 6.440736378070557877e-02 9.889495508382617484e-01 4.228871822357177734e+00
3.340000000000000000e+02 6.424113383307249181e-02 9.885209083256771834e-01 4.227728366851806641e+00
3.350000000000000000e+02 6.495565902821463788e-02 9.885306817350097974e-01 4.228846073150634766e+00
3.360000000000000000e+02 6.493047903617943373e-02 9.893095489720621361e-01 4.228783130645751953e+00
3.370000000000000000e+02 6.139536896589888049e-02 9.899638419726427552e-01 4.228355407714843750e+00
3.380000000000000000e+02 6.375504233865432469e-02 9.902649376393954928e-01 4.227066040039062500e+00
3.390000000000000000e+02 6.536493261013368028e-02 9.898119244086779345e-01 4.227631092071533203e+00
3.400000000000000000e+02 6.393830653983700874e-02 9.896070373426711919e-01 4.226971626281738281e+00
3.410000000000000000e+02 6.284410842764227845e-02 9.898685839985112978e-01 4.225958347320556641e+00
3.420000000000000000e+02 6.388195286774546455e-02 9.893129433045027010e-01 4.226719856262207031e+00
3.430000000000000000e+02 6.357420068940873581e-02 9.903186286860060639e-01 4.226585865020751953e+00
3.440000000000000000e+02 6.231518129614239260e-02 9.898185266038546093e-01 4.226630210876464844e+00
3.450000000000000000e+02 6.378757475134198829e-02 9.894433768868913237e-01 4.227119445800781250e+00
3.460000000000000000e+02 6.382928149146151198e-02 9.892167488140245490e-01 4.227098941802978516e+00
3.470000000000000000e+02 6.270402586394208111e-02 9.883639367706017476e-01 4.227280616760253906e+00
3.480000000000000000e+02 6.382852761885943194e-02 9.891173764908616217e-01 4.226237297058105469e+00
3.490000000000000000e+02 6.417361154052082794e-02 9.890678499557835623e-01 4.226491451263427734e+00
3.500000000000000000e+02 6.280558825066577533e-02 9.888357840915398267e-01 4.227629661560058594e+00
3.510000000000000000e+02 6.379677469954822544e-02 9.897973245488487226e-01 4.226730346679687500e+00
3.520000000000000000e+02 6.403420021065865664e-02 9.894584714001123382e-01 4.225301265716552734e+00
3.530000000000000000e+02 6.545888393990714760e-02 9.887675191880135328e-01 4.225990772247314453e+00
3.540000000000000000e+02 6.508912966477242712e-02 9.896913586423399245e-01 4.226468563079833984e+00
3.550000000000000000e+02 6.260553663988070727e-02 9.887704609174640114e-01 4.226986408233642578e+00
3.560000000000000000e+02 6.243080046082863377e-02 9.893570022589328605e-01 4.227807998657226562e+00
3.570000000000000000e+02 6.165363311950021463e-02 9.890845150657295859e-01 4.228383064270019531e+00
3.580000000000000000e+02 6.264628716048686874e-02 9.890610763569607222e-01 4.227703571319580078e+00
3.590000000000000000e+02 6.338649280586114432e-02 9.888637576413714658e-01 4.226612091064453125e+00
3.600000000000000000e+02 6.371723209668817001e-02 9.895189409645418488e-01 4.226927280426025391e+00
3.610000000000000000e+02 6.257706628486457701e-02 9.906518350316135813e-01 4.226713657379150391e+00
3.620000000000000000e+02 6.566640086210223659e-02 9.892514829815141075e-01 4.226787090301513672e+00
3.630000000000000000e+02 6.369388194013848870e-02 9.896453850282632692e-01 4.225346088409423828e+00
3.640000000000000000e+02 6.492244452325190984e-02 9.894023545410339793e-01 4.224329471588134766e+00
3.650000000000000000e+02 6.459914332181124208e-02 9.894432525183119997e-01 4.225063800811767578e+00
3.660000000000000000e+02 6.620399950833157077e-02 9.897974786076882969e-01 4.223897457122802734e+00
3.670000000000000000e+02 6.328056001303380973e-02 9.895705240794978597e-01 4.224632263183593750e+00
3.680000000000000000e+02 6.315204602591853456e-02 9.899067168231409086e-01 4.224256038665771484e+00
3.690000000000000000e+02 6.327931836768993512e-02 9.892211865693972817e-01 4.224454402923583984e+00
3.700000000000000000e+02 6.556545225505468200e-02 9.898296904785279793e-01 4.223961353302001953e+00
3.710000000000000000e+02 6.347998681337330140e-02 9.894571624682421129e-01 4.223633289337158203e+00
3.720000000000000000e+02 6.477877957643986273e-02 9.895602076167290262e-01 4.224121093750000000e+00
3.730000000000000000e+02 6.391333195240882226e-02 9.896293994299104613e-01 4.225532054901123047e+00
3.740000000000000000e+02 6.201225271192171984e-02 9.906124579063105839e-01 4.226162433624267578e+00
3.750000000000000000e+02 6.356000565834331317e-02 9.904830159604265383e-01 4.225264549255371094e+00
3.760000000000000000e+02 6.384326523235314688e-02 9.902557760781337537e-01 4.224883556365966797e+00
3.770000000000000000e+02 6.261547512895918044e-02 9.900175395481619622e-01 4.224469184875488281e+00
3.780000000000000000e+02 6.350143149428416622e-02 9.902309798095383364e-01 4.225583553314208984e+00
3.790000000000000000e+02 6.155200757310358428e-02 9.909009886698559866e-01 4.226194381713867188e+00
3.800000000000000000e+02 6.116083711362189229e-02 9.904466454957477906e-01 4.226099967956542969e+00
3.810000000000000000e+02 6.233782965989475428e-02 9.902796053958725642e-01 4.225405216217041016e+00
3.820000000000000000e+02 6.382314821208401323e-02 9.900950500977531155e-01 4.225111484527587891e+00
3.830000000000000000e+02 6.520230804610764597e-02 9.897043207234420548e-01 4.225162506103515625e+00
3.840000000000000000e+02 6.106944430966992216e-02 9.891016871856023185e-01 4.224667549133300781e+00
3.850000000000000000e+02 6.320631205850076040e-02 9.896418784923826095e-01 4.223618507385253906e+00
3.860000000000000000e+02 6.296223209737213111e-02 9.888664065484314980e-01 4.224126338958740234e+00
3.870000000000000000e+02 6.258273028695754414e-02 9.891300760155445904e-01 4.224253654479980469e+00
3.880000000000000000e+02 6.520458940100809508e-02 9.893267284333923106e-01 4.224254131317138672e+00
3.890000000000000000e+02 6.456117027391869434e-02 9.897463366971592791e-01 4.224947452545166016e+00
3.900000000000000000e+02 6.336725734028636481e-02 9.886717615293384442e-01 4.225020885467529297e+00
3.910000000000000000e+02 6.345219477014660270e-02 9.886774775261669701e-01 4.224955558776855469e+00
3.920000000000000000e+02 6.437076611474798482e-02 9.884821663449292473e-01 4.225353717803955078e+00
3.930000000000000000e+02 6.247677821121174618e-02 9.897289421448864921e-01 4.224856376647949219e+00
3.940000000000000000e+02 6.234064632997955713e-02 9.895639496417424352e-01 4.225378036499023438e+00
3.950000000000000000e+02 6.727909443001825474e-02 9.901861508010635360e-01 4.226240158081054688e+00
3.960000000000000000e+02 6.273909557912943358e-02 9.899122017291137610e-01 4.225948810577392578e+00
3.970000000000000000e+02 6.281338487854365438e-02 9.893762849430401962e-01 4.225618839263916016e+00
3.980000000000000000e+02 6.518867746895755377e-02 9.902842484547930146e-01 4.226809024810791016e+00
