0.000000000000000000e+00 1.035205133401681937e-01 0.000000000000000000e+00 3.005184888839721680e+00
1.000000000000000000e+00 1.968921810115964177e-01 0.000000000000000000e+00 3.176851511001586914e+00
2.000000000000000000e+00 3.076337021697836405e-01 0.000000000000000000e+00 3.319320917129516602e+00
3.000000000000000000e+00 4.169343211929054105e-01 0.000000000000000000e+00 3.438373565673828125e+00
4.000000000000000000e+00 5.168515788371347286e-01 0.000000000000000000e+00 3.538632392883300781e+00
5.000000000000000000e+00 5.990026292775429972e-01 0.000000000000000000e+00 3.625573396682739258e+00
6.000000000000000000e+00 6.679529825911875163e-01 0.000000000000000000e+00 3.699708461761474609e+00
7.000000000000000000e+00 7.237772771939019467e-01 0.000000000000000000e+00 3.761874437332153320e+00
8.000000000000000000e+00 7.684428246090716508e-01 0.000000000000000000e+00 3.817042589187622070e+00
9.000000000000000000e+00 8.065321596144721106e-01 0.000000000000000000e+00 3.863183975219726562e+00
1.000000000000000000e+01 8.381892467006909486e-01 0.000000000000000000e+00 3.904897451400756836e+00
1.100000000000000000e+01 8.627419213212472737e-01 0.000000000000000000e+00 3.940650463104248047e+00
1.200000000000000000e+01 8.839319151752446091e-01 0.000000000000000000e+00 3.972153902053833008e+00
1.300000000000000000e+01 9.025937964279397985e-01 0.000000000000000000e+00 4.001052379608154297e+00
1.400000000000000000e+01 9.142339940043604507e-01 0.000000000000000000e+00 4.027156352996826172e+00
1.500000000000000000e+01 9.256200775409785253e-01 0.000000000000000000e+00 4.046954631805419922e+00
1.600000000000000000e+01 9.371243326528875262e-01 0.000000000000000000e+00 4.064649581909179688e+00
1.700000000000000000e+01 9.454961222141529120e-01 0.000000000000000000e+00 4.079988956451416016e+00
1.800000000000000000e+01 9.518338466033642309e-01 0.000000000000000000e+00 4.094591140747070312e+00
1.900000000000000000e+01 9.560869137086503988e-01 0.000000000000000000e+00 4.106905937194824219e+00
2.000000000000000000e+01 9.591996570743788197e-01 0.000000000000000000e+00 4.117692470550537109e+00
2.100000000000000000e+01 9.654923974709673784e-01 0.000000000000000000e+00 4.127838134765625000e+00
2.200000000000000000e+01 9.669012599092344784e-01 0.000000000000000000e+00 4.136755943298339844e+00
2.300000000000000000e+01 9.700002029120543545e-01 0.000000000000000000e+00 4.145441055297851562e+00
2.400000000000000000e+01 9.739392550709758956e-01 0.000000000000000000e+00 4.152247905731201172e+00
2.500000000000000000e+01 9.750933235600441895e-01 0.000000000000000000e+00 4.157231330871582031e+00
2.600000000000000000e+01 9.758122139276543816e-01 0.000000000000000000e+00 4.162631988525390625e+00
2.700000000000000000e+01 9.781913400550863447e-01 0.000000000000000000e+00 4.168826580047607422e+00
2.800000000000000000e+01 9.786159598419553740e-01 0.000000000000000000e+00 4.174315452575683594e+00
2.900000000000000000e+01 9.798172698038585260e-01 0.000000000000000000e+00 4.177239894866943359e+00
3.000000000000000000e+01 9.812026341419340936e-01 0.000000000000000000e+00 4.179595470428466797e+00
3.100000000000000000e+01 9.820769559553810257e-01 0.000000000000000000e+00 4.182917118072509766e+00
3.200000000000000000e+01 9.819968570803012664e-01 0.000000000000000000e+00 4.184830665588378906e+00
3.300000000000000000e+01 9.835092187354940174e-01 0.000000000000000000e+00 4.186813831329345703e+00
3.400000000000000000e+01 9.834417095409226928e-01 0.000000000000000000e+00 4.189014911651611328e+00
3.500000000000000000e+01 9.837628662357265075e-01 0.000000000000000000e+00 4.192147254943847656e+00
3.600000000000000000e+01 9.844996009986867191e-01 0.000000000000000000e+00 4.194619655609130859e+00
3.700000000000000000e+01 9.835884164271418983e-01 0.000000000000000000e+00 4.195147037506103516e+00
3.800000000000000000e+01 9.848398691472791677e-01 0.000000000000000000e+00 4.196454048156738281e+00
3.900000000000000000e+01 9.855435757826513932e-01 0.000000000000000000e+00 4.197965145111083984e+00
4.000000000000000000e+01 9.858249371958313079e-01 0.000000000000000000e+00 4.199192047119140625e+00
4.100000000000000000e+01 9.858724472154102303e-01 0.000000000000000000e+00 4.200032711029052734e+00
4.200000000000000000e+01 9.869156091539521558e-01 0.000000000000000000e+00 4.201207637786865234e+00
4.300000000000000000e+01 9.876129923474975536e-01 0.000000000000000000e+00 4.200747013092041016e+00
4.400000000000000000e+01 9.885392995845609931e-01 0.000000000000000000e+00 4.202381610870361328e+00
4.500000000000000000e+01 9.873068977981135363e-01 0.000000000000000000e+00 4.202433586120605469e+00
4.600000000000000000e+01 9.882721079465092151e-01 0.000000000000000000e+00 4.203009605407714844e+00
4.700000000000000000e+01 9.886401682727694595e-01 0.000000000000000000e+00 4.203252315521240234e+00
4.800000000000000000e+01 9.883821933143642768e-01 0.000000000000000000e+00 4.202857017517089844e+00
4.900000000000000000e+01 9.884051543504295267e-01 0.000000000000000000e+00 4.204102039337158203e+00
5.000000000000000000e+01 9.887324741753902302e-01 0.000000000000000000e+00 4.203878402709960938e+00
5.100000000000000000e+01 9.890614434393727450e-01 0.000000000000000000e+00 4.204853057861328125e+00
5.200000000000000000e+01 9.894435168176297646e-01 0.000000000000000000e+00 4.204846858978271484e+00
5.300000000000000000e+01 9.890207096804232156e-01 0.000000000000000000e+00 4.205062866210937500e+00
5.400000000000000000e+01 9.880584788397303031e-01 0.000000000000000000e+00 4.204060077667236328e+00
5.500000000000000000e+01 9.889029099501714937e-01 0.000000000000000000e+00 4.203328132629394531e+00
5.600000000000000000e+01 9.891685951750940342e-01 0.000000000000000000e+00 4.203856468200683594e+00
5.700000000000000000e+01 9.898424498297188068e-01 0.000000000000000000e+00 4.204221725463867188e+00
5.800000000000000000e+01 9.892087127399943336e-01 0.000000000000000000e+00 4.205600261688232422e+00
5.900000000000000000e+01 9.883984653776725082e-01 0.000000000000000000e+00 4.206544399261474609e+00
6.000000000000000000e+01 9.892257082426916259e-01 0.000000000000000000e+00 4.206404209136962891e+00
6.100000000000000000e+01 9.883768891008760660e-01 0.000000000000000000e+00 4.205582141876220703e+00
6.200000000000000000e+01 9.879939198085451180e-01 0.000000000000000000e+00 4.206217765808105469e+00
6.300000000000000000e+01 9.886837791558236166e-01 0.000000000000000000e+00 4.205461502075195312e+00
6.400000000000000000e+01 9.885353111479560084e-01 0.000000000000000000e+00 4.205022811889648438e+00
6.500000000000000000e+01 9.880692139321627376e-01 0.000000000000000000e+00 4.205351829528808594e+00
6.600000000000000000e+01 9.881173944693859568e-01 0.000000000000000000e+00 4.205306529998779297e+00
6.700000000000000000e+01 9.882194263659013211e-01 0.000000000000000000e+00 4.204714775085449219e+00
6.800000000000000000e+01 9.896050784404191170e-01 0.000000000000000000e+00 4.204956054687500000e+00
6.900000000000000000e+01 9.887171316935475796e-01 0.000000000000000000e+00 4.204905033111572266e+00
7.000000000000000000e+01 9.894160165239838101e-01 0.000000000000000000e+00 4.204909801483154297e+00
7.100000000000000000e+01 9.881319136350757981e-01 0.000000000000000000e+00 4.206192493438720703e+00
7.200000000000000000e+01 9.882447703326628918e-01 0.000000000000000000e+00 4.206390380859375000e+00
7.300000000000000000e+01 9.891672439768339764e-01 0.000000000000000000e+00 4.206635951995849609e+00
7.400000000000000000e+01 9.880324008675123171e-01 0.000000000000000000e+00 4.206292152404785156e+00
7.500000000000000000e+01 9.886589720895087030e-01 0.000000000000000000e+00 4.207118511199951172e+00
7.600000000000000000e+01 9.884812299702117055e-01 0.000000000000000000e+00 4.206306457519531250e+00
7.700000000000000000e+01 9.880272598364807646e-01 0.000000000000000000e+00 4.206890583038330078e+00
7.800000000000000000e+01 9.880205191964831490e-01 0.000000000000000000e+00 4.206608295440673828e+00
7.900000000000000000e+01 9.883389012999198586e-01 0.000000000000000000e+00 4.206652641296386719e+00
8.000000000000000000e+01 9.889109325111162807e-01 0.000000000000000000e+00 4.207349777221679688e+00
8.100000000000000000e+01 9.886253849109190028e-01 0.000000000000000000e+00 4.208001613616943359e+00
8.200000000000000000e+01 9.884285691012185682e-01 0.000000000000000000e+00 4.207948684692382812e+00
8.300000000000000000e+01 9.880518429932291236e-01 0.000000000000000000e+00 4.207210063934326172e+00
8.400000000000000000e+01 9.883432547885956376e-01 0.000000000000000000e+00 4.205500602722167969e+00
8.500000000000000000e+01 9.875816217010534581e-01 0.000000000000000000e+00 4.205668926239013672e+00
8.600000000000000000e+01 9.880737808637751751e-01 0.000000000000000000e+00 4.204648971557617188e+00
8.700000000000000000e+01 9.876127599082336062e-01 0.000000000000000000e+00 4.204514026641845703e+00
8.800000000000000000e+01 9.876301718760117643e-01 0.000000000000000000e+00 4.205331325531005859e+00
8.900000000000000000e+01 9.877523518301727368e-01 0.000000000000000000e+00 4.206143856048583984e+00
9.000000000000000000e+01 9.875144378395871447e-01 0.000000000000000000e+00 4.205490589141845703e+00
9.100000000000000000e+01 9.870795108458481071e-01 0.000000000000000000e+00 4.205385684967041016e+00
9.200000000000000000e+01 9.875466295951971230e-01 0.000000000000000000e+00 4.204793930053710938e+00
9.300000000000000000e+01 9.880948135564640022e-01 0.000000000000000000e+00 4.205927848815917969e+00
9.400000000000000000e+01 9.878944581874731234e-01 0.000000000000000000e+00 4.205295562744140625e+00
9.500000000000000000e+01 9.877697694367594261e-01 0.000000000000000000e+00 4.205506324768066406e+00
9.600000000000000000e+01 9.867429626867831871e-01 0.000000000000000000e+00 4.205305576324462891e+00
9.700000000000000000e+01 9.867451700866881614e-01 0.000000000000000000e+00 4.203156471252441406e+00
9.800000000000000000e+01 9.882068723324098913e-01 0.000000000000000000e+00 4.203501224517822266e+00
9.900000000000000000e+01 9.874446728740520207e-01 0.000000000000000000e+00 4.203197002410888672e+00
1.000000000000000000e+02 9.868745529267389793e-01 0.000000000000000000e+00 4.203821182250976562e+00
1.010000000000000000e+02 9.879490917206990019e-01 0.000000000000000000e+00 4.204808712005615234e+00
1.020000000000000000e+02 9.868859552882336406e-01 0.000000000000000000e+00 4.204327106475830078e+00
1.030000000000000000e+02 9.873725899748166945e-01 0.000000000000000000e+00 4.204667568206787109e+00
1.040000000000000000e+02 9.857887476453117692e-01 0.000000000000000000e+00 4.203579902648925781e+00
1.050000000000000000e+02 9.869618581202188601e-01 0.000000000000000000e+00 4.203380107879638672e+00
1.060000000000000000e+02 9.871271394326991411e-01 0.000000000000000000e+00 4.203993797302246094e+00
1.070000000000000000e+02 9.875248061071503214e-01 0.000000000000000000e+00 4.203985214233398438e+00
1.080000000000000000e+02 9.879935431836842641e-01 0.000000000000000000e+00 4.204672336578369141e+00
1.090000000000000000e+02 9.879929932110975699e-01 0.000000000000000000e+00 4.204512596130371094e+00
1.100000000000000000e+02 9.872968808581452649e-01 0.000000000000000000e+00 4.204340934753417969e+00
1.110000000000000000e+02 9.874974509637154396e-01 0.000000000000000000e+00 4.204289436340332031e+00
1.120000000000000000e+02 9.868629135055201340e-01 0.000000000000000000e+00 4.204701900482177734e+00
1.130000000000000000e+02 9.878937362823616564e-01 0.000000000000000000e+00 4.204084396362304688e+00
1.140000000000000000e+02 9.875631739311857560e-01 0.000000000000000000e+00 4.204465389251708984e+00
1.150000000000000000e+02 9.870014951754731980e-01 0.000000000000000000e+00 4.204280376434326172e+00
1.160000000000000000e+02 9.881565649190013900e-01 0.000000000000000000e+00 4.204720497131347656e+00
1.170000000000000000e+02 9.876599373024950168e-01 0.000000000000000000e+00 4.205202102661132812e+00
1.180000000000000000e+02 9.873579117302841990e-01 0.000000000000000000e+00 4.206183433532714844e+00
1.190000000000000000e+02 9.869137927708440117e-01 0.000000000000000000e+00 4.206581115722656250e+00
1.200000000000000000e+02 9.867085784017661787e-01 0.000000000000000000e+00 4.206534385681152344e+00
1.210000000000000000e+02 9.876409974476985099e-01 0.000000000000000000e+00 4.207176685333251953e+00
1.220000000000000000e+02 9.876937600383542959e-01 0.000000000000000000e+00 4.205740928649902344e+00
1.230000000000000000e+02 9.880847917846845574e-01 0.000000000000000000e+00 4.205133438110351562e+00
1.240000000000000000e+02 9.877980658702565364e-01 0.000000000000000000e+00 4.204916000366210938e+00
1.250000000000000000e+02 9.873796959425642505e-01 0.000000000000000000e+00 4.204535007476806641e+00
1.260000000000000000e+02 9.878748297583589411e-01 0.000000000000000000e+00 4.204625606536865234e+00
1.270000000000000000e+02 9.868651913530206432e-01 0.000000000000000000e+00 4.203713893890380859e+00
1.280000000000000000e+02 9.867717047502518879e-01 0.000000000000000000e+00 4.204003810882568359e+00
1.290000000000000000e+02 9.875088123396237316e-01 0.000000000000000000e+00 4.204185009002685547e+00
1.300000000000000000e+02 9.875107681346185773e-01 0.000000000000000000e+00 4.204311847686767578e+00
1.310000000000000000e+02 9.870223903869906890e-01 0.000000000000000000e+00 4.204068183898925781e+00
1.320000000000000000e+02 9.870305562138765865e-01 0.000000000000000000e+00 4.203589439392089844e+00
1.330000000000000000e+02 9.879876412678058051e-01 0.000000000000000000e+00 4.203318119049072266e+00
1.340000000000000000e+02 9.874726550919752377e-01 0.000000000000000000e+00 4.203410148620605469e+00
1.350000000000000000e+02 9.878495875541370985e-01 0.000000000000000000e+00 4.203104496002197266e+00
1.360000000000000000e+02 9.879172987042361687e-01 0.000000000000000000e+00 4.203963756561279297e+00
1.370000000000000000e+02 9.872038732920268567e-01 0.000000000000000000e+00 4.205289840698242188e+00
1.380000000000000000e+02 9.875427964229405164e-01 0.000000000000000000e+00 4.204718112945556641e+00
1.390000000000000000e+02 9.865021844350190250e-01 0.000000000000000000e+00 4.204170703887939453e+00
1.400000000000000000e+02 9.871531868201310900e-01 0.000000000000000000e+00 4.203719615936279297e+00
1.410000000000000000e+02 9.874905655325311171e-01 0.000000000000000000e+00 4.202671527862548828e+00
1.420000000000000000e+02 9.867406236492324290e-01 0.000000000000000000e+00 4.203126430511474609e+00
1.430000000000000000e+02 9.866191242968869179e-01 0.000000000000000000e+00 4.205059051513671875e+00
1.440000000000000000e+02 9.870497689508727079e-01 0.000000000000000000e+00 4.205934047698974609e+00
1.450000000000000000e+02 9.873981295156349924e-01 0.000000000000000000e+00 4.206430912017822266e+00
1.460000000000000000e+02 9.865170906449870492e-01 0.000000000000000000e+00 4.206321716308593750e+00
1.470000000000000000e+02 9.877673485842837220e-01 0.000000000000000000e+00 4.204662799835205078e+00
1.480000000000000000e+02 9.875291822025439314e-01 0.000000000000000000e+00 4.205523967742919922e+00
1.490000000000000000e+02 9.868002921820387963e-01 0.000000000000000000e+00 4.204238891601562500e+00
1.500000000000000000e+02 9.868995088023122531e-01 0.000000000000000000e+00 4.204127311706542969e+00
1.510000000000000000e+02 9.869216021282309903e-01 0.000000000000000000e+00 4.203273296356201172e+00
1.520000000000000000e+02 9.879034600016095569e-01 0.000000000000000000e+00 4.203687191009521484e+00
1.530000000000000000e+02 9.873310934057487609e-01 0.000000000000000000e+00 4.203187465667724609e+00
1.540000000000000000e+02 9.868289779441102860e-01 0.000000000000000000e+00 4.202097415924072266e+00
1.550000000000000000e+02 9.871750214400307755e-01 0.000000000000000000e+00 4.202148914337158203e+00
1.560000000000000000e+02 9.876088638599231917e-01 0.000000000000000000e+00 4.202929019927978516e+00
1.570000000000000000e+02 9.886341674990104522e-01 0.000000000000000000e+00 4.204028129577636719e+00
1.580000000000000000e+02 9.884602111082556597e-01 0.000000000000000000e+00 4.204414367675781250e+00
1.590000000000000000e+02 9.880668406184969221e-01 0.000000000000000000e+00 4.203207492828369141e+00
1.600000000000000000e+02 9.880027589460090853e-01 0.000000000000000000e+00 4.203209400177001953e+00
1.610000000000000000e+02 9.880877911179692941e-01 0.000000000000000000e+00 4.203619480133056641e+00
1.620000000000000000e+02 9.881312748771321486e-01 0.000000000000000000e+00 4.203422069549560547e+00
1.630000000000000000e+02 9.870456218163213835e-01 0.000000000000000000e+00 4.203003883361816406e+00
1.640000000000000000e+02 9.864941369931142789e-01 0.000000000000000000e+00 4.203787326812744141e+00
1.650000000000000000e+02 9.877594531638138609e-01 0.000000000000000000e+00 4.202864646911621094e+00
1.660000000000000000e+02 9.869592442290540113e-01 0.000000000000000000e+00 4.203281879425048828e+00
1.670000000000000000e+02 9.874788210626475049e-01 0.000000000000000000e+00 4.203298568725585938e+00
1.680000000000000000e+02 9.867410441648657438e-01 0.000000000000000000e+00 4.203628540039062500e+00
1.690000000000000000e+02 9.876056530399029976e-01 0.000000000000000000e+00 4.203433513641357422e+00
1.700000000000000000e+02 9.869148298273479059e-01 0.000000000000000000e+00 4.204101562500000000e+00
1.710000000000000000e+02 9.878159520763143409e-01 0.000000000000000000e+00 4.205326080322265625e+00
1.720000000000000000e+02 9.874322937390145327e-01 0.000000000000000000e+00 4.204973697662353516e+00
1.730000000000000000e+02 9.885826857815912527e-01 0.000000000000000000e+00 4.205821514129638672e+00
1.740000000000000000e+02 9.882074248783060400e-01 0.000000000000000000e+00 4.206402778625488281e+00
1.750000000000000000e+02 9.886617919984332925e-01 0.000000000000000000e+00 4.206123352050781250e+00
1.760000000000000000e+02 9.886555339954097299e-01 0.000000000000000000e+00 4.206171512603759766e+00
1.770000000000000000e+02 9.871564102199562596e-01 0.000000000000000000e+00 4.205917835235595703e+00
1.780000000000000000e+02 9.881322651878631236e-01 0.000000000000000000e+00 4.204824924468994141e+00
1.790000000000000000e+02 9.875735020165723466e-01 0.000000000000000000e+00 4.205152511596679688e+00
1.800000000000000000e+02 9.870128632508077260e-01 0.000000000000000000e+00 4.205546379089355469e+00
1.810000000000000000e+02 9.871830225563772432e-01 0.000000000000000000e+00 4.204508781433105469e+00
1.820000000000000000e+02 9.866105663779657364e-01 0.000000000000000000e+00 4.204132080078125000e+00
1.830000000000000000e+02 9.876652006651457372e-01 0.000000000000000000e+00 4.203322887420654297e+00
1.840000000000000000e+02 9.872790448294291865e-01 0.000000000000000000e+00 4.203584194183349609e+00
1.850000000000000000e+02 9.887416828913593303e-01 0.000000000000000000e+00 4.203094482421875000e+00
1.860000000000000000e+02 9.876238068310049245e-01 0.000000000000000000e+00 4.204390525817871094e+00
1.870000000000000000e+02 9.882538053112718268e-01 0.000000000000000000e+00 4.205259799957275391e+00
1.880000000000000000e+02 9.878243633370514809e-01 0.000000000000000000e+00 4.206413269042968750e+00
1.890000000000000000e+02 9.889515976753232573e-01 0.000000000000000000e+00 4.205328941345214844e+00
1.900000000000000000e+02 9.884265781588918998e-01 0.000000000000000000e+00 4.206667423248291016e+00
1.910000000000000000e+02 9.884293354754964955e-01 0.000000000000000000e+00 4.207376003265380859e+00
1.920000000000000000e+02 9.884948920491359869e-01 0.000000000000000000e+00 4.207970619201660156e+00
1.930000000000000000e+02 9.877599828765631917e-01 0.000000000000000000e+00 4.208030700683593750e+00
1.940000000000000000e+02 9.874262887220243146e-01 0.000000000000000000e+00 4.206898689270019531e+00
1.950000000000000000e+02 9.879187714610159210e-01 0.000000000000000000e+00 4.207955837249755859e+00
1.960000000000000000e+02 9.870617614506334014e-01 0.000000000000000000e+00 4.207188129425048828e+00
1.970000000000000000e+02 9.888751343599454513e-01 0.000000000000000000e+00 4.207654953002929688e+00
1.980000000000000000e+02 9.887899512604980679e-01 0.000000000000000000e+00 4.206731319427490234e+00
1.990000000000000000e+02 9.885951465858241471e-01 0.000000000000000000e+00 4.207198619842529297e+00
2.000000000000000000e+02 9.779239683109102188e-01 1.037456867848929043e-01 3.019780397415161133e+00
2.010000000000000000e+02 9.502618176754474844e-01 2.003353817717030694e-01 3.193670511245727539e+00
2.020000000000000000e+02 9.016115418177320651e-01 3.128545724214610302e-01 3.338284969329833984e+00
2.030000000000000000e+02 8.358867672647144476e-01 4.205239551385021035e-01 3.456011056900024414e+00
2.040000000000000000e+02 7.578034712756088753e-01 5.176966652922753154e-01 3.556209087371826172e+00
2.050000000000000000e+02 6.799342507101984179e-01 6.000286678658059980e-01 3.642479419708251953e+00
2.060000000000000000e+02 6.020211328523239480e-01 6.695172915859959328e-01 3.715724468231201172e+00
2.070000000000000000e+02 5.315160730888479623e-01 7.258314213014738225e-01 3.779198884963989258e+00
2.080000000000000000e+02 4.668479029586692364e-01 7.712743486017948902e-01 3.835160017013549805e+00
2.090000000000000000e+02 4.117950197867470408e-01 8.059855845822642140e-01 3.882117033004760742e+00
2.100000000000000000e+02 3.630370884178282798e-01 8.357638147419649277e-01 3.922944068908691406e+00
2.110000000000000000e+02 3.199914054088668358e-01 8.578664216216435046e-01 3.958942413330078125e+00
2.120000000000000000e+02 2.872085979750718110e-01 8.770188484924622552e-01 3.991346597671508789e+00
2.130000000000000000e+02 2.529731447640052311e-01 8.940484380291014999e-01 4.017951488494873047e+00
2.140000000000000000e+02 2.249753444740593689e-01 9.089182944920997098e-01 4.041664123535156250e+00
2.150000000000000000e+02 2.032893573195351522e-01 9.218566248252155759e-01 4.062168598175048828e+00
2.160000000000000000e+02 1.850034019417208797e-01 9.313791561596768132e-01 4.081825256347656250e+00
2.170000000000000000e+02 1.659319982396546822e-01 9.407821363785193736e-01 4.098371028900146484e+00
2.180000000000000000e+02 1.548287243778002087e-01 9.470492085943140737e-01 4.113587856292724609e+00
2.190000000000000000e+02 1.376169653255000513e-01 9.533579376456355892e-01 4.126112461090087891e+00
2.200000000000000000e+02 1.286060854633862272e-01 9.586185861973427480e-01 4.139067649841308594e+00
2.210000000000000000e+02 1.194943146175819343e-01 9.620601596806204192e-01 4.150224208831787109e+00
2.220000000000000000e+02 1.079962566473438579e-01 9.671827829720940350e-01 4.159388065338134766e+00
2.230000000000000000e+02 1.048551588334477730e-01 9.699017961173388436e-01 4.167821884155273438e+00
2.240000000000000000e+02 9.829983335274436462e-02 9.726886641624845620e-01 4.175921916961669922e+00
2.250000000000000000e+02 9.390252639381153899e-02 9.746487514707099509e-01 4.181627273559570312e+00
2.260000000000000000e+02 8.748081838634329255e-02 9.762752411626119953e-01 4.186474323272705078e+00
2.270000000000000000e+02 8.508268868012229535e-02 9.776106321718102121e-01 4.190886974334716797e+00
2.280000000000000000e+02 7.914556983055669181e-02 9.800977372280038624e-01 4.194492340087890625e+00
2.290000000000000000e+02 7.697190156075371659e-02 9.805965215276943869e-01 4.198256015777587891e+00
2.300000000000000000e+02 7.479006674263902199e-02 9.829290613087473538e-01 4.202221393585205078e+00
2.310000000000000000e+02 7.547018381901171580e-02 9.818769938239703121e-01 4.205056190490722656e+00
2.320000000000000000e+02 7.214132572819881295e-02 9.826719277663569230e-01 4.207820892333984375e+00
2.330000000000000000e+02 7.200612503419942523e-02 9.834571063528129153e-01 4.210197925567626953e+00
2.340000000000000000e+02 6.748027287914816486e-02 9.846590264192783826e-01 4.211725711822509766e+00
2.350000000000000000e+02 6.689101571301553362e-02 9.847804844981398187e-01 4.213293075561523438e+00
2.360000000000000000e+02 6.944048568199312488e-02 9.843725834202524672e-01 4.214653015136718750e+00
2.370000000000000000e+02 6.715169430300335640e-02 9.850241081320247893e-01 4.215647220611572266e+00
2.380000000000000000e+02 6.679483049920298399e-02 9.861797278375049602e-01 4.216665267944335938e+00
2.390000000000000000e+02 6.376664176229770997e-02 9.866526153774944907e-01 4.218619346618652344e+00
2.400000000000000000e+02 6.462184866527226346e-02 9.859360014423456109e-01 4.220088481903076172e+00
2.410000000000000000e+02 6.256286878668078366e-02 9.858879114758413165e-01 4.220156192779541016e+00
2.420000000000000000e+02 6.473739320734241132e-02 9.864429770547418208e-01 4.220239639282226562e+00
2.430000000000000000e+02 6.192668012955655776e-02 9.876667511622400086e-01 4.220845222473144531e+00
2.440000000000000000e+02 6.214214234011015275e-02 9.863698822255004828e-01 4.220835208892822266e+00
2.450000000000000000e+02 6.333526274585819793e-02 9.875973146988231699e-01 4.221698284149169922e+00
2.460000000000000000e+02 6.125575894462065990e-02 9.871588098647071652e-01 4.222730636596679688e+00
2.470000000000000000e+02 6.455282469409327761e-02 9.866491018496935661e-01 4.222806453704833984e+00
2.480000000000000000e+02 6.341520162873126587e-02 9.859691053871887378e-01 4.222271442413330078e+00
2.490000000000000000e+02 6.198680531850946779e-02 9.857842877173660368e-01 4.222270011901855469e+00
2.500000000000000000e+02 6.301182889395175180e-02 9.865927033041274052e-01 4.221512317657470703e+00
2.510000000000000000e+02 6.123194152526349743e-02 9.861593262970616003e-01 4.221653938293457031e+00
2.520000000000000000e+02 6.159701514524691668e-02 9.870683661544933374e-01 4.220576286315917969e+00
2.530000000000000000e+02 6.569999008284994890e-02 9.870060021367603742e-01 4.221896171569824219e+00
2.540000000000000000e+02 6.152392573746136989e-02 9.867590239839205690e-01 4.222252845764160156e+00
2.550000000000000000e+02 6.189652033615242188e-02 9.871320569495255492e-01 4.223309040069580078e+00
2.560000000000000000e+02 6.198759379073347925e-02 9.884840864970190211e-01 4.223619937896728516e+00
2.570000000000000000e+02 6.116144779177337676e-02 9.872685330418708993e-01 4.222331047058105469e+00
2.580000000000000000e+02 6.108713814018718047e-02 9.879300569694926537e-01 4.222340583801269531e+00
2.590000000000000000e+02 6.229635150592698761e-02 9.885473606191849116e-01 4.222501754760742188e+00
2.600000000000000000e+02 6.247511533445412879e-02 9.876126573991911295e-01 4.223629474639892578e+00
2.610000000000000000e+02 6.276061876717151100e-02 9.878049247005761258e-01 4.224078178405761719e+00
2.620000000000000000e+02 6.037321354544163132e-02 9.880601538853389654e-01 4.224253177642822266e+00
2.630000000000000000e+02 6.154724391472769091e-02 9.884730862508821492e-01 4.224596023559570312e+00
2.640000000000000000e+02 6.478693962147663576e-02 9.872533130045025862e-01 4.224400043487548828e+00
2.650000000000000000e+02 6.063059449365165721e-02 9.874317600619422208e-01 4.223515510559082031e+00
2.660000000000000000e+02 6.011584168301394027e-02 9.871912761964897198e-01 4.223904132843017578e+00
2.670000000000000000e+02 6.126630075256189745e-02 9.868305815508295886e-01 4.225032806396484375e+00
2.680000000000000000e+02 6.216961470176100152e-02 9.874312323688714255e-01 4.224985599517822266e+00
2.690000000000000000e+02 6.126486961982073598e-02 9.875041523158856194e-01 4.225460529327392578e+00
2.700000000000000000e+02 6.142947959030428673e-02 9.872361771311387590e-01 4.225726604461669922e+00
2.710000000000000000e+02 6.173481402781151595e-02 9.867847081349093719e-01 4.225845336914062500e+00
2.720000000000000000e+02 5.900409928079335120e-02 9.874812066119209586e-01 4.226384162902832031e+00
2.730000000000000000e+02 6.030210197323425392e-02 9.881307880858195558e-01 4.225695133209228516e+00
2.740000000000000000e+02 6.170766225344639921e-02 9.879568248885404191e-01 4.224608421325683594e+00
2.750000000000000000e+02 6.117339785621725423e-02 9.879083359037398315e-01 4.223875522613525391e+00
2.760000000000000000e+02 6.060680650138300374e-02 9.878695716159650031e-01 4.224846363067626953e+00
2.770000000000000000e+02 6.198209914849481250e-02 9.873741180367495707e-01 4.224573612213134766e+00
2.780000000000000000e+02 6.257046226462813221e-02 9.883752939791089487e-01 4.224255084991455078e+00
2.790000000000000000e+02 6.169828559569949522e-02 9.883036059345838842e-01 4.224407672882080078e+00
2.800000000000000000e+02 6.308096907403680509e-02 9.877170041721734517e-01 4.225594043731689453e+00
2.810000000000000000e+02 6.088275082033123287e-02 9.882594506520777644e-01 4.225450992584228516e+00
2.820000000000000000e+02 6.139154804265354454e-02 9.873114885671060437e-01 4.225275516510009766e+00
2.830000000000000000e+02 6.373107505254650695e-02 9.877491850605520929e-01 4.225584506988525391e+00
2.840000000000000000e+02 6.051156031492230941e-02 9.881637044800444247e-01 4.226178646087646484e+00
2.850000000000000000e+02 6.037320179009648957e-02 9.874243705288910933e-01 4.225183010101318359e+00
2.860000000000000000e+02 6.228524381399728332e-02 9.884322084011671894e-01 4.225502967834472656e+00
2.870000000000000000e+02 6.304645170000844345e-02 9.881933434461569465e-01 4.224902629852294922e+00
2.880000000000000000e+02 6.314943956432354788e-02 9.876499557657214545e-01 4.224290370941162109e+00
2.890000000000000000e+02 5.898133953361980875e-02 9.877529246163095911e-01 4.224931716918945312e+00
2.900000000000000000e+02 6.118274209782176981e-02 9.886615176822288742e-01 4.225620269775390625e+00
2.910000000000000000e+02 6.197885819111632194e-02 9.894546610312140444e-01 4.225897789001464844e+00
2.920000000000000000e+02 5.963874851105157443e-02 9.885901002583331598e-01 4.226082324981689453e+00
2.930000000000000000e+02 6.237283558205094364e-02 9.885517551797187163e-01 4.225486278533935547e+00
2.940000000000000000e+02 6.340217374374047810e-02 9.883883411917007145e-01 4.224371433258056641e+00
2.950000000000000000e+02 6.211079216225779548e-02 9.884515810075120701e-01 4.225499629974365234e+00
2.960000000000000000e+02 6.027215360491860324e-02 9.881879659165041518e-01 4.225896835327148438e+00
2.970000000000000000e+02 6.260512034029913631e-02 9.878130941882489191e-01 4.225862979888916016e+00
2.980000000000000000e+02 5.991807907285291029e-02 9.881707301158794143e-01 4.225048542022705078e+00
2.990000000000000000e+02 6.289811273852295714e-02 9.882751278703516551e-01 4.225261688232421875e+00
3.000000000000000000e+02 5.915236571982103453e-02 9.879647566462403940e-01 4.225602149963378906e+00
3.010000000000000000e+02 6.063016113268885482e-02 9.879305592778939715e-01 4.224812030792236328e+00
3.020000000000000000e+02 6.220435805734035595e-02 9.875344233898604163e-01 4.223735332489013672e+00
3.030000000000000000e+02 6.147572117688924337e-02 9.875510944212048114e-01 4.224102973937988281e+00
3.040000000000000000e+02 6.058812450957295342e-02 9.871168711845712540e-01 4.224250316619873047e+00
3.050000000000000000e+02 5.942730661736438103e-02 9.870093664638894815e-01 4.224984169006347656e+00
3.060000000000000000e+02 6.279656183787360457e-02 9.875854138562075724e-01 4.224917888641357422e+00
3.070000000000000000e+02 6.187126997181945087e-02 9.875770366954723656e-01 4.224317073822021484e+00
3.080000000000000000e+02 6.289979318627983429e-02 9.884177275918002437e-01 4.225673198699951172e+00
3.090000000000000000e+02 6.199447645990466271e-02 9.886887549933746078e-01 4.227728843688964844e+00
3.100000000000000000e+02 6.121804623467164835e-02 9.885114684737255075e-01 4.227674961090087891e+00
3.110000000000000000e+02 6.286547298148119356e-02 9.875924760240364364e-01 4.227943897247314453e+00
3.120000000000000000e+02 6.129999477366257499e-02 9.889848451592024858e-01 4.226816177368164062e+00
3.130000000000000000e+02 6.359263350010596616e-02 9.888516930608329814e-01 4.224450111389160156e+00
3.140000000000000000e+02 6.043353870025554297e-02 9.878616582079268182e-01 4.224359512329101562e+00
3.150000000000000000e+02 6.045487374477209741e-02 9.868564637426228137e-01 4.223902225494384766e+00
3.160000000000000000e+02 6.208080036728266804e-02 9.878239249166685942e-01 4.223599910736083984e+00
3.170000000000000000e+02 6.262254579555555367e-02 9.874949325077730933e-01 4.222803115844726562e+00
3.180000000000000000e+02 6.101021756942344443e-02 9.872309191698681596e-01 4.222930431365966797e+00
3.190000000000000000e+02 6.294363696093431548e-02 9.873904690303416665e-01 4.223198413848876953e+00
3.200000000000000000e+02 6.371567639229269719e-02 9.880001227049101109e-01 4.223065376281738281e+00
3.210000000000000000e+02 6.067211744085503761e-02 9.878019550822007000e-01 4.224022865295410156e+00
3.220000000000000000e+02 6.027020923303061384e-02 9.890442749656630506e-01 4.223513603210449219e+00
3.230000000000000000e+02 6.423187482408729276e-02 9.888409570313805297e-01 4.223093986511230469e+00
3.240000000000000000e+02 6.133919313477113194e-02 9.892046756047662148e-01 4.223400592803955078e+00
3.250000000000000000e+02 5.984563691184521805e-02 9.899317092570769638e-01 4.223264694213867188e+00
3.260000000000000000e+02 6.005127359550411353e-02 9.897220632635518323e-01 4.224114894866943359e+00
3.270000000000000000e+02 6.335521148113444634e-02 9.895486966615857360e-01 4.225214004516601562e+00
3.280000000000000000e+02 6.230364102178103519e-02 9.898849774337752372e-01 4.225388050079345703e+00
3.290000000000000000e+02 5.973727075633315786e-02 9.891478797904131870e-01 4.224009037017822266e+00
3.300000000000000000e+02 6.133678222278222958e-02 9.884306204609585311e-01 4.224289417266845703e+00
3.310000000000000000e+02 5.922729386861862871e-02 9.878527278715356630e-01 4.224702835083007812e+00
3.320000000000000000e+02 6.144869192663773155e-02 9.887155458256607909e-01 4.225233078002929688e+00
3.330000000000000000e+02 5.839727323985729329e-02 9.882971720376290126e-01 4.223969936370849609e+00
3.340000000000000000e+02 6.159366116544677527e-02 9.884422382669223461e-01 4.222444057464599609e+00
3.350000000000000000e+02 6.037875562582137312e-02 9.876369441983996467e-01 4.220710754394531250e+00
3.360000000000000000e+02 5.890038753939393079e-02 9.872447365478643766e-01 4.221100807189941406e+00
3.370000000000000000e+02 6.349710123509183513e-02 9.868664820953689798e-01 4.221691131591796875e+00
3.380000000000000000e+02 5.995268437345566831e-02 9.868805305217179802e-01 4.221979618072509766e+00
3.390000000000000000e+02 6.035674178851450217e-02 9.862443383243431061e-01 4.221129417419433594e+00
3.400000000000000000e+02 6.022840243370322644e-02 9.862497468455203586e-01 4.220626831054687500e+00
3.410000000000000000e+02 6.298982986928028383e-02 9.865632641358506039e-01 4.220581531524658203e+00
3.420000000000000000e+02 6.269227524810692953e-02 9.866394165513518999e-01 4.220047473907470703e+00
3.430000000000000000e+02 6.127267492448827679e-02 9.874979399881742559e-01 4.221039772033691406e+00
3.440000000000000000e+02 5.877967424301604876e-02 9.885000108258900076e-01 4.220853805541992188e+00
3.450000000000000000e+02 6.258646610512663688e-02 9.877615580782691529e-01 4.221459865570068359e+00
3.460000000000000000e+02 6.041193427573733621e-02 9.868481478165370691e-01 4.221206188201904297e+00
3.470000000000000000e+02 6.143834246472584110e-02 9.879471742616262597e-01 4.221298217773437500e+00
3.480000000000000000e+02 5.994599840407646013e-02 9.869921981327125504e-01 4.221552848815917969e+00
3.490000000000000000e+02 6.198641957906261823e-02 9.864864007511412458e-01 4.221808910369873047e+00
3.500000000000000000e+02 6.061554630930146570e-02 9.870047835006905412e-01 4.221048355102539062e+00
3.510000000000000000e+02 6.194870688093129241e-02 9.865812141553254033e-01 4.222594261169433594e+00
3.520000000000000000e+02 6.196572796573565634e-02 9.871681168697964415e-01 4.224543571472167969e+00
3.530000000000000000e+02 6.256934709083063206e-02 9.874028375916391598e-01 4.223368644714355469e+00
3.540000000000000000e+02 6.143627386067267160e-02 9.868734678607385957e-01 4.223555088043212891e+00
3.550000000000000000e+02 6.241442870021234740e-02 9.865326436003269972e-01 4.222486495971679688e+00
3.560000000000000000e+02 5.947018600950176176e-02 9.873712540399391946e-01 4.224093437194824219e+00
3.570000000000000000e+02 6.246126627584173974e-02 9.880303734767753587e-01 4.223861217498779297e+00
3.580000000000000000e+02 6.046592066682805050e-02 9.882302657921466782e-01 4.224730014801025391e+00
3.590000000000000000e+02 6.227721021762032405e-02 9.880151640375492983e-01 4.224639892578125000e+00
3.600000000000000000e+02 6.139356428450035846e-02 9.881248221576791613e-01 4.226165294647216797e+00
3.610000000000000000e+02 6.090280496064673366e-02 9.878540038585165162e-01 4.226219177246093750e+00
3.620000000000000000e+02 6.208915310520549125e-02 9.879292652293578669e-01 4.226204395294189453e+00
3.630000000000000000e+02 6.082991843271268878e-02 9.881220488928380563e-01 4.226409912109375000e+00
3.640000000000000000e+02 6.074600694706759618e-02 9.876020379962709983e-01 4.226778507232666016e+00
3.650000000000000000e+02 6.203275826941769683e-02 9.884036806841320910e-01 4.226265430450439453e+00
3.660000000000000000e+02 6.294297309381617633e-02 9.883967870621305218e-01 4.224668979644775391e+00
3.670000000000000000e+02 6.378240862608700046e-02 9.887644998818599928e-01 4.223953723907470703e+00
3.680000000000000000e+02 6.030473181037435126e-02 9.876815530566381840e-01 4.224107265472412109e+00
3.690000000000000000e+02 6.247171881245961594e-02 9.873848091910104596e-01 4.224173545837402344e+00
3.700000000000000000e+02 6.252561402935677415e-02 9.878853069803126274e-01 4.222894191741943359e+00
3.710000000000000000e+02 5.959548997141558141e-02 9.871553346703958454e-01 4.223719120025634766e+00
3.720000000000000000e+02 6.134267297370277205e-02 9.874038406804978019e-01 4.223078727722167969e+00
3.730000000000000000e+02 6.047038208508775242e-02 9.870066084132534945e-01 4.221717834472656250e+00
3.740000000000000000e+02 6.392007713773519006e-02 9.872260724677798249e-01 4.222150325775146484e+00
3.750000000000000000e+02 6.275755855152506668e-02 9.866888538664349007e-01 4.223753452301025391e+00
3.760000000000000000e+02 6.178415114241818384e-02 9.876686089779531663e-01 4.225258827209472656e+00
3.770000000000000000e+02 6.046850597883356854e-02 9.876740247770027237e-01 4.224779605865478516e+00
3.780000000000000000e+02 6.206649859625174015e-02 9.872133079698568459e-01 4.224854946136474609e+00
3.790000000000000000e+02 6.099789178251777827e-02 9.886118260433484073e-01 4.224202156066894531e+00
3.800000000000000000e+02 6.199284565483946519e-02 9.886005996045920119e-01 4.225226402282714844e+00
3.810000000000000000e+02 6.192026162680604878e-02 9.885656508019341482e-01 4.224972724914550781e+00
3.820000000000000000e+02 6.275576572591354263e-02 9.886300699805844472e-01 4.225669384002685547e+00
3.830000000000000000e+02 6.041018456400787384e-02 9.885168302727910250e-01 4.226326942443847656e+00
3.840000000000000000e+02 6.287631804159071747e-02 9.884468287097019079e-01 4.225961685180664062e+00
3.850000000000000000e+02 6.396594289148994916e-02 9.881688241860985267e-01 4.226721286773681641e+00
3.860000000000000000e+02 5.998739634861779274e-02 9.889641138520033348e-01 4.226976394653320312e+00
3.870000000000000000e+02 6.215081297769859542e-02 9.887096360357543468e-01 4.227989196777343750e+00
3.880000000000000000e+02 6.199099436624406351e-02 9.886129641339506113e-01 4.228707790374755859e+00
3.890000000000000000e+02 6.099345848447125518e-02 9.886030344798754088e-01 4.229754447937011719e+00
3.900000000000000000e+02 6.053253632206865437e-02 9.878464673075985081e-01 4.228639602661132812e+00
3.910000000000000000e+02 6.178419720573392893e-02 9.876043682726639572e-01 4.227739334106445312e+00
3.920000000000000000e+02 6.259667028506610276e-02 9.886172037213667441e-01 4.227550029754638672e+00
3.930000000000000000e+02 6.292151914002062918e-02 9.876363665693346228e-01 4.225705623626708984e+00
3.940000000000000000e+02 6.049683089459596819e-02 9.875054627442516608e-01 4.225259780883789062e+00
3.950000000000000000e+02 6.040246835842691397e-02 9.867207467737802995e-01 4.224344253540039062e+00
3.960000000000000000e+02 5.951641072078353578e-02 9.875560833744645439e-01 4.224106788635253906e+00
3.970000000000000000e+02 6.254262186448607264e-02 9.871549994364188230e-01 4.224151134490966797e+00
3.980000000000000000e+02 6.164457388181373426e-02 9.877382033304057396e-01 4.223578929901123047e+00
