0.000000000000000000e+00 1.036023813974188412e-01 0.000000000000000000e+00 2.988384962081909180e+00
1.000000000000000000e+00 2.028367420228301687e-01 0.000000000000000000e+00 3.164732456207275391e+00
2.000000000000000000e+00 3.207379960611284608e-01 0.000000000000000000e+00 3.307693481445312500e+00
3.000000000000000000e+00 4.343817455702227437e-01 0.000000000000000000e+00 3.426151514053344727e+00
4.000000000000000000e+00 5.365912105471744020e-01 0.000000000000000000e+00 3.526345491409301758e+00
5.000000000000000000e+00 6.188949717645407800e-01 0.000000000000000000e+00 3.611073493957519531e+00
6.000000000000000000e+00 6.897790182337534270e-01 0.000000000000000000e+00 3.682949066162109375e+00
7.000000000000000000e+00 7.439286420317687831e-01 0.000000000000000000e+00 3.745522499084472656e+00
8.000000000000000000e+00 7.860219794380262082e-01 0.000000000000000000e+00 3.798572063446044922e+00
9.000000000000000000e+00 8.241580082767602233e-01 0.000000000000000000e+00 3.844114542007446289e+00
1.000000000000000000e+01 8.524652374074511707e-01 0.000000000000000000e+00 3.883274555206298828e+00
1.100000000000000000e+01 8.779396679894856392e-01 0.000000000000000000e+00 3.919172525405883789e+00
1.200000000000000000e+01 8.975052235369648246e-01 0.000000000000000000e+00 3.948756933212280273e+00
1.300000000000000000e+01 9.107957663700022577e-01 0.000000000000000000e+00 3.975640535354614258e+00
1.400000000000000000e+01 9.233614991456613463e-01 0.000000000000000000e+00 3.998033523559570312e+00
1.500000000000000000e+01 9.339002517213392807e-01 0.000000000000000000e+00 4.018801689147949219e+00
1.600000000000000000e+01 9.402888187069251558e-01 0.000000000000000000e+00 4.036437988281250000e+00
1.700000000000000000e+01 9.492514618936421789e-01 0.000000000000000000e+00 4.050705432891845703e+00
1.800000000000000000e+01 9.535825089106126917e-01 0.000000000000000000e+00 4.064705848693847656e+00
1.900000000000000000e+01 9.588958277323192947e-01 0.000000000000000000e+00 4.077357292175292969e+00
2.000000000000000000e+01 9.630014280255316805e-01 0.000000000000000000e+00 4.089033603668212891e+00
2.100000000000000000e+01 9.661228030406335821e-01 0.000000000000000000e+00 4.097164630889892578e+00
2.200000000000000000e+01 9.688478111000496940e-01 0.000000000000000000e+00 4.105003833770751953e+00
2.300000000000000000e+01 9.709102539952395583e-01 0.000000000000000000e+00 4.111642360687255859e+00
2.400000000000000000e+01 9.740010741105802339e-01 0.000000000000000000e+00 4.118506431579589844e+00
2.500000000000000000e+01 9.748185005432864481e-01 0.000000000000000000e+00 4.122214794158935547e+00
2.600000000000000000e+01 9.763221656963473327e-01 0.000000000000000000e+00 4.125259399414062500e+00
2.700000000000000000e+01 9.778525447447273811e-01 0.000000000000000000e+00 4.129034042358398438e+00
2.800000000000000000e+01 9.786469475406166518e-01 0.000000000000000000e+00 4.132608413696289062e+00
2.900000000000000000e+01 9.794911422236440846e-01 0.000000000000000000e+00 4.134878158569335938e+00
3.000000000000000000e+01 9.795181643190868925e-01 0.000000000000000000e+00 4.137704849243164062e+00
3.100000000000000000e+01 9.811963990628307375e-01 0.000000000000000000e+00 4.139068126678466797e+00
3.200000000000000000e+01 9.807346833589961621e-01 0.000000000000000000e+00 4.142479896545410156e+00
3.300000000000000000e+01 9.833412857375680716e-01 0.000000000000000000e+00 4.145366191864013672e+00
3.400000000000000000e+01 9.829684789887961349e-01 0.000000000000000000e+00 4.147711753845214844e+00
3.500000000000000000e+01 9.837004687305794803e-01 0.000000000000000000e+00 4.149704456329345703e+00
3.600000000000000000e+01 9.843992736338245120e-01 0.000000000000000000e+00 4.150404930114746094e+00
3.700000000000000000e+01 9.850076445449831297e-01 0.000000000000000000e+00 4.150967597961425781e+00
3.800000000000000000e+01 9.862082469312262178e-01 0.000000000000000000e+00 4.152065277099609375e+00
3.900000000000000000e+01 9.861239142422266735e-01 0.000000000000000000e+00 4.153593063354492188e+00
4.000000000000000000e+01 9.865234983260907642e-01 0.000000000000000000e+00 4.154411315917968750e+00
4.100000000000000000e+01 9.865789587092920199e-01 0.000000000000000000e+00 4.156350612640380859e+00
4.200000000000000000e+01 9.854502134512010958e-01 0.000000000000000000e+00 4.158290386199951172e+00
4.300000000000000000e+01 9.858804047285257832e-01 0.000000000000000000e+00 4.158720970153808594e+00
4.400000000000000000e+01 9.858716168086345544e-01 0.000000000000000000e+00 4.159389972686767578e+00
4.500000000000000000e+01 9.871255863265487873e-01 0.000000000000000000e+00 4.159932613372802734e+00
4.600000000000000000e+01 9.863284980763609155e-01 0.000000000000000000e+00 4.159859180450439453e+00
4.700000000000000000e+01 9.871816776353883327e-01 0.000000000000000000e+00 4.160579204559326172e+00
4.800000000000000000e+01 9.855591298073875794e-01 0.000000000000000000e+00 4.161209106445312500e+00
4.900000000000000000e+01 9.865472887799040524e-01 0.000000000000000000e+00 4.162358283996582031e+00
5.000000000000000000e+01 9.866042583884686579e-01 0.000000000000000000e+00 4.161374568939208984e+00
5.100000000000000000e+01 9.873109406358563378e-01 0.000000000000000000e+00 4.160408020019531250e+00
5.200000000000000000e+01 9.871791528171003360e-01 0.000000000000000000e+00 4.160719394683837891e+00
5.300000000000000000e+01 9.879184961387235120e-01 0.000000000000000000e+00 4.160264492034912109e+00
5.400000000000000000e+01 9.875046377707107359e-01 0.000000000000000000e+00 4.161812782287597656e+00
5.500000000000000000e+01 9.871431262493249870e-01 0.000000000000000000e+00 4.160994052886962891e+00
5.600000000000000000e+01 9.871949388519448698e-01 0.000000000000000000e+00 4.160244464874267578e+00
5.700000000000000000e+01 9.866162139242588003e-01 0.000000000000000000e+00 4.160129547119140625e+00
5.800000000000000000e+01 9.865643300866564491e-01 0.000000000000000000e+00 4.160673141479492188e+00
5.900000000000000000e+01 9.854242173241578584e-01 0.000000000000000000e+00 4.161590576171875000e+00
6.000000000000000000e+01 9.854842836121341376e-01 0.000000000000000000e+00 4.160715103149414062e+00
6.100000000000000000e+01 9.852117554796234744e-01 0.000000000000000000e+00 4.160177707672119141e+00
6.200000000000000000e+01 9.855567507619374945e-01 0.000000000000000000e+00 4.158813476562500000e+00
6.300000000000000000e+01 9.861212428523411511e-01 0.000000000000000000e+00 4.159509181976318359e+00
6.400000000000000000e+01 9.868880720350107216e-01 0.000000000000000000e+00 4.159634590148925781e+00
6.500000000000000000e+01 9.868244808913012589e-01 0.000000000000000000e+00 4.159877300262451172e+00
6.600000000000000000e+01 9.861000727620889972e-01 0.000000000000000000e+00 4.159862995147705078e+00
6.700000000000000000e+01 9.859177058253673076e-01 0.000000000000000000e+00 4.160793781280517578e+00
6.800000000000000000e+01 9.855004092712106312e-01 0.000000000000000000e+00 4.160855770111083984e+00
6.900000000000000000e+01 9.860156340133648945e-01 0.000000000000000000e+00 4.161273479461669922e+00
7.000000000000000000e+01 9.860998568676561105e-01 0.000000000000000000e+00 4.160367488861083984e+00
7.100000000000000000e+01 9.863391005995011396e-01 0.000000000000000000e+00 4.161080837249755859e+00
7.200000000000000000e+01 9.866667659146822755e-01 0.000000000000000000e+00 4.161767482757568359e+00
7.300000000000000000e+01 9.862205359354815348e-01 0.000000000000000000e+00 4.162038803100585938e+00
7.400000000000000000e+01 9.864410381053528853e-01 0.000000000000000000e+00 4.163615226745605469e+00
7.500000000000000000e+01 9.871152784419642279e-01 0.000000000000000000e+00 4.163014411926269531e+00
7.600000000000000000e+01 9.871492668022689987e-01 0.000000000000000000e+00 4.163812160491943359e+00
7.700000000000000000e+01 9.878862333865569001e-01 0.000000000000000000e+00 4.163178920745849609e+00
7.800000000000000000e+01 9.876117730052502708e-01 0.000000000000000000e+00 4.162420272827148438e+00
7.900000000000000000e+01 9.878350731726120992e-01 0.000000000000000000e+00 4.161274909973144531e+00
8.000000000000000000e+01 9.877850815881533686e-01 0.000000000000000000e+00 4.161759376525878906e+00
8.100000000000000000e+01 9.884382213984045373e-01 0.000000000000000000e+00 4.161194801330566406e+00
8.200000000000000000e+01 9.872364428741440268e-01 0.000000000000000000e+00 4.161643028259277344e+00
8.300000000000000000e+01 9.874273087992709863e-01 0.000000000000000000e+00 4.162236690521240234e+00
8.400000000000000000e+01 9.873737810753495658e-01 0.000000000000000000e+00 4.161816120147705078e+00
8.500000000000000000e+01 9.879795937197968225e-01 0.000000000000000000e+00 4.161997318267822266e+00
8.600000000000000000e+01 9.869731158487827782e-01 0.000000000000000000e+00 4.162352561950683594e+00
8.700000000000000000e+01 9.868375257233020781e-01 0.000000000000000000e+00 4.161137580871582031e+00
8.800000000000000000e+01 9.870399986221023436e-01 0.000000000000000000e+00 4.162619113922119141e+00
8.900000000000000000e+01 9.863915004472830761e-01 0.000000000000000000e+00 4.162119388580322266e+00
9.000000000000000000e+01 9.871299607275161314e-01 0.000000000000000000e+00 4.162586212158203125e+00
9.100000000000000000e+01 9.871592920301522911e-01 0.000000000000000000e+00 4.162064552307128906e+00
9.200000000000000000e+01 9.866357802516237951e-01 0.000000000000000000e+00 4.162409305572509766e+00
9.300000000000000000e+01 9.867132909557357889e-01 0.000000000000000000e+00 4.162888526916503906e+00
9.400000000000000000e+01 9.868244555850013144e-01 0.000000000000000000e+00 4.162407398223876953e+00
9.500000000000000000e+01 9.867830762029951019e-01 0.000000000000000000e+00 4.162134647369384766e+00
9.600000000000000000e+01 9.860944119218740811e-01 0.000000000000000000e+00 4.162532329559326172e+00
9.700000000000000000e+01 9.875649763381081359e-01 0.000000000000000000e+00 4.161306381225585938e+00
9.800000000000000000e+01 9.879398952498216202e-01 0.000000000000000000e+00 4.161956787109375000e+00
9.900000000000000000e+01 9.882432382760586442e-01 0.000000000000000000e+00 4.162152290344238281e+00
1.000000000000000000e+02 9.879452531149982564e-01 0.000000000000000000e+00 4.163491725921630859e+00
1.010000000000000000e+02 9.889802498754494131e-01 0.000000000000000000e+00 4.162926673889160156e+00
1.020000000000000000e+02 9.884191926483433255e-01 0.000000000000000000e+00 4.163210391998291016e+00
1.030000000000000000e+02 9.883479677865611990e-01 0.000000000000000000e+00 4.162618160247802734e+00
1.040000000000000000e+02 9.875784066279089668e-01 0.000000000000000000e+00 4.162928104400634766e+00
1.050000000000000000e+02 9.886841345775558842e-01 0.000000000000000000e+00 4.163053035736083984e+00
1.060000000000000000e+02 9.878726830797278646e-01 0.000000000000000000e+00 4.163516998291015625e+00
1.070000000000000000e+02 9.876055933403968812e-01 0.000000000000000000e+00 4.164676189422607422e+00
1.080000000000000000e+02 9.868997795886473856e-01 0.000000000000000000e+00 4.165302276611328125e+00
1.090000000000000000e+02 9.873811834150210132e-01 0.000000000000000000e+00 4.164194107055664062e+00
1.100000000000000000e+02 9.869675914355029445e-01 0.000000000000000000e+00 4.163235187530517578e+00
1.110000000000000000e+02 9.870444428032841833e-01 0.000000000000000000e+00 4.163158893585205078e+00
1.120000000000000000e+02 9.868091635409025342e-01 0.000000000000000000e+00 4.162686824798583984e+00
1.130000000000000000e+02 9.870980228693269076e-01 0.000000000000000000e+00 4.163223266601562500e+00
1.140000000000000000e+02 9.866224157367232683e-01 0.000000000000000000e+00 4.164186477661132812e+00
1.150000000000000000e+02 9.862178429693818638e-01 0.000000000000000000e+00 4.163738727569580078e+00
1.160000000000000000e+02 9.863534718618016672e-01 0.000000000000000000e+00 4.163124561309814453e+00
1.170000000000000000e+02 9.868324722449547393e-01 0.000000000000000000e+00 4.162588119506835938e+00
1.180000000000000000e+02 9.861791139244376891e-01 0.000000000000000000e+00 4.163451194763183594e+00
1.190000000000000000e+02 9.869971535782261496e-01 0.000000000000000000e+00 4.163650035858154297e+00
1.200000000000000000e+02 9.861301349795014159e-01 0.000000000000000000e+00 4.162942409515380859e+00
1.210000000000000000e+02 9.856817218599723818e-01 0.000000000000000000e+00 4.162828445434570312e+00
1.220000000000000000e+02 9.852849315697391752e-01 0.000000000000000000e+00 4.162669658660888672e+00
1.230000000000000000e+02 9.856308575889919377e-01 0.000000000000000000e+00 4.162901878356933594e+00
1.240000000000000000e+02 9.859699661499226053e-01 0.000000000000000000e+00 4.162727832794189453e+00
1.250000000000000000e+02 9.847680989046764255e-01 0.000000000000000000e+00 4.163440227508544922e+00
1.260000000000000000e+02 9.854910933781092508e-01 0.000000000000000000e+00 4.162889957427978516e+00
1.270000000000000000e+02 9.862292375249945842e-01 0.000000000000000000e+00 4.162912368774414062e+00
1.280000000000000000e+02 9.866323111122713430e-01 0.000000000000000000e+00 4.162465572357177734e+00
1.290000000000000000e+02 9.861525995194720950e-01 0.000000000000000000e+00 4.161876201629638672e+00
1.300000000000000000e+02 9.864954413865039129e-01 0.000000000000000000e+00 4.161987781524658203e+00
1.310000000000000000e+02 9.862909317089421091e-01 0.000000000000000000e+00 4.161817550659179688e+00
1.320000000000000000e+02 9.866623317027438667e-01 0.000000000000000000e+00 4.162111759185791016e+00
1.330000000000000000e+02 9.864131156304261072e-01 0.000000000000000000e+00 4.160357475280761719e+00
1.340000000000000000e+02 9.871001700712359606e-01 0.000000000000000000e+00 4.160494327545166016e+00
1.350000000000000000e+02 9.865395077390491929e-01 0.000000000000000000e+00 4.160784721374511719e+00
1.360000000000000000e+02 9.863542508216863736e-01 0.000000000000000000e+00 4.160651683807373047e+00
1.370000000000000000e+02 9.867009987650056102e-01 0.000000000000000000e+00 4.160564422607421875e+00
1.380000000000000000e+02 9.859986008581962391e-01 0.000000000000000000e+00 4.162037372589111328e+00
1.390000000000000000e+02 9.868536899996360745e-01 0.000000000000000000e+00 4.162409782409667969e+00
1.400000000000000000e+02 9.856842666924252594e-01 0.000000000000000000e+00 4.163012981414794922e+00
1.410000000000000000e+02 9.865724541557249205e-01 0.000000000000000000e+00 4.162611961364746094e+00
1.420000000000000000e+02 9.856611193214701583e-01 0.000000000000000000e+00 4.162251949310302734e+00
1.430000000000000000e+02 9.865518117222749073e-01 0.000000000000000000e+00 4.163400650024414062e+00
1.440000000000000000e+02 9.865103165578553712e-01 0.000000000000000000e+00 4.162195682525634766e+00
1.450000000000000000e+02 9.853716079699350594e-01 0.000000000000000000e+00 4.161358356475830078e+00
1.460000000000000000e+02 9.854248328804913193e-01 0.000000000000000000e+00 4.162041664123535156e+00
1.470000000000000000e+02 9.854514341219893225e-01 0.000000000000000000e+00 4.161367893218994141e+00
1.480000000000000000e+02 9.859940387297985165e-01 0.000000000000000000e+00 4.161884307861328125e+00
1.490000000000000000e+02 9.862476078283908265e-01 0.000000000000000000e+00 4.161811828613281250e+00
1.500000000000000000e+02 9.866058438011212628e-01 0.000000000000000000e+00 4.161395549774169922e+00
1.510000000000000000e+02 9.855033202914971202e-01 0.000000000000000000e+00 4.161354541778564453e+00
1.520000000000000000e+02 9.861904395096063869e-01 0.000000000000000000e+00 4.161178588867187500e+00
1.530000000000000000e+02 9.866673257207662084e-01 0.000000000000000000e+00 4.161351680755615234e+00
1.540000000000000000e+02 9.874080026934648480e-01 0.000000000000000000e+00 4.161339282989501953e+00
1.550000000000000000e+02 9.870441079341756296e-01 0.000000000000000000e+00 4.162436008453369141e+00
1.560000000000000000e+02 9.878191745918446509e-01 0.000000000000000000e+00 4.163269042968750000e+00
1.570000000000000000e+02 9.882570573046614015e-01 0.000000000000000000e+00 4.162785053253173828e+00
1.580000000000000000e+02 9.871060078512876590e-01 0.000000000000000000e+00 4.163012504577636719e+00
1.590000000000000000e+02 9.885411742436452931e-01 0.000000000000000000e+00 4.162139892578125000e+00
1.600000000000000000e+02 9.879235103014444297e-01 0.000000000000000000e+00 4.162103176116943359e+00
1.610000000000000000e+02 9.876815172680903920e-01 0.000000000000000000e+00 4.161955833435058594e+00
1.620000000000000000e+02 9.875653662529808585e-01 0.000000000000000000e+00 4.161457061767578125e+00
1.630000000000000000e+02 9.874859585210324919e-01 0.000000000000000000e+00 4.161132812500000000e+00
1.640000000000000000e+02 9.871776593539662858e-01 0.000000000000000000e+00 4.161579132080078125e+00
1.650000000000000000e+02 9.878578599739749055e-01 0.000000000000000000e+00 4.160623073577880859e+00
1.660000000000000000e+02 9.884075978266035900e-01 0.000000000000000000e+00 4.159875392913818359e+00
1.670000000000000000e+02 9.878803142994369013e-01 0.000000000000000000e+00 4.159617900848388672e+00
1.680000000000000000e+02 9.874757375200771126e-01 0.000000000000000000e+00 4.159914016723632812e+00
1.690000000000000000e+02 9.861109026065147942e-01 0.000000000000000000e+00 4.160522460937500000e+00
1.700000000000000000e+02 9.868901297822070262e-01 0.000000000000000000e+00 4.160670757293701172e+00
1.710000000000000000e+02 9.871156002011139963e-01 0.000000000000000000e+00 4.160967350006103516e+00
1.720000000000000000e+02 9.862082623021544148e-01 0.000000000000000000e+00 4.162073135375976562e+00
1.730000000000000000e+02 9.871837727791530348e-01 0.000000000000000000e+00 4.162489891052246094e+00
1.740000000000000000e+02 9.872210312205941252e-01 0.000000000000000000e+00 4.162189960479736328e+00
1.750000000000000000e+02 9.854818189768566050e-01 0.000000000000000000e+00 4.160735130310058594e+00
1.760000000000000000e+02 9.859281354642145390e-01 0.000000000000000000e+00 4.159913539886474609e+00
1.770000000000000000e+02 9.857651270453886561e-01 0.000000000000000000e+00 4.160469055175781250e+00
1.780000000000000000e+02 9.863065465332166992e-01 0.000000000000000000e+00 4.159046173095703125e+00
1.790000000000000000e+02 9.868486479598139738e-01 0.000000000000000000e+00 4.158967971801757812e+00
1.800000000000000000e+02 9.873753830596927461e-01 0.000000000000000000e+00 4.160330772399902344e+00
1.810000000000000000e+02 9.875185524363100376e-01 0.000000000000000000e+00 4.160336017608642578e+00
1.820000000000000000e+02 9.877891132306894084e-01 0.000000000000000000e+00 4.160938262939453125e+00
1.830000000000000000e+02 9.865322837126050404e-01 0.000000000000000000e+00 4.161410808563232422e+00
1.840000000000000000e+02 9.867070606464716231e-01 0.000000000000000000e+00 4.162366390228271484e+00
1.850000000000000000e+02 9.861279511291721755e-01 0.000000000000000000e+00 4.162458419799804688e+00
1.860000000000000000e+02 9.865637925469228353e-01 0.000000000000000000e+00 4.162795066833496094e+00
1.870000000000000000e+02 9.879354910851989580e-01 0.000000000000000000e+00 4.162960052490234375e+00
1.880000000000000000e+02 9.868036560342965391e-01 0.000000000000000000e+00 4.163756370544433594e+00
1.890000000000000000e+02 9.867109535373927987e-01 0.000000000000000000e+00 4.163938045501708984e+00
1.900000000000000000e+02 9.862602552785468824e-01 0.000000000000000000e+00 4.163777351379394531e+00
1.910000000000000000e+02 9.868512950902583736e-01 0.000000000000000000e+00 4.163644313812255859e+00
1.920000000000000000e+02 9.858926332639458279e-01 0.000000000000000000e+00 4.163944721221923828e+00
1.930000000000000000e+02 9.863573644617907865e-01 0.000000000000000000e+00 4.163663387298583984e+00
1.940000000000000000e+02 9.876301162366167841e-01 0.000000000000000000e+00 4.164374828338623047e+00
1.950000000000000000e+02 9.872522232079272708e-01 0.000000000000000000e+00 4.164597034454345703e+00
1.960000000000000000e+02 9.870174823517635643e-01 0.000000000000000000e+00 4.165144443511962891e+00
1.970000000000000000e+02 9.862253658202446704e-01 0.000000000000000000e+00 4.165145397186279297e+00
1.980000000000000000e+02 9.868612893724445501e-01 0.000000000000000000e+00 4.164299011230468750e+00
1.990000000000000000e+02 9.868425241547001958e-01 0.000000000000000000e+00 4.164017677307128906e+00
2.000000000000000000e+02 9.739587363891155647e-01 1.052689028303024771e-01 2.996450901031494141e+00
2.010000000000000000e+02 9.408228361864899858e-01 2.066165415111450854e-01 3.170137882232666016e+00
2.020000000000000000e+02 8.864857552518288220e-01 3.225048211583735891e-01 3.311912059783935547e+00
2.030000000000000000e+02 8.157171656782280511e-01 4.317614713682494942e-01 3.429412603378295898e+00
2.040000000000000000e+02 7.342382663822826228e-01 5.317963716432368981e-01 3.527226924896240234e+00
2.050000000000000000e+02 6.508343127269231587e-01 6.177322066162337366e-01 3.611624002456665039e+00
2.060000000000000000e+02 5.676285252410606663e-01 6.871227251574999473e-01 3.682868957519531250e+00
2.070000000000000000e+02 4.941458238902229350e-01 7.426413194318520761e-01 3.744357585906982422e+00
2.080000000000000000e+02 4.329082039343866151e-01 7.868850460255087942e-01 3.796977519989013672e+00
2.090000000000000000e+02 3.775203817689321006e-01 8.223981979901981987e-01 3.842830896377563477e+00
2.100000000000000000e+02 3.298767908845657293e-01 8.520536524300555969e-01 3.882622957229614258e+00
2.110000000000000000e+02 2.901102193093931803e-01 8.757392372714238871e-01 3.917222976684570312e+00
2.120000000000000000e+02 2.559082245278020418e-01 8.957074548584044171e-01 3.948168516159057617e+00
2.130000000000000000e+02 2.261210080113800203e-01 9.083750333118431053e-01 3.975271463394165039e+00
2.140000000000000000e+02 2.030321521785918848e-01 9.208912912722529986e-01 3.997994899749755859e+00
2.150000000000000000e+02 1.810532850264107430e-01 9.318016176556602748e-01 4.018466949462890625e+00
2.160000000000000000e+02 1.620613569038551749e-01 9.391268734274557106e-01 4.035462856292724609e+00
2.170000000000000000e+02 1.490191508971518142e-01 9.464778817013657086e-01 4.051255702972412109e+00
2.180000000000000000e+02 1.330300390100326580e-01 9.536974540736600225e-01 4.064411163330078125e+00
2.190000000000000000e+02 1.242454088478895796e-01 9.599378680016061871e-01 4.077020168304443359e+00
2.200000000000000000e+02 1.119482608212741676e-01 9.648203265588511934e-01 4.088518142700195312e+00
2.210000000000000000e+02 1.036111878181216472e-01 9.681459469363655757e-01 4.097323417663574219e+00
2.220000000000000000e+02 9.829413404722375791e-02 9.698379566811896613e-01 4.105087757110595703e+00
2.230000000000000000e+02 9.449090357606150514e-02 9.723068198245036209e-01 4.111153602600097656e+00
2.240000000000000000e+02 8.763169609348155087e-02 9.738791627442131560e-01 4.116887092590332031e+00
2.250000000000000000e+02 8.232255834700390185e-02 9.753720612776667354e-01 4.121950149536132812e+00
2.260000000000000000e+02 8.133085898044835338e-02 9.779570073961931786e-01 4.126470088958740234e+00
2.270000000000000000e+02 7.855938617871545404e-02 9.790516550654611017e-01 4.128805160522460938e+00
2.280000000000000000e+02 7.260841235233242430e-02 9.794999114790292616e-01 4.132764339447021484e+00
2.290000000000000000e+02 7.455860214096490801e-02 9.809425958731644579e-01 4.136126518249511719e+00
2.300000000000000000e+02 7.051979817101390602e-02 9.818351250430080723e-01 4.138700008392333984e+00
2.310000000000000000e+02 7.012399474626163087e-02 9.815825807623976829e-01 4.142409801483154297e+00
2.320000000000000000e+02 7.051384384472404732e-02 9.835352438668786279e-01 4.143531322479248047e+00
2.330000000000000000e+02 6.983172514029638289e-02 9.843228351116674046e-01 4.145160675048828125e+00
2.340000000000000000e+02 6.907055643271815815e-02 9.832459173193141000e-01 4.147391319274902344e+00
2.350000000000000000e+02 6.606987164638306043e-02 9.842525815808977896e-01 4.148540496826171875e+00
2.360000000000000000e+02 6.782728602547512253e-02 9.841388363833857289e-01 4.149882316589355469e+00
2.370000000000000000e+02 6.529676234647760480e-02 9.846272408572620538e-01 4.151543140411376953e+00
2.380000000000000000e+02 6.389870268549156795e-02 9.847767010220980222e-01 4.151135444641113281e+00
2.390000000000000000e+02 6.350268511443593611e-02 9.844251723393907527e-01 4.153172016143798828e+00
2.400000000000000000e+02 6.485541640618036618e-02 9.851316648693745348e-01 4.153298854827880859e+00
2.410000000000000000e+02 6.422185241326304472e-02 9.845354337961300661e-01 4.155276775360107422e+00
2.420000000000000000e+02 6.121972211542137110e-02 9.849575192276216473e-01 4.154966831207275391e+00
2.430000000000000000e+02 6.390277039404165804e-02 9.845786340844243645e-01 4.153903961181640625e+00
2.440000000000000000e+02 6.178023469569259712e-02 9.851919886467477294e-01 4.154102802276611328e+00
2.450000000000000000e+02 6.239892324062471657e-02 9.851592345260538064e-01 4.155652523040771484e+00
2.460000000000000000e+02 6.391223138460914999e-02 9.860524965225907490e-01 4.156840324401855469e+00
2.470000000000000000e+02 6.145947703635806780e-02 9.853275299747082938e-01 4.157094001770019531e+00
2.480000000000000000e+02 5.849565322536552647e-02 9.851767383305757297e-01 4.158171176910400391e+00
2.490000000000000000e+02 6.305491018747741427e-02 9.850339226571175333e-01 4.158843040466308594e+00
2.500000000000000000e+02 6.264466471638636957e-02 9.851795314351342592e-01 4.157612800598144531e+00
2.510000000000000000e+02 6.193146765486324395e-02 9.843630866726411632e-01 4.158111095428466797e+00
2.520000000000000000e+02 6.187911533607116932e-02 9.849704319970982169e-01 4.156423091888427734e+00
2.530000000000000000e+02 6.138325562863497509e-02 9.859723106020588101e-01 4.156502723693847656e+00
2.540000000000000000e+02 6.108653040884876040e-02 9.870014230917963927e-01 4.157466888427734375e+00
2.550000000000000000e+02 6.235026156614607157e-02 9.863728534832950645e-01 4.158030033111572266e+00
2.560000000000000000e+02 6.095840036057299793e-02 9.857859713773879928e-01 4.158242225646972656e+00
2.570000000000000000e+02 6.387782996277434344e-02 9.851739422831191639e-01 4.158345222473144531e+00
2.580000000000000000e+02 6.299473671929860241e-02 9.862951611123790263e-01 4.159740447998046875e+00
2.590000000000000000e+02 6.170879784050983807e-02 9.865855521267300476e-01 4.159329414367675781e+00
2.600000000000000000e+02 6.059324638418801812e-02 9.863250302600014008e-01 4.159620285034179688e+00
2.610000000000000000e+02 6.120548679516807367e-02 9.871097618285012976e-01 4.159378528594970703e+00
2.620000000000000000e+02 6.086596602590613192e-02 9.861999995801092878e-01 4.158981323242187500e+00
2.630000000000000000e+02 6.485732004920991001e-02 9.858867625868146245e-01 4.158368587493896484e+00
2.640000000000000000e+02 6.456405703368631177e-02 9.865429410154697987e-01 4.157802104949951172e+00
2.650000000000000000e+02 5.979263852184636685e-02 9.860345188683836692e-01 4.157975673675537109e+00
2.660000000000000000e+02 5.954638941345758579e-02 9.870104860427825200e-01 4.156972408294677734e+00
2.670000000000000000e+02 6.235691914248894102e-02 9.864348626230501349e-01 4.158622264862060547e+00
2.680000000000000000e+02 6.160481608496324452e-02 9.871293326446415328e-01 4.158849716186523438e+00
2.690000000000000000e+02 6.245230568316974956e-02 9.871898333400154213e-01 4.158320426940917969e+00
2.700000000000000000e+02 6.173246350706471791e-02 9.870671600311534677e-01 4.157976627349853516e+00
2.710000000000000000e+02 6.142013407239575035e-02 9.864180771855095564e-01 4.157145977020263672e+00
2.720000000000000000e+02 5.976019910161772808e-02 9.868801797864489300e-01 4.156655311584472656e+00
2.730000000000000000e+02 6.056915435765787559e-02 9.861756797885234960e-01 4.157449722290039062e+00
2.740000000000000000e+02 6.232936491051980360e-02 9.860428117837704010e-01 4.157878875732421875e+00
2.750000000000000000e+02 6.346598570662634331e-02 9.865201024256552431e-01 4.158572673797607422e+00
2.760000000000000000e+02 6.087341292794626324e-02 9.867163358470675272e-01 4.158726215362548828e+00
2.770000000000000000e+02 5.957628531333413607e-02 9.858603649805905977e-01 4.158028125762939453e+00
2.780000000000000000e+02 5.937105361615449550e-02 9.855128252096354569e-01 4.157663345336914062e+00
2.790000000000000000e+02 5.797844333814074907e-02 9.868924688911495657e-01 4.158122062683105469e+00
2.800000000000000000e+02 6.158840703264219923e-02 9.863860782828796081e-01 4.159069538116455078e+00
2.810000000000000000e+02 6.049823668638915075e-02 9.875567807859736424e-01 4.158660888671875000e+00
2.820000000000000000e+02 5.998087894347307186e-02 9.876155279575714596e-01 4.159114360809326172e+00
2.830000000000000000e+02 6.269758624260803048e-02 9.888326769721089704e-01 4.158890724182128906e+00
2.840000000000000000e+02 6.202033216472228883e-02 9.878186165778392036e-01 4.159607410430908203e+00
2.850000000000000000e+02 6.139023659888241669e-02 9.866798571330699374e-01 4.158826351165771484e+00
2.860000000000000000e+02 6.169225950132538328e-02 9.861709689815512103e-01 4.156834602355957031e+00
2.870000000000000000e+02 6.266618481417088327e-02 9.880975241520065788e-01 4.158195018768310547e+00
2.880000000000000000e+02 6.004278438641373616e-02 9.869661237159412792e-01 4.158088684082031250e+00
2.890000000000000000e+02 6.141166638286289781e-02 9.879484795587030188e-01 4.157800674438476562e+00
2.900000000000000000e+02 5.959359229533343905e-02 9.870121383133318993e-01 4.157521724700927734e+00
2.910000000000000000e+02 6.039662125379467728e-02 9.871133829947731364e-01 4.157894611358642578e+00
2.920000000000000000e+02 6.046866122980458502e-02 9.871977169065737634e-01 4.156619071960449219e+00
2.930000000000000000e+02 5.973221039852910641e-02 9.873006393972132422e-01 4.157763481140136719e+00
2.940000000000000000e+02 6.200679830382302415e-02 9.866848612779839378e-01 4.157515048980712891e+00
2.950000000000000000e+02 6.222266645381146349e-02 9.874449753226182125e-01 4.156328678131103516e+00
2.960000000000000000e+02 6.284378505678385463e-02 9.879989780174586178e-01 4.156968116760253906e+00
2.970000000000000000e+02 6.200732929748940109e-02 9.880148166336463200e-01 4.157438278198242188e+00
2.980000000000000000e+02 6.031655080591050849e-02 9.875950212256981997e-01 4.157886981964111328e+00
2.990000000000000000e+02 6.253063974292714933e-02 9.863984074633169730e-01 4.157903671264648438e+00
3.000000000000000000e+02 6.073930229474371056e-02 9.859251022997109759e-01 4.157618045806884766e+00
3.010000000000000000e+02 6.203965027544740968e-02 9.866884343783720590e-01 4.157769203186035156e+00
3.020000000000000000e+02 5.996346356948640405e-02 9.861722216933271890e-01 4.159086227416992188e+00
3.030000000000000000e+02 6.245616895814110753e-02 9.862630116415861403e-01 4.158275127410888672e+00
3.040000000000000000e+02 6.325209003207342418e-02 9.877729181064269781e-01 4.159378528594970703e+00
3.050000000000000000e+02 6.118771668008063380e-02 9.864500909219154900e-01 4.158647537231445312e+00
3.060000000000000000e+02 6.146881338196887035e-02 9.863156579457063033e-01 4.157033443450927734e+00
3.070000000000000000e+02 6.035078855855828539e-02 9.855605651765010355e-01 4.157748222351074219e+00
3.080000000000000000e+02 5.791990117500996765e-02 9.856071452343632133e-01 4.157907962799072266e+00
3.090000000000000000e+02 6.191542827664298781e-02 9.857341591315176288e-01 4.158234119415283203e+00
3.100000000000000000e+02 6.055369202381125082e-02 9.859502430928416272e-01 4.158542633056640625e+00
3.110000000000000000e+02 6.204211126464854315e-02 9.861637972669641261e-01 4.157908439636230469e+00
3.120000000000000000e+02 6.031854013116287605e-02 9.865128595640115794e-01 4.157992839813232422e+00
3.130000000000000000e+02 5.925250422511357112e-02 9.867003419452738955e-01 4.157699108123779297e+00
3.140000000000000000e+02 6.075735768076967469e-02 9.863192922216756919e-01 4.158054351806640625e+00
3.150000000000000000e+02 6.133690140603510060e-02 9.868495423526291166e-01 4.158239841461181641e+00
3.160000000000000000e+02 6.205977978440348208e-02 9.874315507266048231e-01 4.158696174621582031e+00
3.170000000000000000e+02 5.869700789858561807e-02 9.874684699652327424e-01 4.160077571868896484e+00
3.180000000000000000e+02 6.281282945094066039e-02 9.863926556127363687e-01 4.161158084869384766e+00
3.190000000000000000e+02 5.927920932599571591e-02 9.867534116214283779e-01 4.161219596862792969e+00
3.200000000000000000e+02 5.999953348141347925e-02 9.862509639647245585e-01 4.161015987396240234e+00
3.210000000000000000e+02 6.139123912565802588e-02 9.870073606757242546e-01 4.160153388977050781e+00
3.220000000000000000e+02 6.036504704943745914e-02 9.875515765722799877e-01 4.159286975860595703e+00
3.230000000000000000e+02 6.369624639849358338e-02 9.877827787194194409e-01 4.158949851989746094e+00
3.240000000000000000e+02 6.164421883903881821e-02 9.871257425594939239e-01 4.159873962402343750e+00
3.250000000000000000e+02 6.119710090939659008e-02 9.865907547534118471e-01 4.159284114837646484e+00
3.260000000000000000e+02 6.122145371951229903e-02 9.869151087526008004e-01 4.159226417541503906e+00
3.270000000000000000e+02 6.273582670932902061e-02 9.880504244113273993e-01 4.160411357879638672e+00
3.280000000000000000e+02 6.059849715574722878e-02 9.874612227232595352e-01 4.159840583801269531e+00
3.290000000000000000e+02 6.196520648674096188e-02 9.881495552121557502e-01 4.159925937652587891e+00
3.300000000000000000e+02 6.250628390720350258e-02 9.885342316577890864e-01 4.161638259887695312e+00
3.310000000000000000e+02 5.960246162309615348e-02 9.880098609741460036e-01 4.160389900207519531e+00
3.320000000000000000e+02 6.007629158735106750e-02 9.886725331552840279e-01 4.159346580505371094e+00
3.330000000000000000e+02 5.979849973560805165e-02 9.883369202664860076e-01 4.159661293029785156e+00
3.340000000000000000e+02 6.425095418771123446e-02 9.877817484214048704e-01 4.159751892089843750e+00
3.350000000000000000e+02 6.036415980544101306e-02 9.870639501194321541e-01 4.160118579864501953e+00
3.360000000000000000e+02 6.347887643493820009e-02 9.875563717480061454e-01 4.160472869873046875e+00
3.370000000000000000e+02 6.097044540833376769e-02 9.864419407413976826e-01 4.160296440124511719e+00
3.380000000000000000e+02 6.286683014273319881e-02 9.862916760278703787e-01 4.159231185913085938e+00
3.390000000000000000e+02 6.247156793158537003e-02 9.871069434142125676e-01 4.160066604614257812e+00
3.400000000000000000e+02 5.922443965627312290e-02 9.861219135671420721e-01 4.160220623016357422e+00
3.410000000000000000e+02 6.131433662984366734e-02 9.868606386689833254e-01 4.159372806549072266e+00
3.420000000000000000e+02 6.309559875294940001e-02 9.867775382723843469e-01 4.159938812255859375e+00
3.430000000000000000e+02 5.939412196152774742e-02 9.865753593795224541e-01 4.160378456115722656e+00
3.440000000000000000e+02 6.308859188976990995e-02 9.854271137936543301e-01 4.161376953125000000e+00
3.450000000000000000e+02 6.267610946272139660e-02 9.852339244921601846e-01 4.160720825195312500e+00
3.460000000000000000e+02 6.157117812657065398e-02 9.867122606296100384e-01 4.160036087036132812e+00
3.470000000000000000e+02 6.088275761844527678e-02 9.866257367793650479e-01 4.160118103027343750e+00
3.480000000000000000e+02 6.241571108090484404e-02 9.858935379883227990e-01 4.160331726074218750e+00
3.490000000000000000e+02 6.184941157839879411e-02 9.867170815583966581e-01 4.160679817199707031e+00
3.500000000000000000e+02 6.311203316724138535e-02 9.860054798057859005e-01 4.160236835479736328e+00
3.510000000000000000e+02 6.083701136544326926e-02 9.864781324385923922e-01 4.160066604614257812e+00
3.520000000000000000e+02 6.270504723466167885e-02 9.865670016918908214e-01 4.159365653991699219e+00
3.530000000000000000e+02 6.212968872841278384e-02 9.873677956250066501e-01 4.159911155700683594e+00
3.540000000000000000e+02 6.319438487207647281e-02 9.872714008437134536e-01 4.160480499267578125e+00
3.550000000000000000e+02 6.319966581267787153e-02 9.880233856042331952e-01 4.161866188049316406e+00
3.560000000000000000e+02 6.119740503179333518e-02 9.880050395772935756e-01 4.161325454711914062e+00
3.570000000000000000e+02 6.131340744743366683e-02 9.874857001663749356e-01 4.161576271057128906e+00
3.580000000000000000e+02 6.322166584287459978e-02 9.867961668475798698e-01 4.161845684051513672e+00
3.590000000000000000e+02 6.155880876952757319e-02 9.869618650037612628e-01 4.161958217620849609e+00
3.600000000000000000e+02 6.145620964661081126e-02 9.878676657611609180e-01 4.161842823028564453e+00
3.610000000000000000e+02 6.365586677895819501e-02 9.870785329827310717e-01 4.161401271820068359e+00
3.620000000000000000e+02 6.229487285448150752e-02 9.873145608393056882e-01 4.160584449768066406e+00
3.630000000000000000e+02 6.306672026908341500e-02 9.886607884257893053e-01 4.160783290863037109e+00
3.640000000000000000e+02 6.070076807428420596e-02 9.884105505404144898e-01 4.161165714263916016e+00
3.650000000000000000e+02 6.095087578015606633e-02 9.886880981394293721e-01 4.159529685974121094e+00
3.660000000000000000e+02 6.144217498986397075e-02 9.887643335380020826e-01 4.160248756408691406e+00
3.670000000000000000e+02 6.159436742309397361e-02 9.881638286549000449e-01 4.159461021423339844e+00
3.680000000000000000e+02 6.093530082390150038e-02 9.877585601456791986e-01 4.159509181976318359e+00
3.690000000000000000e+02 5.839415295219321095e-02 9.877049673555128306e-01 4.159605026245117188e+00
3.700000000000000000e+02 6.039443342851249369e-02 9.877716058292398404e-01 4.160822391510009766e+00
3.710000000000000000e+02 6.166296065465358411e-02 9.879558673414229331e-01 4.160427570343017578e+00
3.720000000000000000e+02 6.421697857733489612e-02 9.875350800592105349e-01 4.161218166351318359e+00
3.730000000000000000e+02 6.139172733203932669e-02 9.879412785733138191e-01 4.160143852233886719e+00
3.740000000000000000e+02 6.232643458739737380e-02 9.874255545098994391e-01 4.160240650177001953e+00
3.750000000000000000e+02 6.308939409337771531e-02 9.884991750638830732e-01 4.159671306610107422e+00
3.760000000000000000e+02 6.080606873975713533e-02 9.889599616047992647e-01 4.158996105194091797e+00
3.770000000000000000e+02 6.098786978295211991e-02 9.891146871138344343e-01 4.159729480743408203e+00
3.780000000000000000e+02 6.064290090276579226e-02 9.888964596245273242e-01 4.160878658294677734e+00
3.790000000000000000e+02 6.193920542155589154e-02 9.879639466327228003e-01 4.159359455108642578e+00
3.800000000000000000e+02 6.039025346354580381e-02 9.877039087519922100e-01 4.160434722900390625e+00
3.810000000000000000e+02 6.187384391018826979e-02 9.867926889986420314e-01 4.161030769348144531e+00
3.820000000000000000e+02 6.034049524866799685e-02 9.868479087073196432e-01 4.160855770111083984e+00
3.830000000000000000e+02 6.211673008628203901e-02 9.860427504948278132e-01 4.160213470458984375e+00
3.840000000000000000e+02 6.319472233343029210e-02 9.861834581713799786e-01 4.159386157989501953e+00
3.850000000000000000e+02 6.475212892171589019e-02 9.857918183871813289e-01 4.159031867980957031e+00
3.860000000000000000e+02 6.180717483343461938e-02 9.856872951490276424e-01 4.160590648651123047e+00
3.870000000000000000e+02 6.084438678997822203e-02 9.857468738640329242e-01 4.160696506500244141e+00
3.880000000000000000e+02 6.084806803008200454e-02 9.858388112522114000e-01 4.160363197326660156e+00
3.890000000000000000e+02 6.113206376195179370e-02 9.864120859289615684e-01 4.160041332244873047e+00
3.900000000000000000e+02 6.102364450544043445e-02 9.873220050656864588e-01 4.158491611480712891e+00
3.910000000000000000e+02 6.187489076899534840e-02 9.866079186165929160e-01 4.157270908355712891e+00
3.920000000000000000e+02 6.219680233645567824e-02 9.867724122334572412e-01 4.157036781311035156e+00
3.930000000000000000e+02 5.938939889856702237e-02 9.863166714340849683e-01 4.157316207885742188e+00
3.940000000000000000e+02 6.260553176535883779e-02 9.865746796545274977e-01 4.157929897308349609e+00
3.950000000000000000e+02 6.182812527773772632e-02 9.856192653230646528e-01 4.158216476440429688e+00
3.960000000000000000e+02 6.301573996769409269e-02 9.867646422487226232e-01 4.158570289611816406e+00
3.970000000000000000e+02 6.310927219598411186e-02 9.870582054614344125e-01 4.158748149871826172e+00
3.980000000000000000e+02 6.200090871360944278e-02 9.863030036329436534e-01 4.158072471618652344e+00
