0.000000000000000000e+00 1.098965662902786772e-01 0.000000000000000000e+00 2.985262393951416016e+00
1.000000000000000000e+00 2.202924192095544742e-01 0.000000000000000000e+00 3.161049604415893555e+00
2.000000000000000000e+00 3.440393248791671632e-01 0.000000000000000000e+00 3.300889492034912109e+00
3.000000000000000000e+00 4.637240862328523283e-01 0.000000000000000000e+00 3.417286872863769531e+00
4.000000000000000000e+00 5.642712615325465864e-01 0.000000000000000000e+00 3.512362480163574219e+00
5.000000000000000000e+00 6.485456853159753399e-01 0.000000000000000000e+00 3.594026565551757812e+00
6.000000000000000000e+00 7.147214981283541713e-01 0.000000000000000000e+00 3.663269996643066406e+00
7.000000000000000000e+00 7.698201123425257864e-01 0.000000000000000000e+00 3.722275972366333008e+00
8.000000000000000000e+00 8.122100521466307788e-01 0.000000000000000000e+00 3.772382497787475586e+00
9.000000000000000000e+00 8.464573330562465969e-01 0.000000000000000000e+00 3.816608905792236328e+00
1.000000000000000000e+01 8.696903060737970481e-01 0.000000000000000000e+00 3.852768898010253906e+00
1.100000000000000000e+01 8.889908511444608585e-01 0.000000000000000000e+00 3.883473873138427734e+00
1.200000000000000000e+01 9.049311795367351863e-01 0.000000000000000000e+00 3.909203529357910156e+00
1.300000000000000000e+01 9.181451362858480403e-01 0.000000000000000000e+00 3.932184457778930664e+00
1.400000000000000000e+01 9.299381851918622210e-01 0.000000000000000000e+00 3.952315092086791992e+00
1.500000000000000000e+01 9.425057886607727253e-01 0.000000000000000000e+00 3.969779491424560547e+00
1.600000000000000000e+01 9.489621068517141156e-01 0.000000000000000000e+00 3.985050439834594727e+00
1.700000000000000000e+01 9.553124823688369238e-01 0.000000000000000000e+00 3.997721433639526367e+00
1.800000000000000000e+01 9.601340015211337064e-01 0.000000000000000000e+00 4.010674476623535156e+00
1.900000000000000000e+01 9.663281834676435977e-01 0.000000000000000000e+00 4.020812034606933594e+00
2.000000000000000000e+01 9.685619207525038021e-01 0.000000000000000000e+00 4.029795646667480469e+00
2.100000000000000000e+01 9.699491409926943586e-01 0.000000000000000000e+00 4.037497520446777344e+00
2.200000000000000000e+01 9.727300128231525234e-01 0.000000000000000000e+00 4.045107364654541016e+00
2.300000000000000000e+01 9.745135937774401791e-01 0.000000000000000000e+00 4.051320075988769531e+00
2.400000000000000000e+01 9.761214266726097044e-01 0.000000000000000000e+00 4.055875778198242188e+00
2.500000000000000000e+01 9.775805927738969725e-01 0.000000000000000000e+00 4.060216426849365234e+00
2.600000000000000000e+01 9.774948480977619925e-01 0.000000000000000000e+00 4.064191341400146484e+00
2.700000000000000000e+01 9.785638060965147211e-01 0.000000000000000000e+00 4.066483020782470703e+00
2.800000000000000000e+01 9.795927109154681789e-01 0.000000000000000000e+00 4.068435668945312500e+00
2.900000000000000000e+01 9.791533673165276896e-01 0.000000000000000000e+00 4.070775508880615234e+00
3.000000000000000000e+01 9.794658539953634557e-01 0.000000000000000000e+00 4.073339939117431641e+00
3.100000000000000000e+01 9.807058974969833365e-01 0.000000000000000000e+00 4.075555324554443359e+00
3.200000000000000000e+01 9.814639791175776562e-01 0.000000000000000000e+00 4.076964378356933594e+00
3.300000000000000000e+01 9.812192442799194669e-01 0.000000000000000000e+00 4.078664779663085938e+00
3.400000000000000000e+01 9.819010942952177690e-01 0.000000000000000000e+00 4.079837799072265625e+00
3.500000000000000000e+01 9.820862722599567052e-01 0.000000000000000000e+00 4.081121921539306641e+00
3.600000000000000000e+01 9.827929975217940539e-01 0.000000000000000000e+00 4.082822799682617188e+00
3.700000000000000000e+01 9.826391052112791735e-01 0.000000000000000000e+00 4.083003044128417969e+00
3.800000000000000000e+01 9.822653343936572634e-01 0.000000000000000000e+00 4.083789348602294922e+00
3.900000000000000000e+01 9.832742803842072776e-01 0.000000000000000000e+00 4.083644390106201172e+00
4.000000000000000000e+01 9.830946146450768586e-01 0.000000000000000000e+00 4.085006713867187500e+00
4.100000000000000000e+01 9.816216241466971804e-01 0.000000000000000000e+00 4.085227012634277344e+00
4.200000000000000000e+01 9.831251313083523291e-01 0.000000000000000000e+00 4.085988044738769531e+00
4.300000000000000000e+01 9.828685811262684036e-01 0.000000000000000000e+00 4.086847305297851562e+00
4.400000000000000000e+01 9.832653208864561289e-01 0.000000000000000000e+00 4.088113784790039062e+00
4.500000000000000000e+01 9.837458690652028936e-01 0.000000000000000000e+00 4.087179183959960938e+00
4.600000000000000000e+01 9.841849332966894348e-01 0.000000000000000000e+00 4.088795661926269531e+00
4.700000000000000000e+01 9.841488207988529080e-01 0.000000000000000000e+00 4.089010715484619141e+00
4.800000000000000000e+01 9.829850887978018870e-01 0.000000000000000000e+00 4.089125633239746094e+00
4.900000000000000000e+01 9.833487155685931569e-01 0.000000000000000000e+00 4.088796615600585938e+00
5.000000000000000000e+01 9.832954609636253007e-01 0.000000000000000000e+00 4.089705467224121094e+00
5.100000000000000000e+01 9.843244451770689629e-01 0.000000000000000000e+00 4.089072704315185547e+00
5.200000000000000000e+01 9.851489400825458320e-01 0.000000000000000000e+00 4.089748382568359375e+00
5.300000000000000000e+01 9.858590469381526278e-01 0.000000000000000000e+00 4.089647293090820312e+00
5.400000000000000000e+01 9.856476540997946012e-01 0.000000000000000000e+00 4.090683460235595703e+00
5.500000000000000000e+01 9.848749881111744653e-01 0.000000000000000000e+00 4.091118812561035156e+00
5.600000000000000000e+01 9.848885038558337079e-01 0.000000000000000000e+00 4.090897560119628906e+00
5.700000000000000000e+01 9.838392119461603080e-01 0.000000000000000000e+00 4.091018676757812500e+00
5.800000000000000000e+01 9.848837573299423775e-01 0.000000000000000000e+00 4.091071128845214844e+00
5.900000000000000000e+01 9.854321609526929260e-01 0.000000000000000000e+00 4.090435981750488281e+00
6.000000000000000000e+01 9.852903569646438431e-01 0.000000000000000000e+00 4.090540409088134766e+00
6.100000000000000000e+01 9.855910036704491617e-01 0.000000000000000000e+00 4.089887142181396484e+00
6.200000000000000000e+01 9.864221228316967238e-01 0.000000000000000000e+00 4.089296340942382812e+00
6.300000000000000000e+01 9.868992021106591794e-01 0.000000000000000000e+00 4.088480949401855469e+00
6.400000000000000000e+01 9.870294230182603545e-01 0.000000000000000000e+00 4.089135646820068359e+00
6.500000000000000000e+01 9.873138830301134705e-01 0.000000000000000000e+00 4.088991165161132812e+00
6.600000000000000000e+01 9.867112092806894497e-01 0.000000000000000000e+00 4.087359905242919922e+00
6.700000000000000000e+01 9.859717908721310486e-01 0.000000000000000000e+00 4.087592124938964844e+00
6.800000000000000000e+01 9.863630238110799864e-01 0.000000000000000000e+00 4.088274955749511719e+00
6.900000000000000000e+01 9.857626567243362725e-01 0.000000000000000000e+00 4.087780475616455078e+00
7.000000000000000000e+01 9.852897621401959238e-01 0.000000000000000000e+00 4.087981700897216797e+00
7.100000000000000000e+01 9.857185444426220799e-01 0.000000000000000000e+00 4.087747097015380859e+00
7.200000000000000000e+01 9.859577595406892048e-01 0.000000000000000000e+00 4.088070392608642578e+00
7.300000000000000000e+01 9.856586238404734246e-01 0.000000000000000000e+00 4.087794303894042969e+00
7.400000000000000000e+01 9.857108246286079289e-01 0.000000000000000000e+00 4.088409423828125000e+00
7.500000000000000000e+01 9.849739055457469306e-01 0.000000000000000000e+00 4.088560104370117188e+00
7.600000000000000000e+01 9.858792234793930520e-01 0.000000000000000000e+00 4.089330673217773438e+00
7.700000000000000000e+01 9.849922012571512564e-01 0.000000000000000000e+00 4.090135097503662109e+00
7.800000000000000000e+01 9.843064425728158540e-01 0.000000000000000000e+00 4.090089797973632812e+00
7.900000000000000000e+01 9.841537255445992338e-01 0.000000000000000000e+00 4.089879989624023438e+00
8.000000000000000000e+01 9.846099357488518056e-01 0.000000000000000000e+00 4.090345859527587891e+00
8.100000000000000000e+01 9.851781593461851338e-01 0.000000000000000000e+00 4.090792655944824219e+00
8.200000000000000000e+01 9.852857112254929106e-01 0.000000000000000000e+00 4.090933799743652344e+00
8.300000000000000000e+01 9.844406361401522032e-01 0.000000000000000000e+00 4.091566085815429688e+00
8.400000000000000000e+01 9.846177985693913559e-01 0.000000000000000000e+00 4.090735435485839844e+00
8.500000000000000000e+01 9.846545628428869934e-01 0.000000000000000000e+00 4.091293811798095703e+00
8.600000000000000000e+01 9.851020632831399837e-01 0.000000000000000000e+00 4.090279102325439453e+00
8.700000000000000000e+01 9.853561159359430777e-01 0.000000000000000000e+00 4.090800285339355469e+00
8.800000000000000000e+01 9.852766853451531137e-01 0.000000000000000000e+00 4.091296672821044922e+00
8.900000000000000000e+01 9.850773505485808101e-01 0.000000000000000000e+00 4.090470314025878906e+00
9.000000000000000000e+01 9.843776372997358193e-01 0.000000000000000000e+00 4.091374397277832031e+00
9.100000000000000000e+01 9.843732371670005366e-01 0.000000000000000000e+00 4.090640544891357422e+00
9.200000000000000000e+01 9.836107575153590910e-01 0.000000000000000000e+00 4.089879035949707031e+00
9.300000000000000000e+01 9.836716104961766849e-01 0.000000000000000000e+00 4.090170383453369141e+00
9.400000000000000000e+01 9.838421117260499615e-01 0.000000000000000000e+00 4.090493679046630859e+00
9.500000000000000000e+01 9.843566864320615339e-01 0.000000000000000000e+00 4.089465141296386719e+00
9.600000000000000000e+01 9.841291711686965815e-01 0.000000000000000000e+00 4.089520931243896484e+00
9.700000000000000000e+01 9.837485842011208792e-01 0.000000000000000000e+00 4.088669776916503906e+00
9.800000000000000000e+01 9.852462701749703511e-01 0.000000000000000000e+00 4.089569091796875000e+00
9.900000000000000000e+01 9.848421498156622045e-01 0.000000000000000000e+00 4.090030193328857422e+00
1.000000000000000000e+02 9.848456415311097611e-01 0.000000000000000000e+00 4.091420650482177734e+00
1.010000000000000000e+02 9.847622409935370413e-01 0.000000000000000000e+00 4.090632438659667969e+00
1.020000000000000000e+02 9.857222033122526872e-01 0.000000000000000000e+00 4.090379714965820312e+00
1.030000000000000000e+02 9.851602238064963712e-01 0.000000000000000000e+00 4.090161323547363281e+00
1.040000000000000000e+02 9.855400282224843211e-01 0.000000000000000000e+00 4.089924335479736328e+00
1.050000000000000000e+02 9.852372542392960897e-01 0.000000000000000000e+00 4.089764118194580078e+00
1.060000000000000000e+02 9.853857397532229667e-01 0.000000000000000000e+00 4.089009761810302734e+00
1.070000000000000000e+02 9.844162179071349605e-01 0.000000000000000000e+00 4.089331150054931641e+00
1.080000000000000000e+02 9.842529265572196318e-01 0.000000000000000000e+00 4.088704586029052734e+00
1.090000000000000000e+02 9.839955199100561822e-01 0.000000000000000000e+00 4.088562011718750000e+00
1.100000000000000000e+02 9.837632030451849419e-01 0.000000000000000000e+00 4.087767124176025391e+00
1.110000000000000000e+02 9.832645936350711269e-01 0.000000000000000000e+00 4.086777687072753906e+00
1.120000000000000000e+02 9.841209068913836511e-01 0.000000000000000000e+00 4.087335109710693359e+00
1.130000000000000000e+02 9.862318395281531869e-01 0.000000000000000000e+00 4.086219310760498047e+00
1.140000000000000000e+02 9.851806035777409543e-01 0.000000000000000000e+00 4.086838722229003906e+00
1.150000000000000000e+02 9.852689372210678975e-01 0.000000000000000000e+00 4.086194992065429688e+00
1.160000000000000000e+02 9.859761446937056473e-01 0.000000000000000000e+00 4.086314678192138672e+00
1.170000000000000000e+02 9.848605613999329433e-01 0.000000000000000000e+00 4.086320877075195312e+00
1.180000000000000000e+02 9.863316014103666873e-01 0.000000000000000000e+00 4.086439132690429688e+00
1.190000000000000000e+02 9.853120286604961642e-01 0.000000000000000000e+00 4.086075305938720703e+00
1.200000000000000000e+02 9.849133691455154160e-01 0.000000000000000000e+00 4.087095260620117188e+00
1.210000000000000000e+02 9.842389165133420548e-01 0.000000000000000000e+00 4.086772441864013672e+00
1.220000000000000000e+02 9.848021921910677934e-01 0.000000000000000000e+00 4.086722850799560547e+00
1.230000000000000000e+02 9.849019421649758410e-01 0.000000000000000000e+00 4.085354328155517578e+00
1.240000000000000000e+02 9.851517369315198058e-01 0.000000000000000000e+00 4.085765838623046875e+00
1.250000000000000000e+02 9.840972333695118257e-01 0.000000000000000000e+00 4.085677623748779297e+00
1.260000000000000000e+02 9.855391368213168857e-01 0.000000000000000000e+00 4.085770606994628906e+00
1.270000000000000000e+02 9.859280560676830785e-01 0.000000000000000000e+00 4.086354255676269531e+00
1.280000000000000000e+02 9.853160311290626305e-01 0.000000000000000000e+00 4.086871623992919922e+00
1.290000000000000000e+02 9.840369613673147775e-01 0.000000000000000000e+00 4.087570667266845703e+00
1.300000000000000000e+02 9.855151084785942484e-01 0.000000000000000000e+00 4.088586807250976562e+00
1.310000000000000000e+02 9.841433001480622833e-01 0.000000000000000000e+00 4.088702678680419922e+00
1.320000000000000000e+02 9.847186282190791839e-01 0.000000000000000000e+00 4.088781833648681641e+00
1.330000000000000000e+02 9.864334997864735444e-01 0.000000000000000000e+00 4.089668273925781250e+00
1.340000000000000000e+02 9.865236754173435374e-01 0.000000000000000000e+00 4.090472698211669922e+00
1.350000000000000000e+02 9.862172708685675859e-01 0.000000000000000000e+00 4.089800357818603516e+00
1.360000000000000000e+02 9.866246212446203590e-01 0.000000000000000000e+00 4.090617179870605469e+00
1.370000000000000000e+02 9.860224953157209482e-01 0.000000000000000000e+00 4.092044830322265625e+00
1.380000000000000000e+02 9.855415358174811624e-01 0.000000000000000000e+00 4.093511104583740234e+00
1.390000000000000000e+02 9.853907930287104655e-01 0.000000000000000000e+00 4.094148635864257812e+00
1.400000000000000000e+02 9.845658900633256216e-01 0.000000000000000000e+00 4.094016075134277344e+00
1.410000000000000000e+02 9.848358648666410975e-01 0.000000000000000000e+00 4.093238353729248047e+00
1.420000000000000000e+02 9.857192052520188374e-01 0.000000000000000000e+00 4.092482566833496094e+00
1.430000000000000000e+02 9.852580855372773394e-01 0.000000000000000000e+00 4.091672897338867188e+00
1.440000000000000000e+02 9.858266948343175073e-01 0.000000000000000000e+00 4.091407299041748047e+00
1.450000000000000000e+02 9.849254287396729257e-01 0.000000000000000000e+00 4.091082572937011719e+00
1.460000000000000000e+02 9.836342528523518425e-01 0.000000000000000000e+00 4.091028213500976562e+00
1.470000000000000000e+02 9.836752826462938915e-01 0.000000000000000000e+00 4.090366840362548828e+00
1.480000000000000000e+02 9.841916155090729701e-01 0.000000000000000000e+00 4.090189933776855469e+00
1.490000000000000000e+02 9.836924772126693917e-01 0.000000000000000000e+00 4.090823173522949219e+00
1.500000000000000000e+02 9.852260003743189554e-01 0.000000000000000000e+00 4.090069293975830078e+00
1.510000000000000000e+02 9.848470175435937168e-01 0.000000000000000000e+00 4.089532375335693359e+00
1.520000000000000000e+02 9.835183442321088210e-01 0.000000000000000000e+00 4.089846611022949219e+00
1.530000000000000000e+02 9.840932916290849874e-01 0.000000000000000000e+00 4.090624809265136719e+00
1.540000000000000000e+02 9.834441608589595818e-01 0.000000000000000000e+00 4.090229988098144531e+00
1.550000000000000000e+02 9.844004052565840102e-01 0.000000000000000000e+00 4.089067459106445312e+00
1.560000000000000000e+02 9.851763954050813954e-01 0.000000000000000000e+00 4.088027954101562500e+00
1.570000000000000000e+02 9.842571878820739473e-01 0.000000000000000000e+00 4.087717533111572266e+00
1.580000000000000000e+02 9.841713651906737192e-01 0.000000000000000000e+00 4.087299823760986328e+00
1.590000000000000000e+02 9.827376355723949075e-01 0.000000000000000000e+00 4.086741924285888672e+00
1.600000000000000000e+02 9.820960010042322219e-01 0.000000000000000000e+00 4.086828708648681641e+00
1.610000000000000000e+02 9.829705267672570468e-01 0.000000000000000000e+00 4.087854385375976562e+00
1.620000000000000000e+02 9.836063480001001613e-01 0.000000000000000000e+00 4.087478160858154297e+00
1.630000000000000000e+02 9.839867899211555136e-01 0.000000000000000000e+00 4.088861942291259766e+00
1.640000000000000000e+02 9.845957694791641623e-01 0.000000000000000000e+00 4.089371204376220703e+00
1.650000000000000000e+02 9.842419707706936416e-01 0.000000000000000000e+00 4.088873863220214844e+00
1.660000000000000000e+02 9.850235695729013807e-01 0.000000000000000000e+00 4.088858604431152344e+00
1.670000000000000000e+02 9.856956713767838218e-01 0.000000000000000000e+00 4.088436603546142578e+00
1.680000000000000000e+02 9.852396661809508238e-01 0.000000000000000000e+00 4.088227272033691406e+00
1.690000000000000000e+02 9.840835561463859849e-01 0.000000000000000000e+00 4.088020801544189453e+00
1.700000000000000000e+02 9.851601060521366637e-01 0.000000000000000000e+00 4.089148998260498047e+00
1.710000000000000000e+02 9.844586089523048589e-01 0.000000000000000000e+00 4.090093612670898438e+00
1.720000000000000000e+02 9.854704595950273260e-01 0.000000000000000000e+00 4.090609550476074219e+00
1.730000000000000000e+02 9.854765849242526077e-01 0.000000000000000000e+00 4.091290950775146484e+00
1.740000000000000000e+02 9.875760621836316977e-01 0.000000000000000000e+00 4.090638160705566406e+00
1.750000000000000000e+02 9.861273885241543802e-01 0.000000000000000000e+00 4.089993953704833984e+00
1.760000000000000000e+02 9.856669468695112846e-01 0.000000000000000000e+00 4.089266300201416016e+00
1.770000000000000000e+02 9.853911409692617251e-01 0.000000000000000000e+00 4.090327262878417969e+00
1.780000000000000000e+02 9.849114015624854668e-01 0.000000000000000000e+00 4.089076042175292969e+00
1.790000000000000000e+02 9.846067287285857894e-01 0.000000000000000000e+00 4.088860034942626953e+00
1.800000000000000000e+02 9.866362054543503790e-01 0.000000000000000000e+00 4.088550090789794922e+00
1.810000000000000000e+02 9.844349000030242491e-01 0.000000000000000000e+00 4.089300632476806641e+00
1.820000000000000000e+02 9.854899611543133098e-01 0.000000000000000000e+00 4.090197563171386719e+00
1.830000000000000000e+02 9.871385811713786484e-01 0.000000000000000000e+00 4.091217994689941406e+00
1.840000000000000000e+02 9.866917055118228363e-01 0.000000000000000000e+00 4.091636180877685547e+00
1.850000000000000000e+02 9.865575602081092521e-01 0.000000000000000000e+00 4.090860843658447266e+00
1.860000000000000000e+02 9.861320067947799695e-01 0.000000000000000000e+00 4.090043067932128906e+00
1.870000000000000000e+02 9.867263019223564413e-01 0.000000000000000000e+00 4.089350223541259766e+00
1.880000000000000000e+02 9.863401490197246657e-01 0.000000000000000000e+00 4.088575363159179688e+00
1.890000000000000000e+02 9.870533198934026142e-01 0.000000000000000000e+00 4.088332176208496094e+00
1.900000000000000000e+02 9.860337203920430671e-01 0.000000000000000000e+00 4.088364601135253906e+00
1.910000000000000000e+02 9.863554560319039988e-01 0.000000000000000000e+00 4.087021350860595703e+00
1.920000000000000000e+02 9.858039765827018019e-01 0.000000000000000000e+00 4.085981845855712891e+00
1.930000000000000000e+02 9.842799271455829890e-01 0.000000000000000000e+00 4.087357997894287109e+00
1.940000000000000000e+02 9.846028082138515991e-01 0.000000000000000000e+00 4.087975502014160156e+00
1.950000000000000000e+02 9.856574323531288595e-01 0.000000000000000000e+00 4.088381767272949219e+00
1.960000000000000000e+02 9.847518686613223604e-01 0.000000000000000000e+00 4.088405609130859375e+00
1.970000000000000000e+02 9.852700487457174416e-01 0.000000000000000000e+00 4.087686061859130859e+00
1.980000000000000000e+02 9.845031355557121167e-01 0.000000000000000000e+00 4.087811470031738281e+00
1.990000000000000000e+02 9.848057496316362514e-01 0.000000000000000000e+00 4.087321758270263672e+00
2.000000000000000000e+02 9.651154513189190709e-01 1.056444702994554785e-01 2.992727518081665039e+00
2.010000000000000000e+02 9.253970146114810502e-01 2.142808400056020468e-01 3.168561458587646484e+00
2.020000000000000000e+02 8.613751448798800947e-01 3.419661847760659956e-01 3.308436393737792969e+00
2.030000000000000000e+02 7.794078092638754285e-01 4.564084996422588802e-01 3.425750494003295898e+00
2.040000000000000000e+02 6.913166524954623693e-01 5.599885983080684637e-01 3.521636009216308594e+00
2.050000000000000000e+02 5.979873608785843953e-01 6.433167550029017523e-01 3.604272603988647461e+00
2.060000000000000000e+02 5.186138576675727307e-01 7.082814573829360194e-01 3.674170017242431641e+00
2.070000000000000000e+02 4.451828000196276780e-01 7.625275677427574283e-01 3.733342409133911133e+00
2.080000000000000000e+02 3.838532824207268046e-01 8.036535257296046897e-01 3.783782005310058594e+00
2.090000000000000000e+02 3.300700356257132984e-01 8.376697164125500583e-01 3.826124906539916992e+00
2.100000000000000000e+02 2.858267854353734316e-01 8.659332164872663995e-01 3.863711595535278320e+00
2.110000000000000000e+02 2.496078573092867792e-01 8.886957047119058428e-01 3.896110057830810547e+00
2.120000000000000000e+02 2.155484958658308026e-01 9.063455543898915057e-01 3.923389434814453125e+00
2.130000000000000000e+02 1.889208798778387044e-01 9.195070956005215734e-01 3.946735382080078125e+00
2.140000000000000000e+02 1.682233300396742681e-01 9.313191708501583621e-01 3.967451572418212891e+00
2.150000000000000000e+02 1.508885646022636307e-01 9.389664192275907206e-01 3.983595371246337891e+00
2.160000000000000000e+02 1.354144012903869820e-01 9.471385984670736002e-01 3.999288082122802734e+00
2.170000000000000000e+02 1.226713851900086555e-01 9.529731827697429658e-01 4.012966156005859375e+00
2.180000000000000000e+02 1.118967908820477780e-01 9.596182493015364967e-01 4.025137424468994141e+00
2.190000000000000000e+02 1.037146489020887713e-01 9.629851716770740921e-01 4.033910274505615234e+00
2.200000000000000000e+02 9.654264122252331770e-02 9.662430795357884739e-01 4.043351173400878906e+00
2.210000000000000000e+02 8.962720790589542852e-02 9.692913300300671775e-01 4.050629138946533203e+00
2.220000000000000000e+02 8.897752881378308276e-02 9.717620707533540791e-01 4.057114601135253906e+00
2.230000000000000000e+02 8.091963026555658300e-02 9.743420816573115095e-01 4.061447143554687500e+00
2.240000000000000000e+02 7.898044087759907572e-02 9.747878799582732068e-01 4.066267967224121094e+00
2.250000000000000000e+02 7.500319781133826802e-02 9.771102177932859956e-01 4.070277214050292969e+00
2.260000000000000000e+02 7.110896062202051726e-02 9.785645533028559662e-01 4.073635578155517578e+00
2.270000000000000000e+02 7.087703571039771777e-02 9.775955838252646801e-01 4.077476978302001953e+00
2.280000000000000000e+02 6.862288470028722609e-02 9.786637986257331612e-01 4.080389499664306641e+00
2.290000000000000000e+02 6.532370481790503169e-02 9.806180384555536200e-01 4.084036350250244141e+00
2.300000000000000000e+02 6.365790014995750812e-02 9.808918515466092947e-01 4.087633132934570312e+00
2.310000000000000000e+02 5.946144364874649674e-02 9.812298591258096225e-01 4.089324951171875000e+00
2.320000000000000000e+02 6.252138834593616579e-02 9.817026551119777400e-01 4.091260910034179688e+00
2.330000000000000000e+02 6.327531262540896095e-02 9.822620886556397979e-01 4.092438220977783203e+00
2.340000000000000000e+02 6.109669254151881695e-02 9.819482451150199909e-01 4.093268871307373047e+00
2.350000000000000000e+02 6.196559655600304695e-02 9.820297844196588244e-01 4.093720436096191406e+00
2.360000000000000000e+02 5.989446775293208458e-02 9.816036124223544990e-01 4.095695495605468750e+00
2.370000000000000000e+02 6.029044221678336868e-02 9.813028868618692835e-01 4.097186565399169922e+00
2.380000000000000000e+02 6.041702794329703585e-02 9.811497753195101978e-01 4.096837520599365234e+00
2.390000000000000000e+02 5.823487772426042680e-02 9.828836254535663342e-01 4.097525119781494141e+00
2.400000000000000000e+02 6.173064383319915721e-02 9.828949603526141443e-01 4.097312927246093750e+00
2.410000000000000000e+02 6.161389251385403915e-02 9.825784098652882159e-01 4.098278522491455078e+00
2.420000000000000000e+02 6.222428202052822377e-02 9.834723046724247464e-01 4.098921775817871094e+00
2.430000000000000000e+02 6.001764566351739522e-02 9.840013078168264871e-01 4.098896503448486328e+00
2.440000000000000000e+02 6.098834322883547876e-02 9.841599077700542431e-01 4.100187778472900391e+00
2.450000000000000000e+02 5.881860504585505883e-02 9.849733086744693056e-01 4.099820137023925781e+00
2.460000000000000000e+02 6.027813413336967352e-02 9.850078560034397634e-01 4.100305080413818359e+00
2.470000000000000000e+02 5.841919743555613886e-02 9.851120002667351772e-01 4.100725650787353516e+00
2.480000000000000000e+02 5.967336701946449745e-02 9.853053942043443758e-01 4.101320266723632812e+00
2.490000000000000000e+02 5.895407284696481398e-02 9.848741560350087187e-01 4.100978374481201172e+00
2.500000000000000000e+02 5.848308521284310835e-02 9.848391921500831980e-01 4.102014541625976562e+00
2.510000000000000000e+02 5.757037354549909836e-02 9.844329669609219735e-01 4.102629184722900391e+00
2.520000000000000000e+02 5.982166560260649552e-02 9.844558614697245247e-01 4.102654457092285156e+00
2.530000000000000000e+02 5.827017161025201814e-02 9.843414523733727828e-01 4.102618694305419922e+00
2.540000000000000000e+02 5.859047156746482327e-02 9.845953619528363676e-01 4.102036952972412109e+00
2.550000000000000000e+02 5.903007017442161997e-02 9.840385760720170572e-01 4.101929664611816406e+00
2.560000000000000000e+02 5.756953642957059886e-02 9.839197980425211654e-01 4.102102279663085938e+00
2.570000000000000000e+02 5.985902721561148915e-02 9.853275739929876487e-01 4.102497100830078125e+00
2.580000000000000000e+02 5.860033625789043410e-02 9.849182978059006777e-01 4.101931571960449219e+00
2.590000000000000000e+02 6.045532508136287203e-02 9.847303439743891884e-01 4.102176666259765625e+00
2.600000000000000000e+02 5.911086344011867028e-02 9.852036384831266425e-01 4.101648807525634766e+00
2.610000000000000000e+02 6.066292929201411860e-02 9.853838188100062512e-01 4.100586414337158203e+00
2.620000000000000000e+02 5.825784830152066357e-02 9.854120162741774047e-01 4.101610660552978516e+00
2.630000000000000000e+02 6.051892547831022595e-02 9.861972444212084854e-01 4.102387428283691406e+00
2.640000000000000000e+02 5.906035066981248083e-02 9.867738245761948912e-01 4.101348876953125000e+00
2.650000000000000000e+02 5.850348739931140324e-02 9.859586029156972575e-01 4.101679325103759766e+00
2.660000000000000000e+02 5.760598384282822337e-02 9.857066846744302335e-01 4.102200508117675781e+00
2.670000000000000000e+02 5.832367586290417710e-02 9.853063207908729915e-01 4.101329326629638672e+00
2.680000000000000000e+02 5.758688887465372025e-02 9.851357866009687880e-01 4.100828647613525391e+00
2.690000000000000000e+02 5.841917009460598220e-02 9.851326401933786503e-01 4.100070953369140625e+00
2.700000000000000000e+02 5.677964021141417711e-02 9.836831994399448664e-01 4.100454330444335938e+00
2.710000000000000000e+02 5.758679112102720044e-02 9.836504541507369304e-01 4.099038600921630859e+00
2.720000000000000000e+02 5.956062183576978086e-02 9.828887268601831373e-01 4.098107814788818359e+00
2.730000000000000000e+02 6.048478472865549682e-02 9.827437916596621914e-01 4.097994327545166016e+00
2.740000000000000000e+02 5.716837325160260136e-02 9.830394518516419877e-01 4.098670005798339844e+00
2.750000000000000000e+02 6.178228664647022333e-02 9.827183069408325089e-01 4.098582267761230469e+00
2.760000000000000000e+02 5.937059060011556227e-02 9.837813953517845489e-01 4.098137378692626953e+00
2.770000000000000000e+02 5.963513398903816376e-02 9.837552772066474605e-01 4.097662925720214844e+00
2.780000000000000000e+02 5.818627704831897535e-02 9.839753943426161609e-01 4.098295688629150391e+00
2.790000000000000000e+02 5.884531926172757721e-02 9.843641173047321669e-01 4.099873542785644531e+00
2.800000000000000000e+02 5.801760159835959996e-02 9.837079372264094790e-01 4.101029872894287109e+00
2.810000000000000000e+02 5.922978344747718144e-02 9.841643596027038754e-01 4.101051807403564453e+00
2.820000000000000000e+02 5.866852821202220986e-02 9.845715392078588923e-01 4.100934982299804688e+00
2.830000000000000000e+02 5.835981885072607372e-02 9.848092535876667997e-01 4.101169586181640625e+00
2.840000000000000000e+02 5.901352574510631416e-02 9.843258601395230567e-01 4.100741386413574219e+00
2.850000000000000000e+02 5.681292208672599625e-02 9.841552140663836212e-01 4.102235794067382812e+00
2.860000000000000000e+02 5.796396306850311320e-02 9.852876830697319122e-01 4.102172374725341797e+00
2.870000000000000000e+02 5.966949083979054824e-02 9.836832471326009131e-01 4.102420806884765625e+00
2.880000000000000000e+02 5.945330465682895776e-02 9.844828294169861715e-01 4.102831840515136719e+00
2.890000000000000000e+02 6.135602467252210257e-02 9.838123328737897744e-01 4.102323532104492188e+00
2.900000000000000000e+02 6.063645481980405733e-02 9.837333675194681604e-01 4.102699279785156250e+00
2.910000000000000000e+02 6.036902350458751149e-02 9.845763253314252506e-01 4.102331638336181641e+00
2.920000000000000000e+02 6.061922408273832247e-02 9.850881454699451645e-01 4.102787017822265625e+00
2.930000000000000000e+02 6.031818452558426746e-02 9.847923293837399505e-01 4.101894378662109375e+00
2.940000000000000000e+02 5.976681970544883704e-02 9.856275351370131776e-01 4.101901054382324219e+00
2.950000000000000000e+02 5.895027108296530677e-02 9.851463246809106789e-01 4.102770328521728516e+00
2.960000000000000000e+02 5.795417866142933694e-02 9.865662276377532569e-01 4.103366374969482422e+00
2.970000000000000000e+02 6.081557959884418413e-02 9.856383250166949050e-01 4.103828907012939453e+00
2.980000000000000000e+02 6.110699034654008821e-02 9.840043797201130094e-01 4.103840827941894531e+00
2.990000000000000000e+02 5.832057616389514643e-02 9.829477467955379799e-01 4.102738380432128906e+00
3.000000000000000000e+02 5.874198354928276272e-02 9.833658956244193394e-01 4.102885723114013672e+00
3.010000000000000000e+02 6.040022736250684476e-02 9.843444276090378420e-01 4.103406429290771484e+00
3.020000000000000000e+02 5.771595571922380485e-02 9.842304832254225033e-01 4.103558063507080078e+00
3.030000000000000000e+02 5.554131217613997307e-02 9.846666593982524862e-01 4.103034019470214844e+00
3.040000000000000000e+02 5.901815630051052836e-02 9.851508009610205896e-01 4.101684570312500000e+00
3.050000000000000000e+02 5.869051551950672102e-02 9.858578608014385569e-01 4.102406024932861328e+00
3.060000000000000000e+02 6.154760277586216605e-02 9.854217949848076419e-01 4.102375030517578125e+00
3.070000000000000000e+02 5.982614928279910566e-02 9.843908499505070742e-01 4.102691650390625000e+00
3.080000000000000000e+02 5.956646177583941465e-02 9.851931388435487547e-01 4.101729393005371094e+00
3.090000000000000000e+02 5.781192595844180521e-02 9.838076289468730140e-01 4.102284431457519531e+00
3.100000000000000000e+02 5.770715853358451136e-02 9.824346619949408943e-01 4.102146148681640625e+00
3.110000000000000000e+02 5.956512147857551120e-02 9.826370481143429370e-01 4.102487087249755859e+00
3.120000000000000000e+02 5.555805154064582391e-02 9.834447313605211294e-01 4.102002620697021484e+00
3.130000000000000000e+02 5.852768534421481927e-02 9.830546521704992546e-01 4.102257251739501953e+00
3.140000000000000000e+02 5.887701441659945467e-02 9.832959915682569774e-01 4.100999355316162109e+00
3.150000000000000000e+02 5.824014151120836952e-02 9.833116356778257572e-01 4.101577758789062500e+00
3.160000000000000000e+02 5.962422639143047376e-02 9.830264910432253700e-01 4.102410793304443359e+00
3.170000000000000000e+02 6.050918597881976835e-02 9.832575715877500677e-01 4.102219104766845703e+00
3.180000000000000000e+02 6.045968885117406627e-02 9.841386775782597907e-01 4.102619171142578125e+00
3.190000000000000000e+02 5.704346693897372617e-02 9.840909422835834031e-01 4.102468967437744141e+00
3.200000000000000000e+02 6.011776791610142640e-02 9.839363977205809464e-01 4.103289604187011719e+00
3.210000000000000000e+02 5.891956594367209199e-02 9.846398386933112867e-01 4.102672100067138672e+00
3.220000000000000000e+02 6.128127552494728320e-02 9.828065847870431915e-01 4.103332042694091797e+00
3.230000000000000000e+02 5.838364886709670326e-02 9.835447629867780650e-01 4.103658676147460938e+00
3.240000000000000000e+02 5.761660655426795175e-02 9.835157078253322638e-01 4.103401184082031250e+00
3.250000000000000000e+02 5.998367865137010230e-02 9.845327583903064061e-01 4.103729724884033203e+00
3.260000000000000000e+02 5.849675316610908338e-02 9.828944490520964417e-01 4.103854179382324219e+00
3.270000000000000000e+02 5.917993430153485612e-02 9.836437000502440409e-01 4.103483676910400391e+00
3.280000000000000000e+02 5.984484143936220218e-02 9.827465326771608334e-01 4.102490901947021484e+00
3.290000000000000000e+02 6.239794928359528037e-02 9.835549726398190584e-01 4.102865695953369141e+00
3.300000000000000000e+02 6.241219388769837090e-02 9.829202694836073340e-01 4.102863788604736328e+00
3.310000000000000000e+02 5.755369931962813629e-02 9.834205211264205326e-01 4.102787971496582031e+00
3.320000000000000000e+02 5.969796506022372051e-02 9.843979355933102360e-01 4.102892875671386719e+00
3.330000000000000000e+02 5.774246980588233075e-02 9.833299636483099349e-01 4.103861808776855469e+00
3.340000000000000000e+02 5.823591863967152171e-02 9.835054966081241412e-01 4.104240894317626953e+00
3.350000000000000000e+02 5.911635843836145904e-02 9.835294769482801902e-01 4.103894710540771484e+00
3.360000000000000000e+02 6.033260858889052253e-02 9.838511202155265645e-01 4.102928638458251953e+00
3.370000000000000000e+02 6.011768078961247236e-02 9.847974068458337227e-01 4.102506160736083984e+00
3.380000000000000000e+02 6.021303163680213205e-02 9.842211242381300185e-01 4.104064464569091797e+00
3.390000000000000000e+02 5.906504005763532628e-02 9.837315909395656366e-01 4.103213787078857422e+00
3.400000000000000000e+02 5.970634205677874395e-02 9.839631461486280095e-01 4.102831840515136719e+00
3.410000000000000000e+02 6.328764351374528696e-02 9.844204316430957835e-01 4.102234363555908203e+00
3.420000000000000000e+02 5.956163970873163543e-02 9.837137475252799579e-01 4.101646900177001953e+00
3.430000000000000000e+02 5.816153153344171683e-02 9.845900642224844068e-01 4.101366519927978516e+00
3.440000000000000000e+02 5.807799018094296495e-02 9.846813230513917770e-01 4.101805210113525391e+00
3.450000000000000000e+02 5.887002485344158126e-02 9.857495949445754801e-01 4.101690292358398438e+00
3.460000000000000000e+02 5.867667479736678876e-02 9.855981837645108046e-01 4.101802349090576172e+00
3.470000000000000000e+02 6.032428842019924714e-02 9.855430223308679905e-01 4.102691650390625000e+00
3.480000000000000000e+02 5.941365130173256737e-02 9.831528784362953965e-01 4.103147983551025391e+00
3.490000000000000000e+02 6.030078487432623952e-02 9.834564714893720971e-01 4.102547645568847656e+00
3.500000000000000000e+02 5.861233115201268384e-02 9.848931168013458359e-01 4.102907657623291016e+00
3.510000000000000000e+02 6.135185101123779433e-02 9.842499812719811558e-01 4.102731227874755859e+00
3.520000000000000000e+02 5.860679315553021795e-02 9.849180132413531963e-01 4.102083683013916016e+00
3.530000000000000000e+02 5.900169785526587080e-02 9.856166365579833721e-01 4.102233886718750000e+00
3.540000000000000000e+02 5.950807780255324558e-02 9.858078557675554743e-01 4.102352619171142578e+00
3.550000000000000000e+02 5.937120983118338025e-02 9.861192434395127382e-01 4.101945877075195312e+00
3.560000000000000000e+02 5.984936920398589016e-02 9.843358888710198595e-01 4.102351665496826172e+00
3.570000000000000000e+02 6.252462097079980463e-02 9.857536247328356760e-01 4.101981639862060547e+00
3.580000000000000000e+02 5.885506367187711557e-02 9.842043703073143357e-01 4.101977825164794922e+00
3.590000000000000000e+02 6.194378613583459425e-02 9.840285992618078570e-01 4.101691722869873047e+00
3.600000000000000000e+02 5.899415663421499895e-02 9.841911191970882378e-01 4.102472782135009766e+00
3.610000000000000000e+02 5.966986369202974261e-02 9.840291463333997735e-01 4.102259635925292969e+00
3.620000000000000000e+02 5.893527339472819093e-02 9.836737357063779497e-01 4.101847648620605469e+00
3.630000000000000000e+02 5.994203203791128448e-02 9.842345881256195916e-01 4.101331710815429688e+00
3.640000000000000000e+02 6.187645642575513583e-02 9.843239681759727855e-01 4.100453376770019531e+00
3.650000000000000000e+02 6.102648920214202855e-02 9.837087868692718784e-01 4.100741863250732422e+00
3.660000000000000000e+02 5.831593426725185242e-02 9.838157126258934015e-01 4.101223468780517578e+00
3.670000000000000000e+02 5.986834968018123204e-02 9.830367316829008439e-01 4.101246356964111328e+00
3.680000000000000000e+02 5.995303365911842930e-02 9.830431405368464937e-01 4.100987911224365234e+00
3.690000000000000000e+02 5.894059280709200432e-02 9.831296054165309384e-01 4.100461006164550781e+00
3.700000000000000000e+02 6.070270596777291999e-02 9.839508515893432561e-01 4.100212574005126953e+00
3.710000000000000000e+02 5.769667260883909465e-02 9.838392890329905605e-01 4.101273536682128906e+00
3.720000000000000000e+02 5.994382621589912363e-02 9.839703114072635426e-01 4.101521492004394531e+00
3.730000000000000000e+02 5.970936573753835713e-02 9.838687454915143737e-01 4.100849151611328125e+00
3.740000000000000000e+02 6.108139962767822340e-02 9.845294259200921827e-01 4.100663661956787109e+00
3.750000000000000000e+02 5.809216888060581702e-02 9.843416730956583427e-01 4.100101470947265625e+00
3.760000000000000000e+02 6.175693650300105586e-02 9.834701173526433360e-01 4.100208759307861328e+00
3.770000000000000000e+02 5.928258947921045269e-02 9.842671774559587083e-01 4.098971366882324219e+00
3.780000000000000000e+02 5.825778386379344698e-02 9.851812692126837856e-01 4.099211692810058594e+00
3.790000000000000000e+02 6.244813064944481490e-02 9.841307704834434400e-01 4.099646568298339844e+00
3.800000000000000000e+02 5.999540340398631239e-02 9.848743493596395782e-01 4.099909305572509766e+00
3.810000000000000000e+02 6.007071847188361763e-02 9.841552266512262337e-01 4.100546836853027344e+00
3.820000000000000000e+02 6.073867188056279037e-02 9.835957108143528194e-01 4.100603103637695312e+00
3.830000000000000000e+02 5.907176046394840147e-02 9.841134410100569330e-01 4.100372314453125000e+00
3.840000000000000000e+02 6.089428650617109695e-02 9.846173178982994267e-01 4.100405216217041016e+00
3.850000000000000000e+02 5.875445374868783904e-02 9.853320562816086925e-01 4.100091457366943359e+00
3.860000000000000000e+02 5.878688016736698801e-02 9.849540022685542295e-01 4.099813461303710938e+00
3.870000000000000000e+02 5.846072341179147508e-02 9.850718449706462598e-01 4.100880622863769531e+00
3.880000000000000000e+02 5.968579436324539939e-02 9.846547582892993811e-01 4.100147724151611328e+00
3.890000000000000000e+02 5.650204319144835896e-02 9.855571354103825898e-01 4.100872993469238281e+00
3.900000000000000000e+02 5.706230244879895858e-02 9.851549812169260179e-01 4.101503372192382812e+00
3.910000000000000000e+02 5.745070647826041460e-02 9.835849513672579869e-01 4.102376937866210938e+00
3.920000000000000000e+02 5.712953631173278701e-02 9.835536555309637441e-01 4.102165222167968750e+00
3.930000000000000000e+02 6.042827308073456249e-02 9.832608541419349812e-01 4.102343559265136719e+00
3.940000000000000000e+02 5.794680386706892172e-02 9.841795523135193902e-01 4.103164196014404297e+00
3.950000000000000000e+02 5.907283452780771188e-02 9.842139910973659589e-01 4.103530883789062500e+00
3.960000000000000000e+02 5.846967441094394480e-02 9.837742919288312571e-01 4.102788448333740234e+00
3.970000000000000000e+02 6.138246919453165668e-02 9.829391378875578233e-01 4.103809833526611328e+00
3.980000000000000000e+02 5.884712610015955386e-02 9.832857135328086917e-01 4.105174064636230469e+00
