0.000000000000000000e+00 1.066088547249799678e-01 0.000000000000000000e+00 3.008163452148437500e+00
1.000000000000000000e+00 2.236524022254326727e-01 0.000000000000000000e+00 3.182537078857421875e+00
2.000000000000000000e+00 3.562448733627451292e-01 0.000000000000000000e+00 3.322183609008789062e+00
3.000000000000000000e+00 4.782152693839826219e-01 0.000000000000000000e+00 3.436721086502075195e+00
4.000000000000000000e+00 5.828073594606656416e-01 0.000000000000000000e+00 3.530984878540039062e+00
5.000000000000000000e+00 6.676193477047689395e-01 0.000000000000000000e+00 3.609888076782226562e+00
6.000000000000000000e+00 7.341709859669273142e-01 0.000000000000000000e+00 3.676496505737304688e+00
7.000000000000000000e+00 7.871854120857415538e-01 0.000000000000000000e+00 3.733264923095703125e+00
8.000000000000000000e+00 8.269083570592523635e-01 0.000000000000000000e+00 3.783212423324584961e+00
9.000000000000000000e+00 8.591536300835214135e-01 0.000000000000000000e+00 3.823960542678833008e+00
1.000000000000000000e+01 8.814620938692462326e-01 0.000000000000000000e+00 3.857454061508178711e+00
1.100000000000000000e+01 8.995599006990359081e-01 0.000000000000000000e+00 3.886069059371948242e+00
1.200000000000000000e+01 9.151185275163237209e-01 0.000000000000000000e+00 3.909043073654174805e+00
1.300000000000000000e+01 9.284051476236704348e-01 0.000000000000000000e+00 3.930643558502197266e+00
1.400000000000000000e+01 9.394758646437725291e-01 0.000000000000000000e+00 3.947790384292602539e+00
1.500000000000000000e+01 9.492540594784872887e-01 0.000000000000000000e+00 3.964725494384765625e+00
1.600000000000000000e+01 9.532427879458128528e-01 0.000000000000000000e+00 3.979034900665283203e+00
1.700000000000000000e+01 9.579507274985343823e-01 0.000000000000000000e+00 3.990784883499145508e+00
1.800000000000000000e+01 9.626465990719192956e-01 0.000000000000000000e+00 4.000521659851074219e+00
1.900000000000000000e+01 9.641504930041622234e-01 0.000000000000000000e+00 4.008182048797607422e+00
2.000000000000000000e+01 9.661965411677224669e-01 0.000000000000000000e+00 4.015533447265625000e+00
2.100000000000000000e+01 9.667927683006296569e-01 0.000000000000000000e+00 4.021751880645751953e+00
2.200000000000000000e+01 9.688248728656730924e-01 0.000000000000000000e+00 4.026738166809082031e+00
2.300000000000000000e+01 9.714661138916389493e-01 0.000000000000000000e+00 4.032373905181884766e+00
2.400000000000000000e+01 9.716993020343338561e-01 0.000000000000000000e+00 4.035431385040283203e+00
2.500000000000000000e+01 9.734700300024454744e-01 0.000000000000000000e+00 4.038945198059082031e+00
2.600000000000000000e+01 9.746723288533353236e-01 0.000000000000000000e+00 4.042136192321777344e+00
2.700000000000000000e+01 9.757995651677953131e-01 0.000000000000000000e+00 4.045071125030517578e+00
2.800000000000000000e+01 9.756802392232328813e-01 0.000000000000000000e+00 4.047940254211425781e+00
2.900000000000000000e+01 9.772521018651753044e-01 0.000000000000000000e+00 4.050493717193603516e+00
3.000000000000000000e+01 9.775217404323413017e-01 0.000000000000000000e+00 4.052377223968505859e+00
3.100000000000000000e+01 9.769717574654022130e-01 0.000000000000000000e+00 4.055394172668457031e+00
3.200000000000000000e+01 9.778511090571944120e-01 0.000000000000000000e+00 4.056387901306152344e+00
3.300000000000000000e+01 9.783174133246504978e-01 0.000000000000000000e+00 4.057036876678466797e+00
3.400000000000000000e+01 9.787276365142598689e-01 0.000000000000000000e+00 4.058313846588134766e+00
3.500000000000000000e+01 9.794074275533912743e-01 0.000000000000000000e+00 4.059982776641845703e+00
3.600000000000000000e+01 9.810492975986856434e-01 0.000000000000000000e+00 4.059500217437744141e+00
3.700000000000000000e+01 9.799512730776759328e-01 0.000000000000000000e+00 4.060161113739013672e+00
3.800000000000000000e+01 9.811725090268231808e-01 0.000000000000000000e+00 4.060118198394775391e+00
3.900000000000000000e+01 9.806129738316136102e-01 0.000000000000000000e+00 4.060082912445068359e+00
4.000000000000000000e+01 9.811519250170499529e-01 0.000000000000000000e+00 4.061347961425781250e+00
4.100000000000000000e+01 9.811835510610402711e-01 0.000000000000000000e+00 4.061392307281494141e+00
4.200000000000000000e+01 9.816926294029685307e-01 0.000000000000000000e+00 4.061260223388671875e+00
4.300000000000000000e+01 9.827430483585176679e-01 0.000000000000000000e+00 4.062052726745605469e+00
4.400000000000000000e+01 9.824249883326404698e-01 0.000000000000000000e+00 4.062947273254394531e+00
4.500000000000000000e+01 9.809860543362141083e-01 0.000000000000000000e+00 4.062184810638427734e+00
4.600000000000000000e+01 9.819796895806824910e-01 0.000000000000000000e+00 4.062497615814208984e+00
4.700000000000000000e+01 9.820796869512966598e-01 0.000000000000000000e+00 4.062914371490478516e+00
4.800000000000000000e+01 9.829176219432167461e-01 0.000000000000000000e+00 4.062750339508056641e+00
4.900000000000000000e+01 9.813179108616488788e-01 0.000000000000000000e+00 4.063690185546875000e+00
5.000000000000000000e+01 9.828251948013048134e-01 0.000000000000000000e+00 4.062410831451416016e+00
5.100000000000000000e+01 9.840796825869495557e-01 0.000000000000000000e+00 4.063015460968017578e+00
5.200000000000000000e+01 9.837269226590231730e-01 0.000000000000000000e+00 4.062089443206787109e+00
5.300000000000000000e+01 9.823666337993083308e-01 0.000000000000000000e+00 4.062043190002441406e+00
5.400000000000000000e+01 9.825410586161446025e-01 0.000000000000000000e+00 4.060774803161621094e+00
5.500000000000000000e+01 9.819973545156808203e-01 0.000000000000000000e+00 4.060636520385742188e+00
5.600000000000000000e+01 9.820513184190227118e-01 0.000000000000000000e+00 4.060925483703613281e+00
5.700000000000000000e+01 9.827592781035039415e-01 0.000000000000000000e+00 4.060779094696044922e+00
5.800000000000000000e+01 9.821466506915329520e-01 0.000000000000000000e+00 4.062303066253662109e+00
5.900000000000000000e+01 9.811389267057313290e-01 0.000000000000000000e+00 4.062789440155029297e+00
6.000000000000000000e+01 9.807353829520063515e-01 0.000000000000000000e+00 4.063587188720703125e+00
6.100000000000000000e+01 9.809130600104338793e-01 0.000000000000000000e+00 4.062718391418457031e+00
6.200000000000000000e+01 9.817336716168877375e-01 0.000000000000000000e+00 4.062857151031494141e+00
6.300000000000000000e+01 9.807583482884730808e-01 0.000000000000000000e+00 4.062304973602294922e+00
6.400000000000000000e+01 9.825071568965862978e-01 0.000000000000000000e+00 4.062571525573730469e+00
6.500000000000000000e+01 9.815415925868423708e-01 0.000000000000000000e+00 4.063498020172119141e+00
6.600000000000000000e+01 9.803795332599627432e-01 0.000000000000000000e+00 4.062952518463134766e+00
6.700000000000000000e+01 9.799325958478755094e-01 0.000000000000000000e+00 4.062688350677490234e+00
6.800000000000000000e+01 9.802441586317561795e-01 0.000000000000000000e+00 4.062064647674560547e+00
6.900000000000000000e+01 9.799563823378016902e-01 0.000000000000000000e+00 4.061211109161376953e+00
7.000000000000000000e+01 9.805601679065928389e-01 0.000000000000000000e+00 4.061004638671875000e+00
7.100000000000000000e+01 9.804242534684586285e-01 0.000000000000000000e+00 4.061625480651855469e+00
7.200000000000000000e+01 9.804505610183283926e-01 0.000000000000000000e+00 4.061864852905273438e+00
7.300000000000000000e+01 9.797354089815301093e-01 0.000000000000000000e+00 4.061339378356933594e+00
7.400000000000000000e+01 9.797340964818641584e-01 0.000000000000000000e+00 4.061297416687011719e+00
7.500000000000000000e+01 9.791668903548389480e-01 0.000000000000000000e+00 4.061332225799560547e+00
7.600000000000000000e+01 9.799382660007909251e-01 0.000000000000000000e+00 4.059865474700927734e+00
7.700000000000000000e+01 9.799042513276394750e-01 0.000000000000000000e+00 4.059432983398437500e+00
7.800000000000000000e+01 9.800284249435254891e-01 0.000000000000000000e+00 4.059792041778564453e+00
7.900000000000000000e+01 9.798164690364354890e-01 0.000000000000000000e+00 4.060114383697509766e+00
8.000000000000000000e+01 9.789321281587656243e-01 0.000000000000000000e+00 4.060709476470947266e+00
8.100000000000000000e+01 9.802485566102561165e-01 0.000000000000000000e+00 4.059815883636474609e+00
8.200000000000000000e+01 9.808190384644256410e-01 0.000000000000000000e+00 4.059951305389404297e+00
8.300000000000000000e+01 9.817039954389481515e-01 0.000000000000000000e+00 4.060507297515869141e+00
8.400000000000000000e+01 9.821523180972028255e-01 0.000000000000000000e+00 4.061230659484863281e+00
8.500000000000000000e+01 9.807916933624405420e-01 0.000000000000000000e+00 4.061624526977539062e+00
8.600000000000000000e+01 9.799595277017625339e-01 0.000000000000000000e+00 4.062835693359375000e+00
8.700000000000000000e+01 9.793554854051189640e-01 0.000000000000000000e+00 4.062742710113525391e+00
8.800000000000000000e+01 9.796745133649806814e-01 0.000000000000000000e+00 4.063262462615966797e+00
8.900000000000000000e+01 9.804873794899473527e-01 0.000000000000000000e+00 4.062863349914550781e+00
9.000000000000000000e+01 9.809649741911490306e-01 0.000000000000000000e+00 4.060966968536376953e+00
9.100000000000000000e+01 9.813258988087801837e-01 0.000000000000000000e+00 4.061270713806152344e+00
9.200000000000000000e+01 9.809130877645140245e-01 0.000000000000000000e+00 4.060190200805664062e+00
9.300000000000000000e+01 9.793247273070930792e-01 0.000000000000000000e+00 4.061313152313232422e+00
9.400000000000000000e+01 9.805356851117259520e-01 0.000000000000000000e+00 4.060386657714843750e+00
9.500000000000000000e+01 9.803480683204122137e-01 0.000000000000000000e+00 4.061407566070556641e+00
9.600000000000000000e+01 9.821590521094605286e-01 0.000000000000000000e+00 4.060867786407470703e+00
9.700000000000000000e+01 9.817177160749340770e-01 0.000000000000000000e+00 4.061635971069335938e+00
9.800000000000000000e+01 9.803359231330471824e-01 0.000000000000000000e+00 4.061841487884521484e+00
9.900000000000000000e+01 9.813160637355644589e-01 0.000000000000000000e+00 4.061429500579833984e+00
1.000000000000000000e+02 9.821387786845652279e-01 0.000000000000000000e+00 4.062158584594726562e+00
1.010000000000000000e+02 9.816106200667366055e-01 0.000000000000000000e+00 4.062069892883300781e+00
1.020000000000000000e+02 9.800234623014560942e-01 0.000000000000000000e+00 4.062097549438476562e+00
1.030000000000000000e+02 9.814975864939573524e-01 0.000000000000000000e+00 4.062022209167480469e+00
1.040000000000000000e+02 9.809730635938941345e-01 0.000000000000000000e+00 4.061952114105224609e+00
1.050000000000000000e+02 9.804573788735970741e-01 0.000000000000000000e+00 4.062621593475341797e+00
1.060000000000000000e+02 9.813700298909949771e-01 0.000000000000000000e+00 4.063200950622558594e+00
1.070000000000000000e+02 9.798924431609326025e-01 0.000000000000000000e+00 4.063070297241210938e+00
1.080000000000000000e+02 9.802078722573889236e-01 0.000000000000000000e+00 4.063212394714355469e+00
1.090000000000000000e+02 9.803906071481183204e-01 0.000000000000000000e+00 4.063395977020263672e+00
1.100000000000000000e+02 9.796536380124264420e-01 0.000000000000000000e+00 4.062603950500488281e+00
1.110000000000000000e+02 9.809328558556658084e-01 0.000000000000000000e+00 4.061278343200683594e+00
1.120000000000000000e+02 9.814165241620214086e-01 0.000000000000000000e+00 4.062070846557617188e+00
1.130000000000000000e+02 9.811495902112806755e-01 0.000000000000000000e+00 4.062861442565917969e+00
1.140000000000000000e+02 9.813075056385183181e-01 0.000000000000000000e+00 4.062282562255859375e+00
1.150000000000000000e+02 9.806644481021874471e-01 0.000000000000000000e+00 4.060890197753906250e+00
1.160000000000000000e+02 9.803630536193249645e-01 0.000000000000000000e+00 4.061226844787597656e+00
1.170000000000000000e+02 9.810337356735200354e-01 0.000000000000000000e+00 4.062327384948730469e+00
1.180000000000000000e+02 9.810059177299649269e-01 0.000000000000000000e+00 4.061975002288818359e+00
1.190000000000000000e+02 9.815722153344406120e-01 0.000000000000000000e+00 4.060857295989990234e+00
1.200000000000000000e+02 9.809182053979081939e-01 0.000000000000000000e+00 4.061472415924072266e+00
1.210000000000000000e+02 9.825589000378649462e-01 0.000000000000000000e+00 4.060717582702636719e+00
1.220000000000000000e+02 9.816550188294335122e-01 0.000000000000000000e+00 4.060554027557373047e+00
1.230000000000000000e+02 9.822983598610753875e-01 0.000000000000000000e+00 4.059922218322753906e+00
1.240000000000000000e+02 9.821540718971906170e-01 0.000000000000000000e+00 4.060166835784912109e+00
1.250000000000000000e+02 9.821764186321005896e-01 0.000000000000000000e+00 4.060952663421630859e+00
1.260000000000000000e+02 9.822792228935958159e-01 0.000000000000000000e+00 4.061369419097900391e+00
1.270000000000000000e+02 9.810962638663379698e-01 0.000000000000000000e+00 4.061240673065185547e+00
1.280000000000000000e+02 9.810571382568902266e-01 0.000000000000000000e+00 4.060854911804199219e+00
1.290000000000000000e+02 9.804440390247083359e-01 0.000000000000000000e+00 4.061731338500976562e+00
1.300000000000000000e+02 9.801205746469284774e-01 0.000000000000000000e+00 4.062203407287597656e+00
1.310000000000000000e+02 9.803548465664509992e-01 0.000000000000000000e+00 4.062720298767089844e+00
1.320000000000000000e+02 9.801953882294088816e-01 0.000000000000000000e+00 4.062208175659179688e+00
1.330000000000000000e+02 9.796867526352948108e-01 0.000000000000000000e+00 4.061110019683837891e+00
1.340000000000000000e+02 9.808795875614214621e-01 0.000000000000000000e+00 4.061310291290283203e+00
1.350000000000000000e+02 9.803156792204505976e-01 0.000000000000000000e+00 4.060245037078857422e+00
1.360000000000000000e+02 9.811384769099972258e-01 0.000000000000000000e+00 4.059410095214843750e+00
1.370000000000000000e+02 9.801803105309203623e-01 0.000000000000000000e+00 4.059137344360351562e+00
1.380000000000000000e+02 9.808177868347301986e-01 0.000000000000000000e+00 4.059058666229248047e+00
1.390000000000000000e+02 9.787470020885029598e-01 0.000000000000000000e+00 4.058256149291992188e+00
1.400000000000000000e+02 9.784767329804056057e-01 0.000000000000000000e+00 4.058976173400878906e+00
1.410000000000000000e+02 9.781124177551189236e-01 0.000000000000000000e+00 4.060129642486572266e+00
1.420000000000000000e+02 9.785062314154775454e-01 0.000000000000000000e+00 4.059710502624511719e+00
1.430000000000000000e+02 9.784346705364606045e-01 0.000000000000000000e+00 4.059302330017089844e+00
1.440000000000000000e+02 9.788804309754394195e-01 0.000000000000000000e+00 4.059476852416992188e+00
1.450000000000000000e+02 9.794251297310688775e-01 0.000000000000000000e+00 4.061057567596435547e+00
1.460000000000000000e+02 9.806456106790185645e-01 0.000000000000000000e+00 4.059679985046386719e+00
1.470000000000000000e+02 9.805765205266399054e-01 0.000000000000000000e+00 4.060035705566406250e+00
1.480000000000000000e+02 9.814459365426183579e-01 0.000000000000000000e+00 4.059586524963378906e+00
1.490000000000000000e+02 9.811967730252915132e-01 0.000000000000000000e+00 4.061086654663085938e+00
1.500000000000000000e+02 9.805020201827048254e-01 0.000000000000000000e+00 4.060825824737548828e+00
1.510000000000000000e+02 9.807312991773243782e-01 0.000000000000000000e+00 4.060605049133300781e+00
1.520000000000000000e+02 9.815319860382188955e-01 0.000000000000000000e+00 4.060597896575927734e+00
1.530000000000000000e+02 9.805890551125110433e-01 0.000000000000000000e+00 4.062139034271240234e+00
1.540000000000000000e+02 9.799697683600514519e-01 0.000000000000000000e+00 4.061893463134765625e+00
1.550000000000000000e+02 9.807995199049336366e-01 0.000000000000000000e+00 4.062292098999023438e+00
1.560000000000000000e+02 9.803765579130599983e-01 0.000000000000000000e+00 4.062288284301757812e+00
1.570000000000000000e+02 9.800321161997644914e-01 0.000000000000000000e+00 4.063067436218261719e+00
1.580000000000000000e+02 9.801174503890840439e-01 0.000000000000000000e+00 4.062551975250244141e+00
1.590000000000000000e+02 9.806089163984877954e-01 0.000000000000000000e+00 4.063229560852050781e+00
1.600000000000000000e+02 9.805853500931127620e-01 0.000000000000000000e+00 4.063075065612792969e+00
1.610000000000000000e+02 9.808642454376700348e-01 0.000000000000000000e+00 4.063455581665039062e+00
1.620000000000000000e+02 9.808185410553421635e-01 0.000000000000000000e+00 4.063366889953613281e+00
1.630000000000000000e+02 9.803647109325177578e-01 0.000000000000000000e+00 4.063775539398193359e+00
1.640000000000000000e+02 9.816706737643811076e-01 0.000000000000000000e+00 4.064737796783447266e+00
1.650000000000000000e+02 9.804000915634201174e-01 0.000000000000000000e+00 4.064117431640625000e+00
1.660000000000000000e+02 9.818799936871983602e-01 0.000000000000000000e+00 4.064890861511230469e+00
1.670000000000000000e+02 9.802461098076172830e-01 0.000000000000000000e+00 4.065330982208251953e+00
1.680000000000000000e+02 9.806400913789028451e-01 0.000000000000000000e+00 4.064285278320312500e+00
1.690000000000000000e+02 9.815962388071139966e-01 0.000000000000000000e+00 4.063848972320556641e+00
1.700000000000000000e+02 9.807797280185597266e-01 0.000000000000000000e+00 4.063215255737304688e+00
1.710000000000000000e+02 9.800932645791533560e-01 0.000000000000000000e+00 4.063415050506591797e+00
1.720000000000000000e+02 9.807440010289403265e-01 0.000000000000000000e+00 4.062354564666748047e+00
1.730000000000000000e+02 9.802153747659588801e-01 0.000000000000000000e+00 4.061991691589355469e+00
1.740000000000000000e+02 9.805104340862833556e-01 0.000000000000000000e+00 4.062311172485351562e+00
1.750000000000000000e+02 9.809885032680397687e-01 0.000000000000000000e+00 4.062158584594726562e+00
1.760000000000000000e+02 9.813903855910244278e-01 0.000000000000000000e+00 4.062262535095214844e+00
1.770000000000000000e+02 9.819611578743164815e-01 0.000000000000000000e+00 4.062034130096435547e+00
1.780000000000000000e+02 9.811928330283237187e-01 0.000000000000000000e+00 4.062860488891601562e+00
1.790000000000000000e+02 9.822627454678065639e-01 0.000000000000000000e+00 4.062819004058837891e+00
1.800000000000000000e+02 9.819658367308299329e-01 0.000000000000000000e+00 4.061999320983886719e+00
1.810000000000000000e+02 9.812595785236296608e-01 0.000000000000000000e+00 4.062522411346435547e+00
1.820000000000000000e+02 9.809525773488522171e-01 0.000000000000000000e+00 4.062940120697021484e+00
1.830000000000000000e+02 9.799464483746419541e-01 0.000000000000000000e+00 4.062210559844970703e+00
1.840000000000000000e+02 9.798594568580658581e-01 0.000000000000000000e+00 4.062314510345458984e+00
1.850000000000000000e+02 9.802564219255501810e-01 0.000000000000000000e+00 4.062259674072265625e+00
1.860000000000000000e+02 9.794215576778229071e-01 0.000000000000000000e+00 4.062521457672119141e+00
1.870000000000000000e+02 9.795347348873115756e-01 0.000000000000000000e+00 4.062438964843750000e+00
1.880000000000000000e+02 9.802376948958443359e-01 0.000000000000000000e+00 4.062876701354980469e+00
1.890000000000000000e+02 9.809393732437609037e-01 0.000000000000000000e+00 4.062967300415039062e+00
1.900000000000000000e+02 9.811373412723519705e-01 0.000000000000000000e+00 4.063176155090332031e+00
1.910000000000000000e+02 9.816831971548473090e-01 0.000000000000000000e+00 4.062288761138916016e+00
1.920000000000000000e+02 9.801281090877640434e-01 0.000000000000000000e+00 4.061175346374511719e+00
1.930000000000000000e+02 9.809166959696986599e-01 0.000000000000000000e+00 4.061688423156738281e+00
1.940000000000000000e+02 9.808268531962872627e-01 0.000000000000000000e+00 4.063327789306640625e+00
1.950000000000000000e+02 9.808723524086719880e-01 0.000000000000000000e+00 4.063022136688232422e+00
1.960000000000000000e+02 9.808457886110916180e-01 0.000000000000000000e+00 4.062918186187744141e+00
1.970000000000000000e+02 9.802499403247515453e-01 0.000000000000000000e+00 4.063589096069335938e+00
1.980000000000000000e+02 9.796014356726618910e-01 0.000000000000000000e+00 4.063224792480468750e+00
1.990000000000000000e+02 9.796358661132826828e-01 0.000000000000000000e+00 4.063634395599365234e+00
2.000000000000000000e+02 9.590427848138520783e-01 1.092230976580236268e-01 2.987901449203491211e+00
2.010000000000000000e+02 9.093989292184490036e-01 2.292272573271446623e-01 3.161713600158691406e+00
2.020000000000000000e+02 8.357794137660167211e-01 3.637313864170938493e-01 3.301938056945800781e+00
2.030000000000000000e+02 7.440893262037727718e-01 4.922806912905862142e-01 3.415991544723510742e+00
2.040000000000000000e+02 6.432464492808332990e-01 5.922472036270762796e-01 3.511373519897460938e+00
2.050000000000000000e+02 5.514374041664464876e-01 6.753497325000159535e-01 3.589205503463745117e+00
2.060000000000000000e+02 4.717062210100504416e-01 7.371689823933061936e-01 3.654963493347167969e+00
2.070000000000000000e+02 3.977097585049031991e-01 7.895053812009817928e-01 3.707979440689086914e+00
2.080000000000000000e+02 3.346763974472126701e-01 8.291312875380492109e-01 3.755990982055664062e+00
2.090000000000000000e+02 2.853316799544569626e-01 8.605149730985667267e-01 3.796840429306030273e+00
2.100000000000000000e+02 2.443241393167550346e-01 8.845871650714293155e-01 3.830513000488281250e+00
2.110000000000000000e+02 2.097196728183352288e-01 9.011595865041404085e-01 3.858905553817749023e+00
2.120000000000000000e+02 1.819424845115412692e-01 9.175720900369955801e-01 3.883430957794189453e+00
2.130000000000000000e+02 1.593593150714025242e-01 9.267956228390812345e-01 3.905353069305419922e+00
2.140000000000000000e+02 1.416892917128849960e-01 9.374663399218122750e-01 3.923113584518432617e+00
2.150000000000000000e+02 1.277318385078164698e-01 9.442590615531605280e-01 3.939709901809692383e+00
2.160000000000000000e+02 1.144068787115050667e-01 9.500819701333182987e-01 3.954040050506591797e+00
2.170000000000000000e+02 1.053811621407143573e-01 9.559880632628345865e-01 3.965641021728515625e+00
2.180000000000000000e+02 9.482701926000040860e-02 9.602855507523602174e-01 3.975413084030151367e+00
2.190000000000000000e+02 8.826914943532393476e-02 9.638910856587841192e-01 3.985100984573364258e+00
2.200000000000000000e+02 8.242214677708015191e-02 9.667301430637399440e-01 3.993429422378540039e+00
2.210000000000000000e+02 7.700939956036498280e-02 9.685671115940771569e-01 4.000287532806396484e+00
2.220000000000000000e+02 7.459355075432030913e-02 9.690213283039627035e-01 4.005465984344482422e+00
2.230000000000000000e+02 6.944913216523637689e-02 9.717574068576784185e-01 4.009151935577392578e+00
2.240000000000000000e+02 6.800168037630363593e-02 9.739079333949458572e-01 4.012876510620117188e+00
2.250000000000000000e+02 6.675154682994392796e-02 9.748086865663110334e-01 4.017458915710449219e+00
2.260000000000000000e+02 6.305753858609162987e-02 9.754223448017604881e-01 4.019018650054931641e+00
2.270000000000000000e+02 6.076299824248283799e-02 9.766708590194741468e-01 4.021049976348876953e+00
2.280000000000000000e+02 6.282378614282552176e-02 9.783122166183895185e-01 4.024105548858642578e+00
2.290000000000000000e+02 5.949963858860789212e-02 9.777830441618644564e-01 4.025685787200927734e+00
2.300000000000000000e+02 6.011087244862829693e-02 9.793016292701473002e-01 4.027808189392089844e+00
2.310000000000000000e+02 5.820941901748629549e-02 9.802056635795466377e-01 4.029925346374511719e+00
2.320000000000000000e+02 5.718014480831301594e-02 9.804667245493261518e-01 4.031387329101562500e+00
2.330000000000000000e+02 5.848434124815027335e-02 9.796597513244084121e-01 4.031496524810791016e+00
2.340000000000000000e+02 5.827789670387741733e-02 9.813683703019758786e-01 4.032160758972167969e+00
2.350000000000000000e+02 5.797363491066095942e-02 9.818482199349878314e-01 4.032803058624267578e+00
2.360000000000000000e+02 5.557153039592011706e-02 9.797145365376315196e-01 4.033687591552734375e+00
2.370000000000000000e+02 5.747969088221954043e-02 9.809249705829500288e-01 4.033887386322021484e+00
2.380000000000000000e+02 5.825276406188146378e-02 9.805301349205693962e-01 4.034497261047363281e+00
2.390000000000000000e+02 5.480283715291536101e-02 9.808762359881580961e-01 4.035382270812988281e+00
2.400000000000000000e+02 5.586218786334132963e-02 9.792850545308525723e-01 4.035209655761718750e+00
2.410000000000000000e+02 5.459393097512275222e-02 9.811439315325134469e-01 4.034853935241699219e+00
2.420000000000000000e+02 5.660495047835904098e-02 9.803255565295493357e-01 4.035666942596435547e+00
2.430000000000000000e+02 5.639949798508580442e-02 9.817473588448202282e-01 4.034780502319335938e+00
2.440000000000000000e+02 5.428614809651929884e-02 9.813337838795874735e-01 4.034835338592529297e+00
2.450000000000000000e+02 5.607588365379113232e-02 9.792231599697224231e-01 4.034241676330566406e+00
2.460000000000000000e+02 5.740756777368481029e-02 9.799733277973181611e-01 4.035029411315917969e+00
2.470000000000000000e+02 5.591036637496320238e-02 9.813431683596409716e-01 4.033891201019287109e+00
2.480000000000000000e+02 5.674680824040882754e-02 9.801863107583005386e-01 4.034488677978515625e+00
2.490000000000000000e+02 5.928427106416729597e-02 9.806936049271932632e-01 4.035578727722167969e+00
2.500000000000000000e+02 5.795564344386460592e-02 9.814202989789763132e-01 4.035968780517578125e+00
2.510000000000000000e+02 5.804267345631687613e-02 9.823099328528116514e-01 4.036457061767578125e+00
2.520000000000000000e+02 5.625196632195419988e-02 9.809791888905371460e-01 4.036138057708740234e+00
2.530000000000000000e+02 5.513313148344450160e-02 9.818664313936636967e-01 4.038440704345703125e+00
2.540000000000000000e+02 5.722974956805576552e-02 9.823287737461160463e-01 4.037890434265136719e+00
2.550000000000000000e+02 5.670947580622422157e-02 9.821761714978265445e-01 4.038506507873535156e+00
2.560000000000000000e+02 5.748265711407583162e-02 9.830834038024885979e-01 4.038108348846435547e+00
2.570000000000000000e+02 5.653841953141715282e-02 9.818423760386059129e-01 4.038746356964111328e+00
2.580000000000000000e+02 5.639439569549258707e-02 9.822358315834240905e-01 4.038669109344482422e+00
2.590000000000000000e+02 5.482117212122488564e-02 9.821485699180644291e-01 4.038567066192626953e+00
2.600000000000000000e+02 5.967992374959631835e-02 9.812085226182479802e-01 4.039254188537597656e+00
2.610000000000000000e+02 5.842339918969620405e-02 9.811825513225793660e-01 4.038543701171875000e+00
2.620000000000000000e+02 5.614752206951493380e-02 9.811365103676943367e-01 4.037969589233398438e+00
2.630000000000000000e+02 5.631178021672208350e-02 9.814155731660764159e-01 4.038066864013671875e+00
2.640000000000000000e+02 5.479410562625770115e-02 9.814165890229010758e-01 4.037668228149414062e+00
2.650000000000000000e+02 5.814053019235838893e-02 9.811809506930112557e-01 4.037358283996582031e+00
2.660000000000000000e+02 5.809201226512440697e-02 9.805838453950969091e-01 4.037384510040283203e+00
2.670000000000000000e+02 5.641542097710094961e-02 9.817960597880004414e-01 4.037964344024658203e+00
2.680000000000000000e+02 5.642935992916243287e-02 9.820925710057478719e-01 4.037075996398925781e+00
2.690000000000000000e+02 5.641455718367534983e-02 9.798436693772717421e-01 4.037344932556152344e+00
2.700000000000000000e+02 5.594886823912753604e-02 9.815562357895328827e-01 4.037150382995605469e+00
2.710000000000000000e+02 5.731186250475085037e-02 9.835194241210998278e-01 4.037593364715576172e+00
2.720000000000000000e+02 5.671609708879528366e-02 9.826118931592933148e-01 4.037261486053466797e+00
2.730000000000000000e+02 5.538402243641627615e-02 9.831326022956160537e-01 4.037449359893798828e+00
2.740000000000000000e+02 5.458285640273986827e-02 9.829122050397554045e-01 4.038129806518554688e+00
2.750000000000000000e+02 5.622462356204937367e-02 9.814519619650570181e-01 4.037983894348144531e+00
2.760000000000000000e+02 5.846276245822647905e-02 9.813930170442762835e-01 4.038264751434326172e+00
2.770000000000000000e+02 5.618314654640087918e-02 9.806937352772016059e-01 4.039103031158447266e+00
2.780000000000000000e+02 5.728987750995291617e-02 9.809048875099197762e-01 4.038882255554199219e+00
2.790000000000000000e+02 5.553872338632225708e-02 9.828041176665828216e-01 4.039352416992187500e+00
2.800000000000000000e+02 5.295647591029639667e-02 9.830293502591601618e-01 4.039460659027099609e+00
2.810000000000000000e+02 5.619231877067813741e-02 9.832653288775986544e-01 4.038535594940185547e+00
2.820000000000000000e+02 5.470049097364952650e-02 9.818191486607109608e-01 4.038238048553466797e+00
2.830000000000000000e+02 5.567394479442108052e-02 9.822562751960622895e-01 4.037184715270996094e+00
2.840000000000000000e+02 5.532343645411373634e-02 9.823876347926149277e-01 4.037798881530761719e+00
2.850000000000000000e+02 5.846909751934451643e-02 9.825738844770004476e-01 4.037785053253173828e+00
2.860000000000000000e+02 5.630975448308397219e-02 9.819321662910153181e-01 4.038412570953369141e+00
2.870000000000000000e+02 5.555212369701360842e-02 9.814270608907829097e-01 4.037808418273925781e+00
2.880000000000000000e+02 5.590681588240970640e-02 9.817238130214256397e-01 4.036665916442871094e+00
2.890000000000000000e+02 5.674895074129927136e-02 9.821740697520443542e-01 4.036775112152099609e+00
2.900000000000000000e+02 5.459662965921045080e-02 9.821747795010221660e-01 4.037232398986816406e+00
2.910000000000000000e+02 5.540568589502270491e-02 9.828848862297007161e-01 4.037615776062011719e+00
2.920000000000000000e+02 5.508798836130711363e-02 9.816262836910667477e-01 4.037792205810546875e+00
2.930000000000000000e+02 5.520789501580568998e-02 9.825098010512597346e-01 4.037529468536376953e+00
2.940000000000000000e+02 5.750860564618928694e-02 9.820241767339669137e-01 4.036784172058105469e+00
2.950000000000000000e+02 5.645177993323306082e-02 9.811363518793061456e-01 4.035971164703369141e+00
2.960000000000000000e+02 5.668399606039505739e-02 9.804251777546582058e-01 4.035085201263427734e+00
2.970000000000000000e+02 5.580983201100062768e-02 9.789567387144826327e-01 4.034679412841796875e+00
2.980000000000000000e+02 5.883091736184254544e-02 9.805287491704584024e-01 4.034129142761230469e+00
2.990000000000000000e+02 5.762825166374915126e-02 9.800324116851373280e-01 4.035209178924560547e+00
3.000000000000000000e+02 5.610702831340938501e-02 9.814356883180354041e-01 4.036108493804931641e+00
3.010000000000000000e+02 5.600828728519568339e-02 9.827775807541013764e-01 4.035617351531982422e+00
3.020000000000000000e+02 5.357965743039501405e-02 9.827321899218312007e-01 4.035698890686035156e+00
3.030000000000000000e+02 5.822678804104778477e-02 9.801764660368594839e-01 4.036151885986328125e+00
3.040000000000000000e+02 5.414875610569119813e-02 9.806673041510790556e-01 4.036381721496582031e+00
3.050000000000000000e+02 5.527170210625050734e-02 9.818345808660047247e-01 4.036230564117431641e+00
3.060000000000000000e+02 5.503279417208520319e-02 9.807919888814332632e-01 4.034879207611083984e+00
3.070000000000000000e+02 5.571524979951097967e-02 9.802488401864792866e-01 4.035664558410644531e+00
3.080000000000000000e+02 5.577985639478375696e-02 9.806495847488687634e-01 4.034732818603515625e+00
3.090000000000000000e+02 5.821388019724453577e-02 9.799383290999098550e-01 4.035860538482666016e+00
3.100000000000000000e+02 5.723993926091383577e-02 9.792097430449963058e-01 4.037160396575927734e+00
3.110000000000000000e+02 5.570369715098855146e-02 9.787982157961975238e-01 4.037281513214111328e+00
3.120000000000000000e+02 5.674537231516669361e-02 9.805615154903576380e-01 4.037785053253173828e+00
3.130000000000000000e+02 5.619419498551241759e-02 9.793531689459683554e-01 4.037283897399902344e+00
3.140000000000000000e+02 5.603564069081970467e-02 9.810663974048534630e-01 4.036561489105224609e+00
3.150000000000000000e+02 5.539826190265136063e-02 9.795496855507269673e-01 4.036480903625488281e+00
3.160000000000000000e+02 5.782592728102477903e-02 9.791101891112894418e-01 4.036743640899658203e+00
3.170000000000000000e+02 5.989035915614492056e-02 9.800893376798925916e-01 4.035851478576660156e+00
3.180000000000000000e+02 5.584984523157184716e-02 9.792042310620328038e-01 4.035892009735107422e+00
3.190000000000000000e+02 5.672064261564540438e-02 9.792544097889276378e-01 4.036401271820068359e+00
3.200000000000000000e+02 5.433532286638191600e-02 9.795240353195208138e-01 4.036938190460205078e+00
3.210000000000000000e+02 5.584214406094437089e-02 9.799733472485672170e-01 4.036967277526855469e+00
3.220000000000000000e+02 5.743518669233343976e-02 9.812910756710798710e-01 4.036516666412353516e+00
3.230000000000000000e+02 5.441876130577213977e-02 9.803420282744065295e-01 4.036768913269042969e+00
3.240000000000000000e+02 5.545444405040716312e-02 9.807850833166721349e-01 4.035945415496826172e+00
3.250000000000000000e+02 5.548103207551698807e-02 9.817798827966373043e-01 4.035919666290283203e+00
3.260000000000000000e+02 5.508445063194582214e-02 9.811993183590362877e-01 4.035297393798828125e+00
3.270000000000000000e+02 5.618158875564387839e-02 9.817377432510789870e-01 4.035180568695068359e+00
3.280000000000000000e+02 5.635254498820170543e-02 9.805012302889613007e-01 4.035076141357421875e+00
3.290000000000000000e+02 5.616048895444191585e-02 9.809886902625826188e-01 4.034731864929199219e+00
3.300000000000000000e+02 5.589231736215431040e-02 9.812636933927701977e-01 4.035262107849121094e+00
3.310000000000000000e+02 5.742065473990227986e-02 9.813270745208063639e-01 4.035747051239013672e+00
3.320000000000000000e+02 5.738233210116765876e-02 9.814029082188242548e-01 4.034657001495361328e+00
3.330000000000000000e+02 5.887581272152550560e-02 9.812745204437011148e-01 4.034440994262695312e+00
3.340000000000000000e+02 5.535948910150520486e-02 9.802755679478523110e-01 4.035148143768310547e+00
3.350000000000000000e+02 5.836345306866057292e-02 9.811070817451224002e-01 4.034212112426757812e+00
3.360000000000000000e+02 5.746661586517227971e-02 9.808551655630882715e-01 4.034550666809082031e+00
3.370000000000000000e+02 5.498042165427667605e-02 9.798017886532938148e-01 4.035977363586425781e+00
3.380000000000000000e+02 5.751333352183388842e-02 9.813277627670204950e-01 4.036689758300781250e+00
3.390000000000000000e+02 5.586474354475825382e-02 9.814661687716743632e-01 4.036711215972900391e+00
3.400000000000000000e+02 5.597610096195967250e-02 9.807294681209629550e-01 4.036755084991455078e+00
3.410000000000000000e+02 5.715765841009049636e-02 9.804173876979749291e-01 4.038013458251953125e+00
3.420000000000000000e+02 5.646789079748039397e-02 9.810745918654644182e-01 4.037261009216308594e+00
3.430000000000000000e+02 5.687684002364485486e-02 9.808270185461201995e-01 4.036688327789306641e+00
3.440000000000000000e+02 5.893384965154876975e-02 9.813941933699623643e-01 4.036641120910644531e+00
3.450000000000000000e+02 5.585602699682045563e-02 9.807585236561472408e-01 4.037439346313476562e+00
3.460000000000000000e+02 5.533052594850851325e-02 9.816687047239230912e-01 4.036264419555664062e+00
3.470000000000000000e+02 5.761123527762081892e-02 9.814861952895280739e-01 4.035542011260986328e+00
3.480000000000000000e+02 5.476453627412344871e-02 9.803059100798884318e-01 4.034892559051513672e+00
3.490000000000000000e+02 5.590628381093818572e-02 9.805772061261323058e-01 4.035075187683105469e+00
3.500000000000000000e+02 5.688651896628753313e-02 9.812467225525355330e-01 4.036474704742431641e+00
3.510000000000000000e+02 5.570676208137626678e-02 9.815045240102844293e-01 4.036091804504394531e+00
3.520000000000000000e+02 5.818130601865068030e-02 9.799024941297423963e-01 4.036429882049560547e+00
3.530000000000000000e+02 5.801266697722995413e-02 9.801676077298557832e-01 4.036434173583984375e+00
3.540000000000000000e+02 5.661226254307978600e-02 9.819569220820295596e-01 4.035623550415039062e+00
3.550000000000000000e+02 5.556248458881806601e-02 9.824496334799535102e-01 4.036719799041748047e+00
3.560000000000000000e+02 5.675594122148296117e-02 9.815891365443522032e-01 4.036867141723632812e+00
3.570000000000000000e+02 5.645445387396734460e-02 9.823725219748934423e-01 4.037566184997558594e+00
3.580000000000000000e+02 5.743661525569434406e-02 9.805332673817944711e-01 4.038521766662597656e+00
3.590000000000000000e+02 5.574141063442682176e-02 9.817914569014211112e-01 4.038972377777099609e+00
3.600000000000000000e+02 5.556479333756294409e-02 9.817216008919573689e-01 4.039052963256835938e+00
3.610000000000000000e+02 5.658047697112377622e-02 9.817511036295188953e-01 4.039074897766113281e+00
3.620000000000000000e+02 5.495744655393781236e-02 9.810975431779336287e-01 4.038678646087646484e+00
3.630000000000000000e+02 5.807087979757425550e-02 9.816770011160247389e-01 4.038352489471435547e+00
3.640000000000000000e+02 5.533825284221517010e-02 9.819995291384553404e-01 4.037524223327636719e+00
3.650000000000000000e+02 5.398669399553146508e-02 9.822267649288475289e-01 4.036515712738037109e+00
3.660000000000000000e+02 5.574594540944535076e-02 9.831356041948440261e-01 4.036930084228515625e+00
3.670000000000000000e+02 5.489526250041720096e-02 9.817838842634937224e-01 4.038237094879150391e+00
3.680000000000000000e+02 5.688361019298469878e-02 9.812879082648414686e-01 4.037378787994384766e+00
3.690000000000000000e+02 5.704863440888796600e-02 9.813190014214719925e-01 4.037309646606445312e+00
3.700000000000000000e+02 5.739011053671175255e-02 9.806479114023000099e-01 4.039133548736572266e+00
3.710000000000000000e+02 5.722478011536926562e-02 9.816147155502912280e-01 4.038328647613525391e+00
3.720000000000000000e+02 5.463239898235362074e-02 9.820894498251555582e-01 4.038996219635009766e+00
3.730000000000000000e+02 5.455059430074971072e-02 9.806580111967065916e-01 4.039117813110351562e+00
3.740000000000000000e+02 5.702930175762261494e-02 9.799783111031563632e-01 4.037710189819335938e+00
3.750000000000000000e+02 5.498967329997029446e-02 9.792243600723340435e-01 4.038171768188476562e+00
3.760000000000000000e+02 5.659530862022067732e-02 9.792664788739615656e-01 4.037799358367919922e+00
3.770000000000000000e+02 5.691933848596132661e-02 9.817194508893859473e-01 4.037751197814941406e+00
3.780000000000000000e+02 5.577828086837458704e-02 9.806293144234496939e-01 4.039635181427001953e+00
3.790000000000000000e+02 5.916448316593269502e-02 9.802621200218235575e-01 4.039595127105712891e+00
3.800000000000000000e+02 5.557292656902598771e-02 9.806640818867240483e-01 4.039831161499023438e+00
3.810000000000000000e+02 5.625326460709536430e-02 9.819323974026230584e-01 4.039982795715332031e+00
3.820000000000000000e+02 5.668757165360363559e-02 9.828845797469536461e-01 4.038574695587158203e+00
3.830000000000000000e+02 5.725743906420989460e-02 9.833529772333923225e-01 4.038121223449707031e+00
3.840000000000000000e+02 5.522480904045810185e-02 9.826510646624069256e-01 4.039671897888183594e+00
3.850000000000000000e+02 5.746116650558920347e-02 9.831258269518158288e-01 4.039241313934326172e+00
3.860000000000000000e+02 5.644443020423530605e-02 9.833052670401584150e-01 4.039805889129638672e+00
3.870000000000000000e+02 5.689120119861549446e-02 9.822732790161912142e-01 4.038274288177490234e+00
3.880000000000000000e+02 5.460261610017230760e-02 9.819882729209611361e-01 4.038353919982910156e+00
3.890000000000000000e+02 5.576719599208905531e-02 9.819058687912912697e-01 4.037806987762451172e+00
3.900000000000000000e+02 5.774070411696509419e-02 9.810618620092824704e-01 4.038547039031982422e+00
3.910000000000000000e+02 5.515454899208323963e-02 9.823886668641000908e-01 4.038252353668212891e+00
3.920000000000000000e+02 5.549263143749544325e-02 9.808368208025403101e-01 4.037558078765869141e+00
3.930000000000000000e+02 5.580547382497492992e-02 9.812647930650613137e-01 4.037263393402099609e+00
3.940000000000000000e+02 5.518852528099631172e-02 9.805947407951842720e-01 4.037800312042236328e+00
3.950000000000000000e+02 5.775833461744864922e-02 9.811756260697547249e-01 4.037879467010498047e+00
3.960000000000000000e+02 5.586175387387268959e-02 9.816213040847143745e-01 4.038143634796142578e+00
3.970000000000000000e+02 5.605778827219415339e-02 9.809082631840626565e-01 4.037523269653320312e+00
3.980000000000000000e+02 5.529513232029670267e-02 9.808842065654590492e-01 4.037892341613769531e+00
