0.000000000000000000e+00 1.138482451075961549e-01 0.000000000000000000e+00 2.985781908035278320e+00
1.000000000000000000e+00 2.526972572872715483e-01 0.000000000000000000e+00 3.159816980361938477e+00
2.000000000000000000e+00 4.012726755371383014e-01 0.000000000000000000e+00 3.297332525253295898e+00
3.000000000000000000e+00 5.296202985780265049e-01 0.000000000000000000e+00 3.407882452011108398e+00
4.000000000000000000e+00 6.356968271303887752e-01 0.000000000000000000e+00 3.496452569961547852e+00
5.000000000000000000e+00 7.163545141908965741e-01 0.000000000000000000e+00 3.569962978363037109e+00
6.000000000000000000e+00 7.786351492769049143e-01 0.000000000000000000e+00 3.630232095718383789e+00
7.000000000000000000e+00 8.240504505865471341e-01 0.000000000000000000e+00 3.680279970169067383e+00
8.000000000000000000e+00 8.566347218269884101e-01 0.000000000000000000e+00 3.721776008605957031e+00
9.000000000000000000e+00 8.792946522370221896e-01 0.000000000000000000e+00 3.757120609283447266e+00
1.000000000000000000e+01 8.978547724392763607e-01 0.000000000000000000e+00 3.785703420639038086e+00
1.100000000000000000e+01 9.139332337896157732e-01 0.000000000000000000e+00 3.808574438095092773e+00
1.200000000000000000e+01 9.266029058906015692e-01 0.000000000000000000e+00 3.828900098800659180e+00
1.300000000000000000e+01 9.351671164780904766e-01 0.000000000000000000e+00 3.847819566726684570e+00
1.400000000000000000e+01 9.424918356749076853e-01 0.000000000000000000e+00 3.862780570983886719e+00
1.500000000000000000e+01 9.490950800874689008e-01 0.000000000000000000e+00 3.875181436538696289e+00
1.600000000000000000e+01 9.532112514653914292e-01 0.000000000000000000e+00 3.885422945022583008e+00
1.700000000000000000e+01 9.560692878546394047e-01 0.000000000000000000e+00 3.894131898880004883e+00
1.800000000000000000e+01 9.589427325060931873e-01 0.000000000000000000e+00 3.901034593582153320e+00
1.900000000000000000e+01 9.616523085945988258e-01 0.000000000000000000e+00 3.907254457473754883e+00
2.000000000000000000e+01 9.638246462620246868e-01 0.000000000000000000e+00 3.911810398101806641e+00
2.100000000000000000e+01 9.657671322488425858e-01 0.000000000000000000e+00 3.916791915893554688e+00
2.200000000000000000e+01 9.667046173993325553e-01 0.000000000000000000e+00 3.921344041824340820e+00
2.300000000000000000e+01 9.685017232332263637e-01 0.000000000000000000e+00 3.924392461776733398e+00
2.400000000000000000e+01 9.697164092569769966e-01 0.000000000000000000e+00 3.926216602325439453e+00
2.500000000000000000e+01 9.694001100329974197e-01 0.000000000000000000e+00 3.927800893783569336e+00
2.600000000000000000e+01 9.709867845065222047e-01 0.000000000000000000e+00 3.928948879241943359e+00
2.700000000000000000e+01 9.711738880574929400e-01 0.000000000000000000e+00 3.929222583770751953e+00
2.800000000000000000e+01 9.721008391684139438e-01 0.000000000000000000e+00 3.930984020233154297e+00
2.900000000000000000e+01 9.734337460676821818e-01 0.000000000000000000e+00 3.932435989379882812e+00
3.000000000000000000e+01 9.742704526160742562e-01 0.000000000000000000e+00 3.933292388916015625e+00
3.100000000000000000e+01 9.745625415131321523e-01 0.000000000000000000e+00 3.935079097747802734e+00
3.200000000000000000e+01 9.744567694038756001e-01 0.000000000000000000e+00 3.935649871826171875e+00
3.300000000000000000e+01 9.738453109614120251e-01 0.000000000000000000e+00 3.935160398483276367e+00
3.400000000000000000e+01 9.734727337854383045e-01 0.000000000000000000e+00 3.935495376586914062e+00
3.500000000000000000e+01 9.746643017238642015e-01 0.000000000000000000e+00 3.936898946762084961e+00
3.600000000000000000e+01 9.748758862053000795e-01 0.000000000000000000e+00 3.937016963958740234e+00
3.700000000000000000e+01 9.735899839010726531e-01 0.000000000000000000e+00 3.936049938201904297e+00
3.800000000000000000e+01 9.743293329198223773e-01 0.000000000000000000e+00 3.935647010803222656e+00
3.900000000000000000e+01 9.723131036974074215e-01 0.000000000000000000e+00 3.936249017715454102e+00
4.000000000000000000e+01 9.738765700779326018e-01 0.000000000000000000e+00 3.936790466308593750e+00
4.100000000000000000e+01 9.729165034833182624e-01 0.000000000000000000e+00 3.937297105789184570e+00
4.200000000000000000e+01 9.741705180703175149e-01 0.000000000000000000e+00 3.937104940414428711e+00
4.300000000000000000e+01 9.737441208799666459e-01 0.000000000000000000e+00 3.938450098037719727e+00
4.400000000000000000e+01 9.752509498353664208e-01 0.000000000000000000e+00 3.937232971191406250e+00
4.500000000000000000e+01 9.757402779123438563e-01 0.000000000000000000e+00 3.936312437057495117e+00
4.600000000000000000e+01 9.763704759637845676e-01 0.000000000000000000e+00 3.936351537704467773e+00
4.700000000000000000e+01 9.747151481412394958e-01 0.000000000000000000e+00 3.937309026718139648e+00
4.800000000000000000e+01 9.737563273342211279e-01 0.000000000000000000e+00 3.938272953033447266e+00
4.900000000000000000e+01 9.749870846853879724e-01 0.000000000000000000e+00 3.937165021896362305e+00
5.000000000000000000e+01 9.744085180159194337e-01 0.000000000000000000e+00 3.935793876647949219e+00
5.100000000000000000e+01 9.750958930681662418e-01 0.000000000000000000e+00 3.935221433639526367e+00
5.200000000000000000e+01 9.751483749924266808e-01 0.000000000000000000e+00 3.936345100402832031e+00
5.300000000000000000e+01 9.762049799231602432e-01 0.000000000000000000e+00 3.937521934509277344e+00
5.400000000000000000e+01 9.761763154069980075e-01 0.000000000000000000e+00 3.937733411788940430e+00
5.500000000000000000e+01 9.744469700697876435e-01 0.000000000000000000e+00 3.938661575317382812e+00
5.600000000000000000e+01 9.763283665603984529e-01 0.000000000000000000e+00 3.939349889755249023e+00
5.700000000000000000e+01 9.752306871822078449e-01 0.000000000000000000e+00 3.939699411392211914e+00
5.800000000000000000e+01 9.768606937430878157e-01 0.000000000000000000e+00 3.939984560012817383e+00
5.900000000000000000e+01 9.756679816748174972e-01 0.000000000000000000e+00 3.940243959426879883e+00
6.000000000000000000e+01 9.746915271072498221e-01 0.000000000000000000e+00 3.939229011535644531e+00
6.100000000000000000e+01 9.753199725951459120e-01 0.000000000000000000e+00 3.939146041870117188e+00
6.200000000000000000e+01 9.742165211875604136e-01 0.000000000000000000e+00 3.939508438110351562e+00
6.300000000000000000e+01 9.747377081104990904e-01 0.000000000000000000e+00 3.939238548278808594e+00
6.400000000000000000e+01 9.740124305700941232e-01 0.000000000000000000e+00 3.938296079635620117e+00
6.500000000000000000e+01 9.740358627047548401e-01 0.000000000000000000e+00 3.937934875488281250e+00
6.600000000000000000e+01 9.731359626501231430e-01 0.000000000000000000e+00 3.939357042312622070e+00
6.700000000000000000e+01 9.728574976004705777e-01 0.000000000000000000e+00 3.939024448394775391e+00
6.800000000000000000e+01 9.742495077426723826e-01 0.000000000000000000e+00 3.939897537231445312e+00
6.900000000000000000e+01 9.738384551747406581e-01 0.000000000000000000e+00 3.940437555313110352e+00
7.000000000000000000e+01 9.755235377449393841e-01 0.000000000000000000e+00 3.941143035888671875e+00
7.100000000000000000e+01 9.753731038457881253e-01 0.000000000000000000e+00 3.941519021987915039e+00
7.200000000000000000e+01 9.745563146410732847e-01 0.000000000000000000e+00 3.940988063812255859e+00
7.300000000000000000e+01 9.754668102420168685e-01 0.000000000000000000e+00 3.940529584884643555e+00
7.400000000000000000e+01 9.744315101599666518e-01 0.000000000000000000e+00 3.940706968307495117e+00
7.500000000000000000e+01 9.751728149706999638e-01 0.000000000000000000e+00 3.940213918685913086e+00
7.600000000000000000e+01 9.757700159589505207e-01 0.000000000000000000e+00 3.939983606338500977e+00
7.700000000000000000e+01 9.753645510218463821e-01 0.000000000000000000e+00 3.939959526062011719e+00
7.800000000000000000e+01 9.753558548697776054e-01 0.000000000000000000e+00 3.940534591674804688e+00
7.900000000000000000e+01 9.761651202590260201e-01 0.000000000000000000e+00 3.940003395080566406e+00
8.000000000000000000e+01 9.769452219063652354e-01 0.000000000000000000e+00 3.940404415130615234e+00
8.100000000000000000e+01 9.767837138522074136e-01 0.000000000000000000e+00 3.940052032470703125e+00
8.200000000000000000e+01 9.784480393013695876e-01 0.000000000000000000e+00 3.940751552581787109e+00
8.300000000000000000e+01 9.770533054329192391e-01 0.000000000000000000e+00 3.938822031021118164e+00
8.400000000000000000e+01 9.767994310882286424e-01 0.000000000000000000e+00 3.938888072967529297e+00
8.500000000000000000e+01 9.761346469731596587e-01 0.000000000000000000e+00 3.938774108886718750e+00
8.600000000000000000e+01 9.775255163618076226e-01 0.000000000000000000e+00 3.938759088516235352e+00
8.700000000000000000e+01 9.769809774413319436e-01 0.000000000000000000e+00 3.938271522521972656e+00
8.800000000000000000e+01 9.765606088599870782e-01 0.000000000000000000e+00 3.939322471618652344e+00
8.900000000000000000e+01 9.747698167273276537e-01 0.000000000000000000e+00 3.939192533493041992e+00
9.000000000000000000e+01 9.760412196221697201e-01 0.000000000000000000e+00 3.938371419906616211e+00
9.100000000000000000e+01 9.758001253078888437e-01 0.000000000000000000e+00 3.937767505645751953e+00
9.200000000000000000e+01 9.764224846133072733e-01 0.000000000000000000e+00 3.938402414321899414e+00
9.300000000000000000e+01 9.763111325634997728e-01 0.000000000000000000e+00 3.938286066055297852e+00
9.400000000000000000e+01 9.762608673635078116e-01 0.000000000000000000e+00 3.938849925994873047e+00
9.500000000000000000e+01 9.746842787496349247e-01 0.000000000000000000e+00 3.939510583877563477e+00
9.600000000000000000e+01 9.763807797314359993e-01 0.000000000000000000e+00 3.940207958221435547e+00
9.700000000000000000e+01 9.759886918220455065e-01 0.000000000000000000e+00 3.940465927124023438e+00
9.800000000000000000e+01 9.763292819903873765e-01 0.000000000000000000e+00 3.938836097717285156e+00
9.900000000000000000e+01 9.767110570941859304e-01 0.000000000000000000e+00 3.938826560974121094e+00
1.000000000000000000e+02 9.750936156296815538e-01 0.000000000000000000e+00 3.939133882522583008e+00
1.010000000000000000e+02 9.765108927475697476e-01 0.000000000000000000e+00 3.939592599868774414e+00
1.020000000000000000e+02 9.774215894859489273e-01 0.000000000000000000e+00 3.940890550613403320e+00
1.030000000000000000e+02 9.766792421114390832e-01 0.000000000000000000e+00 3.940330028533935547e+00
1.040000000000000000e+02 9.777442720617269822e-01 0.000000000000000000e+00 3.939800500869750977e+00
1.050000000000000000e+02 9.763647967444070153e-01 0.000000000000000000e+00 3.938908576965332031e+00
1.060000000000000000e+02 9.752271305918485123e-01 0.000000000000000000e+00 3.939441919326782227e+00
1.070000000000000000e+02 9.768896754474292177e-01 0.000000000000000000e+00 3.937983512878417969e+00
1.080000000000000000e+02 9.773030250927664531e-01 0.000000000000000000e+00 3.938554048538208008e+00
1.090000000000000000e+02 9.776947417022481268e-01 0.000000000000000000e+00 3.939012050628662109e+00
1.100000000000000000e+02 9.774513482593670810e-01 0.000000000000000000e+00 3.940001964569091797e+00
1.110000000000000000e+02 9.764611156186123742e-01 0.000000000000000000e+00 3.939354896545410156e+00
1.120000000000000000e+02 9.752228634879028801e-01 0.000000000000000000e+00 3.938725471496582031e+00
1.130000000000000000e+02 9.748864595323641913e-01 0.000000000000000000e+00 3.937433004379272461e+00
1.140000000000000000e+02 9.743214863605712539e-01 0.000000000000000000e+00 3.936887502670288086e+00
1.150000000000000000e+02 9.734432956174038365e-01 0.000000000000000000e+00 3.938347101211547852e+00
1.160000000000000000e+02 9.733363149096454503e-01 0.000000000000000000e+00 3.937887430191040039e+00
1.170000000000000000e+02 9.741814517731361978e-01 0.000000000000000000e+00 3.936783075332641602e+00
1.180000000000000000e+02 9.734030085789469044e-01 0.000000000000000000e+00 3.938023090362548828e+00
1.190000000000000000e+02 9.747976079936433447e-01 0.000000000000000000e+00 3.938539981842041016e+00
1.200000000000000000e+02 9.729014357657680412e-01 0.000000000000000000e+00 3.937888383865356445e+00
1.210000000000000000e+02 9.744878129036064207e-01 0.000000000000000000e+00 3.936986923217773438e+00
1.220000000000000000e+02 9.744251655686929636e-01 0.000000000000000000e+00 3.937780380249023438e+00
1.230000000000000000e+02 9.737874215275792444e-01 0.000000000000000000e+00 3.937750101089477539e+00
1.240000000000000000e+02 9.739075024473531350e-01 0.000000000000000000e+00 3.938302040100097656e+00
1.250000000000000000e+02 9.754074322696243415e-01 0.000000000000000000e+00 3.938013076782226562e+00
1.260000000000000000e+02 9.754643060022215595e-01 0.000000000000000000e+00 3.938096523284912109e+00
1.270000000000000000e+02 9.746439607694156182e-01 0.000000000000000000e+00 3.938644409179687500e+00
1.280000000000000000e+02 9.738957730908611721e-01 0.000000000000000000e+00 3.938432455062866211e+00
1.290000000000000000e+02 9.735541613599545396e-01 0.000000000000000000e+00 3.938678503036499023e+00
1.300000000000000000e+02 9.749738951246635921e-01 0.000000000000000000e+00 3.939320087432861328e+00
1.310000000000000000e+02 9.741745924522832167e-01 0.000000000000000000e+00 3.939332485198974609e+00
1.320000000000000000e+02 9.753064439507422856e-01 0.000000000000000000e+00 3.939546585083007812e+00
1.330000000000000000e+02 9.747951182065496267e-01 0.000000000000000000e+00 3.938911437988281250e+00
1.340000000000000000e+02 9.745405483407377778e-01 0.000000000000000000e+00 3.938112497329711914e+00
1.350000000000000000e+02 9.750767793627242996e-01 0.000000000000000000e+00 3.938536882400512695e+00
1.360000000000000000e+02 9.734749325860655444e-01 0.000000000000000000e+00 3.938908576965332031e+00
1.370000000000000000e+02 9.739073881693635082e-01 0.000000000000000000e+00 3.937721490859985352e+00
1.380000000000000000e+02 9.741358653422687031e-01 0.000000000000000000e+00 3.937683582305908203e+00
1.390000000000000000e+02 9.730477904310974591e-01 0.000000000000000000e+00 3.938395023345947266e+00
1.400000000000000000e+02 9.728564509876364008e-01 0.000000000000000000e+00 3.937470436096191406e+00
1.410000000000000000e+02 9.725666900305325324e-01 0.000000000000000000e+00 3.937177419662475586e+00
1.420000000000000000e+02 9.732004393793545205e-01 0.000000000000000000e+00 3.938215494155883789e+00
1.430000000000000000e+02 9.737209428388474697e-01 0.000000000000000000e+00 3.938477993011474609e+00
1.440000000000000000e+02 9.732528957544400727e-01 0.000000000000000000e+00 3.938560962677001953e+00
1.450000000000000000e+02 9.761286217671681920e-01 0.000000000000000000e+00 3.938210964202880859e+00
1.460000000000000000e+02 9.760442345275165410e-01 0.000000000000000000e+00 3.938139915466308594e+00
1.470000000000000000e+02 9.753838061548635308e-01 0.000000000000000000e+00 3.936121463775634766e+00
1.480000000000000000e+02 9.756875365157351432e-01 0.000000000000000000e+00 3.936660051345825195e+00
1.490000000000000000e+02 9.756485270302818202e-01 0.000000000000000000e+00 3.936048507690429688e+00
1.500000000000000000e+02 9.756294941868893789e-01 0.000000000000000000e+00 3.936919450759887695e+00
1.510000000000000000e+02 9.745240447213326940e-01 0.000000000000000000e+00 3.938422441482543945e+00
1.520000000000000000e+02 9.737314693001645205e-01 0.000000000000000000e+00 3.939410924911499023e+00
1.530000000000000000e+02 9.725573636915230136e-01 0.000000000000000000e+00 3.939707040786743164e+00
1.540000000000000000e+02 9.723328342052083295e-01 0.000000000000000000e+00 3.939513444900512695e+00
1.550000000000000000e+02 9.728322685719877905e-01 0.000000000000000000e+00 3.938725471496582031e+00
1.560000000000000000e+02 9.735489298966570892e-01 0.000000000000000000e+00 3.937858104705810547e+00
1.570000000000000000e+02 9.747941834147965112e-01 0.000000000000000000e+00 3.938422918319702148e+00
1.580000000000000000e+02 9.749823332980798174e-01 0.000000000000000000e+00 3.939167022705078125e+00
1.590000000000000000e+02 9.734778355910330694e-01 0.000000000000000000e+00 3.938069105148315430e+00
1.600000000000000000e+02 9.725274549963754955e-01 0.000000000000000000e+00 3.938768386840820312e+00
1.610000000000000000e+02 9.735601360586473296e-01 0.000000000000000000e+00 3.938498973846435547e+00
1.620000000000000000e+02 9.743928741145716499e-01 0.000000000000000000e+00 3.939132928848266602e+00
1.630000000000000000e+02 9.731379389838489269e-01 0.000000000000000000e+00 3.938857078552246094e+00
1.640000000000000000e+02 9.740877742569776787e-01 0.000000000000000000e+00 3.939537048339843750e+00
1.650000000000000000e+02 9.757350093661080193e-01 0.000000000000000000e+00 3.940387487411499023e+00
1.660000000000000000e+02 9.750065983187731211e-01 0.000000000000000000e+00 3.940165519714355469e+00
1.670000000000000000e+02 9.767893197841770458e-01 0.000000000000000000e+00 3.939968109130859375e+00
1.680000000000000000e+02 9.754811477822412646e-01 0.000000000000000000e+00 3.939827442169189453e+00
1.690000000000000000e+02 9.738409148290941841e-01 0.000000000000000000e+00 3.940189599990844727e+00
1.700000000000000000e+02 9.750473033977301585e-01 0.000000000000000000e+00 3.940147876739501953e+00
1.710000000000000000e+02 9.756238490604178804e-01 0.000000000000000000e+00 3.939258098602294922e+00
1.720000000000000000e+02 9.742414647560236896e-01 0.000000000000000000e+00 3.939599990844726562e+00
1.730000000000000000e+02 9.754194510291539499e-01 0.000000000000000000e+00 3.938408374786376953e+00
1.740000000000000000e+02 9.747405894609887378e-01 0.000000000000000000e+00 3.938652515411376953e+00
1.750000000000000000e+02 9.744506614024472935e-01 0.000000000000000000e+00 3.937818527221679688e+00
1.760000000000000000e+02 9.745318032211840453e-01 0.000000000000000000e+00 3.938477993011474609e+00
1.770000000000000000e+02 9.747353961447692283e-01 0.000000000000000000e+00 3.937573432922363281e+00
1.780000000000000000e+02 9.745189915977969797e-01 0.000000000000000000e+00 3.937658071517944336e+00
1.790000000000000000e+02 9.742971158936576392e-01 0.000000000000000000e+00 3.938188552856445312e+00
1.800000000000000000e+02 9.747685577778122390e-01 0.000000000000000000e+00 3.938576936721801758e+00
1.810000000000000000e+02 9.748144483850452735e-01 0.000000000000000000e+00 3.938384056091308594e+00
1.820000000000000000e+02 9.768907129088340024e-01 0.000000000000000000e+00 3.937912464141845703e+00
1.830000000000000000e+02 9.755576451594437648e-01 0.000000000000000000e+00 3.938930034637451172e+00
1.840000000000000000e+02 9.761182724389410037e-01 0.000000000000000000e+00 3.937953948974609375e+00
1.850000000000000000e+02 9.753620416910981916e-01 0.000000000000000000e+00 3.938520908355712891e+00
1.860000000000000000e+02 9.766515637875758937e-01 0.000000000000000000e+00 3.938610076904296875e+00
1.870000000000000000e+02 9.753628726689379524e-01 0.000000000000000000e+00 3.938488960266113281e+00
1.880000000000000000e+02 9.761098071474927362e-01 0.000000000000000000e+00 3.938206434249877930e+00
1.890000000000000000e+02 9.761342708513421895e-01 0.000000000000000000e+00 3.938703536987304688e+00
1.900000000000000000e+02 9.769428798027097738e-01 0.000000000000000000e+00 3.941121578216552734e+00
1.910000000000000000e+02 9.759469435580561125e-01 0.000000000000000000e+00 3.939761877059936523e+00
1.920000000000000000e+02 9.752007208218083090e-01 0.000000000000000000e+00 3.940253019332885742e+00
1.930000000000000000e+02 9.754563171165983038e-01 0.000000000000000000e+00 3.939198970794677734e+00
1.940000000000000000e+02 9.745830424264352310e-01 0.000000000000000000e+00 3.939121961593627930e+00
1.950000000000000000e+02 9.767597623823577324e-01 0.000000000000000000e+00 3.938739538192749023e+00
1.960000000000000000e+02 9.759189282381673936e-01 0.000000000000000000e+00 3.939473390579223633e+00
1.970000000000000000e+02 9.754780536551684866e-01 0.000000000000000000e+00 3.937579393386840820e+00
1.980000000000000000e+02 9.745900873075438176e-01 0.000000000000000000e+00 3.937547922134399414e+00
1.990000000000000000e+02 9.748171965114833526e-01 0.000000000000000000e+00 3.938128948211669922e+00
2.000000000000000000e+02 9.412485734380117153e-01 1.173947552737480554e-01 3.009015560150146484e+00
2.010000000000000000e+02 8.722473698038633039e-01 2.541526482540609200e-01 3.182218074798583984e+00
2.020000000000000000e+02 7.770871439536424230e-01 4.020844577769302486e-01 3.319292545318603516e+00
2.030000000000000000e+02 6.668407485858247608e-01 5.300640239108751484e-01 3.428644418716430664e+00
2.040000000000000000e+02 5.585459694520032992e-01 6.327904817273322102e-01 3.517396926879882812e+00
2.050000000000000000e+02 4.629382622310799222e-01 7.124044716543777023e-01 3.590082883834838867e+00
2.060000000000000000e+02 3.808278952484920321e-01 7.735244590638831186e-01 3.650241374969482422e+00
2.070000000000000000e+02 3.117409318506471072e-01 8.190675078950385712e-01 3.699980020523071289e+00
2.080000000000000000e+02 2.552547627009473241e-01 8.538214527619250038e-01 3.740762472152709961e+00
2.090000000000000000e+02 2.151243074427619806e-01 8.792470554977904751e-01 3.775804042816162109e+00
2.100000000000000000e+02 1.831696282386751640e-01 8.979954417808527767e-01 3.804887533187866211e+00
2.110000000000000000e+02 1.541566185565377278e-01 9.129792473226462368e-01 3.828770399093627930e+00
2.120000000000000000e+02 1.352611837152534191e-01 9.255837690731831824e-01 3.848722934722900391e+00
2.130000000000000000e+02 1.178460022114223987e-01 9.368290228183009383e-01 3.866878032684326172e+00
2.140000000000000000e+02 1.065551339088177119e-01 9.428213148675098632e-01 3.881403923034667969e+00
2.150000000000000000e+02 9.493050013677480081e-02 9.483926090257214225e-01 3.892603874206542969e+00
2.160000000000000000e+02 8.558191315508836827e-02 9.530882375773741533e-01 3.903343915939331055e+00
2.170000000000000000e+02 8.047678606211447483e-02 9.569447040151629613e-01 3.911870479583740234e+00
2.180000000000000000e+02 7.446358285696531853e-02 9.585406562405407449e-01 3.919846057891845703e+00
2.190000000000000000e+02 6.936146880017807215e-02 9.598651583007926646e-01 3.925884008407592773e+00
2.200000000000000000e+02 6.753712220809750255e-02 9.617892468066370215e-01 3.930717945098876953e+00
2.210000000000000000e+02 6.397814604324224275e-02 9.646025199884714629e-01 3.934505939483642578e+00
2.220000000000000000e+02 6.051186759733956366e-02 9.676604172227087908e-01 3.937758445739746094e+00
2.230000000000000000e+02 5.985956647912935025e-02 9.691940300442716261e-01 3.940962553024291992e+00
2.240000000000000000e+02 5.901981995405921472e-02 9.705619241127990682e-01 3.943916082382202148e+00
2.250000000000000000e+02 5.652291408598802275e-02 9.708597623686862077e-01 3.946121931076049805e+00
2.260000000000000000e+02 5.568679480398587567e-02 9.712284107604224337e-01 3.949064970016479492e+00
2.270000000000000000e+02 5.702756105435419220e-02 9.715672237141533829e-01 3.951153993606567383e+00
2.280000000000000000e+02 5.496722541205915219e-02 9.711774040302852962e-01 3.953971385955810547e+00
2.290000000000000000e+02 5.648557431020591324e-02 9.712269308404342105e-01 3.954375505447387695e+00
2.300000000000000000e+02 5.692025981168981341e-02 9.725394385565205857e-01 3.956153392791748047e+00
2.310000000000000000e+02 5.621757957566266006e-02 9.733498293302604853e-01 3.955593585968017578e+00
2.320000000000000000e+02 5.611580310362261625e-02 9.734711550197915342e-01 3.956798553466796875e+00
2.330000000000000000e+02 5.393411020537183798e-02 9.733401177679258387e-01 3.957841396331787109e+00
2.340000000000000000e+02 5.478324045761356204e-02 9.737781465953978532e-01 3.958162069320678711e+00
2.350000000000000000e+02 5.536105595137553320e-02 9.739518666482217535e-01 3.957415103912353516e+00
2.360000000000000000e+02 5.282591641731044368e-02 9.736463951663867356e-01 3.957923889160156250e+00
2.370000000000000000e+02 5.519641738551444438e-02 9.741091764204611314e-01 3.957386970520019531e+00
2.380000000000000000e+02 5.359069620592517985e-02 9.745469934879440466e-01 3.958861589431762695e+00
2.390000000000000000e+02 5.405458896237350791e-02 9.726411994869313959e-01 3.958426952362060547e+00
2.400000000000000000e+02 5.154894431055750265e-02 9.725992103198548566e-01 3.958473443984985352e+00
2.410000000000000000e+02 5.346317995119832106e-02 9.724861181588702053e-01 3.958975553512573242e+00
2.420000000000000000e+02 5.375876680801149055e-02 9.714555352181442061e-01 3.958625555038452148e+00
2.430000000000000000e+02 5.389178136439350120e-02 9.716321546696931044e-01 3.960133552551269531e+00
2.440000000000000000e+02 5.388015512113131233e-02 9.721728615078562008e-01 3.959625959396362305e+00
2.450000000000000000e+02 5.361560987154679464e-02 9.719959903859017869e-01 3.959808588027954102e+00
2.460000000000000000e+02 5.495390619385550485e-02 9.716102076559064438e-01 3.959131002426147461e+00
2.470000000000000000e+02 5.511454833619932464e-02 9.707041283874892068e-01 3.958153486251831055e+00
2.480000000000000000e+02 5.315391111467012569e-02 9.705141136693749004e-01 3.957796573638916016e+00
2.490000000000000000e+02 5.389638875439276000e-02 9.709579285721363640e-01 3.957699060440063477e+00
2.500000000000000000e+02 5.261736128093907200e-02 9.717057350857823961e-01 3.956844568252563477e+00
2.510000000000000000e+02 5.368780094237448480e-02 9.730077993036407857e-01 3.957855463027954102e+00
2.520000000000000000e+02 5.395493699991576325e-02 9.712578392071148370e-01 3.957468032836914062e+00
2.530000000000000000e+02 5.209952035658595854e-02 9.729303183437286728e-01 3.956874608993530273e+00
2.540000000000000000e+02 5.589589369272263825e-02 9.749964663104273566e-01 3.957154035568237305e+00
2.550000000000000000e+02 5.366421964879680012e-02 9.740113995023030879e-01 3.957265377044677734e+00
2.560000000000000000e+02 5.458702949214543770e-02 9.747467626443052646e-01 3.957306385040283203e+00
2.570000000000000000e+02 5.500683388204211793e-02 9.745217941985399035e-01 3.958666563034057617e+00
2.580000000000000000e+02 5.246689359791925633e-02 9.752526341292938605e-01 3.958694458007812500e+00
2.590000000000000000e+02 5.524989670451908863e-02 9.744518176966046052e-01 3.958774566650390625e+00
2.600000000000000000e+02 5.318838155094541414e-02 9.740977153311443093e-01 3.958189487457275391e+00
2.610000000000000000e+02 5.588866279491470218e-02 9.758938664191177947e-01 3.958874940872192383e+00
2.620000000000000000e+02 5.413834126372889244e-02 9.754760745842118164e-01 3.960262537002563477e+00
2.630000000000000000e+02 5.250489316569360854e-02 9.744734701207751204e-01 3.959256887435913086e+00
2.640000000000000000e+02 5.363090492966452599e-02 9.752631230224435566e-01 3.959085941314697266e+00
2.650000000000000000e+02 5.615402148413014410e-02 9.742111942938018743e-01 3.958014488220214844e+00
2.660000000000000000e+02 5.543665389375219965e-02 9.764466463780407945e-01 3.957638025283813477e+00
2.670000000000000000e+02 5.271550209110323348e-02 9.769098405789442552e-01 3.958192586898803711e+00
2.680000000000000000e+02 5.252707018296864927e-02 9.756807156534691439e-01 3.957109451293945312e+00
2.690000000000000000e+02 5.334223539627956645e-02 9.752941760696308693e-01 3.956665992736816406e+00
2.700000000000000000e+02 5.311166021721886593e-02 9.761011457303994110e-01 3.955531597137451172e+00
2.710000000000000000e+02 5.022538424591097700e-02 9.753162921939932950e-01 3.955950975418090820e+00
2.720000000000000000e+02 5.426769285738441972e-02 9.758609495749434037e-01 3.956844091415405273e+00
2.730000000000000000e+02 5.496410073160912929e-02 9.743347170832835635e-01 3.956422090530395508e+00
2.740000000000000000e+02 5.262834805260081794e-02 9.739956681898619406e-01 3.956267595291137695e+00
2.750000000000000000e+02 5.656808904044177688e-02 9.750866875793628985e-01 3.957068443298339844e+00
2.760000000000000000e+02 5.421473163813445711e-02 9.762609171178180389e-01 3.957186937332153320e+00
2.770000000000000000e+02 5.249414751118096356e-02 9.743834691874682097e-01 3.958263397216796875e+00
2.780000000000000000e+02 5.359340021781360680e-02 9.730221755580161780e-01 3.958317041397094727e+00
2.790000000000000000e+02 5.263766675285274504e-02 9.735020600878891983e-01 3.958993911743164062e+00
2.800000000000000000e+02 5.182198548868795218e-02 9.739212331686410984e-01 3.958334922790527344e+00
2.810000000000000000e+02 5.389255381097083492e-02 9.733813453117531322e-01 3.958306074142456055e+00
2.820000000000000000e+02 5.209463801013761858e-02 9.738997897405676785e-01 3.957513570785522461e+00
2.830000000000000000e+02 5.470982354118825164e-02 9.744559291641206045e-01 3.957355022430419922e+00
2.840000000000000000e+02 5.672150007658256082e-02 9.726202548654306890e-01 3.958342075347900391e+00
2.850000000000000000e+02 5.531550945079429654e-02 9.731687128396134812e-01 3.958213090896606445e+00
2.860000000000000000e+02 5.395195118988172639e-02 9.736025152081154710e-01 3.959160566329956055e+00
2.870000000000000000e+02 5.303342521268484405e-02 9.729228138783073687e-01 3.959451913833618164e+00
2.880000000000000000e+02 5.461934108376464980e-02 9.743276170265847691e-01 3.958918094635009766e+00
2.890000000000000000e+02 5.504036079626586919e-02 9.747440619188768585e-01 3.958626031875610352e+00
2.900000000000000000e+02 5.391190830204192763e-02 9.741762662508403059e-01 3.958260536193847656e+00
2.910000000000000000e+02 5.346412650699618185e-02 9.744902411073474990e-01 3.957909584045410156e+00
2.920000000000000000e+02 5.492425964129929450e-02 9.737879847963418767e-01 3.958369493484497070e+00
2.930000000000000000e+02 5.351298563395909258e-02 9.735893035536721252e-01 3.958918571472167969e+00
2.940000000000000000e+02 5.150643985229881594e-02 9.748898042837192968e-01 3.958507061004638672e+00
2.950000000000000000e+02 5.579655422253045061e-02 9.749812129272096284e-01 3.958081483840942383e+00
2.960000000000000000e+02 5.633894408226707007e-02 9.751633263811618768e-01 3.958801031112670898e+00
2.970000000000000000e+02 5.500018679956959061e-02 9.747642448888993449e-01 3.958050489425659180e+00
2.980000000000000000e+02 5.630187715926174286e-02 9.743778713602100350e-01 3.956852912902832031e+00
2.990000000000000000e+02 5.376360789704111298e-02 9.743444015005391368e-01 3.956429481506347656e+00
3.000000000000000000e+02 5.307177294167046699e-02 9.747468355267966400e-01 3.956255435943603516e+00
3.010000000000000000e+02 5.475918998211643657e-02 9.753719245294720785e-01 3.956726551055908203e+00
3.020000000000000000e+02 5.447457853512225473e-02 9.741285878642756968e-01 3.956943035125732422e+00
3.030000000000000000e+02 5.502894475060961937e-02 9.719930926537173610e-01 3.956710100173950195e+00
3.040000000000000000e+02 5.585476442972068384e-02 9.707294586325302399e-01 3.956233501434326172e+00
3.050000000000000000e+02 5.313154370132906062e-02 9.724120451817886979e-01 3.955529451370239258e+00
3.060000000000000000e+02 5.341086089599241665e-02 9.710557064905476210e-01 3.954595088958740234e+00
3.070000000000000000e+02 5.552820560027454250e-02 9.723714865822947750e-01 3.955425977706909180e+00
3.080000000000000000e+02 5.618279337449054445e-02 9.728448179825208708e-01 3.954447507858276367e+00
3.090000000000000000e+02 5.572894373088073394e-02 9.740615546184291373e-01 3.955912590026855469e+00
3.100000000000000000e+02 5.335113026521892676e-02 9.745964471005080787e-01 3.956460952758789062e+00
3.110000000000000000e+02 5.430824462911543193e-02 9.741427817991762383e-01 3.955650091171264648e+00
3.120000000000000000e+02 5.322627630442473140e-02 9.743329377249208001e-01 3.956182003021240234e+00
3.130000000000000000e+02 5.100245303382952566e-02 9.750858452304411728e-01 3.956461429595947266e+00
3.140000000000000000e+02 5.532291424717046546e-02 9.743692507105664591e-01 3.956613063812255859e+00
3.150000000000000000e+02 5.333087274516007392e-02 9.730066520322728785e-01 3.957690954208374023e+00
3.160000000000000000e+02 5.367139341750815085e-02 9.733547138580218583e-01 3.958101034164428711e+00
3.170000000000000000e+02 5.183939667109941501e-02 9.743723969282451769e-01 3.958700418472290039e+00
3.180000000000000000e+02 5.482994122649973573e-02 9.753186280286362253e-01 3.959133386611938477e+00
3.190000000000000000e+02 5.326244172847527381e-02 9.769210627330739971e-01 3.960336446762084961e+00
3.200000000000000000e+02 5.490578612598145253e-02 9.754081128888413277e-01 3.959147930145263672e+00
3.210000000000000000e+02 5.486303070648482910e-02 9.760553052718269340e-01 3.958121538162231445e+00
3.220000000000000000e+02 5.346291178098860203e-02 9.756283781928949406e-01 3.958602905273437500e+00
3.230000000000000000e+02 5.447057050328944078e-02 9.751710352195233078e-01 3.957982063293457031e+00
3.240000000000000000e+02 5.285103032705536913e-02 9.762874226781281806e-01 3.957201004028320312e+00
3.250000000000000000e+02 5.448472040729345628e-02 9.757523538146557485e-01 3.956284046173095703e+00
3.260000000000000000e+02 5.315203129375112301e-02 9.762146168292303861e-01 3.955712556838989258e+00
3.270000000000000000e+02 5.459113078142890929e-02 9.766420603310737025e-01 3.956157922744750977e+00
3.280000000000000000e+02 5.352703548944474921e-02 9.762579640422897054e-01 3.955245494842529297e+00
3.290000000000000000e+02 5.425141945632291213e-02 9.751996618902477598e-01 3.953743934631347656e+00
3.300000000000000000e+02 5.485177137973970551e-02 9.754667234115229624e-01 3.954096555709838867e+00
3.310000000000000000e+02 5.421572386894069062e-02 9.738843846367213342e-01 3.954065561294555664e+00
3.320000000000000000e+02 5.382887138509542813e-02 9.745681228849665256e-01 3.953456401824951172e+00
3.330000000000000000e+02 5.487582925441065324e-02 9.761843318352984022e-01 3.953840017318725586e+00
3.340000000000000000e+02 5.365595168906513862e-02 9.747607738603289995e-01 3.954092025756835938e+00
3.350000000000000000e+02 5.144692258614526337e-02 9.735957161353757661e-01 3.954586982727050781e+00
3.360000000000000000e+02 5.360863970090885833e-02 9.727028925359617606e-01 3.955188512802124023e+00
3.370000000000000000e+02 5.193629843941430235e-02 9.744373380174176091e-01 3.953851938247680664e+00
3.380000000000000000e+02 5.379502354584023843e-02 9.752517090738855865e-01 3.953723907470703125e+00
3.390000000000000000e+02 5.313280180613810105e-02 9.740069727672499011e-01 3.954866886138916016e+00
3.400000000000000000e+02 5.395258386260708139e-02 9.749555622327333859e-01 3.955871582031250000e+00
3.410000000000000000e+02 5.462958341030783177e-02 9.747761379507734469e-01 3.955806493759155273e+00
3.420000000000000000e+02 5.534699392187434480e-02 9.737725288088572295e-01 3.955723047256469727e+00
3.430000000000000000e+02 5.355623668650420777e-02 9.730418279578542107e-01 3.955241918563842773e+00
3.440000000000000000e+02 5.558070800357791524e-02 9.733901016293234898e-01 3.954412460327148438e+00
3.450000000000000000e+02 5.473951141113572033e-02 9.738623348670207847e-01 3.953254461288452148e+00
3.460000000000000000e+02 5.268911854227833341e-02 9.743486667477131435e-01 3.954965591430664062e+00
3.470000000000000000e+02 5.247622464479447663e-02 9.744370235106063483e-01 3.954077005386352539e+00
3.480000000000000000e+02 5.250389477434033725e-02 9.735157810040152571e-01 3.954031467437744141e+00
3.490000000000000000e+02 5.448935248878462173e-02 9.724727201750427152e-01 3.953150987625122070e+00
3.500000000000000000e+02 5.416418420661588129e-02 9.735115306715733663e-01 3.952516078948974609e+00
3.510000000000000000e+02 5.258615743783121022e-02 9.747157959011508721e-01 3.952437877655029297e+00
3.520000000000000000e+02 5.190543756320646629e-02 9.741097357030944481e-01 3.953247547149658203e+00
3.530000000000000000e+02 5.313225051081225253e-02 9.734998586365809503e-01 3.954464912414550781e+00
3.540000000000000000e+02 5.299076683627241408e-02 9.746053008507303828e-01 3.953768968582153320e+00
3.550000000000000000e+02 5.377926075171006459e-02 9.742914853881554649e-01 3.952527999877929688e+00
3.560000000000000000e+02 5.402606199722507357e-02 9.734451045267750180e-01 3.952167987823486328e+00
3.570000000000000000e+02 5.371590760540434495e-02 9.742954658769871212e-01 3.952615976333618164e+00
3.580000000000000000e+02 5.294032457916773154e-02 9.724546916112820627e-01 3.953474044799804688e+00
3.590000000000000000e+02 5.447206420904635027e-02 9.734336310485194321e-01 3.955072402954101562e+00
3.600000000000000000e+02 5.641778436947414432e-02 9.740264030494558689e-01 3.954966545104980469e+00
3.610000000000000000e+02 5.603049022457443074e-02 9.734751640722342225e-01 3.956464052200317383e+00
3.620000000000000000e+02 5.412182346350963985e-02 9.722330250703474785e-01 3.956972599029541016e+00
3.630000000000000000e+02 5.628231778811301766e-02 9.728574470591743184e-01 3.956651926040649414e+00
3.640000000000000000e+02 5.464390972888325676e-02 9.727422308689653851e-01 3.957612037658691406e+00
3.650000000000000000e+02 5.377068897691364424e-02 9.727832249607363257e-01 3.957046985626220703e+00
3.660000000000000000e+02 5.465123675044891716e-02 9.738616758755113123e-01 3.958679914474487305e+00
3.670000000000000000e+02 5.340205376829871425e-02 9.743638666355654010e-01 3.958762407302856445e+00
3.680000000000000000e+02 5.345597981062058524e-02 9.743292085302018846e-01 3.957946538925170898e+00
3.690000000000000000e+02 5.408091474040638280e-02 9.743741074122584944e-01 3.958405494689941406e+00
3.700000000000000000e+02 5.357473471400943377e-02 9.754977570199907522e-01 3.958424091339111328e+00
3.710000000000000000e+02 5.256921782238735408e-02 9.736910935970984893e-01 3.957483530044555664e+00
3.720000000000000000e+02 5.393026342937632528e-02 9.737723985915529568e-01 3.956539392471313477e+00
3.730000000000000000e+02 5.527223697501260774e-02 9.729495752014338805e-01 3.957354545593261719e+00
3.740000000000000000e+02 5.335508512221132787e-02 9.736323603884385891e-01 3.957444429397583008e+00
3.750000000000000000e+02 5.366960367970560059e-02 9.730879088075733430e-01 3.958535432815551758e+00
3.760000000000000000e+02 5.596240288394543211e-02 9.732045125750893311e-01 3.957382440567016602e+00
3.770000000000000000e+02 5.442719437705596103e-02 9.726641516000870125e-01 3.956808090209960938e+00
3.780000000000000000e+02 5.341136186744320502e-02 9.717537939855883655e-01 3.958675384521484375e+00
3.790000000000000000e+02 5.548584113307001436e-02 9.703686269007925080e-01 3.958029508590698242e+00
3.800000000000000000e+02 5.594615875450352493e-02 9.714604042795185190e-01 3.956643581390380859e+00
3.810000000000000000e+02 5.258242908988581404e-02 9.721323936910112318e-01 3.956471443176269531e+00
3.820000000000000000e+02 5.534952017747343800e-02 9.735214183738918337e-01 3.955364942550659180e+00
3.830000000000000000e+02 5.463101880795060566e-02 9.729074737158401875e-01 3.955655574798583984e+00
3.840000000000000000e+02 5.528241272523212041e-02 9.719159967219642704e-01 3.954684019088745117e+00
3.850000000000000000e+02 5.493442999551829270e-02 9.719098636695531201e-01 3.954970598220825195e+00
3.860000000000000000e+02 5.692942991085388899e-02 9.732824969906516133e-01 3.955473899841308594e+00
3.870000000000000000e+02 5.135301473344464768e-02 9.739954098479162159e-01 3.955363988876342773e+00
3.880000000000000000e+02 5.481023172556963308e-02 9.729044176680010647e-01 3.957085371017456055e+00
3.890000000000000000e+02 5.209879992025253509e-02 9.725310456416311755e-01 3.956454038619995117e+00
3.900000000000000000e+02 5.237877265003675065e-02 9.735398371695969111e-01 3.956779956817626953e+00
3.910000000000000000e+02 5.394520167838524199e-02 9.732107355673408344e-01 3.956753969192504883e+00
3.920000000000000000e+02 5.268697445152841635e-02 9.723238740885076226e-01 3.956900596618652344e+00
3.930000000000000000e+02 5.062119880689143481e-02 9.734937217856574065e-01 3.956929445266723633e+00
3.940000000000000000e+02 5.494040994740936185e-02 9.726424695727000636e-01 3.958321571350097656e+00
3.950000000000000000e+02 5.349027390907362678e-02 9.724102294442685812e-01 3.956802606582641602e+00
3.960000000000000000e+02 5.364835867862489255e-02 9.723164864395963392e-01 3.956655502319335938e+00
3.970000000000000000e+02 5.388958347450020087e-02 9.713502735830764623e-01 3.956526994705200195e+00
3.980000000000000000e+02 5.237434396014706284e-02 9.722899132367144315e-01 3.957072973251342773e+00
