0.000000000000000000e+00 1.245058672765664010e-01 0.000000000000000000e+00 2.993943929672241211e+00
1.000000000000000000e+00 2.796511574696822766e-01 0.000000000000000000e+00 3.165715456008911133e+00
2.000000000000000000e+00 4.368105928495581436e-01 0.000000000000000000e+00 3.298597097396850586e+00
3.000000000000000000e+00 5.696296769877414734e-01 0.000000000000000000e+00 3.403553485870361328e+00
4.000000000000000000e+00 6.742393761737823787e-01 0.000000000000000000e+00 3.487183094024658203e+00
5.000000000000000000e+00 7.472920900618409412e-01 0.000000000000000000e+00 3.555202484130859375e+00
6.000000000000000000e+00 8.015636547926561217e-01 0.000000000000000000e+00 3.607948541641235352e+00
7.000000000000000000e+00 8.445531212172305846e-01 0.000000000000000000e+00 3.652523994445800781e+00
8.000000000000000000e+00 8.729194607972017295e-01 0.000000000000000000e+00 3.688691377639770508e+00
9.000000000000000000e+00 8.932000761228258146e-01 0.000000000000000000e+00 3.717089891433715820e+00
1.000000000000000000e+01 9.086272950672951154e-01 0.000000000000000000e+00 3.741349935531616211e+00
1.100000000000000000e+01 9.199592200939695763e-01 0.000000000000000000e+00 3.761025905609130859e+00
1.200000000000000000e+01 9.280293463060586001e-01 0.000000000000000000e+00 3.776973485946655273e+00
1.300000000000000000e+01 9.351013852782741331e-01 0.000000000000000000e+00 3.790614604949951172e+00
1.400000000000000000e+01 9.405758601468149349e-01 0.000000000000000000e+00 3.803041934967041016e+00
1.500000000000000000e+01 9.465671378359583610e-01 0.000000000000000000e+00 3.811473608016967773e+00
1.600000000000000000e+01 9.516096273821553764e-01 0.000000000000000000e+00 3.820081949234008789e+00
1.700000000000000000e+01 9.550768596703882451e-01 0.000000000000000000e+00 3.828041076660156250e+00
1.800000000000000000e+01 9.562248162957007747e-01 0.000000000000000000e+00 3.833775997161865234e+00
1.900000000000000000e+01 9.572512179114986974e-01 0.000000000000000000e+00 3.837610006332397461e+00
2.000000000000000000e+01 9.590336053345315248e-01 0.000000000000000000e+00 3.842288017272949219e+00
2.100000000000000000e+01 9.594604423138236582e-01 0.000000000000000000e+00 3.845227003097534180e+00
2.200000000000000000e+01 9.591623524948529322e-01 0.000000000000000000e+00 3.846551418304443359e+00
2.300000000000000000e+01 9.600487257340660774e-01 0.000000000000000000e+00 3.847009420394897461e+00
2.400000000000000000e+01 9.628956681688527475e-01 0.000000000000000000e+00 3.848099946975708008e+00
2.500000000000000000e+01 9.616003452355151859e-01 0.000000000000000000e+00 3.849431514739990234e+00
2.600000000000000000e+01 9.630963783554837843e-01 0.000000000000000000e+00 3.850850105285644531e+00
2.700000000000000000e+01 9.632512389336838066e-01 0.000000000000000000e+00 3.852163553237915039e+00
2.800000000000000000e+01 9.636458287523400612e-01 0.000000000000000000e+00 3.853341579437255859e+00
2.900000000000000000e+01 9.657026893417351987e-01 0.000000000000000000e+00 3.854929447174072266e+00
3.000000000000000000e+01 9.667420953080222423e-01 0.000000000000000000e+00 3.855483055114746094e+00
3.100000000000000000e+01 9.652160853245917993e-01 0.000000000000000000e+00 3.855777502059936523e+00
3.200000000000000000e+01 9.650402535070419230e-01 0.000000000000000000e+00 3.856606006622314453e+00
3.300000000000000000e+01 9.653657572166981504e-01 0.000000000000000000e+00 3.856057882308959961e+00
3.400000000000000000e+01 9.655994611765110758e-01 0.000000000000000000e+00 3.856902599334716797e+00
3.500000000000000000e+01 9.654800754563798160e-01 0.000000000000000000e+00 3.858144998550415039e+00
3.600000000000000000e+01 9.644273080258036757e-01 0.000000000000000000e+00 3.858695030212402344e+00
3.700000000000000000e+01 9.658553237830063143e-01 0.000000000000000000e+00 3.858623027801513672e+00
3.800000000000000000e+01 9.658842586133264962e-01 0.000000000000000000e+00 3.859187602996826172e+00
3.900000000000000000e+01 9.648402851038009320e-01 0.000000000000000000e+00 3.859930992126464844e+00
4.000000000000000000e+01 9.647266936399637727e-01 0.000000000000000000e+00 3.858839988708496094e+00
4.100000000000000000e+01 9.666759185314007796e-01 0.000000000000000000e+00 3.858990907669067383e+00
4.200000000000000000e+01 9.663561722738539528e-01 0.000000000000000000e+00 3.859257936477661133e+00
4.300000000000000000e+01 9.649236062109036727e-01 0.000000000000000000e+00 3.858967542648315430e+00
4.400000000000000000e+01 9.657845674307112827e-01 0.000000000000000000e+00 3.859603881835937500e+00
4.500000000000000000e+01 9.665485962805187015e-01 0.000000000000000000e+00 3.859046459197998047e+00
4.600000000000000000e+01 9.678064147078199175e-01 0.000000000000000000e+00 3.859611511230468750e+00
4.700000000000000000e+01 9.670341087233894628e-01 0.000000000000000000e+00 3.858599424362182617e+00
4.800000000000000000e+01 9.667955980208872147e-01 0.000000000000000000e+00 3.859014511108398438e+00
4.900000000000000000e+01 9.664649382612131578e-01 0.000000000000000000e+00 3.858880043029785156e+00
5.000000000000000000e+01 9.671866851451861313e-01 0.000000000000000000e+00 3.857998371124267578e+00
5.100000000000000000e+01 9.675004139486264032e-01 0.000000000000000000e+00 3.857987403869628906e+00
5.200000000000000000e+01 9.682895974849016207e-01 0.000000000000000000e+00 3.857606887817382812e+00
5.300000000000000000e+01 9.683844857311046939e-01 0.000000000000000000e+00 3.858233928680419922e+00
5.400000000000000000e+01 9.677147075338041748e-01 0.000000000000000000e+00 3.858959436416625977e+00
5.500000000000000000e+01 9.684145767258443005e-01 0.000000000000000000e+00 3.859028100967407227e+00
5.600000000000000000e+01 9.693165390458741149e-01 0.000000000000000000e+00 3.858231544494628906e+00
5.700000000000000000e+01 9.665345900770988541e-01 0.000000000000000000e+00 3.858754396438598633e+00
5.800000000000000000e+01 9.665626592341035606e-01 0.000000000000000000e+00 3.857475042343139648e+00
5.900000000000000000e+01 9.667936464916426775e-01 0.000000000000000000e+00 3.858494520187377930e+00
6.000000000000000000e+01 9.666793770104060712e-01 0.000000000000000000e+00 3.857227563858032227e+00
6.100000000000000000e+01 9.651824357653556730e-01 0.000000000000000000e+00 3.857598066329956055e+00
6.200000000000000000e+01 9.643815129842343570e-01 0.000000000000000000e+00 3.856883525848388672e+00
6.300000000000000000e+01 9.646736842526398847e-01 0.000000000000000000e+00 3.855798006057739258e+00
6.400000000000000000e+01 9.650704937479790413e-01 0.000000000000000000e+00 3.857367515563964844e+00
6.500000000000000000e+01 9.654474290793855218e-01 0.000000000000000000e+00 3.857484102249145508e+00
6.600000000000000000e+01 9.657480061577505825e-01 0.000000000000000000e+00 3.857666492462158203e+00
6.700000000000000000e+01 9.668875671483442291e-01 0.000000000000000000e+00 3.857667446136474609e+00
6.800000000000000000e+01 9.655240393967442492e-01 0.000000000000000000e+00 3.858426570892333984e+00
6.900000000000000000e+01 9.643562328757272484e-01 0.000000000000000000e+00 3.857134103775024414e+00
7.000000000000000000e+01 9.648672933486940329e-01 0.000000000000000000e+00 3.858041524887084961e+00
7.100000000000000000e+01 9.676699993609662043e-01 0.000000000000000000e+00 3.857362508773803711e+00
7.200000000000000000e+01 9.659006673929637632e-01 0.000000000000000000e+00 3.858045578002929688e+00
7.300000000000000000e+01 9.649754190590642544e-01 0.000000000000000000e+00 3.858305931091308594e+00
7.400000000000000000e+01 9.660974813601697075e-01 0.000000000000000000e+00 3.857733011245727539e+00
7.500000000000000000e+01 9.661303352482771833e-01 0.000000000000000000e+00 3.859434604644775391e+00
7.600000000000000000e+01 9.672400846484929815e-01 0.000000000000000000e+00 3.859424591064453125e+00
7.700000000000000000e+01 9.681055227050991974e-01 0.000000000000000000e+00 3.859292984008789062e+00
7.800000000000000000e+01 9.658430782345786003e-01 0.000000000000000000e+00 3.859632015228271484e+00
7.900000000000000000e+01 9.671580696348157646e-01 0.000000000000000000e+00 3.858926534652709961e+00
8.000000000000000000e+01 9.665821429343460780e-01 0.000000000000000000e+00 3.859169483184814453e+00
8.100000000000000000e+01 9.681385526890925464e-01 0.000000000000000000e+00 3.860462903976440430e+00
8.200000000000000000e+01 9.691983551626519588e-01 0.000000000000000000e+00 3.859420061111450195e+00
8.300000000000000000e+01 9.681245352181865327e-01 0.000000000000000000e+00 3.858357429504394531e+00
8.400000000000000000e+01 9.672137687694593033e-01 0.000000000000000000e+00 3.859179019927978516e+00
8.500000000000000000e+01 9.674090845125125071e-01 0.000000000000000000e+00 3.857768058776855469e+00
8.600000000000000000e+01 9.697399253929932517e-01 0.000000000000000000e+00 3.858378887176513672e+00
8.700000000000000000e+01 9.683779220892234640e-01 0.000000000000000000e+00 3.858972549438476562e+00
8.800000000000000000e+01 9.676257616699317499e-01 0.000000000000000000e+00 3.858042478561401367e+00
8.900000000000000000e+01 9.667519078461841442e-01 0.000000000000000000e+00 3.857135057449340820e+00
9.000000000000000000e+01 9.680590341038334268e-01 0.000000000000000000e+00 3.855920553207397461e+00
9.100000000000000000e+01 9.696135238837139125e-01 0.000000000000000000e+00 3.856533527374267578e+00
9.200000000000000000e+01 9.698264492985372298e-01 0.000000000000000000e+00 3.857862949371337891e+00
9.300000000000000000e+01 9.674261840857187877e-01 0.000000000000000000e+00 3.857964992523193359e+00
9.400000000000000000e+01 9.680486897373693500e-01 0.000000000000000000e+00 3.857615947723388672e+00
9.500000000000000000e+01 9.681374671334894710e-01 0.000000000000000000e+00 3.858112096786499023e+00
9.600000000000000000e+01 9.695143920358397782e-01 0.000000000000000000e+00 3.859061956405639648e+00
9.700000000000000000e+01 9.671207951993420204e-01 0.000000000000000000e+00 3.859633922576904297e+00
9.800000000000000000e+01 9.664121862259033025e-01 0.000000000000000000e+00 3.860380411148071289e+00
9.900000000000000000e+01 9.665904890423548945e-01 0.000000000000000000e+00 3.860285520553588867e+00
1.000000000000000000e+02 9.663180016668683203e-01 0.000000000000000000e+00 3.860583066940307617e+00
1.010000000000000000e+02 9.681574823653809059e-01 0.000000000000000000e+00 3.858824014663696289e+00
1.020000000000000000e+02 9.670649484620232883e-01 0.000000000000000000e+00 3.857336997985839844e+00
1.030000000000000000e+02 9.656967165498399064e-01 0.000000000000000000e+00 3.857313871383666992e+00
1.040000000000000000e+02 9.676231607311478466e-01 0.000000000000000000e+00 3.857455968856811523e+00
1.050000000000000000e+02 9.657009641154078450e-01 0.000000000000000000e+00 3.857899427413940430e+00
1.060000000000000000e+02 9.666046046723364427e-01 0.000000000000000000e+00 3.856066465377807617e+00
1.070000000000000000e+02 9.669834116332897134e-01 0.000000000000000000e+00 3.858198404312133789e+00
1.080000000000000000e+02 9.675291426819482288e-01 0.000000000000000000e+00 3.857641458511352539e+00
1.090000000000000000e+02 9.659836352873115706e-01 0.000000000000000000e+00 3.857549428939819336e+00
1.100000000000000000e+02 9.657721991681532669e-01 0.000000000000000000e+00 3.856271982192993164e+00
1.110000000000000000e+02 9.664888484121403334e-01 0.000000000000000000e+00 3.856267929077148438e+00
1.120000000000000000e+02 9.647541548070024398e-01 0.000000000000000000e+00 3.856081962585449219e+00
1.130000000000000000e+02 9.651298973414226268e-01 0.000000000000000000e+00 3.856183528900146484e+00
1.140000000000000000e+02 9.649581808388686399e-01 0.000000000000000000e+00 3.856432914733886719e+00
1.150000000000000000e+02 9.665419209054916250e-01 0.000000000000000000e+00 3.857336997985839844e+00
1.160000000000000000e+02 9.669846479435041386e-01 0.000000000000000000e+00 3.858213424682617188e+00
1.170000000000000000e+02 9.676915720038031798e-01 0.000000000000000000e+00 3.858974456787109375e+00
1.180000000000000000e+02 9.680820893818701256e-01 0.000000000000000000e+00 3.859209537506103516e+00
1.190000000000000000e+02 9.679376350074360147e-01 0.000000000000000000e+00 3.859103441238403320e+00
1.200000000000000000e+02 9.683911077929716615e-01 0.000000000000000000e+00 3.860089063644409180e+00
1.210000000000000000e+02 9.681641915745005100e-01 0.000000000000000000e+00 3.858607053756713867e+00
1.220000000000000000e+02 9.678988858739643319e-01 0.000000000000000000e+00 3.859106540679931641e+00
1.230000000000000000e+02 9.667263281897608973e-01 0.000000000000000000e+00 3.859191417694091797e+00
1.240000000000000000e+02 9.683079898856388201e-01 0.000000000000000000e+00 3.859318971633911133e+00
1.250000000000000000e+02 9.684331534127190722e-01 0.000000000000000000e+00 3.859741926193237305e+00
1.260000000000000000e+02 9.675896018577763158e-01 0.000000000000000000e+00 3.859163045883178711e+00
1.270000000000000000e+02 9.667063539257921834e-01 0.000000000000000000e+00 3.859453439712524414e+00
1.280000000000000000e+02 9.679912891820566800e-01 0.000000000000000000e+00 3.859278440475463867e+00
1.290000000000000000e+02 9.656628265268411004e-01 0.000000000000000000e+00 3.859133481979370117e+00
1.300000000000000000e+02 9.643458197248397923e-01 0.000000000000000000e+00 3.857148408889770508e+00
1.310000000000000000e+02 9.665446269090506304e-01 0.000000000000000000e+00 3.855780601501464844e+00
1.320000000000000000e+02 9.646074505624726569e-01 0.000000000000000000e+00 3.856470584869384766e+00
1.330000000000000000e+02 9.660873575915431832e-01 0.000000000000000000e+00 3.855463504791259766e+00
1.340000000000000000e+02 9.671935341990702817e-01 0.000000000000000000e+00 3.856435060501098633e+00
1.350000000000000000e+02 9.649746670847305641e-01 0.000000000000000000e+00 3.856668472290039062e+00
1.360000000000000000e+02 9.671199599874034103e-01 0.000000000000000000e+00 3.856853485107421875e+00
1.370000000000000000e+02 9.666104854443805516e-01 0.000000000000000000e+00 3.857680082321166992e+00
1.380000000000000000e+02 9.660733145478567208e-01 0.000000000000000000e+00 3.856147050857543945e+00
1.390000000000000000e+02 9.661389325007458950e-01 0.000000000000000000e+00 3.857490539550781250e+00
1.400000000000000000e+02 9.674680578249348351e-01 0.000000000000000000e+00 3.858126878738403320e+00
1.410000000000000000e+02 9.677730409472198314e-01 0.000000000000000000e+00 3.857461452484130859e+00
1.420000000000000000e+02 9.671248722105257878e-01 0.000000000000000000e+00 3.857354879379272461e+00
1.430000000000000000e+02 9.652529849314479549e-01 0.000000000000000000e+00 3.857547998428344727e+00
1.440000000000000000e+02 9.660876610059474512e-01 0.000000000000000000e+00 3.857318401336669922e+00
1.450000000000000000e+02 9.661681100184114079e-01 0.000000000000000000e+00 3.857587575912475586e+00
1.460000000000000000e+02 9.663958551103866146e-01 0.000000000000000000e+00 3.857072591781616211e+00
1.470000000000000000e+02 9.676553977774364768e-01 0.000000000000000000e+00 3.857855081558227539e+00
1.480000000000000000e+02 9.668390908811160811e-01 0.000000000000000000e+00 3.857039451599121094e+00
1.490000000000000000e+02 9.664529274078872412e-01 0.000000000000000000e+00 3.857115983963012695e+00
1.500000000000000000e+02 9.661519562981467635e-01 0.000000000000000000e+00 3.856609582901000977e+00
1.510000000000000000e+02 9.663330587117516801e-01 0.000000000000000000e+00 3.856019496917724609e+00
1.520000000000000000e+02 9.661878003846592344e-01 0.000000000000000000e+00 3.856103897094726562e+00
1.530000000000000000e+02 9.684536104908929577e-01 0.000000000000000000e+00 3.856375932693481445e+00
1.540000000000000000e+02 9.663954741119512581e-01 0.000000000000000000e+00 3.858696460723876953e+00
1.550000000000000000e+02 9.671010585587269670e-01 0.000000000000000000e+00 3.859065532684326172e+00
1.560000000000000000e+02 9.663829536781413099e-01 0.000000000000000000e+00 3.860243558883666992e+00
1.570000000000000000e+02 9.665839608342469136e-01 0.000000000000000000e+00 3.861030578613281250e+00
1.580000000000000000e+02 9.655205796819598119e-01 0.000000000000000000e+00 3.860620498657226562e+00
1.590000000000000000e+02 9.651974616235434734e-01 0.000000000000000000e+00 3.860209941864013672e+00
1.600000000000000000e+02 9.648901526416007179e-01 0.000000000000000000e+00 3.860484600067138672e+00
1.610000000000000000e+02 9.641759473116997547e-01 0.000000000000000000e+00 3.860146045684814453e+00
1.620000000000000000e+02 9.665380739252052988e-01 0.000000000000000000e+00 3.860759973526000977e+00
1.630000000000000000e+02 9.656806750049775623e-01 0.000000000000000000e+00 3.861567974090576172e+00
1.640000000000000000e+02 9.660968512587156942e-01 0.000000000000000000e+00 3.859927892684936523e+00
1.650000000000000000e+02 9.659435329235077639e-01 0.000000000000000000e+00 3.859363079071044922e+00
1.660000000000000000e+02 9.656631599800217236e-01 0.000000000000000000e+00 3.857888460159301758e+00
1.670000000000000000e+02 9.665691504646167775e-01 0.000000000000000000e+00 3.858397483825683594e+00
1.680000000000000000e+02 9.647979398293490272e-01 0.000000000000000000e+00 3.859452009201049805e+00
1.690000000000000000e+02 9.649407074996561029e-01 0.000000000000000000e+00 3.858792543411254883e+00
1.700000000000000000e+02 9.652435522470106388e-01 0.000000000000000000e+00 3.859115600585937500e+00
1.710000000000000000e+02 9.648954656439290289e-01 0.000000000000000000e+00 3.859160900115966797e+00
1.720000000000000000e+02 9.664307590695877526e-01 0.000000000000000000e+00 3.858966588973999023e+00
1.730000000000000000e+02 9.657701680906706221e-01 0.000000000000000000e+00 3.858630418777465820e+00
1.740000000000000000e+02 9.664344962129240990e-01 0.000000000000000000e+00 3.858911514282226562e+00
1.750000000000000000e+02 9.658120798081955005e-01 0.000000000000000000e+00 3.859364509582519531e+00
1.760000000000000000e+02 9.672875133143401527e-01 0.000000000000000000e+00 3.858805894851684570e+00
1.770000000000000000e+02 9.685275092142835440e-01 0.000000000000000000e+00 3.860224008560180664e+00
1.780000000000000000e+02 9.661193473498116413e-01 0.000000000000000000e+00 3.860541582107543945e+00
1.790000000000000000e+02 9.663714919589424523e-01 0.000000000000000000e+00 3.860144376754760742e+00
1.800000000000000000e+02 9.655902173327085558e-01 0.000000000000000000e+00 3.859808921813964844e+00
1.810000000000000000e+02 9.659223199036893748e-01 0.000000000000000000e+00 3.859401941299438477e+00
1.820000000000000000e+02 9.658548915657435563e-01 0.000000000000000000e+00 3.859720468521118164e+00
1.830000000000000000e+02 9.667670561516806815e-01 0.000000000000000000e+00 3.858968496322631836e+00
1.840000000000000000e+02 9.668388897089441603e-01 0.000000000000000000e+00 3.858526945114135742e+00
1.850000000000000000e+02 9.677602083307617065e-01 0.000000000000000000e+00 3.860316038131713867e+00
1.860000000000000000e+02 9.667563536417687065e-01 0.000000000000000000e+00 3.860003948211669922e+00
1.870000000000000000e+02 9.653155150145158458e-01 0.000000000000000000e+00 3.858225107192993164e+00
1.880000000000000000e+02 9.653661271209466044e-01 0.000000000000000000e+00 3.859345912933349609e+00
1.890000000000000000e+02 9.637008358928810248e-01 0.000000000000000000e+00 3.859870910644531250e+00
1.900000000000000000e+02 9.658206964351997437e-01 0.000000000000000000e+00 3.860572576522827148e+00
1.910000000000000000e+02 9.638373400779950417e-01 0.000000000000000000e+00 3.859842538833618164e+00
1.920000000000000000e+02 9.646676546675794217e-01 0.000000000000000000e+00 3.858905076980590820e+00
1.930000000000000000e+02 9.638314822745145394e-01 0.000000000000000000e+00 3.859061956405639648e+00
1.940000000000000000e+02 9.652210066838086133e-01 0.000000000000000000e+00 3.859920024871826172e+00
1.950000000000000000e+02 9.656989180676227580e-01 0.000000000000000000e+00 3.860037565231323242e+00
1.960000000000000000e+02 9.660929159250897236e-01 0.000000000000000000e+00 3.860238552093505859e+00
1.970000000000000000e+02 9.677285814622540450e-01 0.000000000000000000e+00 3.860856056213378906e+00
1.980000000000000000e+02 9.667043315710673879e-01 0.000000000000000000e+00 3.862036943435668945e+00
1.990000000000000000e+02 9.665759926706550820e-01 0.000000000000000000e+00 3.861128091812133789e+00
2.000000000000000000e+02 9.221713943919241929e-01 1.241000695005894244e-01 3.020780086517333984e+00
2.010000000000000000e+02 8.343143551254004198e-01 2.781088877194993203e-01 3.193078994750976562e+00
2.020000000000000000e+02 7.167182860675207490e-01 4.326389753105294167e-01 3.324751377105712891e+00
2.030000000000000000e+02 5.930690669230395118e-01 5.665302379899200824e-01 3.429164409637451172e+00
2.040000000000000000e+02 4.770823091018904227e-01 6.686000224666884817e-01 3.512452602386474609e+00
2.050000000000000000e+02 3.820265284866249944e-01 7.454547373866821092e-01 3.581560373306274414e+00
2.060000000000000000e+02 3.085739044099681805e-01 7.972289075069749487e-01 3.636111497879028320e+00
2.070000000000000000e+02 2.472835555702543042e-01 8.387411958224588737e-01 3.680571556091308594e+00
2.080000000000000000e+02 2.006625013851078554e-01 8.676776466790943054e-01 3.716928958892822266e+00
2.090000000000000000e+02 1.607847990902571966e-01 8.885167893755224755e-01 3.745537519454956055e+00
2.100000000000000000e+02 1.371779308512277307e-01 9.050171404562221689e-01 3.770692586898803711e+00
2.110000000000000000e+02 1.149606398797874546e-01 9.164640311432720177e-01 3.791089057922363281e+00
2.120000000000000000e+02 9.919992723628777431e-02 9.260156141925585116e-01 3.807702541351318359e+00
2.130000000000000000e+02 8.972500049090666174e-02 9.329200932312090577e-01 3.821428537368774414e+00
2.140000000000000000e+02 7.737644817100892969e-02 9.379707683148239550e-01 3.832606554031372070e+00
2.150000000000000000e+02 7.225255658451440466e-02 9.450668109422777352e-01 3.841432571411132812e+00
2.160000000000000000e+02 6.834374434721111891e-02 9.463794346203033836e-01 3.849324464797973633e+00
2.170000000000000000e+02 6.162982364579167732e-02 9.516475189162609816e-01 3.855123043060302734e+00
2.180000000000000000e+02 5.737211553241137324e-02 9.540842198311278999e-01 3.860292911529541016e+00
2.190000000000000000e+02 5.764519831661032295e-02 9.574535472029970240e-01 3.864758014678955078e+00
2.200000000000000000e+02 5.505298038657914506e-02 9.577174142844164795e-01 3.868974447250366211e+00
2.210000000000000000e+02 5.520683431647674388e-02 9.587067460037216327e-01 3.873230934143066406e+00
2.220000000000000000e+02 5.409936704726387574e-02 9.606314757054501552e-01 3.875283479690551758e+00
2.230000000000000000e+02 5.209413183542467574e-02 9.604051032143831046e-01 3.877318382263183594e+00
2.240000000000000000e+02 5.234072685780777334e-02 9.611000453429471291e-01 3.879661560058593750e+00
2.250000000000000000e+02 5.283078749595893076e-02 9.612783608474375630e-01 3.879852056503295898e+00
2.260000000000000000e+02 5.034743819561994516e-02 9.627434560884821080e-01 3.881319046020507812e+00
2.270000000000000000e+02 4.983234581975739402e-02 9.615872168631831585e-01 3.881989955902099609e+00
2.280000000000000000e+02 5.221048365976400929e-02 9.613232194430409994e-01 3.883650541305541992e+00
2.290000000000000000e+02 5.114849721805129340e-02 9.624378800486168561e-01 3.884849071502685547e+00
2.300000000000000000e+02 5.158706602030384281e-02 9.623954617893097918e-01 3.883393526077270508e+00
2.310000000000000000e+02 5.071644502240620078e-02 9.632943852769750848e-01 3.884946584701538086e+00
2.320000000000000000e+02 5.023947906745666880e-02 9.645529118160369730e-01 3.886019468307495117e+00
2.330000000000000000e+02 4.950673285915458549e-02 9.610958715001627350e-01 3.886473894119262695e+00
2.340000000000000000e+02 4.962963442118074192e-02 9.635344851800419219e-01 3.885743379592895508e+00
2.350000000000000000e+02 4.985595065931786724e-02 9.646315270893706106e-01 3.886076927185058594e+00
2.360000000000000000e+02 5.111936320919338583e-02 9.637726821796103183e-01 3.887260437011718750e+00
2.370000000000000000e+02 5.253504598255726715e-02 9.647321015713919978e-01 3.885394096374511719e+00
2.380000000000000000e+02 5.199372060534668966e-02 9.636179901849865059e-01 3.884187936782836914e+00
2.390000000000000000e+02 5.265415336910327093e-02 9.646902291957191178e-01 3.883786439895629883e+00
2.400000000000000000e+02 4.833432746667774838e-02 9.649672534609179397e-01 3.884522914886474609e+00
2.410000000000000000e+02 4.978949075404582453e-02 9.642801311843438583e-01 3.883236408233642578e+00
2.420000000000000000e+02 5.049519087765159953e-02 9.646726834475074508e-01 3.884587049484252930e+00
2.430000000000000000e+02 4.924895690970092221e-02 9.630859688927291273e-01 3.884166002273559570e+00
2.440000000000000000e+02 4.795412555826053524e-02 9.633194222167404952e-01 3.882836103439331055e+00
2.450000000000000000e+02 4.985286180179709231e-02 9.648974920810117206e-01 3.883789062500000000e+00
2.460000000000000000e+02 5.081593604854491714e-02 9.645133588818105563e-01 3.884000062942504883e+00
2.470000000000000000e+02 4.997837090614380695e-02 9.652205816822675422e-01 3.885215520858764648e+00
2.480000000000000000e+02 5.008838536257948643e-02 9.644433683974914517e-01 3.885512590408325195e+00
2.490000000000000000e+02 4.928292598491659793e-02 9.655320634088170317e-01 3.885288953781127930e+00
2.500000000000000000e+02 5.104522538346415589e-02 9.656722729949551720e-01 3.885327577590942383e+00
2.510000000000000000e+02 4.987690355364529649e-02 9.665396410324921250e-01 3.885135412216186523e+00
2.520000000000000000e+02 5.085819778454345186e-02 9.656175983886606806e-01 3.884598016738891602e+00
2.530000000000000000e+02 5.119056863140972191e-02 9.654815413475071884e-01 3.885659933090209961e+00
2.540000000000000000e+02 5.092651154918953482e-02 9.652749296576677018e-01 3.884959936141967773e+00
2.550000000000000000e+02 5.084842613932695488e-02 9.669705992042876286e-01 3.885324954986572266e+00
2.560000000000000000e+02 5.004322302400087547e-02 9.663874101508208581e-01 3.885575056076049805e+00
2.570000000000000000e+02 4.836517633217593537e-02 9.650658624262036245e-01 3.885432004928588867e+00
2.580000000000000000e+02 4.929311970295970763e-02 9.651974906698019829e-01 3.885781526565551758e+00
2.590000000000000000e+02 4.956231641207772126e-02 9.651280017818202328e-01 3.884140491485595703e+00
2.600000000000000000e+02 5.017111709488580873e-02 9.666732276593197337e-01 3.885083436965942383e+00
2.610000000000000000e+02 5.135189729966811029e-02 9.654783856335440451e-01 3.885686874389648438e+00
2.620000000000000000e+02 4.996648061544705505e-02 9.653755423020599080e-01 3.886313438415527344e+00
2.630000000000000000e+02 4.930462023739201616e-02 9.652433580692012516e-01 3.886139392852783203e+00
2.640000000000000000e+02 5.152029375374901632e-02 9.650592316407051729e-01 3.886048555374145508e+00
2.650000000000000000e+02 5.073322480663802064e-02 9.657860574145412658e-01 3.885794401168823242e+00
2.660000000000000000e+02 5.013005024695676992e-02 9.643529691799133108e-01 3.886629104614257812e+00
2.670000000000000000e+02 4.982993690268609777e-02 9.662268838358453182e-01 3.886322498321533203e+00
2.680000000000000000e+02 5.114317151107411474e-02 9.657510580900940944e-01 3.886420488357543945e+00
2.690000000000000000e+02 5.137454649821347752e-02 9.647650374333622825e-01 3.885571956634521484e+00
2.700000000000000000e+02 5.070003830927551774e-02 9.627000282577530266e-01 3.884573459625244141e+00
2.710000000000000000e+02 4.929523876493968615e-02 9.626972822471505653e-01 3.884984970092773438e+00
2.720000000000000000e+02 4.797158775195500130e-02 9.634123616253223998e-01 3.884550094604492188e+00
2.730000000000000000e+02 4.952328730720037542e-02 9.650124190138009705e-01 3.884183406829833984e+00
2.740000000000000000e+02 5.000448863219234680e-02 9.664711659191314030e-01 3.883506059646606445e+00
2.750000000000000000e+02 5.000108705790638763e-02 9.669707589107998658e-01 3.883618593215942383e+00
2.760000000000000000e+02 5.177211593713373222e-02 9.672078587650033699e-01 3.883713960647583008e+00
2.770000000000000000e+02 5.307389606371033797e-02 9.664409315744197926e-01 3.882046937942504883e+00
2.780000000000000000e+02 4.954976879922376454e-02 9.669925383025791410e-01 3.882135391235351562e+00
2.790000000000000000e+02 4.971219029742299234e-02 9.660581964005388045e-01 3.882642984390258789e+00
2.800000000000000000e+02 4.893601607933455860e-02 9.669908488789317191e-01 3.883115053176879883e+00
2.810000000000000000e+02 4.756826282669635725e-02 9.667334156489370001e-01 3.884058952331542969e+00
2.820000000000000000e+02 5.089829434660440854e-02 9.659667664351062610e-01 3.883623600006103516e+00
2.830000000000000000e+02 4.910009677595453953e-02 9.654138811554383581e-01 3.884147882461547852e+00
2.840000000000000000e+02 5.046784479565637194e-02 9.642981724844097435e-01 3.884726524353027344e+00
2.850000000000000000e+02 5.021268598691971258e-02 9.644407549989293393e-01 3.884464502334594727e+00
2.860000000000000000e+02 5.235022272726462533e-02 9.634984940486684968e-01 3.885576963424682617e+00
2.870000000000000000e+02 4.977263533886955305e-02 9.652719469858634938e-01 3.884602546691894531e+00
2.880000000000000000e+02 5.007711387460699742e-02 9.646899706664718854e-01 3.885042428970336914e+00
2.890000000000000000e+02 4.916842202753203550e-02 9.647450701104826054e-01 3.886400461196899414e+00
2.900000000000000000e+02 5.151171929586122189e-02 9.645415233717842263e-01 3.886324882507324219e+00
2.910000000000000000e+02 4.939617798099409096e-02 9.636153979674229042e-01 3.885069608688354492e+00
2.920000000000000000e+02 5.173486214523780741e-02 9.633976749917486648e-01 3.885394573211669922e+00
2.930000000000000000e+02 5.266159656328540245e-02 9.624022446425619659e-01 3.885581493377685547e+00
2.940000000000000000e+02 4.981467417261707664e-02 9.629977866546798326e-01 3.885512590408325195e+00
2.950000000000000000e+02 4.927488387976077661e-02 9.648636615150801843e-01 3.886012077331542969e+00
2.960000000000000000e+02 5.264059782322109970e-02 9.639396458441115145e-01 3.886232376098632812e+00
2.970000000000000000e+02 5.004372752658651363e-02 9.628963165737056684e-01 3.884842872619628906e+00
2.980000000000000000e+02 5.244703460595768335e-02 9.642324929341724582e-01 3.883661985397338867e+00
2.990000000000000000e+02 5.059783253917350676e-02 9.635798707869080992e-01 3.885329008102416992e+00
3.000000000000000000e+02 4.951979648773152665e-02 9.653162887029356209e-01 3.885111570358276367e+00
3.010000000000000000e+02 5.084075408989791739e-02 9.634510555689186351e-01 3.884827375411987305e+00
3.020000000000000000e+02 5.070952682115864585e-02 9.630921613220478905e-01 3.883543968200683594e+00
3.030000000000000000e+02 5.086868410037986149e-02 9.626447390883874355e-01 3.883481502532958984e+00
3.040000000000000000e+02 5.077088038192630742e-02 9.628987103733450681e-01 3.883080005645751953e+00
3.050000000000000000e+02 4.995966685527202661e-02 9.633937312672925524e-01 3.883269548416137695e+00
3.060000000000000000e+02 5.134652749894966228e-02 9.619963524578816205e-01 3.883377075195312500e+00
3.070000000000000000e+02 5.171292048132129088e-02 9.652319133507719640e-01 3.883981466293334961e+00
3.080000000000000000e+02 4.860953836589953364e-02 9.642011511380541577e-01 3.883388996124267578e+00
3.090000000000000000e+02 5.058578046414096557e-02 9.643966994704716855e-01 3.882553577423095703e+00
3.100000000000000000e+02 5.043019683373128198e-02 9.651669052970636153e-01 3.882473945617675781e+00
3.110000000000000000e+02 4.899777908323556946e-02 9.652023714529467391e-01 3.882926464080810547e+00
3.120000000000000000e+02 5.024386625306311721e-02 9.646744600580016149e-01 3.883506059646606445e+00
3.130000000000000000e+02 5.153962015627659710e-02 9.647392963570294855e-01 3.882688522338867188e+00
3.140000000000000000e+02 4.881113729433562975e-02 9.655180833676805241e-01 3.883028984069824219e+00
3.150000000000000000e+02 4.991306158045168834e-02 9.654510533684549367e-01 3.884186029434204102e+00
3.160000000000000000e+02 5.114316242545517699e-02 9.639318010459827502e-01 3.885238409042358398e+00
3.170000000000000000e+02 5.164064601831944851e-02 9.668358913958549072e-01 3.884482383728027344e+00
3.180000000000000000e+02 4.914193811590247124e-02 9.650863986002985451e-01 3.884453535079956055e+00
3.190000000000000000e+02 5.106335368653228818e-02 9.638752202339492259e-01 3.883569002151489258e+00
3.200000000000000000e+02 5.013789313479034143e-02 9.642391128477701967e-01 3.883261442184448242e+00
3.210000000000000000e+02 4.889601899500326671e-02 9.634775384643408103e-01 3.882863521575927734e+00
3.220000000000000000e+02 5.020682502789017287e-02 9.646599727043896344e-01 3.882999420166015625e+00
3.230000000000000000e+02 4.946466272769833167e-02 9.646237679479767735e-01 3.882292985916137695e+00
3.240000000000000000e+02 4.835099765258094734e-02 9.641972992292591194e-01 3.882865905761718750e+00
3.250000000000000000e+02 4.862626268336343177e-02 9.656810332378503725e-01 3.883390903472900391e+00
3.260000000000000000e+02 4.778953454924469296e-02 9.642309225073155687e-01 3.883552074432373047e+00
3.270000000000000000e+02 4.946334712120618177e-02 9.635272459527960409e-01 3.884395599365234375e+00
3.280000000000000000e+02 5.108280477169177547e-02 9.639755873789075391e-01 3.884395599365234375e+00
3.290000000000000000e+02 5.085054180672327756e-02 9.653951643602053379e-01 3.885188102722167969e+00
3.300000000000000000e+02 5.082532566562483062e-02 9.669939530962592400e-01 3.884907960891723633e+00
3.310000000000000000e+02 4.956779122098599333e-02 9.649766604008552795e-01 3.884401559829711914e+00
3.320000000000000000e+02 5.009385128230574996e-02 9.645711769779707900e-01 3.885394096374511719e+00
3.330000000000000000e+02 5.006888493397413514e-02 9.647312925567244069e-01 3.884456872940063477e+00
3.340000000000000000e+02 5.131589991211155111e-02 9.638802949783626950e-01 3.882864475250244141e+00
3.350000000000000000e+02 4.911809742769743248e-02 9.614800102936449377e-01 3.882392406463623047e+00
3.360000000000000000e+02 4.984734455950544374e-02 9.632819229195367372e-01 3.882886409759521484e+00
3.370000000000000000e+02 4.986993646106709782e-02 9.650304168271552907e-01 3.883270502090454102e+00
3.380000000000000000e+02 4.982889386157264566e-02 9.639871895753179265e-01 3.884173393249511719e+00
3.390000000000000000e+02 4.815584878352733439e-02 9.637217896580192456e-01 3.884770393371582031e+00
3.400000000000000000e+02 4.878950366994214832e-02 9.636261471917003663e-01 3.883706569671630859e+00
3.410000000000000000e+02 4.853205947503319573e-02 9.620859086036428476e-01 3.884301424026489258e+00
3.420000000000000000e+02 5.043340762011718631e-02 9.622773246522728918e-01 3.884879589080810547e+00
3.430000000000000000e+02 5.069743339934813797e-02 9.629658641671442476e-01 3.884936571121215820e+00
3.440000000000000000e+02 5.033096578361855727e-02 9.651541222321317059e-01 3.884087562561035156e+00
3.450000000000000000e+02 5.099548139177238065e-02 9.647222878222926346e-01 3.884402990341186523e+00
3.460000000000000000e+02 5.096575029006279040e-02 9.638786487385925250e-01 3.885019063949584961e+00
3.470000000000000000e+02 4.925457372313896826e-02 9.649334048675073383e-01 3.885280609130859375e+00
3.480000000000000000e+02 4.851751747013735572e-02 9.659597149681883321e-01 3.885635375976562500e+00
3.490000000000000000e+02 4.940141764417335657e-02 9.634998928589417755e-01 3.886597871780395508e+00
3.500000000000000000e+02 5.067837488481114622e-02 9.630201811132536038e-01 3.885298967361450195e+00
3.510000000000000000e+02 5.174684471775869293e-02 9.633271401103959963e-01 3.885179996490478516e+00
3.520000000000000000e+02 5.036047660615617511e-02 9.640549096009514152e-01 3.886414527893066406e+00
3.530000000000000000e+02 5.087782627171657385e-02 9.672460957122117620e-01 3.887259006500244141e+00
3.540000000000000000e+02 4.805028806650206430e-02 9.666747333367966544e-01 3.888484001159667969e+00
3.550000000000000000e+02 5.080469163054175674e-02 9.637691589298210681e-01 3.889003515243530273e+00
3.560000000000000000e+02 4.864540657585299244e-02 9.622817197895924268e-01 3.887665987014770508e+00
3.570000000000000000e+02 5.009502017556858450e-02 9.624410561895601068e-01 3.887914896011352539e+00
3.580000000000000000e+02 5.141933765216221558e-02 9.623273067859562380e-01 3.885739564895629883e+00
3.590000000000000000e+02 4.881394386033469784e-02 9.641879898286412898e-01 3.886347532272338867e+00
3.600000000000000000e+02 5.103096757482263740e-02 9.650262987618843935e-01 3.884701013565063477e+00
3.610000000000000000e+02 5.068795936496860860e-02 9.654922825937971576e-01 3.885066509246826172e+00
3.620000000000000000e+02 5.064779817474456686e-02 9.645714567482698287e-01 3.886987447738647461e+00
3.630000000000000000e+02 4.925371583394820563e-02 9.655253875142882913e-01 3.886575937271118164e+00
3.640000000000000000e+02 4.885157668224610061e-02 9.646051342217397684e-01 3.885811567306518555e+00
3.650000000000000000e+02 4.963654006329641655e-02 9.645881517590841892e-01 3.884362936019897461e+00
3.660000000000000000e+02 4.809327539034601029e-02 9.638850791584213651e-01 3.884065389633178711e+00
3.670000000000000000e+02 4.915489548846724982e-02 9.645444400964954257e-01 3.884597539901733398e+00
3.680000000000000000e+02 4.979618057693813854e-02 9.642801458705216877e-01 3.885540962219238281e+00
3.690000000000000000e+02 5.043508727453788892e-02 9.657062948425290116e-01 3.885350942611694336e+00
3.700000000000000000e+02 4.938963596582662124e-02 9.661388279937473955e-01 3.886140584945678711e+00
3.710000000000000000e+02 4.991500278337001467e-02 9.649359399317916086e-01 3.885707378387451172e+00
3.720000000000000000e+02 5.135161957490815693e-02 9.653403025450754127e-01 3.886026382446289062e+00
3.730000000000000000e+02 5.101287771087503059e-02 9.672087967753283388e-01 3.886015892028808594e+00
3.740000000000000000e+02 5.062539167752395930e-02 9.694600536868759333e-01 3.886551380157470703e+00
3.750000000000000000e+02 4.976192723236155108e-02 9.684685303466353812e-01 3.887583017349243164e+00
3.760000000000000000e+02 4.982059336315310810e-02 9.679112314757920554e-01 3.887248516082763672e+00
3.770000000000000000e+02 4.879784549330814375e-02 9.663706386082037136e-01 3.886720418930053711e+00
3.780000000000000000e+02 5.220617035535988354e-02 9.662237922986539607e-01 3.885990381240844727e+00
3.790000000000000000e+02 5.174253694437130902e-02 9.655992662270989069e-01 3.885909557342529297e+00
3.800000000000000000e+02 5.146045988603953347e-02 9.662220687298263000e-01 3.886365890502929688e+00
3.810000000000000000e+02 5.015700975423315056e-02 9.667765559652939933e-01 3.886405467987060547e+00
3.820000000000000000e+02 4.917325905705136752e-02 9.653817486743715426e-01 3.887176990509033203e+00
3.830000000000000000e+02 4.963025444092698107e-02 9.649886961516547235e-01 3.886931419372558594e+00
3.840000000000000000e+02 5.014884845374195654e-02 9.654652757481015923e-01 3.886401891708374023e+00
3.850000000000000000e+02 5.292218911868301623e-02 9.645818967037151914e-01 3.887489080429077148e+00
3.860000000000000000e+02 4.935176512635480045e-02 9.645721981159238734e-01 3.887688398361206055e+00
3.870000000000000000e+02 5.013465851164904119e-02 9.641178697659684715e-01 3.888016939163208008e+00
3.880000000000000000e+02 4.799671574830687709e-02 9.649996490366311575e-01 3.887125015258789062e+00
3.890000000000000000e+02 4.968942137563100991e-02 9.666826007116063879e-01 3.887512445449829102e+00
3.900000000000000000e+02 5.131361864150077445e-02 9.660174439496351795e-01 3.886357545852661133e+00
3.910000000000000000e+02 5.147921708714918443e-02 9.659488925211794363e-01 3.886486530303955078e+00
3.920000000000000000e+02 5.194316879798310804e-02 9.670244594283249340e-01 3.885148048400878906e+00
3.930000000000000000e+02 5.040078652259115388e-02 9.646928623067696495e-01 3.886006593704223633e+00
3.940000000000000000e+02 5.027272214576709863e-02 9.665086952706839485e-01 3.885416030883789062e+00
3.950000000000000000e+02 5.159851321519100253e-02 9.663631602573370394e-01 3.884736061096191406e+00
3.960000000000000000e+02 4.963488179454560861e-02 9.651295073818015879e-01 3.884647607803344727e+00
3.970000000000000000e+02 4.846797618733707236e-02 9.648350691951855795e-01 3.883828878402709961e+00
3.980000000000000000e+02 5.195628912213946099e-02 9.638636211052350466e-01 3.883172512054443359e+00
