0.000000000000000000e+00 1.274524358518586142e-01 0.000000000000000000e+00 3.003715038299560547e+00
1.000000000000000000e+00 2.907883166092189442e-01 0.000000000000000000e+00 3.172304391860961914e+00
2.000000000000000000e+00 4.525724630436544493e-01 0.000000000000000000e+00 3.302266597747802734e+00
3.000000000000000000e+00 5.865055498428992653e-01 0.000000000000000000e+00 3.404032945632934570e+00
4.000000000000000000e+00 6.872051097677877030e-01 0.000000000000000000e+00 3.485586404800415039e+00
5.000000000000000000e+00 7.603688136393980113e-01 0.000000000000000000e+00 3.550173997879028320e+00
6.000000000000000000e+00 8.079860950915738194e-01 0.000000000000000000e+00 3.602872610092163086e+00
7.000000000000000000e+00 8.484346249129837148e-01 0.000000000000000000e+00 3.643414497375488281e+00
8.000000000000000000e+00 8.723039332949029667e-01 0.000000000000000000e+00 3.677773952484130859e+00
9.000000000000000000e+00 8.922763956387066431e-01 0.000000000000000000e+00 3.704015016555786133e+00
1.000000000000000000e+01 9.058465228116890922e-01 0.000000000000000000e+00 3.726269483566284180e+00
1.100000000000000000e+01 9.189748854346203588e-01 0.000000000000000000e+00 3.743779897689819336e+00
1.200000000000000000e+01 9.267174546337668684e-01 0.000000000000000000e+00 3.758886575698852539e+00
1.300000000000000000e+01 9.339060130783534142e-01 0.000000000000000000e+00 3.770503044128417969e+00
1.400000000000000000e+01 9.395341013995601731e-01 0.000000000000000000e+00 3.780544996261596680e+00
1.500000000000000000e+01 9.430065258571416198e-01 0.000000000000000000e+00 3.787796497344970703e+00
1.600000000000000000e+01 9.457115143558371129e-01 0.000000000000000000e+00 3.795153379440307617e+00
1.700000000000000000e+01 9.470255886693106362e-01 0.000000000000000000e+00 3.800207376480102539e+00
1.800000000000000000e+01 9.492355673262988791e-01 0.000000000000000000e+00 3.804336547851562500e+00
1.900000000000000000e+01 9.500935789078244209e-01 0.000000000000000000e+00 3.807214021682739258e+00
2.000000000000000000e+01 9.530029126005558071e-01 0.000000000000000000e+00 3.810962915420532227e+00
2.100000000000000000e+01 9.524830212756207892e-01 0.000000000000000000e+00 3.813364505767822266e+00
2.200000000000000000e+01 9.575420226292006287e-01 0.000000000000000000e+00 3.815741062164306641e+00
2.300000000000000000e+01 9.576046051948762239e-01 0.000000000000000000e+00 3.818666458129882812e+00
2.400000000000000000e+01 9.565669108420113975e-01 0.000000000000000000e+00 3.820168972015380859e+00
2.500000000000000000e+01 9.568821702280679853e-01 0.000000000000000000e+00 3.820877075195312500e+00
2.600000000000000000e+01 9.569798108805772641e-01 0.000000000000000000e+00 3.821008920669555664e+00
2.700000000000000000e+01 9.558236473639160069e-01 0.000000000000000000e+00 3.820530891418457031e+00
2.800000000000000000e+01 9.575623600937918090e-01 0.000000000000000000e+00 3.821189880371093750e+00
2.900000000000000000e+01 9.574257689617510225e-01 0.000000000000000000e+00 3.823617935180664062e+00
3.000000000000000000e+01 9.573458645796172339e-01 0.000000000000000000e+00 3.824249505996704102e+00
3.100000000000000000e+01 9.582380138420375504e-01 0.000000000000000000e+00 3.825975418090820312e+00
3.200000000000000000e+01 9.575883221357137653e-01 0.000000000000000000e+00 3.826072454452514648e+00
3.300000000000000000e+01 9.587990909147285912e-01 0.000000000000000000e+00 3.827268600463867188e+00
3.400000000000000000e+01 9.588874245124135998e-01 0.000000000000000000e+00 3.826910018920898438e+00
3.500000000000000000e+01 9.593684545573056832e-01 0.000000000000000000e+00 3.827370405197143555e+00
3.600000000000000000e+01 9.602330406202880253e-01 0.000000000000000000e+00 3.827125072479248047e+00
3.700000000000000000e+01 9.602973572670689961e-01 0.000000000000000000e+00 3.827542066574096680e+00
3.800000000000000000e+01 9.615291573717530405e-01 0.000000000000000000e+00 3.828292608261108398e+00
3.900000000000000000e+01 9.628116249676921257e-01 0.000000000000000000e+00 3.829674482345581055e+00
4.000000000000000000e+01 9.636058123045267987e-01 0.000000000000000000e+00 3.829389572143554688e+00
4.100000000000000000e+01 9.638041653864007907e-01 0.000000000000000000e+00 3.829998493194580078e+00
4.200000000000000000e+01 9.638304475948932248e-01 0.000000000000000000e+00 3.830073595046997070e+00
4.300000000000000000e+01 9.641587861884135524e-01 0.000000000000000000e+00 3.829648494720458984e+00
4.400000000000000000e+01 9.644560152183101476e-01 0.000000000000000000e+00 3.829780578613281250e+00
4.500000000000000000e+01 9.627123890582730548e-01 0.000000000000000000e+00 3.829144477844238281e+00
4.600000000000000000e+01 9.626754982180167897e-01 0.000000000000000000e+00 3.828111886978149414e+00
4.700000000000000000e+01 9.617347582490123337e-01 0.000000000000000000e+00 3.828341484069824219e+00
4.800000000000000000e+01 9.620611709253134025e-01 0.000000000000000000e+00 3.827908039093017578e+00
4.900000000000000000e+01 9.608673576581829856e-01 0.000000000000000000e+00 3.827861547470092773e+00
5.000000000000000000e+01 9.620393668507860596e-01 0.000000000000000000e+00 3.828310489654541016e+00
5.100000000000000000e+01 9.629872196375083293e-01 0.000000000000000000e+00 3.828005552291870117e+00
5.200000000000000000e+01 9.618408472759083505e-01 0.000000000000000000e+00 3.828072071075439453e+00
5.300000000000000000e+01 9.595991668711704170e-01 0.000000000000000000e+00 3.826930522918701172e+00
5.400000000000000000e+01 9.608644024353085733e-01 0.000000000000000000e+00 3.826446056365966797e+00
5.500000000000000000e+01 9.617331657413675794e-01 0.000000000000000000e+00 3.826387882232666016e+00
5.600000000000000000e+01 9.627771729913768839e-01 0.000000000000000000e+00 3.827044963836669922e+00
5.700000000000000000e+01 9.621410791211937319e-01 0.000000000000000000e+00 3.825911045074462891e+00
5.800000000000000000e+01 9.606994602286060836e-01 0.000000000000000000e+00 3.824527502059936523e+00
5.900000000000000000e+01 9.600656985883410099e-01 0.000000000000000000e+00 3.825076580047607422e+00
6.000000000000000000e+01 9.598248322421334411e-01 0.000000000000000000e+00 3.825622081756591797e+00
6.100000000000000000e+01 9.587783079616413184e-01 0.000000000000000000e+00 3.824486017227172852e+00
6.200000000000000000e+01 9.578252468099353045e-01 0.000000000000000000e+00 3.823934555053710938e+00
6.300000000000000000e+01 9.584147476634067297e-01 0.000000000000000000e+00 3.824189424514770508e+00
6.400000000000000000e+01 9.592392339776359966e-01 0.000000000000000000e+00 3.823680400848388672e+00
6.500000000000000000e+01 9.612544023333119414e-01 0.000000000000000000e+00 3.823333978652954102e+00
6.600000000000000000e+01 9.588877679182361558e-01 0.000000000000000000e+00 3.824120998382568359e+00
6.700000000000000000e+01 9.608080192929655539e-01 0.000000000000000000e+00 3.824309587478637695e+00
6.800000000000000000e+01 9.602266659685179118e-01 0.000000000000000000e+00 3.824665069580078125e+00
6.900000000000000000e+01 9.605662104496086595e-01 0.000000000000000000e+00 3.825367927551269531e+00
7.000000000000000000e+01 9.615686907907993186e-01 0.000000000000000000e+00 3.825178384780883789e+00
7.100000000000000000e+01 9.617907979889455117e-01 0.000000000000000000e+00 3.825479984283447266e+00
7.200000000000000000e+01 9.621345267207527252e-01 0.000000000000000000e+00 3.826091051101684570e+00
7.300000000000000000e+01 9.627714696135517558e-01 0.000000000000000000e+00 3.826000928878784180e+00
7.400000000000000000e+01 9.613851256888051866e-01 0.000000000000000000e+00 3.826608896255493164e+00
7.500000000000000000e+01 9.627837513734960329e-01 0.000000000000000000e+00 3.826123952865600586e+00
7.600000000000000000e+01 9.614653713144348801e-01 0.000000000000000000e+00 3.825411558151245117e+00
7.700000000000000000e+01 9.620954427206543924e-01 0.000000000000000000e+00 3.825054883956909180e+00
7.800000000000000000e+01 9.603111621749119697e-01 0.000000000000000000e+00 3.826471090316772461e+00
7.900000000000000000e+01 9.608531250525017553e-01 0.000000000000000000e+00 3.825766563415527344e+00
8.000000000000000000e+01 9.603835788020141928e-01 0.000000000000000000e+00 3.824497938156127930e+00
8.100000000000000000e+01 9.607428869580271202e-01 0.000000000000000000e+00 3.823266029357910156e+00
8.200000000000000000e+01 9.591479246839546002e-01 0.000000000000000000e+00 3.823366880416870117e+00
8.300000000000000000e+01 9.611190460324705587e-01 0.000000000000000000e+00 3.822944879531860352e+00
8.400000000000000000e+01 9.604851520055027736e-01 0.000000000000000000e+00 3.823636054992675781e+00
8.500000000000000000e+01 9.605882111313871485e-01 0.000000000000000000e+00 3.825051069259643555e+00
8.600000000000000000e+01 9.625194733722964857e-01 0.000000000000000000e+00 3.827511072158813477e+00
8.700000000000000000e+01 9.623290401908570768e-01 0.000000000000000000e+00 3.827925443649291992e+00
8.800000000000000000e+01 9.625138077608828002e-01 0.000000000000000000e+00 3.828031539916992188e+00
8.900000000000000000e+01 9.628209980898917442e-01 0.000000000000000000e+00 3.828195571899414062e+00
9.000000000000000000e+01 9.620756739661385781e-01 0.000000000000000000e+00 3.828322410583496094e+00
9.100000000000000000e+01 9.615238929560422365e-01 0.000000000000000000e+00 3.827409029006958008e+00
9.200000000000000000e+01 9.600811464192587907e-01 0.000000000000000000e+00 3.826408386230468750e+00
9.300000000000000000e+01 9.603073011609817300e-01 0.000000000000000000e+00 3.824759006500244141e+00
9.400000000000000000e+01 9.615532589554069975e-01 0.000000000000000000e+00 3.824454545974731445e+00
9.500000000000000000e+01 9.619961956911291523e-01 0.000000000000000000e+00 3.824335575103759766e+00
9.600000000000000000e+01 9.635757660262136426e-01 0.000000000000000000e+00 3.824342012405395508e+00
9.700000000000000000e+01 9.616098572337218320e-01 0.000000000000000000e+00 3.825109958648681641e+00
9.800000000000000000e+01 9.615805984124021766e-01 0.000000000000000000e+00 3.825918912887573242e+00
9.900000000000000000e+01 9.610781844331948154e-01 0.000000000000000000e+00 3.824966907501220703e+00
1.000000000000000000e+02 9.608232133786839269e-01 0.000000000000000000e+00 3.824645519256591797e+00
1.010000000000000000e+02 9.604135738990252635e-01 0.000000000000000000e+00 3.823803424835205078e+00
1.020000000000000000e+02 9.595060684431496734e-01 0.000000000000000000e+00 3.824481487274169922e+00
1.030000000000000000e+02 9.601252911867632633e-01 0.000000000000000000e+00 3.824590921401977539e+00
1.040000000000000000e+02 9.599229045080055478e-01 0.000000000000000000e+00 3.825858592987060547e+00
1.050000000000000000e+02 9.587338509591910585e-01 0.000000000000000000e+00 3.825443029403686523e+00
1.060000000000000000e+02 9.594953031273842914e-01 0.000000000000000000e+00 3.826207399368286133e+00
1.070000000000000000e+02 9.589067839525232673e-01 0.000000000000000000e+00 3.826056003570556641e+00
1.080000000000000000e+02 9.583647968677619922e-01 0.000000000000000000e+00 3.824933052062988281e+00
1.090000000000000000e+02 9.574409453883899745e-01 0.000000000000000000e+00 3.823242425918579102e+00
1.100000000000000000e+02 9.588048091522770600e-01 0.000000000000000000e+00 3.823636531829833984e+00
1.110000000000000000e+02 9.582605872562206528e-01 0.000000000000000000e+00 3.824470043182373047e+00
1.120000000000000000e+02 9.595129370027676297e-01 0.000000000000000000e+00 3.825084924697875977e+00
1.130000000000000000e+02 9.578726148139828922e-01 0.000000000000000000e+00 3.826160907745361328e+00
1.140000000000000000e+02 9.586118608622214987e-01 0.000000000000000000e+00 3.826680421829223633e+00
1.150000000000000000e+02 9.571793998695645733e-01 0.000000000000000000e+00 3.827161073684692383e+00
1.160000000000000000e+02 9.573358905141312603e-01 0.000000000000000000e+00 3.827409029006958008e+00
1.170000000000000000e+02 9.588872244183072047e-01 0.000000000000000000e+00 3.827153921127319336e+00
1.180000000000000000e+02 9.598844290950762081e-01 0.000000000000000000e+00 3.826178073883056641e+00
1.190000000000000000e+02 9.585421143932765231e-01 0.000000000000000000e+00 3.826295375823974609e+00
1.200000000000000000e+02 9.597724397439377775e-01 0.000000000000000000e+00 3.825330972671508789e+00
1.210000000000000000e+02 9.603000579820869520e-01 0.000000000000000000e+00 3.825054883956909180e+00
1.220000000000000000e+02 9.620462837370390430e-01 0.000000000000000000e+00 3.825450420379638672e+00
1.230000000000000000e+02 9.622650798431415797e-01 0.000000000000000000e+00 3.827063560485839844e+00
1.240000000000000000e+02 9.614550252385095641e-01 0.000000000000000000e+00 3.828084468841552734e+00
1.250000000000000000e+02 9.632806324664069386e-01 0.000000000000000000e+00 3.828419923782348633e+00
1.260000000000000000e+02 9.608248354732618068e-01 0.000000000000000000e+00 3.827805519104003906e+00
1.270000000000000000e+02 9.616488214732534789e-01 0.000000000000000000e+00 3.828064918518066406e+00
1.280000000000000000e+02 9.605950377103787963e-01 0.000000000000000000e+00 3.828990936279296875e+00
1.290000000000000000e+02 9.606889810173021571e-01 0.000000000000000000e+00 3.828345060348510742e+00
1.300000000000000000e+02 9.598918213489288087e-01 0.000000000000000000e+00 3.826736927032470703e+00
1.310000000000000000e+02 9.600185403616743329e-01 0.000000000000000000e+00 3.827045917510986328e+00
1.320000000000000000e+02 9.614707797131973877e-01 0.000000000000000000e+00 3.827518939971923828e+00
1.330000000000000000e+02 9.620604182888318201e-01 0.000000000000000000e+00 3.827946424484252930e+00
1.340000000000000000e+02 9.620583997824402323e-01 0.000000000000000000e+00 3.828777551651000977e+00
1.350000000000000000e+02 9.614113318487326199e-01 0.000000000000000000e+00 3.828808069229125977e+00
1.360000000000000000e+02 9.616002223513397951e-01 0.000000000000000000e+00 3.828858375549316406e+00
1.370000000000000000e+02 9.617796561752927076e-01 0.000000000000000000e+00 3.829801082611083984e+00
1.380000000000000000e+02 9.606138179581377168e-01 0.000000000000000000e+00 3.830051422119140625e+00
1.390000000000000000e+02 9.624126589892754158e-01 0.000000000000000000e+00 3.830232381820678711e+00
1.400000000000000000e+02 9.624098934583116272e-01 0.000000000000000000e+00 3.830323934555053711e+00
1.410000000000000000e+02 9.616166136625644567e-01 0.000000000000000000e+00 3.830070972442626953e+00
1.420000000000000000e+02 9.621855106027761284e-01 0.000000000000000000e+00 3.828371524810791016e+00
1.430000000000000000e+02 9.623374968249827077e-01 0.000000000000000000e+00 3.828637599945068359e+00
1.440000000000000000e+02 9.607219007711619296e-01 0.000000000000000000e+00 3.828702449798583984e+00
1.450000000000000000e+02 9.614018829519140885e-01 0.000000000000000000e+00 3.828347921371459961e+00
1.460000000000000000e+02 9.611702996605294702e-01 0.000000000000000000e+00 3.828607559204101562e+00
1.470000000000000000e+02 9.608518063899882389e-01 0.000000000000000000e+00 3.827317953109741211e+00
1.480000000000000000e+02 9.632857239410026473e-01 0.000000000000000000e+00 3.825468063354492188e+00
1.490000000000000000e+02 9.619059290656413186e-01 0.000000000000000000e+00 3.825709104537963867e+00
1.500000000000000000e+02 9.628859530265622135e-01 0.000000000000000000e+00 3.825327396392822266e+00
1.510000000000000000e+02 9.626105838384536595e-01 0.000000000000000000e+00 3.824498891830444336e+00
1.520000000000000000e+02 9.628280405321509861e-01 0.000000000000000000e+00 3.825971603393554688e+00
1.530000000000000000e+02 9.603459155423800242e-01 0.000000000000000000e+00 3.824923038482666016e+00
1.540000000000000000e+02 9.604125430546913700e-01 0.000000000000000000e+00 3.825651884078979492e+00
1.550000000000000000e+02 9.596892430767486326e-01 0.000000000000000000e+00 3.826004505157470703e+00
1.560000000000000000e+02 9.594873990928188823e-01 0.000000000000000000e+00 3.827485084533691406e+00
1.570000000000000000e+02 9.623557158482632934e-01 0.000000000000000000e+00 3.827783107757568359e+00
1.580000000000000000e+02 9.589875306321828941e-01 0.000000000000000000e+00 3.828316450119018555e+00
1.590000000000000000e+02 9.586906473721958921e-01 0.000000000000000000e+00 3.826544046401977539e+00
1.600000000000000000e+02 9.602706495354912386e-01 0.000000000000000000e+00 3.825925588607788086e+00
1.610000000000000000e+02 9.617788935624429492e-01 0.000000000000000000e+00 3.825705051422119141e+00
1.620000000000000000e+02 9.626331273437614966e-01 0.000000000000000000e+00 3.826682090759277344e+00
1.630000000000000000e+02 9.618289659696770411e-01 0.000000000000000000e+00 3.827928066253662109e+00
1.640000000000000000e+02 9.621241574366257154e-01 0.000000000000000000e+00 3.827083587646484375e+00
1.650000000000000000e+02 9.607804911408598381e-01 0.000000000000000000e+00 3.827762603759765625e+00
1.660000000000000000e+02 9.611087062892367250e-01 0.000000000000000000e+00 3.827592372894287109e+00
1.670000000000000000e+02 9.598439020548332756e-01 0.000000000000000000e+00 3.827985048294067383e+00
1.680000000000000000e+02 9.600396708948969460e-01 0.000000000000000000e+00 3.826530933380126953e+00
1.690000000000000000e+02 9.582348584487482279e-01 0.000000000000000000e+00 3.826418399810791016e+00
1.700000000000000000e+02 9.588093785297816529e-01 0.000000000000000000e+00 3.826527595520019531e+00
1.710000000000000000e+02 9.595230173172243360e-01 0.000000000000000000e+00 3.827958583831787109e+00
1.720000000000000000e+02 9.605415361405366115e-01 0.000000000000000000e+00 3.828073501586914062e+00
1.730000000000000000e+02 9.594034337336906360e-01 0.000000000000000000e+00 3.828698873519897461e+00
1.740000000000000000e+02 9.617464268665907312e-01 0.000000000000000000e+00 3.829576492309570312e+00
1.750000000000000000e+02 9.615389953092791098e-01 0.000000000000000000e+00 3.828598499298095703e+00
1.760000000000000000e+02 9.604706833368721330e-01 0.000000000000000000e+00 3.827312946319580078e+00
1.770000000000000000e+02 9.605035129603584076e-01 0.000000000000000000e+00 3.826377391815185547e+00
1.780000000000000000e+02 9.591172437206832990e-01 0.000000000000000000e+00 3.825331926345825195e+00
1.790000000000000000e+02 9.597554020677071529e-01 0.000000000000000000e+00 3.825613498687744141e+00
1.800000000000000000e+02 9.617974096579239296e-01 0.000000000000000000e+00 3.825444936752319336e+00
1.810000000000000000e+02 9.613391800242492291e-01 0.000000000000000000e+00 3.825622081756591797e+00
1.820000000000000000e+02 9.590543690566780688e-01 0.000000000000000000e+00 3.825764894485473633e+00
1.830000000000000000e+02 9.606899606344142528e-01 0.000000000000000000e+00 3.826253414154052734e+00
1.840000000000000000e+02 9.598815815502756976e-01 0.000000000000000000e+00 3.825659036636352539e+00
1.850000000000000000e+02 9.587608471640839403e-01 0.000000000000000000e+00 3.824651479721069336e+00
1.860000000000000000e+02 9.584069591380417474e-01 0.000000000000000000e+00 3.824023485183715820e+00
1.870000000000000000e+02 9.594700688360069396e-01 0.000000000000000000e+00 3.824361562728881836e+00
1.880000000000000000e+02 9.601351329282502567e-01 0.000000000000000000e+00 3.823799371719360352e+00
1.890000000000000000e+02 9.585807388465044099e-01 0.000000000000000000e+00 3.825414896011352539e+00
1.900000000000000000e+02 9.605082313008196371e-01 0.000000000000000000e+00 3.824836015701293945e+00
1.910000000000000000e+02 9.598034618485742353e-01 0.000000000000000000e+00 3.825583457946777344e+00
1.920000000000000000e+02 9.598200950992258340e-01 0.000000000000000000e+00 3.824584960937500000e+00
1.930000000000000000e+02 9.609342852917389655e-01 0.000000000000000000e+00 3.824442386627197266e+00
1.940000000000000000e+02 9.621174958065779048e-01 0.000000000000000000e+00 3.824639558792114258e+00
1.950000000000000000e+02 9.610359624074981122e-01 0.000000000000000000e+00 3.825955390930175781e+00
1.960000000000000000e+02 9.619255500528696157e-01 0.000000000000000000e+00 3.825993061065673828e+00
1.970000000000000000e+02 9.614703413140455179e-01 0.000000000000000000e+00 3.825674533843994141e+00
1.980000000000000000e+02 9.616109754560759892e-01 0.000000000000000000e+00 3.825538396835327148e+00
1.990000000000000000e+02 9.613884165088190104e-01 0.000000000000000000e+00 3.826948881149291992e+00
2.000000000000000000e+02 9.100553353801412726e-01 1.323856047468205122e-01 2.994671106338500977e+00
2.010000000000000000e+02 8.099186942303109316e-01 2.982830246847713584e-01 3.163369417190551758e+00
2.020000000000000000e+02 6.830262891870466646e-01 4.579773337356927154e-01 3.292912960052490234e+00
2.030000000000000000e+02 5.531188302043040794e-01 5.890625795724775404e-01 3.393230438232421875e+00
2.040000000000000000e+02 4.412581970171012835e-01 6.872159009720408829e-01 3.473241567611694336e+00
2.050000000000000000e+02 3.491708705586730188e-01 7.547328887843629541e-01 3.537049055099487305e+00
2.060000000000000000e+02 2.767474393232373098e-01 8.093178421235102116e-01 3.588397979736328125e+00
2.070000000000000000e+02 2.169913054058230373e-01 8.487596691036898289e-01 3.630912065505981445e+00
2.080000000000000000e+02 1.761647670785034814e-01 8.788123577269433273e-01 3.665499925613403320e+00
2.090000000000000000e+02 1.464002602665663566e-01 8.970651576943711181e-01 3.694328546524047852e+00
2.100000000000000000e+02 1.202135513813489542e-01 9.107229404680043938e-01 3.715630054473876953e+00
2.110000000000000000e+02 1.026758415622570919e-01 9.235171903666666848e-01 3.733340024948120117e+00
2.120000000000000000e+02 8.726034962656506466e-02 9.318607874627573562e-01 3.746105909347534180e+00
2.130000000000000000e+02 8.137835010729600749e-02 9.394627685804279871e-01 3.758259057998657227e+00
2.140000000000000000e+02 7.299219211476432045e-02 9.415071579465725815e-01 3.768986463546752930e+00
2.150000000000000000e+02 6.482324178914082580e-02 9.435427395970432674e-01 3.776988029479980469e+00
2.160000000000000000e+02 6.403723151405341096e-02 9.472883392785940160e-01 3.782758951187133789e+00
2.170000000000000000e+02 5.983313356460061988e-02 9.486287901418674062e-01 3.787968873977661133e+00
2.180000000000000000e+02 5.687455667649454066e-02 9.524644338526507825e-01 3.792037963867187500e+00
2.190000000000000000e+02 5.563414397343565548e-02 9.535444602374121281e-01 3.795742988586425781e+00
2.200000000000000000e+02 5.181993152297338645e-02 9.554857162371050983e-01 3.798037528991699219e+00
2.210000000000000000e+02 5.237372433968653929e-02 9.575848085487074224e-01 3.799380064010620117e+00
2.220000000000000000e+02 5.106267324637770583e-02 9.580019199124270024e-01 3.801920890808105469e+00
2.230000000000000000e+02 5.088142188943930305e-02 9.605257596957225141e-01 3.803963899612426758e+00
2.240000000000000000e+02 5.155403167852450064e-02 9.611157044858412712e-01 3.806987047195434570e+00
2.250000000000000000e+02 4.925313693196954612e-02 9.607911185985320568e-01 3.808408498764038086e+00
2.260000000000000000e+02 5.081005459362866045e-02 9.596572992933755097e-01 3.809432983398437500e+00
2.270000000000000000e+02 4.827374066223707322e-02 9.589995157811911364e-01 3.809458494186401367e+00
2.280000000000000000e+02 4.928230078665900987e-02 9.622927814438378968e-01 3.809719562530517578e+00
2.290000000000000000e+02 4.844699658489691474e-02 9.628596779299579689e-01 3.809602975845336914e+00
2.300000000000000000e+02 4.743268875305983040e-02 9.604885863727429252e-01 3.811183929443359375e+00
2.310000000000000000e+02 4.776589089818399775e-02 9.603683957291042628e-01 3.811535596847534180e+00
2.320000000000000000e+02 4.916939028290034930e-02 9.603959221178661743e-01 3.811348915100097656e+00
2.330000000000000000e+02 4.768954289095521382e-02 9.607165284259995275e-01 3.811427593231201172e+00
2.340000000000000000e+02 4.860460819355875289e-02 9.612494247503936551e-01 3.811708450317382812e+00
2.350000000000000000e+02 5.043246197010613913e-02 9.596626538254969807e-01 3.810553073883056641e+00
2.360000000000000000e+02 4.922362089052240847e-02 9.610182649710579117e-01 3.810853481292724609e+00
2.370000000000000000e+02 4.834632561269892187e-02 9.612589055156669504e-01 3.811621904373168945e+00
2.380000000000000000e+02 4.769612405603667477e-02 9.614558385538614083e-01 3.812972545623779297e+00
2.390000000000000000e+02 4.740974594589188185e-02 9.593824011191253165e-01 3.813076496124267578e+00
2.400000000000000000e+02 4.866688408818672928e-02 9.596841461676270946e-01 3.811770915985107422e+00
2.410000000000000000e+02 4.719061678450597180e-02 9.621104272884670738e-01 3.812689542770385742e+00
2.420000000000000000e+02 4.790151262919674358e-02 9.616853460324026326e-01 3.813870906829833984e+00
2.430000000000000000e+02 4.694933362865046089e-02 9.624865096642797324e-01 3.814275979995727539e+00
2.440000000000000000e+02 4.844368901994334370e-02 9.618231647261502593e-01 3.813992023468017578e+00
2.450000000000000000e+02 5.048571434415405346e-02 9.605645253616192925e-01 3.813284873962402344e+00
2.460000000000000000e+02 4.706927365310033251e-02 9.618388332649329131e-01 3.813234567642211914e+00
2.470000000000000000e+02 4.811762806970375228e-02 9.613706085024065207e-01 3.812719583511352539e+00
2.480000000000000000e+02 4.749985103121297930e-02 9.613988671115732965e-01 3.812577962875366211e+00
2.490000000000000000e+02 4.712430333896873436e-02 9.612929091363180412e-01 3.811304569244384766e+00
2.500000000000000000e+02 5.028951765351991759e-02 9.619277989194903178e-01 3.810754060745239258e+00
2.510000000000000000e+02 4.890395055665787416e-02 9.628738670251231202e-01 3.811584949493408203e+00
2.520000000000000000e+02 4.735288464423463572e-02 9.645896520721203293e-01 3.812305450439453125e+00
2.530000000000000000e+02 4.725098458448250688e-02 9.614348980579036086e-01 3.812392950057983398e+00
2.540000000000000000e+02 4.596402433631985307e-02 9.611250128150828909e-01 3.811800003051757812e+00
2.550000000000000000e+02 4.949375457537638634e-02 9.601851156522355213e-01 3.813367605209350586e+00
2.560000000000000000e+02 4.633874968861016047e-02 9.628226664294159409e-01 3.812289476394653320e+00
2.570000000000000000e+02 4.722604338559908965e-02 9.613861453495482490e-01 3.813238382339477539e+00
2.580000000000000000e+02 5.070816768722148649e-02 9.626264401690644013e-01 3.812522411346435547e+00
2.590000000000000000e+02 4.870874278824667558e-02 9.624613125823822113e-01 3.813355922698974609e+00
2.600000000000000000e+02 4.893263971230051024e-02 9.623205503308531750e-01 3.812761545181274414e+00
2.610000000000000000e+02 5.119334806989373626e-02 9.624366074496681911e-01 3.812238931655883789e+00
2.620000000000000000e+02 4.811759127057388397e-02 9.609683218031815910e-01 3.812834501266479492e+00
2.630000000000000000e+02 4.986793678234166527e-02 9.602014474536760824e-01 3.812256574630737305e+00
2.640000000000000000e+02 5.075864806865151152e-02 9.607876102857604295e-01 3.812025070190429688e+00
2.650000000000000000e+02 4.944108115533326492e-02 9.612268001133652540e-01 3.812248945236206055e+00
2.660000000000000000e+02 4.937313277036972647e-02 9.611097302202004089e-01 3.812833070755004883e+00
2.670000000000000000e+02 4.845107253597231989e-02 9.593998995187029699e-01 3.812917947769165039e+00
2.680000000000000000e+02 4.977686194655865648e-02 9.604359833360605059e-01 3.812811374664306641e+00
2.690000000000000000e+02 5.195198368978052456e-02 9.601904660688237447e-01 3.812349081039428711e+00
2.700000000000000000e+02 4.741814869324057630e-02 9.612693904507887410e-01 3.811790466308593750e+00
2.710000000000000000e+02 4.904135733203281861e-02 9.605385243864100753e-01 3.811357498168945312e+00
2.720000000000000000e+02 4.890581164430543581e-02 9.599623775041205009e-01 3.811698913574218750e+00
2.730000000000000000e+02 5.060674329384703268e-02 9.607228917824062187e-01 3.811353445053100586e+00
2.740000000000000000e+02 4.866958057952353034e-02 9.624380318806449175e-01 3.810976982116699219e+00
2.750000000000000000e+02 4.782125380742481557e-02 9.601631081897843423e-01 3.809587001800537109e+00
2.760000000000000000e+02 4.614871778012885617e-02 9.634265280839416912e-01 3.810334444046020508e+00
2.770000000000000000e+02 4.799119203813168727e-02 9.607232727381247450e-01 3.811301469802856445e+00
2.780000000000000000e+02 4.862385452159433130e-02 9.611662750153798784e-01 3.811946392059326172e+00
2.790000000000000000e+02 4.959295424830475335e-02 9.612782738893059786e-01 3.810866594314575195e+00
2.800000000000000000e+02 4.894736138470925924e-02 9.618871219973644804e-01 3.811098098754882812e+00
2.810000000000000000e+02 4.977708900965956834e-02 9.598743666367708371e-01 3.812361001968383789e+00
2.820000000000000000e+02 4.890865731775565634e-02 9.588689093765956351e-01 3.812407016754150391e+00
2.830000000000000000e+02 5.145744171546428464e-02 9.590616199245265427e-01 3.812911987304687500e+00
2.840000000000000000e+02 4.603519647208373367e-02 9.604928710113288526e-01 3.813181877136230469e+00
2.850000000000000000e+02 4.807159635074245707e-02 9.598559662933773273e-01 3.813731908798217773e+00
2.860000000000000000e+02 4.994763874935984060e-02 9.600196444606390322e-01 3.812772512435913086e+00
2.870000000000000000e+02 4.836866756520223631e-02 9.614035598303413144e-01 3.813335418701171875e+00
2.880000000000000000e+02 4.982840262672832976e-02 9.627655478515456666e-01 3.813575983047485352e+00
2.890000000000000000e+02 5.036646751233052333e-02 9.635733859353607933e-01 3.813379526138305664e+00
2.900000000000000000e+02 4.728763759976066516e-02 9.630828668919970692e-01 3.813308477401733398e+00
2.910000000000000000e+02 5.025346760757214842e-02 9.616168593019653876e-01 3.812861919403076172e+00
2.920000000000000000e+02 4.929931135655953728e-02 9.608928995987400246e-01 3.811794996261596680e+00
2.930000000000000000e+02 4.877796015547442715e-02 9.629415979699041950e-01 3.811496496200561523e+00
2.940000000000000000e+02 4.755858529817089120e-02 9.609436405027628192e-01 3.810811996459960938e+00
2.950000000000000000e+02 4.985019308427255519e-02 9.604356500442438049e-01 3.811148405075073242e+00
2.960000000000000000e+02 4.864110267925448455e-02 9.615582697609306173e-01 3.811388015747070312e+00
2.970000000000000000e+02 4.697699000286118670e-02 9.610966526903985674e-01 3.812895536422729492e+00
2.980000000000000000e+02 4.927837882892911747e-02 9.621507440338920025e-01 3.812895536422729492e+00
2.990000000000000000e+02 4.869818126711579487e-02 9.623621487077057557e-01 3.813172101974487305e+00
3.000000000000000000e+02 4.958913651697856306e-02 9.617455632139344512e-01 3.812530040740966797e+00
3.010000000000000000e+02 4.841632400654273527e-02 9.608181627153119519e-01 3.812500476837158203e+00
3.020000000000000000e+02 5.068152799237908568e-02 9.612668430236350758e-01 3.810742378234863281e+00
3.030000000000000000e+02 4.839169414770128769e-02 9.626181451896648200e-01 3.811583042144775391e+00
3.040000000000000000e+02 4.914513195345243668e-02 9.627416689878557365e-01 3.810805559158325195e+00
3.050000000000000000e+02 5.006137141754131437e-02 9.619602555813241418e-01 3.811779022216796875e+00
3.060000000000000000e+02 4.805396010617021124e-02 9.627828885375375734e-01 3.812347888946533203e+00
3.070000000000000000e+02 5.019393938200445576e-02 9.598646585262107234e-01 3.813257932662963867e+00
3.080000000000000000e+02 4.972376893215736671e-02 9.600110303788167432e-01 3.812739372253417969e+00
3.090000000000000000e+02 4.988226675661294740e-02 9.625121789118419313e-01 3.812803030014038086e+00
3.100000000000000000e+02 4.849877994025497685e-02 9.639995246680695962e-01 3.813297033309936523e+00
3.110000000000000000e+02 5.046812304467565569e-02 9.624678483212666391e-01 3.812450408935546875e+00
3.120000000000000000e+02 4.791985532165803779e-02 9.618350598394462825e-01 3.811971902847290039e+00
3.130000000000000000e+02 4.845978426584255511e-02 9.622672395432803061e-01 3.811590909957885742e+00
3.140000000000000000e+02 5.093627127573891605e-02 9.637530647807074358e-01 3.812086105346679688e+00
3.150000000000000000e+02 4.733989023340888502e-02 9.616185731684608884e-01 3.812760591506958008e+00
3.160000000000000000e+02 4.927828707099785738e-02 9.605934011850083554e-01 3.812546014785766602e+00
3.170000000000000000e+02 4.956327462340743423e-02 9.610414124335805441e-01 3.812659978866577148e+00
3.180000000000000000e+02 4.818910002832679090e-02 9.605185113880645442e-01 3.811326026916503906e+00
3.190000000000000000e+02 4.758151491648586473e-02 9.605697479108521453e-01 3.810063600540161133e+00
3.200000000000000000e+02 4.731333025042678414e-02 9.615373652451701947e-01 3.810571908950805664e+00
3.210000000000000000e+02 4.961999585812127550e-02 9.604976071382224090e-01 3.811695098876953125e+00
3.220000000000000000e+02 4.989756479953139090e-02 9.625958862145482797e-01 3.810818910598754883e+00
3.230000000000000000e+02 4.883866211403972007e-02 9.598623820330109968e-01 3.809808015823364258e+00
3.240000000000000000e+02 4.807783927393964596e-02 9.604058029121825824e-01 3.809999465942382812e+00
3.250000000000000000e+02 4.769812514822712596e-02 9.606663139921425287e-01 3.810636520385742188e+00
3.260000000000000000e+02 4.870198290667473312e-02 9.612883168851223958e-01 3.811585426330566406e+00
3.270000000000000000e+02 4.817724967923431301e-02 9.604355236344193081e-01 3.810333967208862305e+00
3.280000000000000000e+02 5.158318720561320264e-02 9.600679553094528806e-01 3.810808897018432617e+00
3.290000000000000000e+02 4.720194294216121383e-02 9.578130800579854887e-01 3.811537981033325195e+00
3.300000000000000000e+02 4.790296945957128044e-02 9.584327518813146041e-01 3.810436487197875977e+00
3.310000000000000000e+02 4.722617882426883434e-02 9.555137817742335171e-01 3.809746026992797852e+00
3.320000000000000000e+02 4.829330390060491279e-02 9.577472722894050383e-01 3.809346914291381836e+00
3.330000000000000000e+02 4.749990939135097928e-02 9.594719810041099084e-01 3.809920072555541992e+00
3.340000000000000000e+02 4.935798796103429281e-02 9.589552502606955020e-01 3.811845064163208008e+00
3.350000000000000000e+02 4.823120725503529660e-02 9.621546471978796866e-01 3.812704086303710938e+00
3.360000000000000000e+02 5.054800240472800271e-02 9.611826787003676653e-01 3.813164949417114258e+00
3.370000000000000000e+02 4.672788539161772114e-02 9.621928368087431238e-01 3.813452959060668945e+00
3.380000000000000000e+02 4.738143920149906485e-02 9.638216660363825294e-01 3.812922477722167969e+00
3.390000000000000000e+02 4.780229549838732606e-02 9.622774739717376846e-01 3.814123392105102539e+00
3.400000000000000000e+02 4.926689249449756058e-02 9.611637142450208948e-01 3.812788009643554688e+00
3.410000000000000000e+02 5.058176262507989296e-02 9.612720851935919741e-01 3.811741590499877930e+00
3.420000000000000000e+02 5.028419367271137752e-02 9.620937691526306734e-01 3.811623096466064453e+00
3.430000000000000000e+02 4.668940913090857681e-02 9.625885618924102660e-01 3.810774564743041992e+00
3.440000000000000000e+02 5.016301757154310176e-02 9.624216004557591964e-01 3.810739040374755859e+00
3.450000000000000000e+02 4.815698497160526836e-02 9.614433565037669993e-01 3.810168027877807617e+00
3.460000000000000000e+02 4.907541426302099163e-02 9.610426143747069494e-01 3.810669898986816406e+00
3.470000000000000000e+02 4.799457531338449656e-02 9.623089337459013182e-01 3.809899568557739258e+00
3.480000000000000000e+02 4.769134414089089280e-02 9.643269645016042668e-01 3.812340974807739258e+00
3.490000000000000000e+02 4.878894194639976645e-02 9.648726400605898146e-01 3.813163042068481445e+00
3.500000000000000000e+02 5.153295024886896114e-02 9.624038673283630274e-01 3.814280509948730469e+00
3.510000000000000000e+02 4.547065642013235071e-02 9.615345860347004336e-01 3.814640522003173828e+00
3.520000000000000000e+02 4.721078610352515137e-02 9.618595165541283798e-01 3.813581466674804688e+00
3.530000000000000000e+02 4.824653622085255111e-02 9.612455578515047838e-01 3.813798904418945312e+00
3.540000000000000000e+02 4.887371535037621229e-02 9.614948482037545263e-01 3.814348459243774414e+00
3.550000000000000000e+02 4.943904864662228976e-02 9.622141732368676426e-01 3.814765930175781250e+00
3.560000000000000000e+02 4.787150303550937597e-02 9.604692849201232896e-01 3.814734935760498047e+00
3.570000000000000000e+02 4.803493417398626425e-02 9.596786613427423784e-01 3.813660383224487305e+00
3.580000000000000000e+02 5.057798826222605765e-02 9.620223030343220127e-01 3.812972068786621094e+00
3.590000000000000000e+02 4.885291111468601649e-02 9.631481775694974434e-01 3.812492609024047852e+00
3.600000000000000000e+02 4.900544641579336613e-02 9.624087262720862901e-01 3.812929391860961914e+00
3.610000000000000000e+02 4.615469759004032363e-02 9.627714643022931007e-01 3.812716007232666016e+00
3.620000000000000000e+02 4.886749535429327218e-02 9.646145497720816087e-01 3.812163591384887695e+00
3.630000000000000000e+02 5.006249011419055400e-02 9.650158622683447929e-01 3.813662052154541016e+00
3.640000000000000000e+02 4.826827469079706528e-02 9.648968617235617051e-01 3.814130067825317383e+00
3.650000000000000000e+02 4.929661803715491147e-02 9.632337794804192166e-01 3.812728881835937500e+00
3.660000000000000000e+02 4.586928253749135431e-02 9.622899564342991541e-01 3.811933994293212891e+00
3.670000000000000000e+02 4.936648192965957527e-02 9.623038636256205924e-01 3.810914516448974609e+00
3.680000000000000000e+02 5.016151990649131420e-02 9.632567031511415356e-01 3.811094522476196289e+00
3.690000000000000000e+02 4.892061665932922326e-02 9.633048346939995232e-01 3.811531543731689453e+00
3.700000000000000000e+02 4.943237633535532000e-02 9.606660263860622440e-01 3.811476469039916992e+00
3.710000000000000000e+02 5.018148390442114110e-02 9.623273260938566276e-01 3.811919450759887695e+00
3.720000000000000000e+02 5.135992700046135978e-02 9.632942928788932324e-01 3.810729503631591797e+00
3.730000000000000000e+02 4.897210202663875023e-02 9.645047067143268649e-01 3.811597108840942383e+00
3.740000000000000000e+02 4.974873940264570166e-02 9.634168967136553796e-01 3.812092542648315430e+00
3.750000000000000000e+02 4.914339959110419070e-02 9.624218995190597647e-01 3.811829566955566406e+00
3.760000000000000000e+02 4.933427410385171630e-02 9.622663574862301283e-01 3.811536073684692383e+00
3.770000000000000000e+02 5.072242937596192075e-02 9.625562946083163762e-01 3.810954093933105469e+00
3.780000000000000000e+02 4.727704853805521357e-02 9.608248234178559111e-01 3.810971975326538086e+00
3.790000000000000000e+02 4.890890238694428627e-02 9.621282182117854020e-01 3.811496019363403320e+00
3.800000000000000000e+02 4.978059159057951488e-02 9.618293239215264245e-01 3.812149047851562500e+00
3.810000000000000000e+02 4.901303712669660001e-02 9.604212693826986724e-01 3.811969518661499023e+00
3.820000000000000000e+02 4.920684227992170451e-02 9.611080799532893959e-01 3.811606884002685547e+00
3.830000000000000000e+02 4.975836347823379274e-02 9.612365192041324446e-01 3.811454057693481445e+00
3.840000000000000000e+02 4.948065016941959743e-02 9.611585044728104821e-01 3.811151027679443359e+00
3.850000000000000000e+02 5.001807349476073555e-02 9.603158611554601931e-01 3.812508106231689453e+00
3.860000000000000000e+02 4.765777414325571282e-02 9.597181278103982249e-01 3.813379526138305664e+00
3.870000000000000000e+02 4.920863901286252201e-02 9.627592847847168400e-01 3.813558578491210938e+00
3.880000000000000000e+02 4.837481219115039033e-02 9.613953754604757096e-01 3.813949584960937500e+00
3.890000000000000000e+02 5.173890039958008169e-02 9.588543678928186376e-01 3.811706542968750000e+00
3.900000000000000000e+02 4.647345732888213260e-02 9.592458574853977016e-01 3.811243534088134766e+00
3.910000000000000000e+02 4.980093954571535031e-02 9.609231449475782449e-01 3.811421394348144531e+00
3.920000000000000000e+02 4.924524160381326537e-02 9.621286405627387239e-01 3.811376094818115234e+00
3.930000000000000000e+02 4.726856164302091490e-02 9.622045143121431554e-01 3.810158491134643555e+00
3.940000000000000000e+02 4.905193734221962448e-02 9.623361305772720753e-01 3.811575412750244141e+00
3.950000000000000000e+02 4.870081228146758839e-02 9.622310907018507553e-01 3.812335968017578125e+00
3.960000000000000000e+02 4.870352476678057457e-02 9.612675139254106549e-01 3.811589002609252930e+00
3.970000000000000000e+02 4.616107266628542011e-02 9.626689827125459731e-01 3.812026023864746094e+00
3.980000000000000000e+02 4.947230717757771651e-02 9.614992341421542132e-01 3.811578512191772461e+00
