0.000000000000000000e+00 1.382977998683923571e-01 0.000000000000000000e+00 2.988569021224975586e+00
1.000000000000000000e+00 3.148025749302476028e-01 0.000000000000000000e+00 3.157588005065917969e+00
2.000000000000000000e+00 4.836512961157727886e-01 0.000000000000000000e+00 3.283468008041381836e+00
3.000000000000000000e+00 6.141880567505789701e-01 0.000000000000000000e+00 3.380071878433227539e+00
4.000000000000000000e+00 7.095818490253706923e-01 0.000000000000000000e+00 3.454609394073486328e+00
5.000000000000000000e+00 7.775145736307468303e-01 0.000000000000000000e+00 3.512269496917724609e+00
6.000000000000000000e+00 8.209389308374437366e-01 0.000000000000000000e+00 3.559081077575683594e+00
7.000000000000000000e+00 8.519140132965227208e-01 0.000000000000000000e+00 3.594995021820068359e+00
8.000000000000000000e+00 8.754790940225816165e-01 0.000000000000000000e+00 3.624546051025390625e+00
9.000000000000000000e+00 8.939708433276348787e-01 0.000000000000000000e+00 3.648053407669067383e+00
1.000000000000000000e+01 9.093393842176047404e-01 0.000000000000000000e+00 3.666413068771362305e+00
1.100000000000000000e+01 9.177968057422239978e-01 0.000000000000000000e+00 3.682420015335083008e+00
1.200000000000000000e+01 9.235000127921240143e-01 0.000000000000000000e+00 3.694471597671508789e+00
1.300000000000000000e+01 9.304447159479081186e-01 0.000000000000000000e+00 3.704185009002685547e+00
1.400000000000000000e+01 9.347669837231927792e-01 0.000000000000000000e+00 3.712188959121704102e+00
1.500000000000000000e+01 9.386506608237582538e-01 0.000000000000000000e+00 3.718006372451782227e+00
1.600000000000000000e+01 9.416657802590372439e-01 0.000000000000000000e+00 3.723131895065307617e+00
1.700000000000000000e+01 9.395806732048240795e-01 0.000000000000000000e+00 3.728317975997924805e+00
1.800000000000000000e+01 9.423371129660758072e-01 0.000000000000000000e+00 3.731086969375610352e+00
1.900000000000000000e+01 9.435882352373123894e-01 0.000000000000000000e+00 3.733944892883300781e+00
2.000000000000000000e+01 9.452791087022051064e-01 0.000000000000000000e+00 3.736160516738891602e+00
2.100000000000000000e+01 9.470228361402627248e-01 0.000000000000000000e+00 3.737746000289916992e+00
2.200000000000000000e+01 9.465790861321118355e-01 0.000000000000000000e+00 3.739222049713134766e+00
2.300000000000000000e+01 9.467799790176533170e-01 0.000000000000000000e+00 3.740385532379150391e+00
2.400000000000000000e+01 9.461357122699816102e-01 0.000000000000000000e+00 3.741130590438842773e+00
2.500000000000000000e+01 9.487900094253417516e-01 0.000000000000000000e+00 3.742572546005249023e+00
2.600000000000000000e+01 9.504090794407411558e-01 0.000000000000000000e+00 3.743517875671386719e+00
2.700000000000000000e+01 9.490203583424784428e-01 0.000000000000000000e+00 3.742285013198852539e+00
2.800000000000000000e+01 9.498999660233898856e-01 0.000000000000000000e+00 3.742436408996582031e+00
2.900000000000000000e+01 9.497184083383630737e-01 0.000000000000000000e+00 3.743768930435180664e+00
3.000000000000000000e+01 9.510212575615339947e-01 0.000000000000000000e+00 3.743032932281494141e+00
3.100000000000000000e+01 9.493687619055176663e-01 0.000000000000000000e+00 3.742464542388916016e+00
3.200000000000000000e+01 9.491905978080578121e-01 0.000000000000000000e+00 3.744302034378051758e+00
3.300000000000000000e+01 9.486468895198235662e-01 0.000000000000000000e+00 3.744366884231567383e+00
3.400000000000000000e+01 9.480544198095653963e-01 0.000000000000000000e+00 3.743712425231933594e+00
3.500000000000000000e+01 9.492607465782928466e-01 0.000000000000000000e+00 3.744491100311279297e+00
3.600000000000000000e+01 9.474467916180490112e-01 0.000000000000000000e+00 3.744785070419311523e+00
3.700000000000000000e+01 9.481192794839791160e-01 0.000000000000000000e+00 3.745609521865844727e+00
3.800000000000000000e+01 9.500726357216123796e-01 0.000000000000000000e+00 3.745676517486572266e+00
3.900000000000000000e+01 9.497773807508103072e-01 0.000000000000000000e+00 3.745438098907470703e+00
4.000000000000000000e+01 9.500558292567551355e-01 0.000000000000000000e+00 3.744662046432495117e+00
4.100000000000000000e+01 9.476018776604921978e-01 0.000000000000000000e+00 3.744944095611572266e+00
4.200000000000000000e+01 9.503147942065486298e-01 0.000000000000000000e+00 3.745218038558959961e+00
4.300000000000000000e+01 9.519109396596865391e-01 0.000000000000000000e+00 3.746216058731079102e+00
4.400000000000000000e+01 9.521549180803806633e-01 0.000000000000000000e+00 3.746412515640258789e+00
4.500000000000000000e+01 9.528522994166522819e-01 0.000000000000000000e+00 3.745714902877807617e+00
4.600000000000000000e+01 9.528933233973183592e-01 0.000000000000000000e+00 3.746044874191284180e+00
4.700000000000000000e+01 9.530371505431085577e-01 0.000000000000000000e+00 3.745471954345703125e+00
4.800000000000000000e+01 9.520397476626397681e-01 0.000000000000000000e+00 3.746538400650024414e+00
4.900000000000000000e+01 9.513407516974672351e-01 0.000000000000000000e+00 3.746230602264404297e+00
5.000000000000000000e+01 9.500779461387656166e-01 0.000000000000000000e+00 3.745508432388305664e+00
5.100000000000000000e+01 9.493175895464394110e-01 0.000000000000000000e+00 3.744195938110351562e+00
5.200000000000000000e+01 9.496537433507333814e-01 0.000000000000000000e+00 3.744656085968017578e+00
5.300000000000000000e+01 9.525122644988471832e-01 0.000000000000000000e+00 3.744446039199829102e+00
5.400000000000000000e+01 9.509219641664911071e-01 0.000000000000000000e+00 3.745501518249511719e+00
5.500000000000000000e+01 9.492558482773443274e-01 0.000000000000000000e+00 3.744527578353881836e+00
5.600000000000000000e+01 9.495963826513880157e-01 0.000000000000000000e+00 3.744624376296997070e+00
5.700000000000000000e+01 9.498371509205247865e-01 0.000000000000000000e+00 3.743848085403442383e+00
5.800000000000000000e+01 9.512461040749564667e-01 0.000000000000000000e+00 3.742017507553100586e+00
5.900000000000000000e+01 9.517796453858652361e-01 0.000000000000000000e+00 3.741601467132568359e+00
6.000000000000000000e+01 9.492571316182155661e-01 0.000000000000000000e+00 3.741976022720336914e+00
6.100000000000000000e+01 9.501201028018448902e-01 0.000000000000000000e+00 3.741911888122558594e+00
6.200000000000000000e+01 9.492322347431247920e-01 0.000000000000000000e+00 3.742302894592285156e+00
6.300000000000000000e+01 9.501310650469489971e-01 0.000000000000000000e+00 3.741434574127197266e+00
6.400000000000000000e+01 9.510520308897486563e-01 0.000000000000000000e+00 3.741487979888916016e+00
6.500000000000000000e+01 9.507281391290240968e-01 0.000000000000000000e+00 3.742834568023681641e+00
6.600000000000000000e+01 9.507466774822956879e-01 0.000000000000000000e+00 3.742491006851196289e+00
6.700000000000000000e+01 9.518975015629528302e-01 0.000000000000000000e+00 3.743458032608032227e+00
6.800000000000000000e+01 9.511374564149809308e-01 0.000000000000000000e+00 3.744108915328979492e+00
6.900000000000000000e+01 9.497258170216446027e-01 0.000000000000000000e+00 3.743966102600097656e+00
7.000000000000000000e+01 9.494654802052701070e-01 0.000000000000000000e+00 3.744776010513305664e+00
7.100000000000000000e+01 9.485442411580387034e-01 0.000000000000000000e+00 3.744358539581298828e+00
7.200000000000000000e+01 9.517468624081723005e-01 0.000000000000000000e+00 3.745393037796020508e+00
7.300000000000000000e+01 9.506340833886819386e-01 0.000000000000000000e+00 3.745378017425537109e+00
7.400000000000000000e+01 9.516486580881917678e-01 0.000000000000000000e+00 3.745394945144653320e+00
7.500000000000000000e+01 9.519081207304204151e-01 0.000000000000000000e+00 3.746242523193359375e+00
7.600000000000000000e+01 9.513880994716512607e-01 0.000000000000000000e+00 3.746701478958129883e+00
7.700000000000000000e+01 9.521171251068684116e-01 0.000000000000000000e+00 3.746017932891845703e+00
7.800000000000000000e+01 9.503191237034104288e-01 0.000000000000000000e+00 3.747071981430053711e+00
7.900000000000000000e+01 9.493772032947632722e-01 0.000000000000000000e+00 3.747218608856201172e+00
8.000000000000000000e+01 9.481747869215897406e-01 0.000000000000000000e+00 3.746975898742675781e+00
8.100000000000000000e+01 9.489889750666253843e-01 0.000000000000000000e+00 3.745681524276733398e+00
8.200000000000000000e+01 9.502129784178866556e-01 0.000000000000000000e+00 3.744592905044555664e+00
8.300000000000000000e+01 9.505430884716081774e-01 0.000000000000000000e+00 3.744636535644531250e+00
8.400000000000000000e+01 9.502062604528775935e-01 0.000000000000000000e+00 3.744518041610717773e+00
8.500000000000000000e+01 9.499596826863089261e-01 0.000000000000000000e+00 3.743113994598388672e+00
8.600000000000000000e+01 9.517459125106954021e-01 0.000000000000000000e+00 3.743967533111572266e+00
8.700000000000000000e+01 9.513660898389664222e-01 0.000000000000000000e+00 3.743674516677856445e+00
8.800000000000000000e+01 9.502927874277702358e-01 0.000000000000000000e+00 3.745038509368896484e+00
8.900000000000000000e+01 9.510655841785715658e-01 0.000000000000000000e+00 3.745546579360961914e+00
9.000000000000000000e+01 9.524033944250110961e-01 0.000000000000000000e+00 3.745464086532592773e+00
9.100000000000000000e+01 9.533498816726333480e-01 0.000000000000000000e+00 3.746071577072143555e+00
9.200000000000000000e+01 9.539555654040556831e-01 0.000000000000000000e+00 3.744832038879394531e+00
9.300000000000000000e+01 9.511116554941057011e-01 0.000000000000000000e+00 3.744868040084838867e+00
9.400000000000000000e+01 9.493320895596200071e-01 0.000000000000000000e+00 3.744585990905761719e+00
9.500000000000000000e+01 9.495341398024323976e-01 0.000000000000000000e+00 3.744744539260864258e+00
9.600000000000000000e+01 9.512655648539498632e-01 0.000000000000000000e+00 3.744908094406127930e+00
9.700000000000000000e+01 9.510789175348515201e-01 0.000000000000000000e+00 3.745941877365112305e+00
9.800000000000000000e+01 9.526245691648184133e-01 0.000000000000000000e+00 3.745455980300903320e+00
9.900000000000000000e+01 9.517046153825762245e-01 0.000000000000000000e+00 3.745258569717407227e+00
1.000000000000000000e+02 9.499324953362915380e-01 0.000000000000000000e+00 3.745388031005859375e+00
1.010000000000000000e+02 9.486968504514196043e-01 0.000000000000000000e+00 3.744436979293823242e+00
1.020000000000000000e+02 9.499287678211283392e-01 0.000000000000000000e+00 3.742772579193115234e+00
1.030000000000000000e+02 9.497745147430551871e-01 0.000000000000000000e+00 3.744727373123168945e+00
1.040000000000000000e+02 9.498952045561802615e-01 0.000000000000000000e+00 3.744235038757324219e+00
1.050000000000000000e+02 9.494755925172899680e-01 0.000000000000000000e+00 3.744194030761718750e+00
1.060000000000000000e+02 9.501487473880544377e-01 0.000000000000000000e+00 3.745192050933837891e+00
1.070000000000000000e+02 9.530909513911169917e-01 0.000000000000000000e+00 3.744138002395629883e+00
1.080000000000000000e+02 9.518120603656835543e-01 0.000000000000000000e+00 3.744328975677490234e+00
1.090000000000000000e+02 9.502167350773897958e-01 0.000000000000000000e+00 3.744660377502441406e+00
1.100000000000000000e+02 9.510536121835683199e-01 0.000000000000000000e+00 3.744621992111206055e+00
1.110000000000000000e+02 9.500924676623127008e-01 0.000000000000000000e+00 3.743844985961914062e+00
1.120000000000000000e+02 9.483209851577318883e-01 0.000000000000000000e+00 3.742990970611572266e+00
1.130000000000000000e+02 9.495179609540133070e-01 0.000000000000000000e+00 3.743860483169555664e+00
1.140000000000000000e+02 9.507331684424423779e-01 0.000000000000000000e+00 3.744081974029541016e+00
1.150000000000000000e+02 9.520571846195695631e-01 0.000000000000000000e+00 3.743652105331420898e+00
1.160000000000000000e+02 9.527765173197328963e-01 0.000000000000000000e+00 3.743762969970703125e+00
1.170000000000000000e+02 9.527232038449666707e-01 0.000000000000000000e+00 3.744698047637939453e+00
1.180000000000000000e+02 9.513872532148812677e-01 0.000000000000000000e+00 3.746122598648071289e+00
1.190000000000000000e+02 9.524698896122472114e-01 0.000000000000000000e+00 3.743906974792480469e+00
1.200000000000000000e+02 9.515097631653793853e-01 0.000000000000000000e+00 3.744062900543212891e+00
1.210000000000000000e+02 9.496132703537991659e-01 0.000000000000000000e+00 3.743100881576538086e+00
1.220000000000000000e+02 9.504327249458885962e-01 0.000000000000000000e+00 3.743518590927124023e+00
1.230000000000000000e+02 9.507465838291231375e-01 0.000000000000000000e+00 3.744656085968017578e+00
1.240000000000000000e+02 9.502298900660377523e-01 0.000000000000000000e+00 3.743988990783691406e+00
1.250000000000000000e+02 9.499896145060725550e-01 0.000000000000000000e+00 3.742906093597412109e+00
1.260000000000000000e+02 9.510395352642532218e-01 0.000000000000000000e+00 3.742523431777954102e+00
1.270000000000000000e+02 9.494898501514810185e-01 0.000000000000000000e+00 3.742841958999633789e+00
1.280000000000000000e+02 9.507282025028672701e-01 0.000000000000000000e+00 3.742959022521972656e+00
1.290000000000000000e+02 9.487189915443042798e-01 0.000000000000000000e+00 3.742942094802856445e+00
1.300000000000000000e+02 9.500666887408379946e-01 0.000000000000000000e+00 3.742386102676391602e+00
1.310000000000000000e+02 9.506206695723513622e-01 0.000000000000000000e+00 3.743617057800292969e+00
1.320000000000000000e+02 9.502860482056636471e-01 0.000000000000000000e+00 3.744189023971557617e+00
1.330000000000000000e+02 9.505329147598482464e-01 0.000000000000000000e+00 3.743283987045288086e+00
1.340000000000000000e+02 9.502821832251133749e-01 0.000000000000000000e+00 3.743438005447387695e+00
1.350000000000000000e+02 9.487211148800586136e-01 0.000000000000000000e+00 3.743182897567749023e+00
1.360000000000000000e+02 9.467602588240011663e-01 0.000000000000000000e+00 3.742817878723144531e+00
1.370000000000000000e+02 9.491987171322614492e-01 0.000000000000000000e+00 3.741878032684326172e+00
1.380000000000000000e+02 9.507020773299613703e-01 0.000000000000000000e+00 3.740657091140747070e+00
1.390000000000000000e+02 9.497938342416246682e-01 0.000000000000000000e+00 3.740669012069702148e+00
1.400000000000000000e+02 9.507731423522389758e-01 0.000000000000000000e+00 3.739797592163085938e+00
1.410000000000000000e+02 9.523789403606437443e-01 0.000000000000000000e+00 3.740932464599609375e+00
1.420000000000000000e+02 9.515476790456794953e-01 0.000000000000000000e+00 3.742111444473266602e+00
1.430000000000000000e+02 9.491565036657388932e-01 0.000000000000000000e+00 3.741618394851684570e+00
1.440000000000000000e+02 9.496606856003245722e-01 0.000000000000000000e+00 3.742199420928955078e+00
1.450000000000000000e+02 9.519858794459699070e-01 0.000000000000000000e+00 3.742338895797729492e+00
1.460000000000000000e+02 9.512060149472488790e-01 0.000000000000000000e+00 3.743064403533935547e+00
1.470000000000000000e+02 9.513837594829128719e-01 0.000000000000000000e+00 3.744460582733154297e+00
1.480000000000000000e+02 9.516189743931808831e-01 0.000000000000000000e+00 3.743412971496582031e+00
1.490000000000000000e+02 9.503563608266788476e-01 0.000000000000000000e+00 3.742908000946044922e+00
1.500000000000000000e+02 9.505257237191703235e-01 0.000000000000000000e+00 3.742548465728759766e+00
1.510000000000000000e+02 9.492861374964819410e-01 0.000000000000000000e+00 3.743076562881469727e+00
1.520000000000000000e+02 9.500895805352854717e-01 0.000000000000000000e+00 3.744083881378173828e+00
1.530000000000000000e+02 9.505687480022905200e-01 0.000000000000000000e+00 3.743956089019775391e+00
1.540000000000000000e+02 9.513362746174581774e-01 0.000000000000000000e+00 3.744540929794311523e+00
1.550000000000000000e+02 9.500425864277752819e-01 0.000000000000000000e+00 3.743352890014648438e+00
1.560000000000000000e+02 9.510745563636879840e-01 0.000000000000000000e+00 3.742664098739624023e+00
1.570000000000000000e+02 9.494509888514687246e-01 0.000000000000000000e+00 3.742187976837158203e+00
1.580000000000000000e+02 9.498086564726565539e-01 0.000000000000000000e+00 3.742183923721313477e+00
1.590000000000000000e+02 9.467394649320085565e-01 0.000000000000000000e+00 3.741297006607055664e+00
1.600000000000000000e+02 9.476412815121875166e-01 0.000000000000000000e+00 3.741956472396850586e+00
1.610000000000000000e+02 9.476453680264274038e-01 0.000000000000000000e+00 3.740541934967041016e+00
1.620000000000000000e+02 9.493280942551902690e-01 0.000000000000000000e+00 3.741668939590454102e+00
1.630000000000000000e+02 9.511705654820564737e-01 0.000000000000000000e+00 3.742769002914428711e+00
1.640000000000000000e+02 9.520463594872806690e-01 0.000000000000000000e+00 3.745020389556884766e+00
1.650000000000000000e+02 9.535103635345363315e-01 0.000000000000000000e+00 3.744325399398803711e+00
1.660000000000000000e+02 9.511254168235856454e-01 0.000000000000000000e+00 3.744133949279785156e+00
1.670000000000000000e+02 9.527527764791180465e-01 0.000000000000000000e+00 3.742755413055419922e+00
1.680000000000000000e+02 9.531801419159678934e-01 0.000000000000000000e+00 3.744251012802124023e+00
1.690000000000000000e+02 9.505003961531146572e-01 0.000000000000000000e+00 3.744483470916748047e+00
1.700000000000000000e+02 9.492877438593504413e-01 0.000000000000000000e+00 3.744358062744140625e+00
1.710000000000000000e+02 9.511266913293872083e-01 0.000000000000000000e+00 3.744014501571655273e+00
1.720000000000000000e+02 9.508346765112223320e-01 0.000000000000000000e+00 3.745054960250854492e+00
1.730000000000000000e+02 9.489469767784611820e-01 0.000000000000000000e+00 3.744466543197631836e+00
1.740000000000000000e+02 9.501024200237465633e-01 0.000000000000000000e+00 3.744742393493652344e+00
1.750000000000000000e+02 9.503838847712700044e-01 0.000000000000000000e+00 3.744641542434692383e+00
1.760000000000000000e+02 9.499912585560338352e-01 0.000000000000000000e+00 3.745233058929443359e+00
1.770000000000000000e+02 9.488491318751633985e-01 0.000000000000000000e+00 3.744752407073974609e+00
1.780000000000000000e+02 9.494352099708426307e-01 0.000000000000000000e+00 3.743699550628662109e+00
1.790000000000000000e+02 9.506948511207600205e-01 0.000000000000000000e+00 3.742974519729614258e+00
1.800000000000000000e+02 9.496089763364209402e-01 0.000000000000000000e+00 3.743115901947021484e+00
1.810000000000000000e+02 9.500320225841455413e-01 0.000000000000000000e+00 3.742600440979003906e+00
1.820000000000000000e+02 9.489278816221732304e-01 0.000000000000000000e+00 3.742870569229125977e+00
1.830000000000000000e+02 9.492234384836731875e-01 0.000000000000000000e+00 3.742416381835937500e+00
1.840000000000000000e+02 9.500229311479353456e-01 0.000000000000000000e+00 3.742789506912231445e+00
1.850000000000000000e+02 9.491592436800658783e-01 0.000000000000000000e+00 3.742206096649169922e+00
1.860000000000000000e+02 9.492899225993240986e-01 0.000000000000000000e+00 3.743228435516357422e+00
1.870000000000000000e+02 9.509873212841101209e-01 0.000000000000000000e+00 3.742773056030273438e+00
1.880000000000000000e+02 9.502529516431097445e-01 0.000000000000000000e+00 3.743424415588378906e+00
1.890000000000000000e+02 9.515728016072146911e-01 0.000000000000000000e+00 3.744518995285034180e+00
1.900000000000000000e+02 9.515804643829549603e-01 0.000000000000000000e+00 3.744820594787597656e+00
1.910000000000000000e+02 9.509616181719781070e-01 0.000000000000000000e+00 3.743900537490844727e+00
1.920000000000000000e+02 9.498137083125282043e-01 0.000000000000000000e+00 3.744214534759521484e+00
1.930000000000000000e+02 9.495952858109736328e-01 0.000000000000000000e+00 3.744553565979003906e+00
1.940000000000000000e+02 9.520122762769251956e-01 0.000000000000000000e+00 3.743822097778320312e+00
1.950000000000000000e+02 9.511524369321636696e-01 0.000000000000000000e+00 3.744269609451293945e+00
1.960000000000000000e+02 9.499870745179562759e-01 0.000000000000000000e+00 3.743099451065063477e+00
1.970000000000000000e+02 9.500862142572736868e-01 0.000000000000000000e+00 3.742604970932006836e+00
1.980000000000000000e+02 9.512894768254792632e-01 0.000000000000000000e+00 3.743165016174316406e+00
1.990000000000000000e+02 9.522351124654817589e-01 0.000000000000000000e+00 3.743133544921875000e+00
2.000000000000000000e+02 8.806757386378252228e-01 1.379363922551851140e-01 3.005758047103881836e+00
2.010000000000000000e+02 7.605240593035096364e-01 3.144192652197720372e-01 3.173074960708618164e+00
2.020000000000000000e+02 6.164810680043846247e-01 4.775922078188541975e-01 3.300373554229736328e+00
2.030000000000000000e+02 4.785852161818694439e-01 6.097772649478843121e-01 3.395467519760131836e+00
2.040000000000000000e+02 3.647845440873271894e-01 7.059246848328650792e-01 3.471430540084838867e+00
2.050000000000000000e+02 2.771845696600248043e-01 7.725208785418073987e-01 3.530499458312988281e+00
2.060000000000000000e+02 2.117570563418334495e-01 8.207471886368885583e-01 3.576819896697998047e+00
2.070000000000000000e+02 1.648619707118615940e-01 8.546302960615230759e-01 3.614210605621337891e+00
2.080000000000000000e+02 1.317454664347095794e-01 8.784882617096290147e-01 3.642910003662109375e+00
2.090000000000000000e+02 1.077680267180012169e-01 8.928767511455116823e-01 3.667171478271484375e+00
2.100000000000000000e+02 9.134594518724063750e-02 9.066744631960148570e-01 3.684717893600463867e+00
2.110000000000000000e+02 7.936054559089697480e-02 9.163266581662871113e-01 3.700587511062622070e+00
2.120000000000000000e+02 6.831744175389338480e-02 9.244099871567589277e-01 3.711992979049682617e+00
2.130000000000000000e+02 6.313258135275182092e-02 9.304483206611349200e-01 3.721086978912353516e+00
2.140000000000000000e+02 5.657120190438195279e-02 9.321672465684721631e-01 3.729105472564697266e+00
2.150000000000000000e+02 5.268510911917961143e-02 9.378215709230854902e-01 3.735030889511108398e+00
2.160000000000000000e+02 5.260842297908085302e-02 9.424083978752636481e-01 3.740531444549560547e+00
2.170000000000000000e+02 5.036053941505799075e-02 9.444582239550056713e-01 3.745732069015502930e+00
2.180000000000000000e+02 4.891360391372355509e-02 9.425628135381396433e-01 3.748549938201904297e+00
2.190000000000000000e+02 4.848932853026267920e-02 9.444271715072287687e-01 3.750853538513183594e+00
2.200000000000000000e+02 4.769637419242589438e-02 9.458780481960654685e-01 3.753814458847045898e+00
2.210000000000000000e+02 4.597023024729025159e-02 9.465953065938343958e-01 3.753859519958496094e+00
2.220000000000000000e+02 4.647845679222894349e-02 9.459503641688141728e-01 3.755038022994995117e+00
2.230000000000000000e+02 4.693472598441170152e-02 9.465987843275678326e-01 3.756047010421752930e+00
2.240000000000000000e+02 4.665600384143758772e-02 9.469395037683577820e-01 3.755836486816406250e+00
2.250000000000000000e+02 4.437038074999882786e-02 9.466290141583291184e-01 3.757406949996948242e+00
2.260000000000000000e+02 4.575414313479252149e-02 9.484235154618239072e-01 3.759272575378417969e+00
2.270000000000000000e+02 4.605261287779103402e-02 9.470732597613258363e-01 3.758908033370971680e+00
2.280000000000000000e+02 4.586809069164099473e-02 9.503252868516283147e-01 3.759684085845947266e+00
2.290000000000000000e+02 4.688989947298347755e-02 9.515403151492092260e-01 3.760287523269653320e+00
2.300000000000000000e+02 4.537988050026302289e-02 9.505039650605324741e-01 3.761013507843017578e+00
2.310000000000000000e+02 4.548630945753313198e-02 9.514899065769987230e-01 3.760109901428222656e+00
2.320000000000000000e+02 4.577164282021863734e-02 9.507001637077862055e-01 3.760427474975585938e+00
2.330000000000000000e+02 4.471463403480510634e-02 9.489796411189894698e-01 3.759777545928955078e+00
2.340000000000000000e+02 4.523492019583207069e-02 9.477560931218883544e-01 3.759367942810058594e+00
2.350000000000000000e+02 4.569103711869153261e-02 9.472783082354204742e-01 3.758481979370117188e+00
2.360000000000000000e+02 4.523903405661615362e-02 9.489995992416419002e-01 3.757616996765136719e+00
2.370000000000000000e+02 4.579233104417736178e-02 9.481886547122669873e-01 3.757920026779174805e+00
2.380000000000000000e+02 4.680475412720114248e-02 9.493352729594126682e-01 3.759196996688842773e+00
2.390000000000000000e+02 4.531154707530163361e-02 9.480376480627760172e-01 3.758936882019042969e+00
2.400000000000000000e+02 4.638224594722663990e-02 9.475573089109530223e-01 3.758465051651000977e+00
2.410000000000000000e+02 4.514341730931499541e-02 9.489001143375254133e-01 3.759713411331176758e+00
2.420000000000000000e+02 4.585558215891027967e-02 9.486178802440757840e-01 3.760168075561523438e+00
2.430000000000000000e+02 4.530296676082220392e-02 9.504177119709042998e-01 3.761010408401489258e+00
2.440000000000000000e+02 4.441410339246733285e-02 9.503902201654440551e-01 3.760623931884765625e+00
2.450000000000000000e+02 4.701084054823777281e-02 9.507790582140548397e-01 3.761991977691650391e+00
2.460000000000000000e+02 4.518821928613860062e-02 9.505152235781072489e-01 3.761944055557250977e+00
2.470000000000000000e+02 4.758112390097807287e-02 9.511927750143416294e-01 3.761450529098510742e+00
2.480000000000000000e+02 4.668415615391548895e-02 9.521762933574242638e-01 3.761860609054565430e+00
2.490000000000000000e+02 4.484298134737868535e-02 9.507058895097544315e-01 3.760684013366699219e+00
2.500000000000000000e+02 4.611639538317279657e-02 9.510830761553662471e-01 3.761188030242919922e+00
2.510000000000000000e+02 4.708367184425114871e-02 9.492637861664172672e-01 3.761854887008666992e+00
2.520000000000000000e+02 4.625862922418379902e-02 9.505171800373182212e-01 3.761198997497558594e+00
2.530000000000000000e+02 4.548403749470784213e-02 9.509634178609459587e-01 3.762406587600708008e+00
2.540000000000000000e+02 4.654667900175417372e-02 9.498967358572469877e-01 3.762595415115356445e+00
2.550000000000000000e+02 4.533866371923925970e-02 9.501418243294340593e-01 3.761971950531005859e+00
2.560000000000000000e+02 4.707742100158529563e-02 9.504838236863977219e-01 3.761570930480957031e+00
2.570000000000000000e+02 4.588003778936729227e-02 9.518967344131397113e-01 3.760437965393066406e+00
2.580000000000000000e+02 4.730096086473770112e-02 9.534447399512410160e-01 3.761255025863647461e+00
2.590000000000000000e+02 4.483158465759870537e-02 9.521319530926182217e-01 3.761488914489746094e+00
2.600000000000000000e+02 4.760083768202169607e-02 9.534469270714133193e-01 3.763163566589355469e+00
2.610000000000000000e+02 4.619822674955812586e-02 9.522792233088457348e-01 3.762722015380859375e+00
2.620000000000000000e+02 4.544954816042572066e-02 9.512310384713832390e-01 3.763061523437500000e+00
2.630000000000000000e+02 4.787983014390056330e-02 9.520500411454650980e-01 3.762566089630126953e+00
2.640000000000000000e+02 4.676473695815221848e-02 9.528778250976938091e-01 3.762863874435424805e+00
2.650000000000000000e+02 4.533359047817322324e-02 9.514681224842088669e-01 3.763448476791381836e+00
2.660000000000000000e+02 4.776869665725757413e-02 9.538965131386687446e-01 3.763914108276367188e+00
2.670000000000000000e+02 4.568392449618056267e-02 9.518366672989923005e-01 3.762748956680297852e+00
2.680000000000000000e+02 4.675444852347646757e-02 9.513374615585419303e-01 3.763108968734741211e+00
2.690000000000000000e+02 4.599715520705866673e-02 9.514656444102692623e-01 3.761034488677978516e+00
2.700000000000000000e+02 4.542171261169410112e-02 9.495866585228078804e-01 3.761332511901855469e+00
2.710000000000000000e+02 4.538175037548910357e-02 9.482809799021170161e-01 3.761069059371948242e+00
2.720000000000000000e+02 4.621617601296248989e-02 9.489304637186756208e-01 3.760140419006347656e+00
2.730000000000000000e+02 4.589755907986314137e-02 9.492537831756650002e-01 3.761094093322753906e+00
2.740000000000000000e+02 4.617168678789083935e-02 9.469422705016652397e-01 3.762181997299194336e+00
2.750000000000000000e+02 4.508064565404298896e-02 9.467514057093350255e-01 3.760916471481323242e+00
2.760000000000000000e+02 4.541000319946898733e-02 9.461919679343511191e-01 3.761072397232055664e+00
2.770000000000000000e+02 4.523982904826273632e-02 9.470877468950177347e-01 3.760942459106445312e+00
2.780000000000000000e+02 4.476163998093056484e-02 9.473047684112907429e-01 3.760754108428955078e+00
2.790000000000000000e+02 4.779774769590271893e-02 9.466833856560793459e-01 3.760328054428100586e+00
2.800000000000000000e+02 4.476993906840238263e-02 9.477387020308537524e-01 3.759040594100952148e+00
2.810000000000000000e+02 4.648898399602463538e-02 9.464236189629776641e-01 3.759391546249389648e+00
2.820000000000000000e+02 4.604066065568392790e-02 9.478255707995191237e-01 3.758781909942626953e+00
2.830000000000000000e+02 4.717341383785116082e-02 9.501032137399462174e-01 3.759236097335815430e+00
2.840000000000000000e+02 4.672679437563120874e-02 9.497755509056385881e-01 3.759509563446044922e+00
2.850000000000000000e+02 4.706400292255324969e-02 9.506783243778105241e-01 3.758744478225708008e+00
2.860000000000000000e+02 4.644242200080986316e-02 9.500867837203424981e-01 3.760742902755737305e+00
2.870000000000000000e+02 4.551172631232688198e-02 9.505892121968524400e-01 3.761832475662231445e+00
2.880000000000000000e+02 4.734445262020401529e-02 9.488039477124522447e-01 3.761626482009887695e+00
2.890000000000000000e+02 4.496589982007195840e-02 9.491208652228809717e-01 3.761825084686279297e+00
2.900000000000000000e+02 4.632659210308045367e-02 9.487796618621870959e-01 3.762031078338623047e+00
2.910000000000000000e+02 4.553545142700111265e-02 9.483702983781501228e-01 3.762296915054321289e+00
2.920000000000000000e+02 4.541194522951379209e-02 9.479376839937773136e-01 3.761661052703857422e+00
2.930000000000000000e+02 4.543733980319456661e-02 9.489697509571579648e-01 3.760965585708618164e+00
2.940000000000000000e+02 4.586142724210958560e-02 9.498592309382960508e-01 3.760274887084960938e+00
2.950000000000000000e+02 4.514022498553191959e-02 9.521683999007390931e-01 3.761358976364135742e+00
2.960000000000000000e+02 4.774350970292264712e-02 9.524696540026181824e-01 3.761518001556396484e+00
2.970000000000000000e+02 4.719523233129131745e-02 9.502273648882582080e-01 3.762010574340820312e+00
2.980000000000000000e+02 4.554873634271715266e-02 9.504864228399788617e-01 3.761731386184692383e+00
2.990000000000000000e+02 4.577434019033841534e-02 9.498695741584193275e-01 3.762248992919921875e+00
3.000000000000000000e+02 4.687620435145124081e-02 9.507333299595160936e-01 3.762895584106445312e+00
3.010000000000000000e+02 4.502718199938027244e-02 9.497581665550497432e-01 3.760763883590698242e+00
3.020000000000000000e+02 4.656716427369571309e-02 9.492782937510699792e-01 3.760524988174438477e+00
3.030000000000000000e+02 4.590909562630694080e-02 9.499895405679311677e-01 3.760596036911010742e+00
3.040000000000000000e+02 4.732459179243798247e-02 9.506046104823665521e-01 3.759951591491699219e+00
3.050000000000000000e+02 4.700566651433644300e-02 9.520947167805420275e-01 3.760441064834594727e+00
3.060000000000000000e+02 4.565398231337715329e-02 9.520576107022681311e-01 3.761517047882080078e+00
3.070000000000000000e+02 4.621366019648252832e-02 9.518418651328431901e-01 3.761826992034912109e+00
3.080000000000000000e+02 4.713488639514878259e-02 9.515018648615644059e-01 3.761279582977294922e+00
3.090000000000000000e+02 4.568899229920477673e-02 9.526169568645413976e-01 3.761970520019531250e+00
3.100000000000000000e+02 4.641719278391531062e-02 9.501043710371560591e-01 3.761847019195556641e+00
3.110000000000000000e+02 4.520875355741019175e-02 9.507389227235788498e-01 3.761020898818969727e+00
3.120000000000000000e+02 4.568608255874741231e-02 9.485291332581351487e-01 3.761456489562988281e+00
3.130000000000000000e+02 4.509478297917472039e-02 9.494395279025872325e-01 3.761317491531372070e+00
3.140000000000000000e+02 4.653153410210921631e-02 9.495458805598440133e-01 3.760132074356079102e+00
3.150000000000000000e+02 4.812330776408834526e-02 9.485553392858898647e-01 3.760202884674072266e+00
3.160000000000000000e+02 4.572739164057941508e-02 9.515731647030338802e-01 3.760571479797363281e+00
3.170000000000000000e+02 4.657599485800957562e-02 9.514497371170655970e-01 3.761694908142089844e+00
3.180000000000000000e+02 4.771929725554328178e-02 9.493763302928796000e-01 3.762929916381835938e+00
3.190000000000000000e+02 4.706123370954915647e-02 9.506090343105225715e-01 3.761779546737670898e+00
3.200000000000000000e+02 4.893812180940672329e-02 9.493577456794958236e-01 3.760696887969970703e+00
3.210000000000000000e+02 4.706934632863638002e-02 9.495109050372346760e-01 3.760226011276245117e+00
3.220000000000000000e+02 4.682810783287372214e-02 9.482808073453556919e-01 3.760082960128784180e+00
3.230000000000000000e+02 4.518530652715872786e-02 9.468057512515832830e-01 3.760837554931640625e+00
3.240000000000000000e+02 4.457232704562910652e-02 9.502025317395288440e-01 3.761471033096313477e+00
3.250000000000000000e+02 4.702082638277162857e-02 9.500268757864124280e-01 3.762166023254394531e+00
3.260000000000000000e+02 4.690823863251547543e-02 9.505248268077254314e-01 3.760369539260864258e+00
3.270000000000000000e+02 4.713054933705565497e-02 9.501984176894561207e-01 3.760025024414062500e+00
3.280000000000000000e+02 4.703952773417498928e-02 9.496749532766926016e-01 3.759361982345581055e+00
3.290000000000000000e+02 4.590784615962360121e-02 9.494774205102830544e-01 3.757981538772583008e+00
3.300000000000000000e+02 4.575984998720997177e-02 9.489905788130766906e-01 3.758294105529785156e+00
3.310000000000000000e+02 4.818360276223531552e-02 9.502218551180965367e-01 3.758687019348144531e+00
3.320000000000000000e+02 4.703624757304095821e-02 9.482512853398289421e-01 3.759525060653686523e+00
3.330000000000000000e+02 4.746560454390788553e-02 9.482674926454806030e-01 3.759277582168579102e+00
3.340000000000000000e+02 4.684253868030155421e-02 9.486755599569175468e-01 3.759436607360839844e+00
3.350000000000000000e+02 4.684340153271668306e-02 9.487952484203420189e-01 3.760191440582275391e+00
3.360000000000000000e+02 4.475333469539484466e-02 9.510458090450479851e-01 3.760245084762573242e+00
3.370000000000000000e+02 4.474749023993327551e-02 9.505086496148793529e-01 3.761238098144531250e+00
3.380000000000000000e+02 4.690110393602393846e-02 9.515846215493777294e-01 3.760741472244262695e+00
3.390000000000000000e+02 4.634352445346367338e-02 9.490656492440011638e-01 3.761291503906250000e+00
3.400000000000000000e+02 4.617181588060265129e-02 9.490034893254215564e-01 3.761203050613403320e+00
3.410000000000000000e+02 4.581359142275606006e-02 9.506298716137636662e-01 3.760243892669677734e+00
3.420000000000000000e+02 4.770442348167110852e-02 9.502305593804961648e-01 3.760531425476074219e+00
3.430000000000000000e+02 4.693779418052148461e-02 9.499887009226739565e-01 3.760235548019409180e+00
3.440000000000000000e+02 4.405147102841353718e-02 9.480275491722026660e-01 3.759613037109375000e+00
3.450000000000000000e+02 4.294001606612717070e-02 9.492665197897611762e-01 3.760510444641113281e+00
3.460000000000000000e+02 4.629152533137366465e-02 9.503829489416919518e-01 3.760612964630126953e+00
3.470000000000000000e+02 4.569833351807097571e-02 9.499362685756904678e-01 3.760396480560302734e+00
3.480000000000000000e+02 4.481212338267494960e-02 9.496728237471878664e-01 3.760551452636718750e+00
3.490000000000000000e+02 4.560323416100670740e-02 9.485468043197964327e-01 3.759869575500488281e+00
3.500000000000000000e+02 4.516380587210618025e-02 9.496298267737608434e-01 3.760562419891357422e+00
3.510000000000000000e+02 4.462231910859385670e-02 9.500206586597772507e-01 3.760472536087036133e+00
3.520000000000000000e+02 4.630573923865306113e-02 9.500366231215622292e-01 3.760960102081298828e+00
3.530000000000000000e+02 4.584458447386180469e-02 9.501546387467108001e-01 3.760987997055053711e+00
3.540000000000000000e+02 4.664151533572343661e-02 9.501516302828428850e-01 3.761499881744384766e+00
3.550000000000000000e+02 4.689539681589393466e-02 9.477177770561256986e-01 3.761374950408935547e+00
3.560000000000000000e+02 4.739535206946289547e-02 9.482052022399244384e-01 3.761080026626586914e+00
3.570000000000000000e+02 4.636516887574023554e-02 9.500587155977874287e-01 3.760381937026977539e+00
3.580000000000000000e+02 4.573745581975726532e-02 9.531864291296688885e-01 3.761419534683227539e+00
3.590000000000000000e+02 4.800086457386304462e-02 9.514458634443212492e-01 3.761216878890991211e+00
3.600000000000000000e+02 4.841244243346441711e-02 9.532842427212068204e-01 3.761854410171508789e+00
3.610000000000000000e+02 4.745326350111784414e-02 9.500962002748511992e-01 3.762345552444458008e+00
3.620000000000000000e+02 4.609349662971697764e-02 9.500748949927479980e-01 3.762329101562500000e+00
3.630000000000000000e+02 4.495340395262802102e-02 9.509974027332387392e-01 3.762340545654296875e+00
3.640000000000000000e+02 4.518006666056795240e-02 9.503762095951994171e-01 3.762444972991943359e+00
3.650000000000000000e+02 4.628717553289184855e-02 9.507761223742119405e-01 3.761746883392333984e+00
3.660000000000000000e+02 4.478033830594826958e-02 9.500753102653930471e-01 3.762146949768066406e+00
3.670000000000000000e+02 4.769194653612440771e-02 9.492993449632525227e-01 3.761214494705200195e+00
3.680000000000000000e+02 4.568294113265492645e-02 9.481742737693205081e-01 3.760315895080566406e+00
3.690000000000000000e+02 4.554531386024868872e-02 9.495858950958546707e-01 3.760199546813964844e+00
3.700000000000000000e+02 4.652626803228323421e-02 9.483437401467017525e-01 3.759887933731079102e+00
3.710000000000000000e+02 4.697336885897925030e-02 9.502062773862989253e-01 3.760013580322265625e+00
3.720000000000000000e+02 4.495253694838533681e-02 9.481235850036960899e-01 3.759491920471191406e+00
3.730000000000000000e+02 4.595066844295329911e-02 9.492937195795461136e-01 3.760315895080566406e+00
3.740000000000000000e+02 4.570265578658423700e-02 9.478029315941988164e-01 3.760848522186279297e+00
3.750000000000000000e+02 4.515502363017392246e-02 9.486019356575138284e-01 3.760268926620483398e+00
3.760000000000000000e+02 4.609705005985085396e-02 9.488082348759052653e-01 3.760146379470825195e+00
3.770000000000000000e+02 4.542461865175020930e-02 9.508465426051528890e-01 3.760270595550537109e+00
3.780000000000000000e+02 4.507659712135010655e-02 9.491783113450584786e-01 3.759348392486572266e+00
3.790000000000000000e+02 4.419598960769159646e-02 9.500449649079174552e-01 3.758236408233642578e+00
3.800000000000000000e+02 4.585582014730422290e-02 9.502605325606469089e-01 3.757756471633911133e+00
3.810000000000000000e+02 4.496267730119437450e-02 9.508062400535814973e-01 3.759444952011108398e+00
3.820000000000000000e+02 4.675324492357548628e-02 9.507410793785054937e-01 3.759980440139770508e+00
3.830000000000000000e+02 4.765941024780550456e-02 9.515042906011466073e-01 3.759757995605468750e+00
3.840000000000000000e+02 4.554796111765440497e-02 9.508516126422535963e-01 3.760549068450927734e+00
3.850000000000000000e+02 4.665702108582186342e-02 9.509527606921404086e-01 3.761476993560791016e+00
3.860000000000000000e+02 4.779480772247027970e-02 9.486644043776319979e-01 3.762787580490112305e+00
3.870000000000000000e+02 4.594748271375084098e-02 9.510799265170202244e-01 3.761916399002075195e+00
3.880000000000000000e+02 4.666353928622756636e-02 9.518494084251359899e-01 3.762402534484863281e+00
3.890000000000000000e+02 4.561987564391657007e-02 9.519754305397166716e-01 3.761839389801025391e+00
3.900000000000000000e+02 4.683655134926530822e-02 9.511181619148171285e-01 3.762742042541503906e+00
3.910000000000000000e+02 4.735692154285429251e-02 9.523564308657562760e-01 3.763601064682006836e+00
3.920000000000000000e+02 4.664997630734742107e-02 9.506311976621009130e-01 3.762576103210449219e+00
3.930000000000000000e+02 4.562838142562512800e-02 9.494325761468054292e-01 3.760741949081420898e+00
3.940000000000000000e+02 4.615584821463206144e-02 9.495953437273223496e-01 3.761898994445800781e+00
3.950000000000000000e+02 4.520018298917836963e-02 9.476150026574610141e-01 3.759939432144165039e+00
3.960000000000000000e+02 4.503612532433042687e-02 9.457910963685844941e-01 3.760128021240234375e+00
3.970000000000000000e+02 4.643555101110866112e-02 9.471033122726610909e-01 3.758816957473754883e+00
3.980000000000000000e+02 4.601809367376061971e-02 9.484557722426626425e-01 3.759739398956298828e+00
