0.000000000000000000e+00 1.379527102445443076e-01 0.000000000000000000e+00 3.004415512084960938e+00
1.000000000000000000e+00 3.155928568740180018e-01 0.000000000000000000e+00 3.172462940216064453e+00
2.000000000000000000e+00 4.890255089124583288e-01 0.000000000000000000e+00 3.296309471130371094e+00
3.000000000000000000e+00 6.191130226826934146e-01 0.000000000000000000e+00 3.391730546951293945e+00
4.000000000000000000e+00 7.117863280092967537e-01 0.000000000000000000e+00 3.465054035186767578e+00
5.000000000000000000e+00 7.743502700811992767e-01 0.000000000000000000e+00 3.521471023559570312e+00
6.000000000000000000e+00 8.198445808449322803e-01 0.000000000000000000e+00 3.564883470535278320e+00
7.000000000000000000e+00 8.508090824230564175e-01 0.000000000000000000e+00 3.598473548889160156e+00
8.000000000000000000e+00 8.783313403202512859e-01 0.000000000000000000e+00 3.626817941665649414e+00
9.000000000000000000e+00 8.921640700684025926e-01 0.000000000000000000e+00 3.649197578430175781e+00
1.000000000000000000e+01 9.043888926664259698e-01 0.000000000000000000e+00 3.666302919387817383e+00
1.100000000000000000e+01 9.125030750171323479e-01 0.000000000000000000e+00 3.680633068084716797e+00
1.200000000000000000e+01 9.152477568416871323e-01 0.000000000000000000e+00 3.689822435379028320e+00
1.300000000000000000e+01 9.210387553752398260e-01 0.000000000000000000e+00 3.696006059646606445e+00
1.400000000000000000e+01 9.244432533155861886e-01 0.000000000000000000e+00 3.702951431274414062e+00
1.500000000000000000e+01 9.286192005492851509e-01 0.000000000000000000e+00 3.708858966827392578e+00
1.600000000000000000e+01 9.324151404130339715e-01 0.000000000000000000e+00 3.715194463729858398e+00
1.700000000000000000e+01 9.355651511157835332e-01 0.000000000000000000e+00 3.719023466110229492e+00
1.800000000000000000e+01 9.371004423060703692e-01 0.000000000000000000e+00 3.722831964492797852e+00
1.900000000000000000e+01 9.387165750766962580e-01 0.000000000000000000e+00 3.725492477416992188e+00
2.000000000000000000e+01 9.377739332087557944e-01 0.000000000000000000e+00 3.727049589157104492e+00
2.100000000000000000e+01 9.414467443590495144e-01 0.000000000000000000e+00 3.728423595428466797e+00
2.200000000000000000e+01 9.395464393549460835e-01 0.000000000000000000e+00 3.729527473449707031e+00
2.300000000000000000e+01 9.392510437719560068e-01 0.000000000000000000e+00 3.729688882827758789e+00
2.400000000000000000e+01 9.380126820236857066e-01 0.000000000000000000e+00 3.730024576187133789e+00
2.500000000000000000e+01 9.383752893406184237e-01 0.000000000000000000e+00 3.730077981948852539e+00
2.600000000000000000e+01 9.385558522318327990e-01 0.000000000000000000e+00 3.731308460235595703e+00
2.700000000000000000e+01 9.431096742911305730e-01 0.000000000000000000e+00 3.732479095458984375e+00
2.800000000000000000e+01 9.426933948456015511e-01 0.000000000000000000e+00 3.731672525405883789e+00
2.900000000000000000e+01 9.413909894435530390e-01 0.000000000000000000e+00 3.732304573059082031e+00
3.000000000000000000e+01 9.402468009713695896e-01 0.000000000000000000e+00 3.732435941696166992e+00
3.100000000000000000e+01 9.410761473099000796e-01 0.000000000000000000e+00 3.732677459716796875e+00
3.200000000000000000e+01 9.438258500551303110e-01 0.000000000000000000e+00 3.731419086456298828e+00
3.300000000000000000e+01 9.427571624232394809e-01 0.000000000000000000e+00 3.732493400573730469e+00
3.400000000000000000e+01 9.442459577780432101e-01 0.000000000000000000e+00 3.732769489288330078e+00
3.500000000000000000e+01 9.425063613173587651e-01 0.000000000000000000e+00 3.732289552688598633e+00
3.600000000000000000e+01 9.426502297657564089e-01 0.000000000000000000e+00 3.732485055923461914e+00
3.700000000000000000e+01 9.446698224227867424e-01 0.000000000000000000e+00 3.732467889785766602e+00
3.800000000000000000e+01 9.437028678105437995e-01 0.000000000000000000e+00 3.732167959213256836e+00
3.900000000000000000e+01 9.411916486348504973e-01 0.000000000000000000e+00 3.731910467147827148e+00
4.000000000000000000e+01 9.425385030669233277e-01 0.000000000000000000e+00 3.731482982635498047e+00
4.100000000000000000e+01 9.415511348859024743e-01 0.000000000000000000e+00 3.730210542678833008e+00
4.200000000000000000e+01 9.427923114579024322e-01 0.000000000000000000e+00 3.730422019958496094e+00
4.300000000000000000e+01 9.436233730678469378e-01 0.000000000000000000e+00 3.729451894760131836e+00
4.400000000000000000e+01 9.437041003381133608e-01 0.000000000000000000e+00 3.730552911758422852e+00
4.500000000000000000e+01 9.424958299780931137e-01 0.000000000000000000e+00 3.730078935623168945e+00
4.600000000000000000e+01 9.434491195795374763e-01 0.000000000000000000e+00 3.730687379837036133e+00
4.700000000000000000e+01 9.432750241192758844e-01 0.000000000000000000e+00 3.730360507965087891e+00
4.800000000000000000e+01 9.415094433285654540e-01 0.000000000000000000e+00 3.730159521102905273e+00
4.900000000000000000e+01 9.426956364040752767e-01 0.000000000000000000e+00 3.729846000671386719e+00
5.000000000000000000e+01 9.396176920559197177e-01 0.000000000000000000e+00 3.731386423110961914e+00
5.100000000000000000e+01 9.403768416759700211e-01 0.000000000000000000e+00 3.732215881347656250e+00
5.200000000000000000e+01 9.382217040295787180e-01 0.000000000000000000e+00 3.733481884002685547e+00
5.300000000000000000e+01 9.403902258476417586e-01 0.000000000000000000e+00 3.730439901351928711e+00
5.400000000000000000e+01 9.423314392896726677e-01 0.000000000000000000e+00 3.731176376342773438e+00
5.500000000000000000e+01 9.415907835591107444e-01 0.000000000000000000e+00 3.730673551559448242e+00
5.600000000000000000e+01 9.423075896027069964e-01 0.000000000000000000e+00 3.731954097747802734e+00
5.700000000000000000e+01 9.412890686842658727e-01 0.000000000000000000e+00 3.730781555175781250e+00
5.800000000000000000e+01 9.396928296949956794e-01 0.000000000000000000e+00 3.730947971343994141e+00
5.900000000000000000e+01 9.394935102214971856e-01 0.000000000000000000e+00 3.730268001556396484e+00
6.000000000000000000e+01 9.408031651666678430e-01 0.000000000000000000e+00 3.730748414993286133e+00
6.100000000000000000e+01 9.393912518640671339e-01 0.000000000000000000e+00 3.731000423431396484e+00
6.200000000000000000e+01 9.415701253255390757e-01 0.000000000000000000e+00 3.732732057571411133e+00
6.300000000000000000e+01 9.400668245544065993e-01 0.000000000000000000e+00 3.730650901794433594e+00
6.400000000000000000e+01 9.395937722809523107e-01 0.000000000000000000e+00 3.729057550430297852e+00
6.500000000000000000e+01 9.424536164952284079e-01 0.000000000000000000e+00 3.728543519973754883e+00
6.600000000000000000e+01 9.423020413813278928e-01 0.000000000000000000e+00 3.729279041290283203e+00
6.700000000000000000e+01 9.426709346531285671e-01 0.000000000000000000e+00 3.729575872421264648e+00
6.800000000000000000e+01 9.441979754031964989e-01 0.000000000000000000e+00 3.730073928833007812e+00
6.900000000000000000e+01 9.417733103461676247e-01 0.000000000000000000e+00 3.731051921844482422e+00
7.000000000000000000e+01 9.432375118169016304e-01 0.000000000000000000e+00 3.731390953063964844e+00
7.100000000000000000e+01 9.425012539701773662e-01 0.000000000000000000e+00 3.731174468994140625e+00
7.200000000000000000e+01 9.394059356421676776e-01 0.000000000000000000e+00 3.730712413787841797e+00
7.300000000000000000e+01 9.409055884412739212e-01 0.000000000000000000e+00 3.729725599288940430e+00
7.400000000000000000e+01 9.405273920763719264e-01 0.000000000000000000e+00 3.729837894439697266e+00
7.500000000000000000e+01 9.408053760096019014e-01 0.000000000000000000e+00 3.728484392166137695e+00
7.600000000000000000e+01 9.412855492527175683e-01 0.000000000000000000e+00 3.728060483932495117e+00
7.700000000000000000e+01 9.392711204919074186e-01 0.000000000000000000e+00 3.728766918182373047e+00
7.800000000000000000e+01 9.404790239303532084e-01 0.000000000000000000e+00 3.729142904281616211e+00
7.900000000000000000e+01 9.391477780656979357e-01 0.000000000000000000e+00 3.729050874710083008e+00
8.000000000000000000e+01 9.395796951380209761e-01 0.000000000000000000e+00 3.730108976364135742e+00
8.100000000000000000e+01 9.393205236914409229e-01 0.000000000000000000e+00 3.731003522872924805e+00
8.200000000000000000e+01 9.400188543186172030e-01 0.000000000000000000e+00 3.730856418609619141e+00
8.300000000000000000e+01 9.412375369484763388e-01 0.000000000000000000e+00 3.731492042541503906e+00
8.400000000000000000e+01 9.416448064849245458e-01 0.000000000000000000e+00 3.731278419494628906e+00
8.500000000000000000e+01 9.416342178798079443e-01 0.000000000000000000e+00 3.732281446456909180e+00
8.600000000000000000e+01 9.446685656321248681e-01 0.000000000000000000e+00 3.733095884323120117e+00
8.700000000000000000e+01 9.437530832277754023e-01 0.000000000000000000e+00 3.733479499816894531e+00
8.800000000000000000e+01 9.402729723457360356e-01 0.000000000000000000e+00 3.733244895935058594e+00
8.900000000000000000e+01 9.407481265048954766e-01 0.000000000000000000e+00 3.732628583908081055e+00
9.000000000000000000e+01 9.402636008607392348e-01 0.000000000000000000e+00 3.732589006423950195e+00
9.100000000000000000e+01 9.412591845408760927e-01 0.000000000000000000e+00 3.732269525527954102e+00
9.200000000000000000e+01 9.408746029867565142e-01 0.000000000000000000e+00 3.734122991561889648e+00
9.300000000000000000e+01 9.415240104060007553e-01 0.000000000000000000e+00 3.732721090316772461e+00
9.400000000000000000e+01 9.390436186405130004e-01 0.000000000000000000e+00 3.731937408447265625e+00
9.500000000000000000e+01 9.404493023099522730e-01 0.000000000000000000e+00 3.732768535614013672e+00
9.600000000000000000e+01 9.407973152726560873e-01 0.000000000000000000e+00 3.732535600662231445e+00
9.700000000000000000e+01 9.407613587191120397e-01 0.000000000000000000e+00 3.733159542083740234e+00
9.800000000000000000e+01 9.414967701626617558e-01 0.000000000000000000e+00 3.733232021331787109e+00
9.900000000000000000e+01 9.403413708006408411e-01 0.000000000000000000e+00 3.733085393905639648e+00
1.000000000000000000e+02 9.386559741587170436e-01 0.000000000000000000e+00 3.733217477798461914e+00
1.010000000000000000e+02 9.399304163229474929e-01 0.000000000000000000e+00 3.731729507446289062e+00
1.020000000000000000e+02 9.403988722255580690e-01 0.000000000000000000e+00 3.731581449508666992e+00
1.030000000000000000e+02 9.418988027881002312e-01 0.000000000000000000e+00 3.732018470764160156e+00
1.040000000000000000e+02 9.422452623483803524e-01 0.000000000000000000e+00 3.733768463134765625e+00
1.050000000000000000e+02 9.432361838092960804e-01 0.000000000000000000e+00 3.732385873794555664e+00
1.060000000000000000e+02 9.425877900907181361e-01 0.000000000000000000e+00 3.733592510223388672e+00
1.070000000000000000e+02 9.428901754715743877e-01 0.000000000000000000e+00 3.733996391296386719e+00
1.080000000000000000e+02 9.422256264046354746e-01 0.000000000000000000e+00 3.734378576278686523e+00
1.090000000000000000e+02 9.425622837031882861e-01 0.000000000000000000e+00 3.732537508010864258e+00
1.100000000000000000e+02 9.416234897683803950e-01 0.000000000000000000e+00 3.731506109237670898e+00
1.110000000000000000e+02 9.412289800683071306e-01 0.000000000000000000e+00 3.731176376342773438e+00
1.120000000000000000e+02 9.376323595023852153e-01 0.000000000000000000e+00 3.731024026870727539e+00
1.130000000000000000e+02 9.399122503133974238e-01 0.000000000000000000e+00 3.730820417404174805e+00
1.140000000000000000e+02 9.391669983047947756e-01 0.000000000000000000e+00 3.731452465057373047e+00
1.150000000000000000e+02 9.380213019736831637e-01 0.000000000000000000e+00 3.730782508850097656e+00
1.160000000000000000e+02 9.379706984054826391e-01 0.000000000000000000e+00 3.731908082962036133e+00
1.170000000000000000e+02 9.395604936901204018e-01 0.000000000000000000e+00 3.732079029083251953e+00
1.180000000000000000e+02 9.401736363048524003e-01 0.000000000000000000e+00 3.733331918716430664e+00
1.190000000000000000e+02 9.415238632707730870e-01 0.000000000000000000e+00 3.732639551162719727e+00
1.200000000000000000e+02 9.431965211960164908e-01 0.000000000000000000e+00 3.732390880584716797e+00
1.210000000000000000e+02 9.430270895863506198e-01 0.000000000000000000e+00 3.733654499053955078e+00
1.220000000000000000e+02 9.419880693652056269e-01 0.000000000000000000e+00 3.734426498413085938e+00
1.230000000000000000e+02 9.436298804174698684e-01 0.000000000000000000e+00 3.733735084533691406e+00
1.240000000000000000e+02 9.445204719244923997e-01 0.000000000000000000e+00 3.732461929321289062e+00
1.250000000000000000e+02 9.451074226815286972e-01 0.000000000000000000e+00 3.730474472045898438e+00
1.260000000000000000e+02 9.443137479251836330e-01 0.000000000000000000e+00 3.732032060623168945e+00
1.270000000000000000e+02 9.421890473766858509e-01 0.000000000000000000e+00 3.731932878494262695e+00
1.280000000000000000e+02 9.427592997031351008e-01 0.000000000000000000e+00 3.731564998626708984e+00
1.290000000000000000e+02 9.416226603739455969e-01 0.000000000000000000e+00 3.731071949005126953e+00
1.300000000000000000e+02 9.417992022533875351e-01 0.000000000000000000e+00 3.731776952743530273e+00
1.310000000000000000e+02 9.439919091067707768e-01 0.000000000000000000e+00 3.731553554534912109e+00
1.320000000000000000e+02 9.433348442950739710e-01 0.000000000000000000e+00 3.732715606689453125e+00
1.330000000000000000e+02 9.418113574532084309e-01 0.000000000000000000e+00 3.731398105621337891e+00
1.340000000000000000e+02 9.417257745731184571e-01 0.000000000000000000e+00 3.732064962387084961e+00
1.350000000000000000e+02 9.403021501535463456e-01 0.000000000000000000e+00 3.731208086013793945e+00
1.360000000000000000e+02 9.408508871121082917e-01 0.000000000000000000e+00 3.730506896972656250e+00
1.370000000000000000e+02 9.407039122727290925e-01 0.000000000000000000e+00 3.731282472610473633e+00
1.380000000000000000e+02 9.423721175847395992e-01 0.000000000000000000e+00 3.731034994125366211e+00
1.390000000000000000e+02 9.419102733710169595e-01 0.000000000000000000e+00 3.730959892272949219e+00
1.400000000000000000e+02 9.431051003260026988e-01 0.000000000000000000e+00 3.731734037399291992e+00
1.410000000000000000e+02 9.422071321805788324e-01 0.000000000000000000e+00 3.731991529464721680e+00
1.420000000000000000e+02 9.437775144605273780e-01 0.000000000000000000e+00 3.731424570083618164e+00
1.430000000000000000e+02 9.438717224447227272e-01 0.000000000000000000e+00 3.732620954513549805e+00
1.440000000000000000e+02 9.440536097209912825e-01 0.000000000000000000e+00 3.733023881912231445e+00
1.450000000000000000e+02 9.433964975418472898e-01 0.000000000000000000e+00 3.733268022537231445e+00
1.460000000000000000e+02 9.426166466591237025e-01 0.000000000000000000e+00 3.732713937759399414e+00
1.470000000000000000e+02 9.393665036956663217e-01 0.000000000000000000e+00 3.732504606246948242e+00
1.480000000000000000e+02 9.404393216011046608e-01 0.000000000000000000e+00 3.731991052627563477e+00
1.490000000000000000e+02 9.408388645892171720e-01 0.000000000000000000e+00 3.731198072433471680e+00
1.500000000000000000e+02 9.390162605026317610e-01 0.000000000000000000e+00 3.730999946594238281e+00
1.510000000000000000e+02 9.379772197455017446e-01 0.000000000000000000e+00 3.730110406875610352e+00
1.520000000000000000e+02 9.409300511200900941e-01 0.000000000000000000e+00 3.730129957199096680e+00
1.530000000000000000e+02 9.395785869181580985e-01 0.000000000000000000e+00 3.730649948120117188e+00
1.540000000000000000e+02 9.392100833749191802e-01 0.000000000000000000e+00 3.731316566467285156e+00
1.550000000000000000e+02 9.409398633874657136e-01 0.000000000000000000e+00 3.732101917266845703e+00
1.560000000000000000e+02 9.424010943706204735e-01 0.000000000000000000e+00 3.731458902359008789e+00
1.570000000000000000e+02 9.428660528836116939e-01 0.000000000000000000e+00 3.731455564498901367e+00
1.580000000000000000e+02 9.425017144620150278e-01 0.000000000000000000e+00 3.731077909469604492e+00
1.590000000000000000e+02 9.396146398607178041e-01 0.000000000000000000e+00 3.731219530105590820e+00
1.600000000000000000e+02 9.397544154463426391e-01 0.000000000000000000e+00 3.731585979461669922e+00
1.610000000000000000e+02 9.409816235019793362e-01 0.000000000000000000e+00 3.730853557586669922e+00
1.620000000000000000e+02 9.419309203115261431e-01 0.000000000000000000e+00 3.729485511779785156e+00
1.630000000000000000e+02 9.427488127582991373e-01 0.000000000000000000e+00 3.729176521301269531e+00
1.640000000000000000e+02 9.413012952576018666e-01 0.000000000000000000e+00 3.730369567871093750e+00
1.650000000000000000e+02 9.423376922190962457e-01 0.000000000000000000e+00 3.732100009918212891e+00
1.660000000000000000e+02 9.405449716653477843e-01 0.000000000000000000e+00 3.732738494873046875e+00
1.670000000000000000e+02 9.396386123716133909e-01 0.000000000000000000e+00 3.732250452041625977e+00
1.680000000000000000e+02 9.386089296981674490e-01 0.000000000000000000e+00 3.732573509216308594e+00
1.690000000000000000e+02 9.385728678665519187e-01 0.000000000000000000e+00 3.732756376266479492e+00
1.700000000000000000e+02 9.417059608275187843e-01 0.000000000000000000e+00 3.731750488281250000e+00
1.710000000000000000e+02 9.408992192763789841e-01 0.000000000000000000e+00 3.732776880264282227e+00
1.720000000000000000e+02 9.411293119395680584e-01 0.000000000000000000e+00 3.732798099517822266e+00
1.730000000000000000e+02 9.412680388330676440e-01 0.000000000000000000e+00 3.732637882232666016e+00
1.740000000000000000e+02 9.405244885330626969e-01 0.000000000000000000e+00 3.731301069259643555e+00
1.750000000000000000e+02 9.412800078803864601e-01 0.000000000000000000e+00 3.731302022933959961e+00
1.760000000000000000e+02 9.404193263114207779e-01 0.000000000000000000e+00 3.731239557266235352e+00
1.770000000000000000e+02 9.393491361687279495e-01 0.000000000000000000e+00 3.730535030364990234e+00
1.780000000000000000e+02 9.440769359756330248e-01 0.000000000000000000e+00 3.731362581253051758e+00
1.790000000000000000e+02 9.399505592832740897e-01 0.000000000000000000e+00 3.729597568511962891e+00
1.800000000000000000e+02 9.403654478036060915e-01 0.000000000000000000e+00 3.729040384292602539e+00
1.810000000000000000e+02 9.404359023357777847e-01 0.000000000000000000e+00 3.730857372283935547e+00
1.820000000000000000e+02 9.385923352357361527e-01 0.000000000000000000e+00 3.731913566589355469e+00
1.830000000000000000e+02 9.382611851762641120e-01 0.000000000000000000e+00 3.731823921203613281e+00
1.840000000000000000e+02 9.380650356927416889e-01 0.000000000000000000e+00 3.730670928955078125e+00
1.850000000000000000e+02 9.398895903494319803e-01 0.000000000000000000e+00 3.731071949005126953e+00
1.860000000000000000e+02 9.420445847702453301e-01 0.000000000000000000e+00 3.732699394226074219e+00
1.870000000000000000e+02 9.418708173563345998e-01 0.000000000000000000e+00 3.731693029403686523e+00
1.880000000000000000e+02 9.426534126324070950e-01 0.000000000000000000e+00 3.729880571365356445e+00
1.890000000000000000e+02 9.430003932310297987e-01 0.000000000000000000e+00 3.730144023895263672e+00
1.900000000000000000e+02 9.404507540174785740e-01 0.000000000000000000e+00 3.728867053985595703e+00
1.910000000000000000e+02 9.412054550832936739e-01 0.000000000000000000e+00 3.728956460952758789e+00
1.920000000000000000e+02 9.407824966001453459e-01 0.000000000000000000e+00 3.729228973388671875e+00
1.930000000000000000e+02 9.394358276863046253e-01 0.000000000000000000e+00 3.729229450225830078e+00
1.940000000000000000e+02 9.388776207010390840e-01 0.000000000000000000e+00 3.727978467941284180e+00
1.950000000000000000e+02 9.372093936358505406e-01 0.000000000000000000e+00 3.727652549743652344e+00
1.960000000000000000e+02 9.384757317051970471e-01 0.000000000000000000e+00 3.726582050323486328e+00
1.970000000000000000e+02 9.398338972502274791e-01 0.000000000000000000e+00 3.728411912918090820e+00
1.980000000000000000e+02 9.377330411783757480e-01 0.000000000000000000e+00 3.727735996246337891e+00
1.990000000000000000e+02 9.389765215595123893e-01 0.000000000000000000e+00 3.727869987487792969e+00
2.000000000000000000e+02 8.608425332866438406e-01 1.371483778709059465e-01 3.012923002243041992e+00
2.010000000000000000e+02 7.301714118107967000e-01 3.182251949883456166e-01 3.181174993515014648e+00
2.020000000000000000e+02 5.782285277598121498e-01 4.880030539533021794e-01 3.305386543273925781e+00
2.030000000000000000e+02 4.430579882040136530e-01 6.194573090525063996e-01 3.399694919586181641e+00
2.040000000000000000e+02 3.343499255753772936e-01 7.123689935481983815e-01 3.472925901412963867e+00
2.050000000000000000e+02 2.517675712826183965e-01 7.773374583751774258e-01 3.529495477676391602e+00
2.060000000000000000e+02 1.888592500587816247e-01 8.215924681780685246e-01 3.573122024536132812e+00
2.070000000000000000e+02 1.451939942687990037e-01 8.555645954116726237e-01 3.607824087142944336e+00
2.080000000000000000e+02 1.169197689384618571e-01 8.761050550871726239e-01 3.636239051818847656e+00
2.090000000000000000e+02 9.316629803777173868e-02 8.925014652121447956e-01 3.657561063766479492e+00
2.100000000000000000e+02 8.088342583120973484e-02 9.054492678578331954e-01 3.673937082290649414e+00
2.110000000000000000e+02 7.060392172553919821e-02 9.106698424804267056e-01 3.689205408096313477e+00
2.120000000000000000e+02 6.286944789904229391e-02 9.194672060846620365e-01 3.698946952819824219e+00
2.130000000000000000e+02 5.627272022157586706e-02 9.252515290971523587e-01 3.707582950592041016e+00
2.140000000000000000e+02 5.340717619006127986e-02 9.296845216222633379e-01 3.713979005813598633e+00
2.150000000000000000e+02 5.177238099511988906e-02 9.350876705959156876e-01 3.719731092453002930e+00
2.160000000000000000e+02 4.856554838546959380e-02 9.360798443103809374e-01 3.723358392715454102e+00
2.170000000000000000e+02 4.902782141314297043e-02 9.363892594630593980e-01 3.727581501007080078e+00
2.180000000000000000e+02 4.799739208123270096e-02 9.348618429192093737e-01 3.730570554733276367e+00
2.190000000000000000e+02 4.446167370685679548e-02 9.376239107620710778e-01 3.731460571289062500e+00
2.200000000000000000e+02 4.489509558429702341e-02 9.384745675551749988e-01 3.733902931213378906e+00
2.210000000000000000e+02 4.744021557333810007e-02 9.380920571985436052e-01 3.735256433486938477e+00
2.220000000000000000e+02 4.667711435312664470e-02 9.391463925112064626e-01 3.736390590667724609e+00
2.230000000000000000e+02 4.646639800945499832e-02 9.384106951722692713e-01 3.736741542816162109e+00
2.240000000000000000e+02 4.708178698844683874e-02 9.395596382326514284e-01 3.737704992294311523e+00
2.250000000000000000e+02 4.685774451400637891e-02 9.414424967828032287e-01 3.738432884216308594e+00
2.260000000000000000e+02 4.513990887097729665e-02 9.448795190703925817e-01 3.739427566528320312e+00
2.270000000000000000e+02 4.536718339349097434e-02 9.418339862331520651e-01 3.740567922592163086e+00
2.280000000000000000e+02 4.668405850687332159e-02 9.421687113919220424e-01 3.741251468658447266e+00
2.290000000000000000e+02 4.444193428407111623e-02 9.419048021207407917e-01 3.739912509918212891e+00
2.300000000000000000e+02 4.489110715836785309e-02 9.427317782551862813e-01 3.739607095718383789e+00
2.310000000000000000e+02 4.518951029607819886e-02 9.423031333156739464e-01 3.740919589996337891e+00
2.320000000000000000e+02 4.398732785631841863e-02 9.406135194342243322e-01 3.739939928054809570e+00
2.330000000000000000e+02 4.398239260970962516e-02 9.398344432727990805e-01 3.740599393844604492e+00
2.340000000000000000e+02 4.478099171387517341e-02 9.401254105738059419e-01 3.740409374237060547e+00
2.350000000000000000e+02 4.421121210164615650e-02 9.395305044769365344e-01 3.740328073501586914e+00
2.360000000000000000e+02 4.512577365624807074e-02 9.393996038795923154e-01 3.739645957946777344e+00
2.370000000000000000e+02 4.340511687685735115e-02 9.414399562608795069e-01 3.740197896957397461e+00
2.380000000000000000e+02 4.654353345836730049e-02 9.435419785931907777e-01 3.740367889404296875e+00
2.390000000000000000e+02 4.587375008214477495e-02 9.435427488109768834e-01 3.741091966629028320e+00
2.400000000000000000e+02 4.436667244405122917e-02 9.425016405262602870e-01 3.740000963211059570e+00
2.410000000000000000e+02 4.528085475600436560e-02 9.405915425236595073e-01 3.739660978317260742e+00
2.420000000000000000e+02 4.491564722983552166e-02 9.421734059695163754e-01 3.739330053329467773e+00
2.430000000000000000e+02 4.482459148310385944e-02 9.428338231559191263e-01 3.738022089004516602e+00
2.440000000000000000e+02 4.433246422622152960e-02 9.410280317823973562e-01 3.737950563430786133e+00
2.450000000000000000e+02 4.535857594416678462e-02 9.427165146493083903e-01 3.738152503967285156e+00
2.460000000000000000e+02 4.504711596317983319e-02 9.416233186021627510e-01 3.737231492996215820e+00
2.470000000000000000e+02 4.631206642041020560e-02 9.407536960006561699e-01 3.736805438995361328e+00
2.480000000000000000e+02 4.470900007271596394e-02 9.381987036605639041e-01 3.737850427627563477e+00
2.490000000000000000e+02 4.514726712098390132e-02 9.406841005971847691e-01 3.737653493881225586e+00
2.500000000000000000e+02 4.459270207617100495e-02 9.398046121730827540e-01 3.738111972808837891e+00
2.510000000000000000e+02 4.499830944232612040e-02 9.394450576471521375e-01 3.738780975341796875e+00
2.520000000000000000e+02 4.488716895556094794e-02 9.388117875247518063e-01 3.740249395370483398e+00
2.530000000000000000e+02 4.380199994889541482e-02 9.401116204862448589e-01 3.740198373794555664e+00
2.540000000000000000e+02 4.812038042158223172e-02 9.417229444937514904e-01 3.738993406295776367e+00
2.550000000000000000e+02 4.562251456512482484e-02 9.414421543378596047e-01 3.739755392074584961e+00
2.560000000000000000e+02 4.499509990632184070e-02 9.413402424291373860e-01 3.739340066909790039e+00
2.570000000000000000e+02 4.354448939489172915e-02 9.427016099500957758e-01 3.739913940429687500e+00
2.580000000000000000e+02 4.455349633617832622e-02 9.426694288409386280e-01 3.740276575088500977e+00
2.590000000000000000e+02 4.454740447307911633e-02 9.436511289785068923e-01 3.740444898605346680e+00
2.600000000000000000e+02 4.360084087658747803e-02 9.409504399660522100e-01 3.740498542785644531e+00
2.610000000000000000e+02 4.313952361693995652e-02 9.409422577220449835e-01 3.739842891693115234e+00
2.620000000000000000e+02 4.486555634834163420e-02 9.418819093513410845e-01 3.740809440612792969e+00
2.630000000000000000e+02 4.551437899507555784e-02 9.424160655906581585e-01 3.740926504135131836e+00
2.640000000000000000e+02 4.310708721513713954e-02 9.398642169643257605e-01 3.740146875381469727e+00
2.650000000000000000e+02 4.364833205870886218e-02 9.412399543107589084e-01 3.740042448043823242e+00
2.660000000000000000e+02 4.397669955260853636e-02 9.420164610450522114e-01 3.740036964416503906e+00
2.670000000000000000e+02 4.576323696941760749e-02 9.423446741883257927e-01 3.741414546966552734e+00
2.680000000000000000e+02 4.467367891113281642e-02 9.429337555160467454e-01 3.741292476654052734e+00
2.690000000000000000e+02 4.283865309820741180e-02 9.448232522912947129e-01 3.740622043609619141e+00
2.700000000000000000e+02 4.607972096498835074e-02 9.459872774418900399e-01 3.739608049392700195e+00
2.710000000000000000e+02 4.514136832971749058e-02 9.447881251797415336e-01 3.741062879562377930e+00
2.720000000000000000e+02 4.600663222815019188e-02 9.427000418450335317e-01 3.739799022674560547e+00
2.730000000000000000e+02 4.519088378890702418e-02 9.400201331407137539e-01 3.739341497421264648e+00
2.740000000000000000e+02 4.483317752514590776e-02 9.427302566033928244e-01 3.739197969436645508e+00
2.750000000000000000e+02 4.344650424586984916e-02 9.444747500467579604e-01 3.739873409271240234e+00
2.760000000000000000e+02 4.469732430096772652e-02 9.454108001589608401e-01 3.740555047988891602e+00
2.770000000000000000e+02 4.496680027769264093e-02 9.427888110411567490e-01 3.740381956100463867e+00
2.780000000000000000e+02 4.394986765735780371e-02 9.412930333052773602e-01 3.740475416183471680e+00
2.790000000000000000e+02 4.367482663049234576e-02 9.425604107027624190e-01 3.739871501922607422e+00
2.800000000000000000e+02 4.512616478056880737e-02 9.417395300492130694e-01 3.740520477294921875e+00
2.810000000000000000e+02 4.375524374391544929e-02 9.421395700864407807e-01 3.741808414459228516e+00
2.820000000000000000e+02 4.519945363058822108e-02 9.426245173911450559e-01 3.741754055023193359e+00
2.830000000000000000e+02 4.662979046414156281e-02 9.425202362265931999e-01 3.741995096206665039e+00
2.840000000000000000e+02 4.424867009355056002e-02 9.436628986954357368e-01 3.740977048873901367e+00
2.850000000000000000e+02 4.469460696631142455e-02 9.429814662253571678e-01 3.741801023483276367e+00
2.860000000000000000e+02 4.337902850350563305e-02 9.438545626868198868e-01 3.741310596466064453e+00
2.870000000000000000e+02 4.786154251470015747e-02 9.420231446108038309e-01 3.740539073944091797e+00
2.880000000000000000e+02 4.366640152374561684e-02 9.424660082609315204e-01 3.740317106246948242e+00
2.890000000000000000e+02 4.505695861799505209e-02 9.442669805233089297e-01 3.740266561508178711e+00
2.900000000000000000e+02 4.221659457253056080e-02 9.432178013772012370e-01 3.741097450256347656e+00
2.910000000000000000e+02 4.299886749620582954e-02 9.435791661323846835e-01 3.741322994232177734e+00
2.920000000000000000e+02 4.522010495427489923e-02 9.429826903078728506e-01 3.741313457489013672e+00
2.930000000000000000e+02 4.569969997143825957e-02 9.432157938996369451e-01 3.741250514984130859e+00
2.940000000000000000e+02 4.439823213507309435e-02 9.415786025873532639e-01 3.740674972534179688e+00
2.950000000000000000e+02 4.485020083246402806e-02 9.426170108530967928e-01 3.741549968719482422e+00
2.960000000000000000e+02 4.398794552762696347e-02 9.426688054441166864e-01 3.741273403167724609e+00
2.970000000000000000e+02 4.341724334759451687e-02 9.452532352515503611e-01 3.740186452865600586e+00
2.980000000000000000e+02 4.495804885861962724e-02 9.434146062528973031e-01 3.740370035171508789e+00
2.990000000000000000e+02 4.448361155246767507e-02 9.421211598868073356e-01 3.740859508514404297e+00
3.000000000000000000e+02 4.720815446499745938e-02 9.430707911374676122e-01 3.740405559539794922e+00
3.010000000000000000e+02 4.740163192000720199e-02 9.410616701615640567e-01 3.740149974822998047e+00
3.020000000000000000e+02 4.690418212067502118e-02 9.413240198865402419e-01 3.740257024765014648e+00
3.030000000000000000e+02 4.617098267918431920e-02 9.428284107198284802e-01 3.739731073379516602e+00
3.040000000000000000e+02 4.470948527298506531e-02 9.447339908364205119e-01 3.740441083908081055e+00
3.050000000000000000e+02 4.669211333560396859e-02 9.435956194282462128e-01 3.741955518722534180e+00
3.060000000000000000e+02 4.685238126901138112e-02 9.432547621464060228e-01 3.742123603820800781e+00
3.070000000000000000e+02 4.539227161018837692e-02 9.433126511073921527e-01 3.741523504257202148e+00
3.080000000000000000e+02 4.443994005437720135e-02 9.438504835909374835e-01 3.742234468460083008e+00
3.090000000000000000e+02 4.567624516024866577e-02 9.425586129748690922e-01 3.741814374923706055e+00
3.100000000000000000e+02 4.443247633791971157e-02 9.436337742890044122e-01 3.742151021957397461e+00
3.110000000000000000e+02 4.502067112631327750e-02 9.435948556194109216e-01 3.742161035537719727e+00
3.120000000000000000e+02 4.473261263686214434e-02 9.440933094478843879e-01 3.740718603134155273e+00
3.130000000000000000e+02 4.447648335597479546e-02 9.443084578035033649e-01 3.741182565689086914e+00
3.140000000000000000e+02 4.351848224505109469e-02 9.413876726952060681e-01 3.741846561431884766e+00
3.150000000000000000e+02 4.445303815769260924e-02 9.436058281736950937e-01 3.741681575775146484e+00
3.160000000000000000e+02 4.422465181632803666e-02 9.427672788015657446e-01 3.740619421005249023e+00
3.170000000000000000e+02 4.523929392927226317e-02 9.442604040398108189e-01 3.741143465042114258e+00
3.180000000000000000e+02 4.756949804620286965e-02 9.458433716480825204e-01 3.740092515945434570e+00
3.190000000000000000e+02 4.537560827380866108e-02 9.449379391716288268e-01 3.740222930908203125e+00
3.200000000000000000e+02 4.486756959295448710e-02 9.443496096414475405e-01 3.740078926086425781e+00
3.210000000000000000e+02 4.566246140695218864e-02 9.407102402273266328e-01 3.739954471588134766e+00
3.220000000000000000e+02 4.640613781368712470e-02 9.417121424700686250e-01 3.739679098129272461e+00
3.230000000000000000e+02 4.686546016607229248e-02 9.421420020292710085e-01 3.738650560379028320e+00
3.240000000000000000e+02 4.564439704220867727e-02 9.448353396090434231e-01 3.738698482513427734e+00
3.250000000000000000e+02 4.492483481844228993e-02 9.450442069855889970e-01 3.739893436431884766e+00
3.260000000000000000e+02 4.416273711716783151e-02 9.457875175128338530e-01 3.741400480270385742e+00
3.270000000000000000e+02 4.452714563239543177e-02 9.451419471518902604e-01 3.741822957992553711e+00
3.280000000000000000e+02 4.483987151105461866e-02 9.462351450632263683e-01 3.742225885391235352e+00
3.290000000000000000e+02 4.580024944365472528e-02 9.438413085378216660e-01 3.741635560989379883e+00
3.300000000000000000e+02 4.634294793854102507e-02 9.427834518526467811e-01 3.741662025451660156e+00
3.310000000000000000e+02 4.552495436212052743e-02 9.434444521521653249e-01 3.740720510482788086e+00
3.320000000000000000e+02 4.672671764689661361e-02 9.424409443128759500e-01 3.740413427352905273e+00
3.330000000000000000e+02 4.656021161445179218e-02 9.445448461624075254e-01 3.740917444229125977e+00
3.340000000000000000e+02 4.367940965648144103e-02 9.428587435990778420e-01 3.742633104324340820e+00
3.350000000000000000e+02 4.469239991822430286e-02 9.422427158255237689e-01 3.741835594177246094e+00
3.360000000000000000e+02 4.387091006554862810e-02 9.410649348363818723e-01 3.740487098693847656e+00
3.370000000000000000e+02 4.574931249856598742e-02 9.394752085063677871e-01 3.740706443786621094e+00
3.380000000000000000e+02 4.443376997514980609e-02 9.430319366485151455e-01 3.741265535354614258e+00
3.390000000000000000e+02 4.616339703859727306e-02 9.425913706127347913e-01 3.740700006484985352e+00
3.400000000000000000e+02 4.520269750329311553e-02 9.443977691735164770e-01 3.740751981735229492e+00
3.410000000000000000e+02 4.428547939531798233e-02 9.435167163109962063e-01 3.739471435546875000e+00
3.420000000000000000e+02 4.527248991704443254e-02 9.434543575224481060e-01 3.739857912063598633e+00
3.430000000000000000e+02 4.550828734088451649e-02 9.415337105569144827e-01 3.740464925765991211e+00
3.440000000000000000e+02 4.440544987125620569e-02 9.435404316852081807e-01 3.740074396133422852e+00
3.450000000000000000e+02 4.676069928892853667e-02 9.434190409852599712e-01 3.740082025527954102e+00
3.460000000000000000e+02 4.425674885594880342e-02 9.426478254008398006e-01 3.739866018295288086e+00
3.470000000000000000e+02 4.329923598415113400e-02 9.435030068356856647e-01 3.739771604537963867e+00
3.480000000000000000e+02 4.537646934189672882e-02 9.427412549917156825e-01 3.738883972167968750e+00
3.490000000000000000e+02 4.526309012817383154e-02 9.407359380286417494e-01 3.739724397659301758e+00
3.500000000000000000e+02 4.646308025288159449e-02 9.401528900002014133e-01 3.741440057754516602e+00
3.510000000000000000e+02 4.513595911057480953e-02 9.422769106501726055e-01 3.741400003433227539e+00
3.520000000000000000e+02 4.666525461815333731e-02 9.407622306629974673e-01 3.741978406906127930e+00
3.530000000000000000e+02 4.569979633576829597e-02 9.426747858838284699e-01 3.742011547088623047e+00
3.540000000000000000e+02 4.458747656524438691e-02 9.432831822818598111e-01 3.741631507873535156e+00
3.550000000000000000e+02 4.421199127913332666e-02 9.447425585148282456e-01 3.742339372634887695e+00
3.560000000000000000e+02 4.430657508598892513e-02 9.456668473547906739e-01 3.743163108825683594e+00
3.570000000000000000e+02 4.454304261552435862e-02 9.441835712191164465e-01 3.743721961975097656e+00
3.580000000000000000e+02 4.470638863255870649e-02 9.445332404971549245e-01 3.743440389633178711e+00
3.590000000000000000e+02 4.580163078732728960e-02 9.452716744362972268e-01 3.743908405303955078e+00
3.600000000000000000e+02 4.444905361428508339e-02 9.455709863692678407e-01 3.744854927062988281e+00
3.610000000000000000e+02 4.546327777751438953e-02 9.467275910025279018e-01 3.742761373519897461e+00
3.620000000000000000e+02 4.478903971719832428e-02 9.444477739989163290e-01 3.742683410644531250e+00
3.630000000000000000e+02 4.592115667097520365e-02 9.440829499559239002e-01 3.742959976196289062e+00
3.640000000000000000e+02 4.582739445446273874e-02 9.445537327987105769e-01 3.742109060287475586e+00
3.650000000000000000e+02 4.388830379329276138e-02 9.425687863734356631e-01 3.742631912231445312e+00
3.660000000000000000e+02 4.556816100036543971e-02 9.445102336140013266e-01 3.742511510848999023e+00
3.670000000000000000e+02 4.547211667687940662e-02 9.440329165669569811e-01 3.741874933242797852e+00
3.680000000000000000e+02 4.659016987228510598e-02 9.450006211382306898e-01 3.741790056228637695e+00
3.690000000000000000e+02 4.418521194853456541e-02 9.429532057558464020e-01 3.742353439331054688e+00
3.700000000000000000e+02 4.515961408257280346e-02 9.436808436290674562e-01 3.742076396942138672e+00
3.710000000000000000e+02 4.551160132225363225e-02 9.405925624998793255e-01 3.739996433258056641e+00
3.720000000000000000e+02 4.345886823148295552e-02 9.424640183737728050e-01 3.739639043807983398e+00
3.730000000000000000e+02 4.381276803956581783e-02 9.438268955291596596e-01 3.738885402679443359e+00
3.740000000000000000e+02 4.578438879756726448e-02 9.425311719537601274e-01 3.740568399429321289e+00
3.750000000000000000e+02 4.573316718706479933e-02 9.404860656260918272e-01 3.740561008453369141e+00
3.760000000000000000e+02 4.573619676550186308e-02 9.426803774524437074e-01 3.742181062698364258e+00
3.770000000000000000e+02 4.588034258346827127e-02 9.430972824472253491e-01 3.742553949356079102e+00
3.780000000000000000e+02 4.521066119099100000e-02 9.460206583081893772e-01 3.743283987045288086e+00
3.790000000000000000e+02 4.588746318738179397e-02 9.445504372359184719e-01 3.743740081787109375e+00
3.800000000000000000e+02 4.408051598310623598e-02 9.446116635978882847e-01 3.743904590606689453e+00
3.810000000000000000e+02 4.623113116517899024e-02 9.465188576546424981e-01 3.743355512619018555e+00
3.820000000000000000e+02 4.496986752972749468e-02 9.421436030695112818e-01 3.744000911712646484e+00
3.830000000000000000e+02 4.621515625654494530e-02 9.430118274210212981e-01 3.744143009185791016e+00
3.840000000000000000e+02 4.500771941785015190e-02 9.450355127964242818e-01 3.744335412979125977e+00
3.850000000000000000e+02 4.620811072773983036e-02 9.455916991426823737e-01 3.745236396789550781e+00
3.860000000000000000e+02 4.425932262184451710e-02 9.466200411483560728e-01 3.745341062545776367e+00
3.870000000000000000e+02 4.429737484401686382e-02 9.441425950553862245e-01 3.744363546371459961e+00
3.880000000000000000e+02 4.403020321985326446e-02 9.417025788522939145e-01 3.742774963378906250e+00
3.890000000000000000e+02 4.449946193330361899e-02 9.419571031148674667e-01 3.741511583328247070e+00
3.900000000000000000e+02 4.388702994488426212e-02 9.410493026018218465e-01 3.741869449615478516e+00
3.910000000000000000e+02 4.729382817935586653e-02 9.429629808194589513e-01 3.741647005081176758e+00
3.920000000000000000e+02 4.579674386335463865e-02 9.416313713573253308e-01 3.742143392562866211e+00
3.930000000000000000e+02 4.700931678817792808e-02 9.423842737590824026e-01 3.741733551025390625e+00
3.940000000000000000e+02 4.596378394001245093e-02 9.434483765727927906e-01 3.741338491439819336e+00
3.950000000000000000e+02 4.758513040790041809e-02 9.438020119195625890e-01 3.740470886230468750e+00
3.960000000000000000e+02 4.694634202995327105e-02 9.425641649085958473e-01 3.740963935852050781e+00
3.970000000000000000e+02 4.658305835183194910e-02 9.413370428174819837e-01 3.739084005355834961e+00
3.980000000000000000e+02 4.269657450264871534e-02 9.416951342367277933e-01 3.739543437957763672e+00
