0.000000000000000000e+00 1.774901059252734226e-01 0.000000000000000000e+00 2.990285873413085938e+00
1.000000000000000000e+00 4.014734868295843917e-01 0.000000000000000000e+00 3.137551546096801758e+00
2.000000000000000000e+00 5.671999628160694362e-01 0.000000000000000000e+00 3.234308481216430664e+00
3.000000000000000000e+00 6.625077501824102599e-01 0.000000000000000000e+00 3.297487974166870117e+00
4.000000000000000000e+00 7.209789423481594017e-01 0.000000000000000000e+00 3.340522050857543945e+00
5.000000000000000000e+00 7.534210348330349083e-01 0.000000000000000000e+00 3.369632482528686523e+00
6.000000000000000000e+00 7.781027229569866810e-01 0.000000000000000000e+00 3.388710498809814453e+00
7.000000000000000000e+00 7.916175175270494524e-01 0.000000000000000000e+00 3.401953935623168945e+00
8.000000000000000000e+00 7.972505341740578899e-01 0.000000000000000000e+00 3.410053014755249023e+00
9.000000000000000000e+00 8.060272403911918904e-01 0.000000000000000000e+00 3.415023565292358398e+00
1.000000000000000000e+01 8.104769207302966461e-01 0.000000000000000000e+00 3.419836044311523438e+00
1.100000000000000000e+01 8.130562673512292671e-01 0.000000000000000000e+00 3.423194408416748047e+00
1.200000000000000000e+01 8.188905299873810995e-01 0.000000000000000000e+00 3.426472425460815430e+00
1.300000000000000000e+01 8.204874996293692879e-01 0.000000000000000000e+00 3.427376508712768555e+00
1.400000000000000000e+01 8.171333983441807503e-01 0.000000000000000000e+00 3.429050922393798828e+00
1.500000000000000000e+01 8.231477116232686075e-01 0.000000000000000000e+00 3.429142475128173828e+00
1.600000000000000000e+01 8.242506511388045798e-01 0.000000000000000000e+00 3.431149959564208984e+00
1.700000000000000000e+01 8.268013290953049044e-01 0.000000000000000000e+00 3.431246519088745117e+00
1.800000000000000000e+01 8.289260614036952912e-01 0.000000000000000000e+00 3.430923938751220703e+00
1.900000000000000000e+01 8.276308462785894049e-01 0.000000000000000000e+00 3.431118488311767578e+00
2.000000000000000000e+01 8.254451383296430578e-01 0.000000000000000000e+00 3.431242465972900391e+00
2.100000000000000000e+01 8.207108512157247349e-01 0.000000000000000000e+00 3.432724952697753906e+00
2.200000000000000000e+01 8.237783839014297671e-01 0.000000000000000000e+00 3.430723428726196289e+00
2.300000000000000000e+01 8.238318345044338686e-01 0.000000000000000000e+00 3.430944442749023438e+00
2.400000000000000000e+01 8.201282907766359598e-01 0.000000000000000000e+00 3.429934978485107422e+00
2.500000000000000000e+01 8.228335221450219228e-01 0.000000000000000000e+00 3.430919408798217773e+00
2.600000000000000000e+01 8.262800548947728529e-01 0.000000000000000000e+00 3.430739879608154297e+00
2.700000000000000000e+01 8.220565335283392949e-01 0.000000000000000000e+00 3.431385517120361328e+00
2.800000000000000000e+01 8.197716618251896792e-01 0.000000000000000000e+00 3.431862592697143555e+00
2.900000000000000000e+01 8.225827864738793904e-01 0.000000000000000000e+00 3.431041479110717773e+00
3.000000000000000000e+01 8.191799236259482697e-01 0.000000000000000000e+00 3.431597948074340820e+00
3.100000000000000000e+01 8.261982827119533912e-01 0.000000000000000000e+00 3.431404590606689453e+00
3.200000000000000000e+01 8.240552288276020709e-01 0.000000000000000000e+00 3.432963609695434570e+00
3.300000000000000000e+01 8.220016749280589785e-01 0.000000000000000000e+00 3.432506084442138672e+00
3.400000000000000000e+01 8.227100258706955271e-01 0.000000000000000000e+00 3.432581424713134766e+00
3.500000000000000000e+01 8.238987656695659911e-01 0.000000000000000000e+00 3.431442975997924805e+00
3.600000000000000000e+01 8.220143794759627864e-01 0.000000000000000000e+00 3.430803060531616211e+00
3.700000000000000000e+01 8.195074690944376128e-01 0.000000000000000000e+00 3.430451393127441406e+00
3.800000000000000000e+01 8.202511801530921742e-01 0.000000000000000000e+00 3.430479526519775391e+00
3.900000000000000000e+01 8.210231719694720542e-01 0.000000000000000000e+00 3.430506467819213867e+00
4.000000000000000000e+01 8.236325432058372309e-01 0.000000000000000000e+00 3.430208921432495117e+00
4.100000000000000000e+01 8.214334498621957970e-01 0.000000000000000000e+00 3.431801557540893555e+00
4.200000000000000000e+01 8.205868415294521601e-01 0.000000000000000000e+00 3.429522514343261719e+00
4.300000000000000000e+01 8.239471200969218367e-01 0.000000000000000000e+00 3.429202556610107422e+00
4.400000000000000000e+01 8.185781792146633595e-01 0.000000000000000000e+00 3.431155920028686523e+00
4.500000000000000000e+01 8.201238037257939650e-01 0.000000000000000000e+00 3.430416584014892578e+00
4.600000000000000000e+01 8.223967730390441266e-01 0.000000000000000000e+00 3.430766582489013672e+00
4.700000000000000000e+01 8.224439588960792413e-01 0.000000000000000000e+00 3.430763483047485352e+00
4.800000000000000000e+01 8.214704344591593488e-01 0.000000000000000000e+00 3.431260108947753906e+00
4.900000000000000000e+01 8.247397414978006047e-01 0.000000000000000000e+00 3.432067394256591797e+00
5.000000000000000000e+01 8.173602393668764066e-01 0.000000000000000000e+00 3.432657957077026367e+00
5.100000000000000000e+01 8.224266469387154777e-01 0.000000000000000000e+00 3.430984497070312500e+00
5.200000000000000000e+01 8.251878154809595411e-01 0.000000000000000000e+00 3.431737422943115234e+00
5.300000000000000000e+01 8.238556951143954921e-01 0.000000000000000000e+00 3.432075023651123047e+00
5.400000000000000000e+01 8.259259605430178119e-01 0.000000000000000000e+00 3.430106878280639648e+00
5.500000000000000000e+01 8.247543106647041711e-01 0.000000000000000000e+00 3.432187557220458984e+00
5.600000000000000000e+01 8.186732922140222968e-01 0.000000000000000000e+00 3.431161880493164062e+00
5.700000000000000000e+01 8.201675016088871839e-01 0.000000000000000000e+00 3.429218530654907227e+00
5.800000000000000000e+01 8.208356183578683352e-01 0.000000000000000000e+00 3.430681943893432617e+00
5.900000000000000000e+01 8.197629706385335391e-01 0.000000000000000000e+00 3.428961038589477539e+00
6.000000000000000000e+01 8.203004035306404873e-01 0.000000000000000000e+00 3.429066896438598633e+00
6.100000000000000000e+01 8.235602920688223083e-01 0.000000000000000000e+00 3.429594039916992188e+00
6.200000000000000000e+01 8.236466931550350257e-01 0.000000000000000000e+00 3.431170463562011719e+00
6.300000000000000000e+01 8.230616412019498007e-01 0.000000000000000000e+00 3.431690931320190430e+00
6.400000000000000000e+01 8.204065546196416259e-01 0.000000000000000000e+00 3.431049108505249023e+00
6.500000000000000000e+01 8.224045951428238244e-01 0.000000000000000000e+00 3.430977106094360352e+00
6.600000000000000000e+01 8.243398483313159053e-01 0.000000000000000000e+00 3.431397438049316406e+00
6.700000000000000000e+01 8.196109682308002631e-01 0.000000000000000000e+00 3.431088924407958984e+00
6.800000000000000000e+01 8.222429000047254410e-01 0.000000000000000000e+00 3.430270433425903320e+00
6.900000000000000000e+01 8.239121817645168599e-01 0.000000000000000000e+00 3.431504487991333008e+00
7.000000000000000000e+01 8.235501860055822743e-01 0.000000000000000000e+00 3.431537389755249023e+00
7.100000000000000000e+01 8.226861072427072985e-01 0.000000000000000000e+00 3.431045055389404297e+00
7.200000000000000000e+01 8.257935786407986090e-01 0.000000000000000000e+00 3.430646419525146484e+00
7.300000000000000000e+01 8.181192692326475502e-01 0.000000000000000000e+00 3.431208610534667969e+00
7.400000000000000000e+01 8.173396543962310190e-01 0.000000000000000000e+00 3.431489944458007812e+00
7.500000000000000000e+01 8.161940519926210724e-01 0.000000000000000000e+00 3.430788516998291016e+00
7.600000000000000000e+01 8.191325367671872248e-01 0.000000000000000000e+00 3.429744005203247070e+00
7.700000000000000000e+01 8.177698216554150079e-01 0.000000000000000000e+00 3.431031465530395508e+00
7.800000000000000000e+01 8.222227375415991357e-01 0.000000000000000000e+00 3.429962396621704102e+00
7.900000000000000000e+01 8.212020476680883529e-01 0.000000000000000000e+00 3.430700540542602539e+00
8.000000000000000000e+01 8.225688294172581738e-01 0.000000000000000000e+00 3.431015491485595703e+00
8.100000000000000000e+01 8.183740487379157491e-01 0.000000000000000000e+00 3.431003093719482422e+00
8.200000000000000000e+01 8.199570815150658554e-01 0.000000000000000000e+00 3.431276082992553711e+00
8.300000000000000000e+01 8.239705716239851263e-01 0.000000000000000000e+00 3.430872440338134766e+00
8.400000000000000000e+01 8.199838699360226801e-01 0.000000000000000000e+00 3.431022882461547852e+00
8.500000000000000000e+01 8.195087618847419764e-01 0.000000000000000000e+00 3.429991006851196289e+00
8.600000000000000000e+01 8.208113572988187112e-01 0.000000000000000000e+00 3.429917097091674805e+00
8.700000000000000000e+01 8.202162809906945462e-01 0.000000000000000000e+00 3.429693460464477539e+00
8.800000000000000000e+01 8.160476659309874314e-01 0.000000000000000000e+00 3.429642915725708008e+00
8.900000000000000000e+01 8.186147374227407125e-01 0.000000000000000000e+00 3.428635597229003906e+00
9.000000000000000000e+01 8.148173847971257322e-01 0.000000000000000000e+00 3.429017066955566406e+00
9.100000000000000000e+01 8.161618283938173457e-01 0.000000000000000000e+00 3.429265022277832031e+00
9.200000000000000000e+01 8.204116539973913547e-01 0.000000000000000000e+00 3.429732561111450195e+00
9.300000000000000000e+01 8.232512369059150625e-01 0.000000000000000000e+00 3.430729389190673828e+00
9.400000000000000000e+01 8.220676049601839397e-01 0.000000000000000000e+00 3.431092500686645508e+00
9.500000000000000000e+01 8.206381066073931141e-01 0.000000000000000000e+00 3.430572509765625000e+00
9.600000000000000000e+01 8.221889538894903149e-01 0.000000000000000000e+00 3.430970907211303711e+00
9.700000000000000000e+01 8.228488680885260864e-01 0.000000000000000000e+00 3.430688381195068359e+00
9.800000000000000000e+01 8.232752489369896676e-01 0.000000000000000000e+00 3.431325912475585938e+00
9.900000000000000000e+01 8.270804162548546223e-01 0.000000000000000000e+00 3.431525945663452148e+00
1.000000000000000000e+02 8.263382680459989693e-01 0.000000000000000000e+00 3.432257413864135742e+00
1.010000000000000000e+02 8.240373852157769630e-01 0.000000000000000000e+00 3.431859493255615234e+00
1.020000000000000000e+02 8.250095698250112797e-01 0.000000000000000000e+00 3.431991577148437500e+00
1.030000000000000000e+02 8.240501769985739688e-01 0.000000000000000000e+00 3.432426452636718750e+00
1.040000000000000000e+02 8.215710580971948840e-01 0.000000000000000000e+00 3.432663917541503906e+00
1.050000000000000000e+02 8.226144941164450497e-01 0.000000000000000000e+00 3.430990934371948242e+00
1.060000000000000000e+02 8.241822633847778468e-01 0.000000000000000000e+00 3.431310415267944336e+00
1.070000000000000000e+02 8.193943939548985478e-01 0.000000000000000000e+00 3.431123018264770508e+00
1.080000000000000000e+02 8.230649621794886572e-01 0.000000000000000000e+00 3.430919885635375977e+00
1.090000000000000000e+02 8.185280345952845593e-01 0.000000000000000000e+00 3.431070566177368164e+00
1.100000000000000000e+02 8.197528229851750448e-01 0.000000000000000000e+00 3.430042982101440430e+00
1.110000000000000000e+02 8.173745777711689531e-01 0.000000000000000000e+00 3.429656982421875000e+00
1.120000000000000000e+02 8.203152459511843242e-01 0.000000000000000000e+00 3.429955005645751953e+00
1.130000000000000000e+02 8.237279275802826817e-01 0.000000000000000000e+00 3.432713031768798828e+00
1.140000000000000000e+02 8.235838638835581982e-01 0.000000000000000000e+00 3.431854486465454102e+00
1.150000000000000000e+02 8.248836674479721465e-01 0.000000000000000000e+00 3.432034969329833984e+00
1.160000000000000000e+02 8.247976226406986688e-01 0.000000000000000000e+00 3.432072877883911133e+00
1.170000000000000000e+02 8.256175629267055172e-01 0.000000000000000000e+00 3.432560920715332031e+00
1.180000000000000000e+02 8.240600497313612660e-01 0.000000000000000000e+00 3.431313037872314453e+00
1.190000000000000000e+02 8.185757332471371717e-01 0.000000000000000000e+00 3.431520462036132812e+00
1.200000000000000000e+02 8.175662648440353841e-01 0.000000000000000000e+00 3.430222034454345703e+00
1.210000000000000000e+02 8.202408993097416445e-01 0.000000000000000000e+00 3.430330514907836914e+00
1.220000000000000000e+02 8.253269772825653217e-01 0.000000000000000000e+00 3.431168556213378906e+00
1.230000000000000000e+02 8.264615677451606635e-01 0.000000000000000000e+00 3.431928873062133789e+00
1.240000000000000000e+02 8.211869801509283917e-01 0.000000000000000000e+00 3.430228471755981445e+00
1.250000000000000000e+02 8.164226720920391145e-01 0.000000000000000000e+00 3.429421424865722656e+00
1.260000000000000000e+02 8.208099770661948513e-01 0.000000000000000000e+00 3.429851531982421875e+00
1.270000000000000000e+02 8.198004132224441243e-01 0.000000000000000000e+00 3.430883407592773438e+00
1.280000000000000000e+02 8.193284057126924980e-01 0.000000000000000000e+00 3.430576086044311523e+00
1.290000000000000000e+02 8.254122636670440105e-01 0.000000000000000000e+00 3.430681943893432617e+00
1.300000000000000000e+02 8.223883861789319516e-01 0.000000000000000000e+00 3.431102514266967773e+00
1.310000000000000000e+02 8.233621487407356554e-01 0.000000000000000000e+00 3.430923461914062500e+00
1.320000000000000000e+02 8.214862730129107726e-01 0.000000000000000000e+00 3.431790590286254883e+00
1.330000000000000000e+02 8.260237769247963380e-01 0.000000000000000000e+00 3.432650566101074219e+00
1.340000000000000000e+02 8.238271070383879069e-01 0.000000000000000000e+00 3.432981014251708984e+00
1.350000000000000000e+02 8.214585936300901059e-01 0.000000000000000000e+00 3.431612968444824219e+00
1.360000000000000000e+02 8.214593541866488380e-01 0.000000000000000000e+00 3.430364608764648438e+00
1.370000000000000000e+02 8.221506261314743824e-01 0.000000000000000000e+00 3.432242393493652344e+00
1.380000000000000000e+02 8.209339705711706792e-01 0.000000000000000000e+00 3.432110548019409180e+00
1.390000000000000000e+02 8.229767319408997084e-01 0.000000000000000000e+00 3.431891918182373047e+00
1.400000000000000000e+02 8.240757160255396396e-01 0.000000000000000000e+00 3.431480407714843750e+00
1.410000000000000000e+02 8.251838435886292844e-01 0.000000000000000000e+00 3.431588888168334961e+00
1.420000000000000000e+02 8.189826111502688244e-01 0.000000000000000000e+00 3.430660486221313477e+00
1.430000000000000000e+02 8.194902213391034307e-01 0.000000000000000000e+00 3.429485082626342773e+00
1.440000000000000000e+02 8.160435015812630422e-01 0.000000000000000000e+00 3.429147481918334961e+00
1.450000000000000000e+02 8.201807401279670451e-01 0.000000000000000000e+00 3.428286075592041016e+00
1.460000000000000000e+02 8.237927697826097351e-01 0.000000000000000000e+00 3.428062915802001953e+00
1.470000000000000000e+02 8.255984812041603504e-01 0.000000000000000000e+00 3.429678916931152344e+00
1.480000000000000000e+02 8.234788730844568860e-01 0.000000000000000000e+00 3.431603431701660156e+00
1.490000000000000000e+02 8.187319502795453730e-01 0.000000000000000000e+00 3.430250883102416992e+00
1.500000000000000000e+02 8.192467486974053248e-01 0.000000000000000000e+00 3.430751562118530273e+00
1.510000000000000000e+02 8.225457803688253078e-01 0.000000000000000000e+00 3.431092977523803711e+00
1.520000000000000000e+02 8.182973151154012692e-01 0.000000000000000000e+00 3.430412530899047852e+00
1.530000000000000000e+02 8.200794424025342755e-01 0.000000000000000000e+00 3.429706096649169922e+00
1.540000000000000000e+02 8.181855830713146149e-01 0.000000000000000000e+00 3.429826021194458008e+00
1.550000000000000000e+02 8.238062175301731349e-01 0.000000000000000000e+00 3.430329561233520508e+00
1.560000000000000000e+02 8.268841516511187262e-01 0.000000000000000000e+00 3.431337594985961914e+00
1.570000000000000000e+02 8.261718465867279315e-01 0.000000000000000000e+00 3.431983470916748047e+00
1.580000000000000000e+02 8.229147637997209497e-01 0.000000000000000000e+00 3.431359529495239258e+00
1.590000000000000000e+02 8.232076781582807756e-01 0.000000000000000000e+00 3.430663585662841797e+00
1.600000000000000000e+02 8.218998358851717922e-01 0.000000000000000000e+00 3.430074453353881836e+00
1.610000000000000000e+02 8.202735301080562591e-01 0.000000000000000000e+00 3.429776906967163086e+00
1.620000000000000000e+02 8.195402007598845406e-01 0.000000000000000000e+00 3.427982568740844727e+00
1.630000000000000000e+02 8.191272512535834327e-01 0.000000000000000000e+00 3.429065465927124023e+00
1.640000000000000000e+02 8.233944066227835146e-01 0.000000000000000000e+00 3.429501056671142578e+00
1.650000000000000000e+02 8.186255853714723418e-01 0.000000000000000000e+00 3.428870916366577148e+00
1.660000000000000000e+02 8.234483788006609073e-01 0.000000000000000000e+00 3.429787397384643555e+00
1.670000000000000000e+02 8.236543659591695210e-01 0.000000000000000000e+00 3.430401563644409180e+00
1.680000000000000000e+02 8.159622924969021085e-01 0.000000000000000000e+00 3.430718421936035156e+00
1.690000000000000000e+02 8.211296750232481845e-01 0.000000000000000000e+00 3.428694486618041992e+00
1.700000000000000000e+02 8.257060287450253000e-01 0.000000000000000000e+00 3.429334878921508789e+00
1.710000000000000000e+02 8.186968366530916752e-01 0.000000000000000000e+00 3.430376052856445312e+00
1.720000000000000000e+02 8.193478065647719077e-01 0.000000000000000000e+00 3.429264545440673828e+00
1.730000000000000000e+02 8.210129654714897196e-01 0.000000000000000000e+00 3.429113388061523438e+00
1.740000000000000000e+02 8.230536284820542114e-01 0.000000000000000000e+00 3.429972887039184570e+00
1.750000000000000000e+02 8.216643371225886838e-01 0.000000000000000000e+00 3.430052042007446289e+00
1.760000000000000000e+02 8.234656305235881213e-01 0.000000000000000000e+00 3.429064035415649414e+00
1.770000000000000000e+02 8.220792210040147596e-01 0.000000000000000000e+00 3.429926395416259766e+00
1.780000000000000000e+02 8.200810427045116535e-01 0.000000000000000000e+00 3.429644584655761719e+00
1.790000000000000000e+02 8.217399993753928822e-01 0.000000000000000000e+00 3.429719448089599609e+00
1.800000000000000000e+02 8.217789543202844715e-01 0.000000000000000000e+00 3.428736925125122070e+00
1.810000000000000000e+02 8.225339562466031929e-01 0.000000000000000000e+00 3.428751468658447266e+00
1.820000000000000000e+02 8.222103269725038466e-01 0.000000000000000000e+00 3.430880546569824219e+00
1.830000000000000000e+02 8.204361788220663199e-01 0.000000000000000000e+00 3.430222988128662109e+00
1.840000000000000000e+02 8.191383617033808351e-01 0.000000000000000000e+00 3.430548906326293945e+00
1.850000000000000000e+02 8.216820725079541088e-01 0.000000000000000000e+00 3.430835962295532227e+00
1.860000000000000000e+02 8.229840342915116791e-01 0.000000000000000000e+00 3.432029962539672852e+00
1.870000000000000000e+02 8.248930536051057860e-01 0.000000000000000000e+00 3.431894540786743164e+00
1.880000000000000000e+02 8.205980849378992081e-01 0.000000000000000000e+00 3.431202411651611328e+00
1.890000000000000000e+02 8.217497783939501366e-01 0.000000000000000000e+00 3.430867910385131836e+00
1.900000000000000000e+02 8.210887979735063125e-01 0.000000000000000000e+00 3.430761098861694336e+00
1.910000000000000000e+02 8.215525710687228145e-01 0.000000000000000000e+00 3.429368495941162109e+00
1.920000000000000000e+02 8.172592237202386256e-01 0.000000000000000000e+00 3.429441928863525391e+00
1.930000000000000000e+02 8.192652677739398204e-01 0.000000000000000000e+00 3.428845405578613281e+00
1.940000000000000000e+02 8.182969736480653067e-01 0.000000000000000000e+00 3.429874897003173828e+00
1.950000000000000000e+02 8.216125880828086814e-01 0.000000000000000000e+00 3.430667877197265625e+00
1.960000000000000000e+02 8.228883308667329644e-01 0.000000000000000000e+00 3.429890394210815430e+00
1.970000000000000000e+02 8.227293321186303077e-01 0.000000000000000000e+00 3.430583477020263672e+00
1.980000000000000000e+02 8.202333292941669241e-01 0.000000000000000000e+00 3.431159973144531250e+00
1.990000000000000000e+02 8.187343303273364459e-01 0.000000000000000000e+00 3.431679964065551758e+00
2.000000000000000000e+02 5.995050549837835918e-01 1.799770195634847747e-01 2.981002092361450195e+00
2.010000000000000000e+02 3.732487534175952804e-01 4.045139059350917332e-01 3.126950502395629883e+00
2.020000000000000000e+02 2.236950928639509784e-01 5.636162286988596337e-01 3.221937417984008789e+00
2.030000000000000000e+02 1.337228378522810901e-01 6.587336981507686540e-01 3.285474538803100586e+00
2.040000000000000000e+02 8.740999750304484506e-02 7.174820258197289746e-01 3.327967405319213867e+00
2.050000000000000000e+02 6.359425517851623189e-02 7.540329300761042797e-01 3.356245040893554688e+00
2.060000000000000000e+02 4.769846613285132902e-02 7.773998510356093794e-01 3.375012397766113281e+00
2.070000000000000000e+02 4.243972452704068699e-02 7.886196206942144293e-01 3.389029026031494141e+00
2.080000000000000000e+02 3.870780982941568471e-02 8.013399783597672243e-01 3.397108554840087891e+00
2.090000000000000000e+02 3.489617714827261685e-02 8.115432641734151575e-01 3.405043601989746094e+00
2.100000000000000000e+02 3.493068900774308483e-02 8.178129770862079262e-01 3.409470558166503906e+00
2.110000000000000000e+02 3.387146593698240477e-02 8.207885121869640255e-01 3.413006067276000977e+00
2.120000000000000000e+02 3.306940678627755259e-02 8.199819414662412598e-01 3.415402412414550781e+00
2.130000000000000000e+02 3.252119126004180544e-02 8.209512414045184725e-01 3.416005373001098633e+00
2.140000000000000000e+02 3.290629449966929465e-02 8.205347124287368787e-01 3.416970491409301758e+00
2.150000000000000000e+02 3.204758997528215497e-02 8.207233494512918837e-01 3.418051481246948242e+00
2.160000000000000000e+02 3.443817364384824109e-02 8.211798540270331959e-01 3.419468402862548828e+00
2.170000000000000000e+02 3.390391919175485269e-02 8.227286588496621755e-01 3.419308423995971680e+00
2.180000000000000000e+02 3.229399126060111119e-02 8.185886480303458113e-01 3.419671535491943359e+00
2.190000000000000000e+02 3.300550421476112356e-02 8.216862936775065629e-01 3.419296979904174805e+00
2.200000000000000000e+02 3.339268587674008859e-02 8.245765674849486748e-01 3.419907569885253906e+00
2.210000000000000000e+02 3.189912463162561385e-02 8.243293959306444707e-01 3.419483423233032227e+00
2.220000000000000000e+02 3.452895815295126819e-02 8.288967122361573514e-01 3.418763875961303711e+00
2.230000000000000000e+02 3.404379755794738338e-02 8.237649931086450383e-01 3.418582439422607422e+00
2.240000000000000000e+02 3.301433485760629089e-02 8.236543628634798164e-01 3.419053554534912109e+00
2.250000000000000000e+02 3.303775290013982041e-02 8.253086269252010165e-01 3.418443918228149414e+00
2.260000000000000000e+02 3.284986940520983473e-02 8.209981882964078048e-01 3.419013023376464844e+00
2.270000000000000000e+02 3.358357849207149054e-02 8.219856131820253431e-01 3.420376539230346680e+00
2.280000000000000000e+02 3.354795289131912855e-02 8.230883301958467069e-01 3.419825553894042969e+00
2.290000000000000000e+02 3.226351677993322120e-02 8.288763541063286500e-01 3.419725894927978516e+00
2.300000000000000000e+02 3.266818816255501190e-02 8.222222103187802889e-01 3.419271945953369141e+00
2.310000000000000000e+02 3.193148316887688826e-02 8.257232633629325580e-01 3.418272972106933594e+00
2.320000000000000000e+02 3.363423023887945201e-02 8.232202405345575569e-01 3.418232917785644531e+00
2.330000000000000000e+02 3.358749698608158585e-02 8.222222846407882813e-01 3.417197942733764648e+00
2.340000000000000000e+02 3.280246336055483297e-02 8.194587293956634433e-01 3.418174505233764648e+00
2.350000000000000000e+02 3.311979896767619502e-02 8.208700774614221540e-01 3.417615413665771484e+00
2.360000000000000000e+02 3.317564691671576887e-02 8.216949160743762803e-01 3.417375087738037109e+00
2.370000000000000000e+02 3.158650090002140115e-02 8.243133935855870842e-01 3.417475461959838867e+00
2.380000000000000000e+02 3.174418460790187635e-02 8.190394266570810711e-01 3.417761087417602539e+00
2.390000000000000000e+02 3.160524302640644462e-02 8.209731387908135725e-01 3.416180372238159180e+00
2.400000000000000000e+02 3.386125722440228719e-02 8.233531318958492440e-01 3.417973518371582031e+00
2.410000000000000000e+02 3.300591656472460361e-02 8.221306681053252019e-01 3.417366981506347656e+00
2.420000000000000000e+02 3.256880428313444625e-02 8.250778590870733176e-01 3.416991949081420898e+00
2.430000000000000000e+02 3.278445148896281386e-02 8.242492454202292596e-01 3.419218540191650391e+00
2.440000000000000000e+02 3.363310346288494318e-02 8.216348912781551439e-01 3.418560028076171875e+00
2.450000000000000000e+02 3.284148312846230794e-02 8.206043368697613083e-01 3.418540000915527344e+00
2.460000000000000000e+02 3.352491080804231860e-02 8.232527393806586824e-01 3.418313503265380859e+00
2.470000000000000000e+02 3.300087367879234179e-02 8.249443599866629340e-01 3.417742967605590820e+00
2.480000000000000000e+02 3.334354971389006522e-02 8.224816971465620519e-01 3.417309999465942383e+00
2.490000000000000000e+02 3.286350525155837254e-02 8.246620248910122575e-01 3.416984081268310547e+00
2.500000000000000000e+02 3.237136536177710744e-02 8.245581758534427097e-01 3.416525602340698242e+00
2.510000000000000000e+02 3.330633872348159191e-02 8.237506786364163780e-01 3.417203426361083984e+00
2.520000000000000000e+02 3.288716147238372745e-02 8.261097873041705064e-01 3.417103528976440430e+00
2.530000000000000000e+02 3.394041959183442814e-02 8.221759129446517544e-01 3.417812585830688477e+00
2.540000000000000000e+02 3.436233619638854458e-02 8.218147972774385579e-01 3.417526006698608398e+00
2.550000000000000000e+02 3.303284547011410555e-02 8.237703213964285842e-01 3.417968988418579102e+00
2.560000000000000000e+02 3.178030979545170415e-02 8.257373931246262400e-01 3.419100522994995117e+00
2.570000000000000000e+02 3.302003446153470995e-02 8.255960783370577261e-01 3.419044017791748047e+00
2.580000000000000000e+02 3.341530878180021952e-02 8.235905139789898577e-01 3.418313503265380859e+00
2.590000000000000000e+02 3.362661827544267956e-02 8.230140310342978216e-01 3.416748523712158203e+00
2.600000000000000000e+02 3.268440969620994146e-02 8.248378070676974927e-01 3.415113449096679688e+00
2.610000000000000000e+02 3.172073073208131477e-02 8.241479916587336474e-01 3.417467594146728516e+00
2.620000000000000000e+02 3.381541811978443918e-02 8.250524358128072944e-01 3.418407440185546875e+00
2.630000000000000000e+02 3.365663230984201199e-02 8.222882120288143026e-01 3.417639970779418945e+00
2.640000000000000000e+02 3.530643669352639957e-02 8.185903678261189365e-01 3.416240453720092773e+00
2.650000000000000000e+02 3.250118623743566970e-02 8.229909721697158398e-01 3.415174007415771484e+00
2.660000000000000000e+02 3.327962315473425442e-02 8.224873628760601685e-01 3.415513992309570312e+00
2.670000000000000000e+02 3.286061093378285503e-02 8.295774083106912666e-01 3.416059494018554688e+00
2.680000000000000000e+02 3.200139655702199243e-02 8.262119768057093472e-01 3.418915510177612305e+00
2.690000000000000000e+02 3.402792363525034003e-02 8.241397529840451819e-01 3.418354988098144531e+00
2.700000000000000000e+02 3.396763779914625109e-02 8.254663920628824147e-01 3.418776035308837891e+00
2.710000000000000000e+02 3.346286211539662575e-02 8.244724738066456782e-01 3.417933464050292969e+00
2.720000000000000000e+02 3.297585045213228400e-02 8.265500550114230904e-01 3.416902542114257812e+00
2.730000000000000000e+02 3.265011520804369377e-02 8.212964581466734026e-01 3.417558908462524414e+00
2.740000000000000000e+02 3.438388844720178389e-02 8.197725483937490232e-01 3.417012453079223633e+00
2.750000000000000000e+02 3.301812421701562361e-02 8.221532942303132474e-01 3.416516065597534180e+00
2.760000000000000000e+02 3.280400588456586219e-02 8.227138728168034154e-01 3.417458057403564453e+00
2.770000000000000000e+02 3.262958529182904965e-02 8.227512709574712479e-01 3.417378902435302734e+00
2.780000000000000000e+02 3.283745946664326509e-02 8.225354268916799105e-01 3.416907548904418945e+00
2.790000000000000000e+02 3.385619675185024685e-02 8.205945223384332188e-01 3.416105508804321289e+00
2.800000000000000000e+02 3.342332367408742261e-02 8.223691869604893290e-01 3.415625572204589844e+00
2.810000000000000000e+02 3.428752035514764929e-02 8.246263593805792658e-01 3.418127059936523438e+00
2.820000000000000000e+02 3.304201747959698010e-02 8.236321404707669380e-01 3.419841051101684570e+00
2.830000000000000000e+02 3.248983225186627410e-02 8.236398744126379734e-01 3.419493913650512695e+00
2.840000000000000000e+02 3.307470395927316481e-02 8.252713398561937197e-01 3.418694496154785156e+00
2.850000000000000000e+02 3.425099407488581271e-02 8.233112593567095683e-01 3.418917894363403320e+00
2.860000000000000000e+02 3.421410436228285168e-02 8.255963607969232232e-01 3.418272972106933594e+00
2.870000000000000000e+02 3.238893795370462181e-02 8.243502612658616391e-01 3.418589591979980469e+00
2.880000000000000000e+02 3.109344350806628882e-02 8.230667403539080329e-01 3.417776107788085938e+00
2.890000000000000000e+02 3.269392801637929780e-02 8.213623890262029548e-01 3.416202545166015625e+00
2.900000000000000000e+02 3.259380372063958725e-02 8.233874910080243303e-01 3.416671037673950195e+00
2.910000000000000000e+02 3.241998637341070300e-02 8.257419805656873724e-01 3.416292428970336914e+00
2.920000000000000000e+02 3.474649050670849254e-02 8.239965040216750136e-01 3.416377067565917969e+00
2.930000000000000000e+02 3.265032750329351086e-02 8.238175497108352063e-01 3.416332006454467773e+00
2.940000000000000000e+02 3.232812978975736079e-02 8.240561057933417644e-01 3.417125940322875977e+00
2.950000000000000000e+02 3.458604128543810163e-02 8.256721943348213077e-01 3.417254447937011719e+00
2.960000000000000000e+02 3.311727897918415736e-02 8.278266672396719095e-01 3.418258428573608398e+00
2.970000000000000000e+02 3.253200135936682585e-02 8.285545768708008074e-01 3.418801069259643555e+00
2.980000000000000000e+02 3.268964929246301332e-02 8.292377683440398384e-01 3.420058012008666992e+00
2.990000000000000000e+02 3.382976883645956445e-02 8.284051044467151126e-01 3.420087099075317383e+00
3.000000000000000000e+02 3.227730278878294945e-02 8.291671921206499318e-01 3.420404434204101562e+00
3.010000000000000000e+02 3.373725170261725192e-02 8.226673198397235209e-01 3.419755935668945312e+00
3.020000000000000000e+02 3.359994254916561646e-02 8.273547879807240379e-01 3.419412374496459961e+00
3.030000000000000000e+02 3.296712222185234353e-02 8.250460698393109471e-01 3.418699026107788086e+00
3.040000000000000000e+02 3.335618700106326301e-02 8.212941111987460685e-01 3.418646097183227539e+00
3.050000000000000000e+02 3.354386670755345190e-02 8.232030141927078049e-01 3.418284416198730469e+00
3.060000000000000000e+02 3.392566170153634569e-02 8.281182503174141507e-01 3.419366598129272461e+00
3.070000000000000000e+02 3.352590499945385522e-02 8.294390903042355712e-01 3.420908927917480469e+00
3.080000000000000000e+02 3.474968255634591774e-02 8.252272025192147753e-01 3.419357538223266602e+00
3.090000000000000000e+02 3.124428427198092800e-02 8.269500340206483724e-01 3.418723106384277344e+00
3.100000000000000000e+02 3.275189936239068789e-02 8.255895972437142794e-01 3.418757438659667969e+00
3.110000000000000000e+02 3.096002222713721899e-02 8.247764674082062042e-01 3.419587373733520508e+00
3.120000000000000000e+02 3.439504579208604862e-02 8.274551648615282584e-01 3.419261455535888672e+00
3.130000000000000000e+02 3.351693935741400371e-02 8.296727902796843246e-01 3.420052528381347656e+00
3.140000000000000000e+02 3.433908942171261247e-02 8.270869733283062741e-01 3.419352531433105469e+00
3.150000000000000000e+02 3.270954525116510914e-02 8.263729457161406167e-01 3.418385505676269531e+00
3.160000000000000000e+02 3.273306555866390549e-02 8.250303166304500113e-01 3.418292999267578125e+00
3.170000000000000000e+02 3.250965018156080216e-02 8.288123993658681465e-01 3.417289018630981445e+00
3.180000000000000000e+02 3.342712591284728585e-02 8.270900043088692533e-01 3.418453931808471680e+00
3.190000000000000000e+02 3.359155186075637317e-02 8.247212146043372272e-01 3.418790578842163086e+00
3.200000000000000000e+02 3.125800779247889238e-02 8.288100664359083769e-01 3.417803525924682617e+00
3.210000000000000000e+02 3.403263205109927081e-02 8.259510443835228477e-01 3.418984413146972656e+00
3.220000000000000000e+02 3.304087767238086254e-02 8.208243179812514390e-01 3.419131517410278320e+00
3.230000000000000000e+02 3.367860289697800769e-02 8.232481875200395871e-01 3.418435573577880859e+00
3.240000000000000000e+02 3.150794222814455592e-02 8.207623630885375610e-01 3.419420480728149414e+00
3.250000000000000000e+02 3.351192924935680884e-02 8.229992925555870142e-01 3.419409036636352539e+00
3.260000000000000000e+02 3.345385515493808776e-02 8.230592440936570497e-01 3.419754505157470703e+00
3.270000000000000000e+02 3.331066821542352091e-02 8.239620298540950571e-01 3.418961524963378906e+00
3.280000000000000000e+02 3.418797152010275703e-02 8.279727672794288118e-01 3.418203592300415039e+00
3.290000000000000000e+02 3.399775752242624460e-02 8.269948212893342143e-01 3.419137001037597656e+00
3.300000000000000000e+02 3.188528158369748067e-02 8.261215936920108804e-01 3.419919967651367188e+00
3.310000000000000000e+02 3.336391068585822794e-02 8.263422912704595502e-01 3.420162439346313477e+00
3.320000000000000000e+02 3.343990669114392522e-02 8.247632040308869872e-01 3.420353889465332031e+00
3.330000000000000000e+02 3.334170719056826077e-02 8.245289754788485137e-01 3.420319080352783203e+00
3.340000000000000000e+02 3.366269119110622959e-02 8.241317655646335227e-01 3.420804977416992188e+00
3.350000000000000000e+02 3.287514963087769665e-02 8.268059714963107432e-01 3.419415950775146484e+00
3.360000000000000000e+02 3.345300670361881640e-02 8.297006595725329170e-01 3.419213056564331055e+00
3.370000000000000000e+02 3.325762385731531601e-02 8.271232252296228937e-01 3.419663906097412109e+00
3.380000000000000000e+02 3.403190864781257402e-02 8.282958809341269824e-01 3.419376373291015625e+00
3.390000000000000000e+02 3.221788641912257112e-02 8.249308017824145134e-01 3.419041395187377930e+00
3.400000000000000000e+02 3.237634638299943107e-02 8.284807144740596874e-01 3.417835474014282227e+00
3.410000000000000000e+02 3.264572095934859669e-02 8.235693986631843488e-01 3.419583082199096680e+00
3.420000000000000000e+02 3.389969040910043030e-02 8.207717895176410705e-01 3.418124437332153320e+00
3.430000000000000000e+02 3.306106115946508966e-02 8.205385929174382476e-01 3.417867898941040039e+00
3.440000000000000000e+02 3.383242408185293398e-02 8.213747207053612165e-01 3.417026042938232422e+00
3.450000000000000000e+02 3.209880967419546927e-02 8.231549022576176711e-01 3.417804002761840820e+00
3.460000000000000000e+02 3.392093317275992476e-02 8.226529702761831153e-01 3.418979406356811523e+00
3.470000000000000000e+02 3.354937277211676033e-02 8.231687230687476653e-01 3.418490409851074219e+00
3.480000000000000000e+02 3.346210029316830370e-02 8.255865305797877030e-01 3.418435096740722656e+00
3.490000000000000000e+02 3.278426335194317698e-02 8.243847021491632621e-01 3.418742418289184570e+00
3.500000000000000000e+02 3.213028640334082003e-02 8.197393149631966303e-01 3.419229507446289062e+00
3.510000000000000000e+02 3.364115589086875274e-02 8.222965016399635951e-01 3.418622970581054688e+00
3.520000000000000000e+02 3.166015277434496011e-02 8.221986551788995623e-01 3.419161081314086914e+00
3.530000000000000000e+02 3.367835500991894077e-02 8.217950262950749485e-01 3.418147087097167969e+00
3.540000000000000000e+02 3.333109590141318523e-02 8.236331318288749870e-01 3.418097972869873047e+00
3.550000000000000000e+02 3.362757419681720872e-02 8.230171310346370284e-01 3.418493509292602539e+00
3.560000000000000000e+02 3.566061099819352320e-02 8.256612798028459821e-01 3.416857957839965820e+00
3.570000000000000000e+02 3.375082141289562077e-02 8.243307843329092943e-01 3.417993545532226562e+00
3.580000000000000000e+02 3.364907961526295010e-02 8.270967315810638931e-01 3.417603015899658203e+00
3.590000000000000000e+02 3.283410982570064002e-02 8.260413063024578673e-01 3.419378995895385742e+00
3.600000000000000000e+02 3.391042300893150341e-02 8.250351340181181214e-01 3.418760538101196289e+00
3.610000000000000000e+02 3.368512385273510906e-02 8.263535959474370696e-01 3.419352054595947266e+00
3.620000000000000000e+02 3.339321973729694748e-02 8.261459966775479558e-01 3.418064594268798828e+00
3.630000000000000000e+02 3.333514344264593143e-02 8.266892418607646453e-01 3.418164491653442383e+00
3.640000000000000000e+02 3.538437942684747456e-02 8.283936225644218387e-01 3.417510986328125000e+00
3.650000000000000000e+02 3.345094794474635924e-02 8.246991635433823520e-01 3.417005062103271484e+00
3.660000000000000000e+02 3.455128162107788670e-02 8.244025388414444322e-01 3.415167093276977539e+00
3.670000000000000000e+02 3.056334870440094442e-02 8.256530365264308502e-01 3.416320085525512695e+00
3.680000000000000000e+02 3.269126630846212744e-02 8.210097166802402535e-01 3.417664051055908203e+00
3.690000000000000000e+02 3.263640689403215361e-02 8.267531966038090818e-01 3.418128967285156250e+00
3.700000000000000000e+02 3.390881812946579255e-02 8.206064659791968419e-01 3.417531490325927734e+00
3.710000000000000000e+02 3.273998075907282729e-02 8.225913174476476852e-01 3.416706085205078125e+00
3.720000000000000000e+02 3.205554938703303325e-02 8.232753430757755453e-01 3.417165040969848633e+00
3.730000000000000000e+02 3.280812456698208729e-02 8.212673472432910904e-01 3.418152570724487305e+00
3.740000000000000000e+02 3.223968345835240279e-02 8.220657656185860196e-01 3.418175458908081055e+00
3.750000000000000000e+02 3.332079834754444331e-02 8.241325105382306671e-01 3.417176961898803711e+00
3.760000000000000000e+02 3.317087090962021756e-02 8.278087335204452613e-01 3.417550563812255859e+00
3.770000000000000000e+02 3.410575280801054349e-02 8.270443046660848063e-01 3.417453050613403320e+00
3.780000000000000000e+02 3.361107329133866672e-02 8.240737841319472068e-01 3.417144536972045898e+00
3.790000000000000000e+02 3.211672708075227756e-02 8.204476475783454292e-01 3.417024374008178711e+00
3.800000000000000000e+02 3.307349370285815604e-02 8.230009971661067514e-01 3.416373014450073242e+00
3.810000000000000000e+02 3.214805254317171929e-02 8.210450574328729267e-01 3.417019605636596680e+00
3.820000000000000000e+02 3.329098189787414036e-02 8.247558875826705993e-01 3.416537046432495117e+00
3.830000000000000000e+02 3.373811189162283231e-02 8.279420885603665514e-01 3.417806386947631836e+00
3.840000000000000000e+02 3.496688157966194865e-02 8.251704751435881002e-01 3.419362068176269531e+00
3.850000000000000000e+02 3.145007835603692847e-02 8.216109392097570296e-01 3.417052030563354492e+00
3.860000000000000000e+02 3.316335221785349924e-02 8.221133423419516584e-01 3.415912389755249023e+00
3.870000000000000000e+02 3.549442429426547668e-02 8.242009610587448520e-01 3.416117429733276367e+00
3.880000000000000000e+02 3.215095603899018745e-02 8.288190406912268049e-01 3.417294025421142578e+00
3.890000000000000000e+02 3.322794255234381988e-02 8.280120661745600241e-01 3.417619466781616211e+00
3.900000000000000000e+02 3.281337093635578600e-02 8.228156024519915901e-01 3.418609380722045898e+00
3.910000000000000000e+02 3.369183238068911013e-02 8.237518163142345529e-01 3.418150901794433594e+00
3.920000000000000000e+02 3.490905254767370791e-02 8.237573500113745117e-01 3.418135881423950195e+00
3.930000000000000000e+02 3.459220077572047747e-02 8.230335505511551242e-01 3.418073415756225586e+00
3.940000000000000000e+02 3.245640853432821965e-02 8.220463400895057227e-01 3.417366504669189453e+00
3.950000000000000000e+02 3.461265419426742818e-02 8.261817738134569211e-01 3.416899442672729492e+00
3.960000000000000000e+02 3.320274024233584031e-02 8.233818731905911958e-01 3.418589591979980469e+00
3.970000000000000000e+02 3.192712121083807891e-02 8.264318449613018425e-01 3.418446540832519531e+00
3.980000000000000000e+02 3.364349254361376218e-02 8.283792855382218212e-01 3.418577909469604492e+00
