0.000000000000000000e+00 1.869015570393745829e-01 0.000000000000000000e+00 2.990664482116699219e+00
1.000000000000000000e+00 4.086536116204579350e-01 0.000000000000000000e+00 3.134364604949951172e+00
2.000000000000000000e+00 5.588641455818076365e-01 0.000000000000000000e+00 3.226146936416625977e+00
3.000000000000000000e+00 6.543178156476396889e-01 0.000000000000000000e+00 3.283515930175781250e+00
4.000000000000000000e+00 7.123395752118233393e-01 0.000000000000000000e+00 3.323666572570800781e+00
5.000000000000000000e+00 7.452429159863747099e-01 0.000000000000000000e+00 3.349432468414306641e+00
6.000000000000000000e+00 7.656557594247701548e-01 0.000000000000000000e+00 3.368098974227905273e+00
7.000000000000000000e+00 7.824844015181020573e-01 0.000000000000000000e+00 3.379886388778686523e+00
8.000000000000000000e+00 7.835931727741717312e-01 0.000000000000000000e+00 3.389058589935302734e+00
9.000000000000000000e+00 7.891979731246751006e-01 0.000000000000000000e+00 3.392555952072143555e+00
1.000000000000000000e+01 7.913706003276271828e-01 0.000000000000000000e+00 3.395435571670532227e+00
1.100000000000000000e+01 7.941920452395748731e-01 0.000000000000000000e+00 3.397485017776489258e+00
1.200000000000000000e+01 7.989478977718063035e-01 0.000000000000000000e+00 3.398936033248901367e+00
1.300000000000000000e+01 8.014658021096309204e-01 0.000000000000000000e+00 3.401303529739379883e+00
1.400000000000000000e+01 7.997403487869503280e-01 0.000000000000000000e+00 3.402280569076538086e+00
1.500000000000000000e+01 7.982133404448340519e-01 0.000000000000000000e+00 3.401777029037475586e+00
1.600000000000000000e+01 8.022922269170409404e-01 0.000000000000000000e+00 3.402014493942260742e+00
1.700000000000000000e+01 7.984267520687241548e-01 0.000000000000000000e+00 3.402538537979125977e+00
1.800000000000000000e+01 8.006740574550575973e-01 0.000000000000000000e+00 3.401893377304077148e+00
1.900000000000000000e+01 8.015573328537403119e-01 0.000000000000000000e+00 3.402648448944091797e+00
2.000000000000000000e+01 8.024903934815024176e-01 0.000000000000000000e+00 3.403409004211425781e+00
2.100000000000000000e+01 8.052044561857003568e-01 0.000000000000000000e+00 3.402924537658691406e+00
2.200000000000000000e+01 8.069638488598162018e-01 0.000000000000000000e+00 3.402473449707031250e+00
2.300000000000000000e+01 8.036991385276318622e-01 0.000000000000000000e+00 3.403421878814697266e+00
2.400000000000000000e+01 8.001401747961122135e-01 0.000000000000000000e+00 3.402591943740844727e+00
2.500000000000000000e+01 8.012998548501231166e-01 0.000000000000000000e+00 3.401315927505493164e+00
2.600000000000000000e+01 7.962416829057832324e-01 0.000000000000000000e+00 3.401681423187255859e+00
2.700000000000000000e+01 8.031994364580868906e-01 0.000000000000000000e+00 3.401457071304321289e+00
2.800000000000000000e+01 8.007743295515611370e-01 0.000000000000000000e+00 3.401520967483520508e+00
2.900000000000000000e+01 8.023457569924704602e-01 0.000000000000000000e+00 3.400916576385498047e+00
3.000000000000000000e+01 8.064514881451239070e-01 0.000000000000000000e+00 3.399924516677856445e+00
3.100000000000000000e+01 8.032558458757893538e-01 0.000000000000000000e+00 3.402324914932250977e+00
3.200000000000000000e+01 8.030027617060064848e-01 0.000000000000000000e+00 3.403276443481445312e+00
3.300000000000000000e+01 7.985270310435357288e-01 0.000000000000000000e+00 3.402643442153930664e+00
3.400000000000000000e+01 7.980784984220630207e-01 0.000000000000000000e+00 3.402081012725830078e+00
3.500000000000000000e+01 7.996198478388525377e-01 0.000000000000000000e+00 3.401458978652954102e+00
3.600000000000000000e+01 7.965313090820381747e-01 0.000000000000000000e+00 3.401588439941406250e+00
3.700000000000000000e+01 7.980848781322820162e-01 0.000000000000000000e+00 3.400499582290649414e+00
3.800000000000000000e+01 7.964812410892518901e-01 0.000000000000000000e+00 3.399251937866210938e+00
3.900000000000000000e+01 7.964923707833019284e-01 0.000000000000000000e+00 3.399089574813842773e+00
4.000000000000000000e+01 7.948122116731848319e-01 0.000000000000000000e+00 3.401243925094604492e+00
4.100000000000000000e+01 7.985409687207569718e-01 0.000000000000000000e+00 3.400882959365844727e+00
4.200000000000000000e+01 8.007118437216811380e-01 0.000000000000000000e+00 3.401735544204711914e+00
4.300000000000000000e+01 8.031091344654447406e-01 0.000000000000000000e+00 3.401711940765380859e+00
4.400000000000000000e+01 8.034601994000153402e-01 0.000000000000000000e+00 3.402518033981323242e+00
4.500000000000000000e+01 8.022464807573601586e-01 0.000000000000000000e+00 3.402904510498046875e+00
4.600000000000000000e+01 8.006915206082102499e-01 0.000000000000000000e+00 3.401396989822387695e+00
4.700000000000000000e+01 8.010147123346378351e-01 0.000000000000000000e+00 3.401088476181030273e+00
4.800000000000000000e+01 8.054366178107333907e-01 0.000000000000000000e+00 3.401442527770996094e+00
4.900000000000000000e+01 8.021021633942481133e-01 0.000000000000000000e+00 3.401942968368530273e+00
5.000000000000000000e+01 8.016023366871900535e-01 0.000000000000000000e+00 3.402678489685058594e+00
5.100000000000000000e+01 8.033895523192196020e-01 0.000000000000000000e+00 3.401907444000244141e+00
5.200000000000000000e+01 8.044526698326344150e-01 0.000000000000000000e+00 3.402147054672241211e+00
5.300000000000000000e+01 8.001941498980148504e-01 0.000000000000000000e+00 3.402556896209716797e+00
5.400000000000000000e+01 7.978891314102418697e-01 0.000000000000000000e+00 3.402274608612060547e+00
5.500000000000000000e+01 7.971066756289947319e-01 0.000000000000000000e+00 3.401939392089843750e+00
5.600000000000000000e+01 8.016157322157382303e-01 0.000000000000000000e+00 3.402985572814941406e+00
5.700000000000000000e+01 7.976480311315288230e-01 0.000000000000000000e+00 3.402575492858886719e+00
5.800000000000000000e+01 8.004945283630708897e-01 0.000000000000000000e+00 3.401644468307495117e+00
5.900000000000000000e+01 8.014061075710694482e-01 0.000000000000000000e+00 3.403062582015991211e+00
6.000000000000000000e+01 7.960252194188318642e-01 0.000000000000000000e+00 3.401535987854003906e+00
6.100000000000000000e+01 7.975671972885945982e-01 0.000000000000000000e+00 3.400003433227539062e+00
6.200000000000000000e+01 8.022309927230877324e-01 0.000000000000000000e+00 3.400645494461059570e+00
6.300000000000000000e+01 7.989909119075851995e-01 0.000000000000000000e+00 3.400273084640502930e+00
6.400000000000000000e+01 7.985940012149267409e-01 0.000000000000000000e+00 3.400078058242797852e+00
6.500000000000000000e+01 8.009736614741301830e-01 0.000000000000000000e+00 3.399515390396118164e+00
6.600000000000000000e+01 8.029310981624416810e-01 0.000000000000000000e+00 3.401022434234619141e+00
6.700000000000000000e+01 7.990386400319130500e-01 0.000000000000000000e+00 3.401057004928588867e+00
6.800000000000000000e+01 7.988579292750094263e-01 0.000000000000000000e+00 3.401502609252929688e+00
6.900000000000000000e+01 7.995493365697246002e-01 0.000000000000000000e+00 3.402538537979125977e+00
7.000000000000000000e+01 8.005001834246102677e-01 0.000000000000000000e+00 3.401976108551025391e+00
7.100000000000000000e+01 8.000250010117980759e-01 0.000000000000000000e+00 3.402314424514770508e+00
7.200000000000000000e+01 8.044822191360725405e-01 0.000000000000000000e+00 3.402671098709106445e+00
7.300000000000000000e+01 8.022156602849028761e-01 0.000000000000000000e+00 3.403680562973022461e+00
7.400000000000000000e+01 8.035442428637515899e-01 0.000000000000000000e+00 3.402899980545043945e+00
7.500000000000000000e+01 7.972495771231424833e-01 0.000000000000000000e+00 3.403731584548950195e+00
7.600000000000000000e+01 7.999828343194453906e-01 0.000000000000000000e+00 3.402236938476562500e+00
7.700000000000000000e+01 7.956991183391226574e-01 0.000000000000000000e+00 3.402562379837036133e+00
7.800000000000000000e+01 7.991845961867553028e-01 0.000000000000000000e+00 3.401061058044433594e+00
7.900000000000000000e+01 7.989564190241833508e-01 0.000000000000000000e+00 3.401779413223266602e+00
8.000000000000000000e+01 8.038386114727085197e-01 0.000000000000000000e+00 3.401747465133666992e+00
8.100000000000000000e+01 8.000841411481436349e-01 0.000000000000000000e+00 3.402832984924316406e+00
8.200000000000000000e+01 7.996988974783861837e-01 0.000000000000000000e+00 3.402469396591186523e+00
8.300000000000000000e+01 7.977452843805964422e-01 0.000000000000000000e+00 3.402443885803222656e+00
8.400000000000000000e+01 7.954755498664604074e-01 0.000000000000000000e+00 3.402221918106079102e+00
8.500000000000000000e+01 8.001820855571670776e-01 0.000000000000000000e+00 3.400563955307006836e+00
8.600000000000000000e+01 8.019206293157843390e-01 0.000000000000000000e+00 3.402275562286376953e+00
8.700000000000000000e+01 8.010915498637740662e-01 0.000000000000000000e+00 3.401307582855224609e+00
8.800000000000000000e+01 7.987794319772342222e-01 0.000000000000000000e+00 3.400120496749877930e+00
8.900000000000000000e+01 7.996288304643333067e-01 0.000000000000000000e+00 3.400693893432617188e+00
9.000000000000000000e+01 7.995896978911894992e-01 0.000000000000000000e+00 3.401129007339477539e+00
9.100000000000000000e+01 7.980091342991536552e-01 0.000000000000000000e+00 3.400698423385620117e+00
9.200000000000000000e+01 8.013822175905305212e-01 0.000000000000000000e+00 3.400619983673095703e+00
9.300000000000000000e+01 7.985335834617675044e-01 0.000000000000000000e+00 3.401433467864990234e+00
9.400000000000000000e+01 8.005826063333925102e-01 0.000000000000000000e+00 3.400517940521240234e+00
9.500000000000000000e+01 7.998758836614691115e-01 0.000000000000000000e+00 3.401300907135009766e+00
9.600000000000000000e+01 8.016095647268487445e-01 0.000000000000000000e+00 3.402469873428344727e+00
9.700000000000000000e+01 8.002535126436512991e-01 0.000000000000000000e+00 3.401568889617919922e+00
9.800000000000000000e+01 7.980752912220231421e-01 0.000000000000000000e+00 3.401510953903198242e+00
9.900000000000000000e+01 7.984335392300442313e-01 0.000000000000000000e+00 3.401861429214477539e+00
1.000000000000000000e+02 7.966160677697373682e-01 0.000000000000000000e+00 3.401701927185058594e+00
1.010000000000000000e+02 8.037202599115771395e-01 0.000000000000000000e+00 3.401716470718383789e+00
1.020000000000000000e+02 7.955978293302908844e-01 0.000000000000000000e+00 3.402061462402343750e+00
1.030000000000000000e+02 7.988713051039313395e-01 0.000000000000000000e+00 3.400198936462402344e+00
1.040000000000000000e+02 8.005666799594755023e-01 0.000000000000000000e+00 3.400708913803100586e+00
1.050000000000000000e+02 8.001155984401961963e-01 0.000000000000000000e+00 3.401962518692016602e+00
1.060000000000000000e+02 8.015406637402000545e-01 0.000000000000000000e+00 3.401740550994873047e+00
1.070000000000000000e+02 8.031155231107144354e-01 0.000000000000000000e+00 3.402027606964111328e+00
1.080000000000000000e+02 8.038242529189467689e-01 0.000000000000000000e+00 3.403290033340454102e+00
1.090000000000000000e+02 7.987233738596141164e-01 0.000000000000000000e+00 3.405247449874877930e+00
1.100000000000000000e+02 7.994692518994269692e-01 0.000000000000000000e+00 3.404460906982421875e+00
1.110000000000000000e+02 7.959351132447651800e-01 0.000000000000000000e+00 3.401319980621337891e+00
1.120000000000000000e+02 7.990975111725457936e-01 0.000000000000000000e+00 3.401098012924194336e+00
1.130000000000000000e+02 8.041643262485990151e-01 0.000000000000000000e+00 3.401829004287719727e+00
1.140000000000000000e+02 7.999637944407735901e-01 0.000000000000000000e+00 3.401542425155639648e+00
1.150000000000000000e+02 8.013334295728256063e-01 0.000000000000000000e+00 3.401829957962036133e+00
1.160000000000000000e+02 7.982191651355234896e-01 0.000000000000000000e+00 3.400915384292602539e+00
1.170000000000000000e+02 7.974285663633993160e-01 0.000000000000000000e+00 3.399362564086914062e+00
1.180000000000000000e+02 7.979737944938876115e-01 0.000000000000000000e+00 3.399688005447387695e+00
1.190000000000000000e+02 7.959323748548595701e-01 0.000000000000000000e+00 3.399698495864868164e+00
1.200000000000000000e+02 7.957984693399334786e-01 0.000000000000000000e+00 3.401115894317626953e+00
1.210000000000000000e+02 7.993532101995622918e-01 0.000000000000000000e+00 3.400939464569091797e+00
1.220000000000000000e+02 8.005578649469894392e-01 0.000000000000000000e+00 3.401586532592773438e+00
1.230000000000000000e+02 8.006624650389820852e-01 0.000000000000000000e+00 3.401394605636596680e+00
1.240000000000000000e+02 8.040507895626040069e-01 0.000000000000000000e+00 3.401691913604736328e+00
1.250000000000000000e+02 8.053549993676664132e-01 0.000000000000000000e+00 3.401972532272338867e+00
1.260000000000000000e+02 8.026653355500332765e-01 0.000000000000000000e+00 3.401992559432983398e+00
1.270000000000000000e+02 7.999309431277539240e-01 0.000000000000000000e+00 3.401553392410278320e+00
1.280000000000000000e+02 7.983856358283037968e-01 0.000000000000000000e+00 3.400393962860107422e+00
1.290000000000000000e+02 7.955149993037390344e-01 0.000000000000000000e+00 3.400779485702514648e+00
1.300000000000000000e+02 7.959063263715768777e-01 0.000000000000000000e+00 3.401118993759155273e+00
1.310000000000000000e+02 7.974542610241619478e-01 0.000000000000000000e+00 3.400822877883911133e+00
1.320000000000000000e+02 7.965650849483684182e-01 0.000000000000000000e+00 3.401333570480346680e+00
1.330000000000000000e+02 8.031760268147893900e-01 0.000000000000000000e+00 3.402040481567382812e+00
1.340000000000000000e+02 8.004724455971307107e-01 0.000000000000000000e+00 3.401186943054199219e+00
1.350000000000000000e+02 7.975161275497163471e-01 0.000000000000000000e+00 3.401227951049804688e+00
1.360000000000000000e+02 7.955531506645165951e-01 0.000000000000000000e+00 3.401122570037841797e+00
1.370000000000000000e+02 8.001105946200968155e-01 0.000000000000000000e+00 3.400697946548461914e+00
1.380000000000000000e+02 7.985503790713125438e-01 0.000000000000000000e+00 3.401346921920776367e+00
1.390000000000000000e+02 7.974715299997005014e-01 0.000000000000000000e+00 3.401000976562500000e+00
1.400000000000000000e+02 7.948797922704314844e-01 0.000000000000000000e+00 3.400289058685302734e+00
1.410000000000000000e+02 7.986331796886988466e-01 0.000000000000000000e+00 3.399089574813842773e+00
1.420000000000000000e+02 7.945714525543093876e-01 0.000000000000000000e+00 3.400507450103759766e+00
1.430000000000000000e+02 7.979519502441462242e-01 0.000000000000000000e+00 3.401477575302124023e+00
1.440000000000000000e+02 7.973760696999520059e-01 0.000000000000000000e+00 3.402407407760620117e+00
1.450000000000000000e+02 8.013333313682173831e-01 0.000000000000000000e+00 3.400768518447875977e+00
1.460000000000000000e+02 7.959288698941480167e-01 0.000000000000000000e+00 3.401833057403564453e+00
1.470000000000000000e+02 8.022745512051921990e-01 0.000000000000000000e+00 3.402141571044921875e+00
1.480000000000000000e+02 8.024551541869429094e-01 0.000000000000000000e+00 3.401376008987426758e+00
1.490000000000000000e+02 8.004291740610456340e-01 0.000000000000000000e+00 3.401898384094238281e+00
1.500000000000000000e+02 8.010105419384151437e-01 0.000000000000000000e+00 3.401766061782836914e+00
1.510000000000000000e+02 8.033274171613575820e-01 0.000000000000000000e+00 3.402419567108154297e+00
1.520000000000000000e+02 8.082309533838180071e-01 0.000000000000000000e+00 3.402503967285156250e+00
1.530000000000000000e+02 8.063577793464001831e-01 0.000000000000000000e+00 3.404312372207641602e+00
1.540000000000000000e+02 8.053527662488066952e-01 0.000000000000000000e+00 3.403827428817749023e+00
1.550000000000000000e+02 8.003130487000943427e-01 0.000000000000000000e+00 3.403153419494628906e+00
1.560000000000000000e+02 7.987957832042738016e-01 0.000000000000000000e+00 3.403023004531860352e+00
1.570000000000000000e+02 7.964943638306331009e-01 0.000000000000000000e+00 3.402368545532226562e+00
1.580000000000000000e+02 7.999721297975402878e-01 0.000000000000000000e+00 3.402040958404541016e+00
1.590000000000000000e+02 7.956242718755163201e-01 0.000000000000000000e+00 3.401918888092041016e+00
1.600000000000000000e+02 8.010279249905442045e-01 0.000000000000000000e+00 3.401526927947998047e+00
1.610000000000000000e+02 8.013007749293585835e-01 0.000000000000000000e+00 3.401778936386108398e+00
1.620000000000000000e+02 7.997706181207276943e-01 0.000000000000000000e+00 3.401590108871459961e+00
1.630000000000000000e+02 8.004092060442203893e-01 0.000000000000000000e+00 3.400749921798706055e+00
1.640000000000000000e+02 7.994960778933996037e-01 0.000000000000000000e+00 3.400742530822753906e+00
1.650000000000000000e+02 7.998601465245002151e-01 0.000000000000000000e+00 3.401288986206054688e+00
1.660000000000000000e+02 7.990962526979344949e-01 0.000000000000000000e+00 3.400820016860961914e+00
1.670000000000000000e+02 7.955877239133850587e-01 0.000000000000000000e+00 3.401027441024780273e+00
1.680000000000000000e+02 7.960469802906666725e-01 0.000000000000000000e+00 3.399607419967651367e+00
1.690000000000000000e+02 7.974224113054594332e-01 0.000000000000000000e+00 3.400087594985961914e+00
1.700000000000000000e+02 8.015513486579016744e-01 0.000000000000000000e+00 3.399939060211181641e+00
1.710000000000000000e+02 7.997061945431074292e-01 0.000000000000000000e+00 3.401396036148071289e+00
1.720000000000000000e+02 7.985354763023697622e-01 0.000000000000000000e+00 3.401739597320556641e+00
1.730000000000000000e+02 8.017064144010371818e-01 0.000000000000000000e+00 3.401818513870239258e+00
1.740000000000000000e+02 8.013813473277452415e-01 0.000000000000000000e+00 3.401998519897460938e+00
1.750000000000000000e+02 7.999106264964204183e-01 0.000000000000000000e+00 3.401406526565551758e+00
1.760000000000000000e+02 7.986536487958071362e-01 0.000000000000000000e+00 3.401177883148193359e+00
1.770000000000000000e+02 8.022109694271301050e-01 0.000000000000000000e+00 3.400826930999755859e+00
1.780000000000000000e+02 8.044846933698539537e-01 0.000000000000000000e+00 3.401696920394897461e+00
1.790000000000000000e+02 7.999331948985985985e-01 0.000000000000000000e+00 3.402264595031738281e+00
1.800000000000000000e+02 7.965241539485115041e-01 0.000000000000000000e+00 3.400879383087158203e+00
1.810000000000000000e+02 7.976082213950497213e-01 0.000000000000000000e+00 3.400083541870117188e+00
1.820000000000000000e+02 7.972119624293236839e-01 0.000000000000000000e+00 3.401647090911865234e+00
1.830000000000000000e+02 7.955032690100087844e-01 0.000000000000000000e+00 3.400173902511596680e+00
1.840000000000000000e+02 7.969079486780984434e-01 0.000000000000000000e+00 3.399033069610595703e+00
1.850000000000000000e+02 7.940454839237605089e-01 0.000000000000000000e+00 3.401062965393066406e+00
1.860000000000000000e+02 7.954507296566247776e-01 0.000000000000000000e+00 3.399801015853881836e+00
1.870000000000000000e+02 7.987356877742022299e-01 0.000000000000000000e+00 3.399314403533935547e+00
1.880000000000000000e+02 7.952159580256941140e-01 0.000000000000000000e+00 3.400664091110229492e+00
1.890000000000000000e+02 8.007630545919961484e-01 0.000000000000000000e+00 3.400252103805541992e+00
1.900000000000000000e+02 7.998419082575517480e-01 0.000000000000000000e+00 3.401772975921630859e+00
1.910000000000000000e+02 7.989331719263988996e-01 0.000000000000000000e+00 3.402136087417602539e+00
1.920000000000000000e+02 7.963936946428062935e-01 0.000000000000000000e+00 3.400645494461059570e+00
1.930000000000000000e+02 7.987974782421894959e-01 0.000000000000000000e+00 3.400522947311401367e+00
1.940000000000000000e+02 7.943962121370287122e-01 0.000000000000000000e+00 3.401418447494506836e+00
1.950000000000000000e+02 7.960678442272109967e-01 0.000000000000000000e+00 3.401046514511108398e+00
1.960000000000000000e+02 7.976610843870834966e-01 0.000000000000000000e+00 3.401866912841796875e+00
1.970000000000000000e+02 7.986007597601335606e-01 0.000000000000000000e+00 3.402309417724609375e+00
1.980000000000000000e+02 8.004170417531308868e-01 0.000000000000000000e+00 3.401168107986450195e+00
1.990000000000000000e+02 8.011423519643904312e-01 0.000000000000000000e+00 3.402179956436157227e+00
2.000000000000000000e+02 5.656288152486361742e-01 1.853232143132656495e-01 2.997025489807128906e+00
2.010000000000000000e+02 3.348005211788991908e-01 4.012539202155647189e-01 3.141069889068603516e+00
2.020000000000000000e+02 1.919015367969554575e-01 5.518451532689963024e-01 3.231353521347045898e+00
2.030000000000000000e+02 1.125657638703205510e-01 6.512547865994673391e-01 3.290596961975097656e+00
2.040000000000000000e+02 7.149549353333561896e-02 7.029766607390068867e-01 3.330437898635864258e+00
2.050000000000000000e+02 5.152005076729561373e-02 7.381099010598362042e-01 3.356631994247436523e+00
2.060000000000000000e+02 4.050806212781440235e-02 7.593569677568139387e-01 3.373576879501342773e+00
2.070000000000000000e+02 3.544272907282004781e-02 7.773754258988102572e-01 3.384977579116821289e+00
2.080000000000000000e+02 3.363618437264559446e-02 7.835991271481970166e-01 3.392781972885131836e+00
2.090000000000000000e+02 3.444280461650704728e-02 7.882418201248085898e-01 3.398086547851562500e+00
2.100000000000000000e+02 3.317147930366026731e-02 7.899529942958419815e-01 3.401103496551513672e+00
2.110000000000000000e+02 3.061361153122081971e-02 7.872981557084264281e-01 3.403737068176269531e+00
2.120000000000000000e+02 3.303546673629296354e-02 7.910212247136144681e-01 3.404990911483764648e+00
2.130000000000000000e+02 3.305731936693740575e-02 7.924738048153325831e-01 3.406898021697998047e+00
2.140000000000000000e+02 3.201447069653989841e-02 7.924985219480824572e-01 3.407942056655883789e+00
2.150000000000000000e+02 3.218251102641531830e-02 7.941910671107228481e-01 3.406781435012817383e+00
2.160000000000000000e+02 3.294699227257467250e-02 7.936753593123786477e-01 3.406615972518920898e+00
2.170000000000000000e+02 3.308956968053728548e-02 7.999967377586856276e-01 3.407464027404785156e+00
2.180000000000000000e+02 3.207805115895440151e-02 7.993413371120150490e-01 3.408793449401855469e+00
2.190000000000000000e+02 3.303257190437266372e-02 8.024221666825805954e-01 3.408704996109008789e+00
2.200000000000000000e+02 3.303005015087881469e-02 7.973541235596669496e-01 3.409244537353515625e+00
2.210000000000000000e+02 3.140679560469628040e-02 7.994018638551831923e-01 3.408428430557250977e+00
2.220000000000000000e+02 3.073686826075749251e-02 7.973863295491099290e-01 3.407861948013305664e+00
2.230000000000000000e+02 3.101337964933133240e-02 8.040426598376932965e-01 3.407767057418823242e+00
2.240000000000000000e+02 3.226757966504107539e-02 8.008105162880909678e-01 3.408070087432861328e+00
2.250000000000000000e+02 3.281254140258037938e-02 7.990325515545801949e-01 3.407430887222290039e+00
2.260000000000000000e+02 3.082511013816090217e-02 8.004665331609999157e-01 3.408243417739868164e+00
2.270000000000000000e+02 3.161520602401185487e-02 8.003765525527173352e-01 3.409276962280273438e+00
2.280000000000000000e+02 3.260228863854915116e-02 8.003847783777461311e-01 3.410427093505859375e+00
2.290000000000000000e+02 3.220334360914284960e-02 8.000762202077865703e-01 3.409294605255126953e+00
2.300000000000000000e+02 3.284140473866661858e-02 7.995540485398223707e-01 3.409519910812377930e+00
2.310000000000000000e+02 3.175222584090553468e-02 7.974888533224041565e-01 3.409054517745971680e+00
2.320000000000000000e+02 3.301066820175502931e-02 8.007410845556746093e-01 3.408554553985595703e+00
2.330000000000000000e+02 3.158045508974696020e-02 7.990345482123366594e-01 3.407815933227539062e+00
2.340000000000000000e+02 3.376858543744747782e-02 7.962823338013710339e-01 3.408962488174438477e+00
2.350000000000000000e+02 3.267976460465579075e-02 7.978247458102576406e-01 3.407886505126953125e+00
2.360000000000000000e+02 3.193137979426524664e-02 7.963909055404035930e-01 3.407360553741455078e+00
2.370000000000000000e+02 3.272563045605616366e-02 7.988749547475350044e-01 3.407120943069458008e+00
2.380000000000000000e+02 3.281938164723788992e-02 7.970355710956755768e-01 3.408137083053588867e+00
2.390000000000000000e+02 3.238660137501971070e-02 7.970237266438801038e-01 3.408744096755981445e+00
2.400000000000000000e+02 3.119301918436628851e-02 7.974893130455488199e-01 3.407466411590576172e+00
2.410000000000000000e+02 3.376288929206582023e-02 7.966246387318208777e-01 3.408643484115600586e+00
2.420000000000000000e+02 3.199246394110295821e-02 7.941650240277720041e-01 3.409062385559082031e+00
2.430000000000000000e+02 3.266200150541222896e-02 7.964330100643221000e-01 3.407262563705444336e+00
2.440000000000000000e+02 3.232936310528476687e-02 7.917814746255594782e-01 3.407804489135742188e+00
2.450000000000000000e+02 3.229069778312765315e-02 7.926070203874732156e-01 3.406029939651489258e+00
2.460000000000000000e+02 3.214934932247646981e-02 7.959212074883920129e-01 3.406496524810791016e+00
2.470000000000000000e+02 3.097015139117216195e-02 7.940285606306287658e-01 3.405766963958740234e+00
2.480000000000000000e+02 3.429845124283799340e-02 7.920379433044418827e-01 3.406929969787597656e+00
2.490000000000000000e+02 3.136358476040054105e-02 7.907442633027041978e-01 3.406462430953979492e+00
2.500000000000000000e+02 3.097678384264252946e-02 7.910033861676220024e-01 3.406699419021606445e+00
2.510000000000000000e+02 3.230729249091567751e-02 7.889263628047916699e-01 3.406140089035034180e+00
2.520000000000000000e+02 3.356785745040292979e-02 7.893691232011368353e-01 3.405550003051757812e+00
2.530000000000000000e+02 3.036074889595023404e-02 7.952696166249346721e-01 3.405485391616821289e+00
2.540000000000000000e+02 3.238345327834303566e-02 7.958310155393985008e-01 3.407193422317504883e+00
2.550000000000000000e+02 3.156951874926012397e-02 7.933179574681812340e-01 3.407520055770874023e+00
2.560000000000000000e+02 3.214111480866221199e-02 7.926219133702314679e-01 3.406281948089599609e+00
2.570000000000000000e+02 3.229607079909213585e-02 7.976869795116191542e-01 3.407416105270385742e+00
2.580000000000000000e+02 3.143983464216629914e-02 8.008374493264583949e-01 3.408864498138427734e+00
2.590000000000000000e+02 3.117364252407542335e-02 7.959239510996155564e-01 3.409502029418945312e+00
2.600000000000000000e+02 3.117714215360060589e-02 8.007820696438597841e-01 3.407748937606811523e+00
2.610000000000000000e+02 3.071027132805290161e-02 7.982989518704409759e-01 3.409882068634033203e+00
2.620000000000000000e+02 3.222961300285336755e-02 7.964558750403516463e-01 3.409438610076904297e+00
2.630000000000000000e+02 3.127866506198944546e-02 8.003897226724443481e-01 3.409709930419921875e+00
2.640000000000000000e+02 3.175089425745859784e-02 7.978098819727252877e-01 3.409409523010253906e+00
2.650000000000000000e+02 3.176130029865526644e-02 7.969870069320631467e-01 3.408097982406616211e+00
2.660000000000000000e+02 3.134506430823202905e-02 7.963024949527048868e-01 3.407064437866210938e+00
2.670000000000000000e+02 3.112398826961049539e-02 7.951995055351570585e-01 3.406244993209838867e+00
2.680000000000000000e+02 3.210770474121046186e-02 7.981701128879966634e-01 3.407938480377197266e+00
2.690000000000000000e+02 3.097197001756040596e-02 7.961730559885209502e-01 3.408680915832519531e+00
2.700000000000000000e+02 3.198907009211562902e-02 7.964071596338418990e-01 3.407488584518432617e+00
2.710000000000000000e+02 3.258665952132226012e-02 7.961630488100449599e-01 3.406845092773437500e+00
2.720000000000000000e+02 3.068815072089848411e-02 7.942152070747754422e-01 3.407606601715087891e+00
2.730000000000000000e+02 3.203043862713271517e-02 7.925273874796948670e-01 3.406692028045654297e+00
2.740000000000000000e+02 3.268846007148598631e-02 7.921927204389738186e-01 3.406207084655761719e+00
2.750000000000000000e+02 3.196079503963379642e-02 7.956774081020732137e-01 3.406339406967163086e+00
2.760000000000000000e+02 3.235859601585604206e-02 8.003390508692805883e-01 3.406393051147460938e+00
2.770000000000000000e+02 3.110117707336440551e-02 7.982760735456846390e-01 3.406851530075073242e+00
2.780000000000000000e+02 3.199047740557003916e-02 7.973393957380072727e-01 3.406883478164672852e+00
2.790000000000000000e+02 3.122052927100723435e-02 7.996687834850966237e-01 3.408579587936401367e+00
2.800000000000000000e+02 3.292929148446111648e-02 7.999727290863078988e-01 3.408827066421508789e+00
2.810000000000000000e+02 3.159274174708604638e-02 7.978613049177536443e-01 3.407994031906127930e+00
2.820000000000000000e+02 3.115162764132723555e-02 7.970620481956471881e-01 3.407063007354736328e+00
2.830000000000000000e+02 3.228446196868985096e-02 7.928321714241420848e-01 3.407007455825805664e+00
2.840000000000000000e+02 3.144530553985291216e-02 7.961269178277651237e-01 3.406940460205078125e+00
2.850000000000000000e+02 3.108880497149881655e-02 7.966571526104018197e-01 3.407420396804809570e+00
2.860000000000000000e+02 3.109117215775361251e-02 7.995396534999436033e-01 3.407327890396118164e+00
2.870000000000000000e+02 3.186310078903744486e-02 8.017525677975605447e-01 3.408962965011596680e+00
2.880000000000000000e+02 3.310551901633339983e-02 8.024392377710667379e-01 3.408479928970336914e+00
2.890000000000000000e+02 3.111961023560392420e-02 8.019671647826283056e-01 3.408663034439086914e+00
2.900000000000000000e+02 3.132072333535266401e-02 8.031273259454125846e-01 3.408434391021728516e+00
2.910000000000000000e+02 3.259796133394870371e-02 8.061942558857292385e-01 3.408471107482910156e+00
2.920000000000000000e+02 3.464746333031574338e-02 8.035262152579490946e-01 3.408289909362792969e+00
2.930000000000000000e+02 3.204720942355188118e-02 8.032116739858081722e-01 3.409963607788085938e+00
2.940000000000000000e+02 3.254127468105120352e-02 7.991682665445263289e-01 3.409355401992797852e+00
2.950000000000000000e+02 3.097760372610698296e-02 8.008762106966691441e-01 3.408992528915405273e+00
2.960000000000000000e+02 3.238919036935234558e-02 8.004620023535083950e-01 3.407860040664672852e+00
2.970000000000000000e+02 3.217702352004364608e-02 8.047166023138730973e-01 3.408447027206420898e+00
2.980000000000000000e+02 3.115093064490967803e-02 7.985404030625778971e-01 3.408771514892578125e+00
2.990000000000000000e+02 3.110149714598246448e-02 7.960068281447469918e-01 3.406815052032470703e+00
3.000000000000000000e+02 3.183345028159254714e-02 7.975255897089195134e-01 3.406427383422851562e+00
3.010000000000000000e+02 3.177877202225280057e-02 7.945126446466592718e-01 3.406507015228271484e+00
3.020000000000000000e+02 3.434937413183852123e-02 7.932556120460754201e-01 3.405777454376220703e+00
3.030000000000000000e+02 3.257101942009499318e-02 7.970426281715523587e-01 3.406023979187011719e+00
3.040000000000000000e+02 3.068362641308843008e-02 7.933134155075877159e-01 3.406572103500366211e+00
3.050000000000000000e+02 3.021875354352051082e-02 7.953092787024770294e-01 3.406775474548339844e+00
3.060000000000000000e+02 3.345228614501734310e-02 7.950607398237402590e-01 3.406295537948608398e+00
3.070000000000000000e+02 3.103292993216468995e-02 7.943002568459772705e-01 3.406325578689575195e+00
3.080000000000000000e+02 3.380353774265241334e-02 7.862031345725056797e-01 3.405710458755493164e+00
3.090000000000000000e+02 3.148822707093061612e-02 7.905924030999079699e-01 3.406087398529052734e+00
3.100000000000000000e+02 3.323395007863671341e-02 7.914873862686965245e-01 3.406696081161499023e+00
3.110000000000000000e+02 3.064892617503139211e-02 7.966863314464865953e-01 3.407458543777465820e+00
3.120000000000000000e+02 3.369236074281325294e-02 7.981981321170396049e-01 3.407369375228881836e+00
3.130000000000000000e+02 3.351556588489838784e-02 8.017249776901829161e-01 3.407871961593627930e+00
3.140000000000000000e+02 3.392825246977607123e-02 7.977397976020271786e-01 3.408576488494873047e+00
3.150000000000000000e+02 3.046512858621026887e-02 7.992161157543354877e-01 3.408002376556396484e+00
3.160000000000000000e+02 3.080511465879342756e-02 7.969633862669384117e-01 3.408329963684082031e+00
3.170000000000000000e+02 3.151981107136398591e-02 7.968239959483450763e-01 3.408296585083007812e+00
3.180000000000000000e+02 3.307121242271390815e-02 7.965907165966125136e-01 3.408941507339477539e+00
3.190000000000000000e+02 3.057035481893339776e-02 7.984661494575590046e-01 3.409517526626586914e+00
3.200000000000000000e+02 3.238649222305267639e-02 7.972821774896593494e-01 3.409316062927246094e+00
3.210000000000000000e+02 3.189338841286499387e-02 7.975910413488903616e-01 3.408502101898193359e+00
3.220000000000000000e+02 3.212324988201225445e-02 7.950455359196472171e-01 3.407727003097534180e+00
3.230000000000000000e+02 3.087142509674142485e-02 7.929882782038815137e-01 3.406962394714355469e+00
3.240000000000000000e+02 3.228815109932146876e-02 7.936461671984655908e-01 3.406661510467529297e+00
3.250000000000000000e+02 3.199050169871048982e-02 7.971755342404552858e-01 3.406080484390258789e+00
3.260000000000000000e+02 3.162545947526070739e-02 8.002482931509827813e-01 3.407592535018920898e+00
3.270000000000000000e+02 3.144937747898701730e-02 8.000897094819046096e-01 3.407269954681396484e+00
3.280000000000000000e+02 3.194492961044766849e-02 8.036439595343598530e-01 3.408165931701660156e+00
3.290000000000000000e+02 3.148085849568944133e-02 7.956078849780519047e-01 3.409416913986206055e+00
3.300000000000000000e+02 3.202911711896581914e-02 7.943322866675980309e-01 3.407830476760864258e+00
3.310000000000000000e+02 3.094347088461033360e-02 7.971445274378028412e-01 3.408473014831542969e+00
3.320000000000000000e+02 3.403986251276226033e-02 7.994532799137241685e-01 3.406911373138427734e+00
3.330000000000000000e+02 3.279005852107460400e-02 7.942948204749469276e-01 3.406923055648803711e+00
3.340000000000000000e+02 3.257689336995653329e-02 7.946796261416034790e-01 3.407480955123901367e+00
3.350000000000000000e+02 3.194045066678719014e-02 7.988958481664595324e-01 3.407332420349121094e+00
3.360000000000000000e+02 3.402451386315744064e-02 7.997251531728341023e-01 3.408182382583618164e+00
3.370000000000000000e+02 3.023394027364760886e-02 7.983047423155685829e-01 3.409871578216552734e+00
3.380000000000000000e+02 3.119561762859437981e-02 8.004428283907472075e-01 3.409119606018066406e+00
3.390000000000000000e+02 3.275520478549894671e-02 8.016794873460533211e-01 3.409427881240844727e+00
3.400000000000000000e+02 3.169380298078904729e-02 7.980994729930462883e-01 3.408871412277221680e+00
3.410000000000000000e+02 3.245930143496017495e-02 7.964563527078878380e-01 3.408368587493896484e+00
3.420000000000000000e+02 2.911603786363098356e-02 7.950373362530046562e-01 3.407691001892089844e+00
3.430000000000000000e+02 3.278265028569941203e-02 7.974583242304573716e-01 3.408632993698120117e+00
3.440000000000000000e+02 3.232630833160294453e-02 8.004529315393269506e-01 3.407998561859130859e+00
3.450000000000000000e+02 3.074985683544176687e-02 7.984778424184025836e-01 3.409440040588378906e+00
3.460000000000000000e+02 3.344001659012860173e-02 8.018643383369532529e-01 3.407834053039550781e+00
3.470000000000000000e+02 3.141788640455402820e-02 7.999036213988967026e-01 3.408854961395263672e+00
3.480000000000000000e+02 3.108755932203191574e-02 8.013895808598582304e-01 3.408464908599853516e+00
3.490000000000000000e+02 3.127111492967802470e-02 7.979795460012654162e-01 3.408457040786743164e+00
3.500000000000000000e+02 3.325006377988276585e-02 7.970457573167082366e-01 3.407500982284545898e+00
3.510000000000000000e+02 3.234018407037237558e-02 7.979295332613088876e-01 3.407844066619873047e+00
3.520000000000000000e+02 3.078523021794753525e-02 7.991120572625384222e-01 3.407361030578613281e+00
3.530000000000000000e+02 3.180052388811658443e-02 7.981402139280774355e-01 3.407716989517211914e+00
3.540000000000000000e+02 3.092262515315535171e-02 7.999393451832332858e-01 3.407851457595825195e+00
3.550000000000000000e+02 3.257909197298751447e-02 7.997551218223587499e-01 3.409166574478149414e+00
3.560000000000000000e+02 3.065875406726395469e-02 7.967667726909078985e-01 3.408539056777954102e+00
3.570000000000000000e+02 3.159579648861347151e-02 7.965544997007458772e-01 3.407916545867919922e+00
3.580000000000000000e+02 3.045304545964658965e-02 7.921890505519662007e-01 3.408279418945312500e+00
3.590000000000000000e+02 3.175901229972388079e-02 7.993954598583407067e-01 3.407714605331420898e+00
3.600000000000000000e+02 3.151570704912055876e-02 7.980251027905749250e-01 3.407013416290283203e+00
3.610000000000000000e+02 3.189736060368821707e-02 8.018647954265587519e-01 3.406959533691406250e+00
3.620000000000000000e+02 3.226185601909041523e-02 7.995912385075205631e-01 3.407590389251708984e+00
3.630000000000000000e+02 3.059474978394610342e-02 7.961194843992805970e-01 3.407324552536010742e+00
3.640000000000000000e+02 3.301621867446935532e-02 7.946524944684260072e-01 3.405607461929321289e+00
3.650000000000000000e+02 3.413770812534903248e-02 7.994011281205773978e-01 3.406162023544311523e+00
3.660000000000000000e+02 3.287404359583538660e-02 7.980684730041281982e-01 3.407310485839843750e+00
3.670000000000000000e+02 3.326416043730892613e-02 7.942001193654690816e-01 3.408066511154174805e+00
3.680000000000000000e+02 3.352872852300466111e-02 7.959065637105193769e-01 3.408250093460083008e+00
3.690000000000000000e+02 3.242408616785300013e-02 7.976196319565936887e-01 3.408384561538696289e+00
3.700000000000000000e+02 3.023941213905012929e-02 7.970696247881274843e-01 3.408643484115600586e+00
3.710000000000000000e+02 3.269725839816523677e-02 7.987244455301870660e-01 3.407902956008911133e+00
3.720000000000000000e+02 3.237894116445837189e-02 8.003547540049560372e-01 3.409411430358886719e+00
3.730000000000000000e+02 3.414800371266537432e-02 7.996170012101359026e-01 3.408730983734130859e+00
3.740000000000000000e+02 3.125604993803701021e-02 7.972813056369012497e-01 3.408372402191162109e+00
3.750000000000000000e+02 3.165982396435696594e-02 7.986834847639722179e-01 3.407730102539062500e+00
3.760000000000000000e+02 3.352643214751443307e-02 7.972891096470577921e-01 3.407804965972900391e+00
3.770000000000000000e+02 3.205554674815114247e-02 7.937416646921601204e-01 3.407897949218750000e+00
3.780000000000000000e+02 3.091405958733211071e-02 7.900706739036061910e-01 3.407457590103149414e+00
3.790000000000000000e+02 3.135005599444883051e-02 7.914737430780020011e-01 3.406052589416503906e+00
3.800000000000000000e+02 3.126886299196503932e-02 7.926323578791468760e-01 3.405483007431030273e+00
3.810000000000000000e+02 3.003746553869736033e-02 7.948463816845496854e-01 3.405185461044311523e+00
3.820000000000000000e+02 3.145400408271892961e-02 7.905590016097435724e-01 3.404917955398559570e+00
3.830000000000000000e+02 2.964242547993779092e-02 7.951136725472727207e-01 3.404083490371704102e+00
3.840000000000000000e+02 3.345545679984192333e-02 7.959124294105663910e-01 3.406378984451293945e+00
3.850000000000000000e+02 3.235404797062061549e-02 8.031868973880869067e-01 3.406662464141845703e+00
3.860000000000000000e+02 3.092423036524211827e-02 8.018898928521640546e-01 3.408087491989135742e+00
3.870000000000000000e+02 3.326188973898167034e-02 8.023256575835416848e-01 3.408087015151977539e+00
3.880000000000000000e+02 3.179987726619108723e-02 7.984106249153920531e-01 3.408921957015991211e+00
3.890000000000000000e+02 3.154077308670377028e-02 8.012793460554300529e-01 3.408061504364013672e+00
3.900000000000000000e+02 3.251766471087014221e-02 7.993352766300065859e-01 3.408133029937744141e+00
3.910000000000000000e+02 3.050137553674700519e-02 7.975242979457698445e-01 3.407853603363037109e+00
3.920000000000000000e+02 3.084935492333594834e-02 7.943727310144715892e-01 3.407480478286743164e+00
3.930000000000000000e+02 3.218093502763687969e-02 7.980096363046520480e-01 3.407977581024169922e+00
3.940000000000000000e+02 3.288492440692392105e-02 7.969173724361695577e-01 3.408535957336425781e+00
3.950000000000000000e+02 3.135458957389225532e-02 7.961140026167986550e-01 3.407983541488647461e+00
3.960000000000000000e+02 3.202919332791225732e-02 7.943540023900494962e-01 3.408550977706909180e+00
3.970000000000000000e+02 3.000816890252037961e-02 8.034296442476002165e-01 3.408473014831542969e+00
3.980000000000000000e+02 3.237597362554470865e-02 8.026222103774133254e-01 3.407865524291992188e+00
