0.000000000000000000e+00 1.926324831833727824e-01 0.000000000000000000e+00 2.990200042724609375e+00
1.000000000000000000e+00 4.112433322010092818e-01 0.000000000000000000e+00 3.131937980651855469e+00
2.000000000000000000e+00 5.534104719666604888e-01 0.000000000000000000e+00 3.218109607696533203e+00
3.000000000000000000e+00 6.370205463018444592e-01 0.000000000000000000e+00 3.272325992584228516e+00
4.000000000000000000e+00 6.934227439745935806e-01 0.000000000000000000e+00 3.307915925979614258e+00
5.000000000000000000e+00 7.226817795656959031e-01 0.000000000000000000e+00 3.330411911010742188e+00
6.000000000000000000e+00 7.411755998106632770e-01 0.000000000000000000e+00 3.346067428588867188e+00
7.000000000000000000e+00 7.543685969375584222e-01 0.000000000000000000e+00 3.355998516082763672e+00
8.000000000000000000e+00 7.604292994750009305e-01 0.000000000000000000e+00 3.362854957580566406e+00
9.000000000000000000e+00 7.678238549286607872e-01 0.000000000000000000e+00 3.365238904953002930e+00
1.000000000000000000e+01 7.690621392805196965e-01 0.000000000000000000e+00 3.369131565093994141e+00
1.100000000000000000e+01 7.748741676690129587e-01 0.000000000000000000e+00 3.370000600814819336e+00
1.200000000000000000e+01 7.713601208463387593e-01 0.000000000000000000e+00 3.373121023178100586e+00
1.300000000000000000e+01 7.717228028443879895e-01 0.000000000000000000e+00 3.373198032379150391e+00
1.400000000000000000e+01 7.761099706829760470e-01 0.000000000000000000e+00 3.373589992523193359e+00
1.500000000000000000e+01 7.737585009097794897e-01 0.000000000000000000e+00 3.373547554016113281e+00
1.600000000000000000e+01 7.786752114564043925e-01 0.000000000000000000e+00 3.374481916427612305e+00
1.700000000000000000e+01 7.785536017794703056e-01 0.000000000000000000e+00 3.375301599502563477e+00
1.800000000000000000e+01 7.743207080264998821e-01 0.000000000000000000e+00 3.375720024108886719e+00
1.900000000000000000e+01 7.759648698777253939e-01 0.000000000000000000e+00 3.376250028610229492e+00
2.000000000000000000e+01 7.789026843413265899e-01 0.000000000000000000e+00 3.375128507614135742e+00
2.100000000000000000e+01 7.728908816398682990e-01 0.000000000000000000e+00 3.375221490859985352e+00
2.200000000000000000e+01 7.744683705841942656e-01 0.000000000000000000e+00 3.375136375427246094e+00
2.300000000000000000e+01 7.734579454872778648e-01 0.000000000000000000e+00 3.375201940536499023e+00
2.400000000000000000e+01 7.763044170531084864e-01 0.000000000000000000e+00 3.375010013580322266e+00
2.500000000000000000e+01 7.770949755235746492e-01 0.000000000000000000e+00 3.375649929046630859e+00
2.600000000000000000e+01 7.773278367331523109e-01 0.000000000000000000e+00 3.375652074813842773e+00
2.700000000000000000e+01 7.716231393120580595e-01 0.000000000000000000e+00 3.375248908996582031e+00
2.800000000000000000e+01 7.736632685790398867e-01 0.000000000000000000e+00 3.373853445053100586e+00
2.900000000000000000e+01 7.765820962959875118e-01 0.000000000000000000e+00 3.373814105987548828e+00
3.000000000000000000e+01 7.808030924799790329e-01 0.000000000000000000e+00 3.374292373657226562e+00
3.100000000000000000e+01 7.787348691654694122e-01 0.000000000000000000e+00 3.375993967056274414e+00
3.200000000000000000e+01 7.808476948175110399e-01 0.000000000000000000e+00 3.375495910644531250e+00
3.300000000000000000e+01 7.745181399179206228e-01 0.000000000000000000e+00 3.375712394714355469e+00
3.400000000000000000e+01 7.742884266010606753e-01 0.000000000000000000e+00 3.374853372573852539e+00
3.500000000000000000e+01 7.717518884209122465e-01 0.000000000000000000e+00 3.373880386352539062e+00
3.600000000000000000e+01 7.716524597186513734e-01 0.000000000000000000e+00 3.372834444046020508e+00
3.700000000000000000e+01 7.741398675564219456e-01 0.000000000000000000e+00 3.372898101806640625e+00
3.800000000000000000e+01 7.741943355110331160e-01 0.000000000000000000e+00 3.373254537582397461e+00
3.900000000000000000e+01 7.723249279764082820e-01 0.000000000000000000e+00 3.373656988143920898e+00
4.000000000000000000e+01 7.801876365350602915e-01 0.000000000000000000e+00 3.373876571655273438e+00
4.100000000000000000e+01 7.806796452525744945e-01 0.000000000000000000e+00 3.374520063400268555e+00
4.200000000000000000e+01 7.799691965171473562e-01 0.000000000000000000e+00 3.376538991928100586e+00
4.300000000000000000e+01 7.792128489175629280e-01 0.000000000000000000e+00 3.377193450927734375e+00
4.400000000000000000e+01 7.767037549388877693e-01 0.000000000000000000e+00 3.376116037368774414e+00
4.500000000000000000e+01 7.750312395583046632e-01 0.000000000000000000e+00 3.375875473022460938e+00
4.600000000000000000e+01 7.744544110137034920e-01 0.000000000000000000e+00 3.374319076538085938e+00
4.700000000000000000e+01 7.764962917935447351e-01 0.000000000000000000e+00 3.373796939849853516e+00
4.800000000000000000e+01 7.743082830490646273e-01 0.000000000000000000e+00 3.373966932296752930e+00
4.900000000000000000e+01 7.796948400064122042e-01 0.000000000000000000e+00 3.373309373855590820e+00
5.000000000000000000e+01 7.780523013833775536e-01 0.000000000000000000e+00 3.374635934829711914e+00
5.100000000000000000e+01 7.783742778348208269e-01 0.000000000000000000e+00 3.373490571975708008e+00
5.200000000000000000e+01 7.707010468529287284e-01 0.000000000000000000e+00 3.373812913894653320e+00
5.300000000000000000e+01 7.785361884154270440e-01 0.000000000000000000e+00 3.373493909835815430e+00
5.400000000000000000e+01 7.721021268052660202e-01 0.000000000000000000e+00 3.375248908996582031e+00
5.500000000000000000e+01 7.767241289848008101e-01 0.000000000000000000e+00 3.375939607620239258e+00
5.600000000000000000e+01 7.769751980883728981e-01 0.000000000000000000e+00 3.376583576202392578e+00
5.700000000000000000e+01 7.781989902497050693e-01 0.000000000000000000e+00 3.375270605087280273e+00
5.800000000000000000e+01 7.777831545617776010e-01 0.000000000000000000e+00 3.375798940658569336e+00
5.900000000000000000e+01 7.715909395937222692e-01 0.000000000000000000e+00 3.374891519546508789e+00
6.000000000000000000e+01 7.717990178998583861e-01 0.000000000000000000e+00 3.374369382858276367e+00
6.100000000000000000e+01 7.738079386095061407e-01 0.000000000000000000e+00 3.372704505920410156e+00
6.200000000000000000e+01 7.714936238912750710e-01 0.000000000000000000e+00 3.373585462570190430e+00
6.300000000000000000e+01 7.731777707585248960e-01 0.000000000000000000e+00 3.372814416885375977e+00
6.400000000000000000e+01 7.799901007566257816e-01 0.000000000000000000e+00 3.373845100402832031e+00
6.500000000000000000e+01 7.775203160105468303e-01 0.000000000000000000e+00 3.374473094940185547e+00
6.600000000000000000e+01 7.802003840654792022e-01 0.000000000000000000e+00 3.374773502349853516e+00
6.700000000000000000e+01 7.818157644782710580e-01 0.000000000000000000e+00 3.375493526458740234e+00
6.800000000000000000e+01 7.823220845406640978e-01 0.000000000000000000e+00 3.375556945800781250e+00
6.900000000000000000e+01 7.794980069989191351e-01 0.000000000000000000e+00 3.376899957656860352e+00
7.000000000000000000e+01 7.812021256332495334e-01 0.000000000000000000e+00 3.376280069351196289e+00
7.100000000000000000e+01 7.835077269614095785e-01 0.000000000000000000e+00 3.377402544021606445e+00
7.200000000000000000e+01 7.767560132691311292e-01 0.000000000000000000e+00 3.376015901565551758e+00
7.300000000000000000e+01 7.739918937063611226e-01 0.000000000000000000e+00 3.375365972518920898e+00
7.400000000000000000e+01 7.765760562116195143e-01 0.000000000000000000e+00 3.374376535415649414e+00
7.500000000000000000e+01 7.789520425817931804e-01 0.000000000000000000e+00 3.375473499298095703e+00
7.600000000000000000e+01 7.791225203154381607e-01 0.000000000000000000e+00 3.375574588775634766e+00
7.700000000000000000e+01 7.762899401386273990e-01 0.000000000000000000e+00 3.376415967941284180e+00
7.800000000000000000e+01 7.770733401305414123e-01 0.000000000000000000e+00 3.375287532806396484e+00
7.900000000000000000e+01 7.761228133368212045e-01 0.000000000000000000e+00 3.374900579452514648e+00
8.000000000000000000e+01 7.769366648609773440e-01 0.000000000000000000e+00 3.373842000961303711e+00
8.100000000000000000e+01 7.758581771612577116e-01 0.000000000000000000e+00 3.375315904617309570e+00
8.200000000000000000e+01 7.700831089628048520e-01 0.000000000000000000e+00 3.374531984329223633e+00
8.300000000000000000e+01 7.727763718832201256e-01 0.000000000000000000e+00 3.373858928680419922e+00
8.400000000000000000e+01 7.714146224398700236e-01 0.000000000000000000e+00 3.373615503311157227e+00
8.500000000000000000e+01 7.771595073518029473e-01 0.000000000000000000e+00 3.373024463653564453e+00
8.600000000000000000e+01 7.767012817530765112e-01 0.000000000000000000e+00 3.375084400177001953e+00
8.700000000000000000e+01 7.817477097581098100e-01 0.000000000000000000e+00 3.374823570251464844e+00
8.800000000000000000e+01 7.792608846932231881e-01 0.000000000000000000e+00 3.375406503677368164e+00
8.900000000000000000e+01 7.787563193999375022e-01 0.000000000000000000e+00 3.375724077224731445e+00
9.000000000000000000e+01 7.754852493229752453e-01 0.000000000000000000e+00 3.374708414077758789e+00
9.100000000000000000e+01 7.730837194085202757e-01 0.000000000000000000e+00 3.375075101852416992e+00
9.200000000000000000e+01 7.802760500314207537e-01 0.000000000000000000e+00 3.374530553817749023e+00
9.300000000000000000e+01 7.788197676925133761e-01 0.000000000000000000e+00 3.375987052917480469e+00
9.400000000000000000e+01 7.743791984422144781e-01 0.000000000000000000e+00 3.377141475677490234e+00
9.500000000000000000e+01 7.757029614787145366e-01 0.000000000000000000e+00 3.376867055892944336e+00
9.600000000000000000e+01 7.796723712611861590e-01 0.000000000000000000e+00 3.377516031265258789e+00
9.700000000000000000e+01 7.792579190584201232e-01 0.000000000000000000e+00 3.377713918685913086e+00
9.800000000000000000e+01 7.797387468525381893e-01 0.000000000000000000e+00 3.376219511032104492e+00
9.900000000000000000e+01 7.762343726153440038e-01 0.000000000000000000e+00 3.374973058700561523e+00
1.000000000000000000e+02 7.756420573101395766e-01 0.000000000000000000e+00 3.373878479003906250e+00
1.010000000000000000e+02 7.761373939006901423e-01 0.000000000000000000e+00 3.374012470245361328e+00
1.020000000000000000e+02 7.752877423453204964e-01 0.000000000000000000e+00 3.374372482299804688e+00
1.030000000000000000e+02 7.744995396505748309e-01 0.000000000000000000e+00 3.374651432037353516e+00
1.040000000000000000e+02 7.725648854105179320e-01 0.000000000000000000e+00 3.375248432159423828e+00
1.050000000000000000e+02 7.739740739980749407e-01 0.000000000000000000e+00 3.374456882476806641e+00
1.060000000000000000e+02 7.766688881881147477e-01 0.000000000000000000e+00 3.375225067138671875e+00
1.070000000000000000e+02 7.727550411183695678e-01 0.000000000000000000e+00 3.375470876693725586e+00
1.080000000000000000e+02 7.707838575679258897e-01 0.000000000000000000e+00 3.374223470687866211e+00
1.090000000000000000e+02 7.715510065424492359e-01 0.000000000000000000e+00 3.373549938201904297e+00
1.100000000000000000e+02 7.756143277493283694e-01 0.000000000000000000e+00 3.372071027755737305e+00
1.110000000000000000e+02 7.767324465509058973e-01 0.000000000000000000e+00 3.372582912445068359e+00
1.120000000000000000e+02 7.780705119296171812e-01 0.000000000000000000e+00 3.373485088348388672e+00
1.130000000000000000e+02 7.800900387425429017e-01 0.000000000000000000e+00 3.373983383178710938e+00
1.140000000000000000e+02 7.769880820309876812e-01 0.000000000000000000e+00 3.374136924743652344e+00
1.150000000000000000e+02 7.799492270032682972e-01 0.000000000000000000e+00 3.372318506240844727e+00
1.160000000000000000e+02 7.772179878303915324e-01 0.000000000000000000e+00 3.373482465744018555e+00
1.170000000000000000e+02 7.784310407790897557e-01 0.000000000000000000e+00 3.373794555664062500e+00
1.180000000000000000e+02 7.795543710552509387e-01 0.000000000000000000e+00 3.374233007431030273e+00
1.190000000000000000e+02 7.735271418875648841e-01 0.000000000000000000e+00 3.374326467514038086e+00
1.200000000000000000e+02 7.766460003141559820e-01 0.000000000000000000e+00 3.373710393905639648e+00
1.210000000000000000e+02 7.704364669558264600e-01 0.000000000000000000e+00 3.373370885848999023e+00
1.220000000000000000e+02 7.742410665840200323e-01 0.000000000000000000e+00 3.373804092407226562e+00
1.230000000000000000e+02 7.725269465688225923e-01 0.000000000000000000e+00 3.373555898666381836e+00
1.240000000000000000e+02 7.732566162820668776e-01 0.000000000000000000e+00 3.373755931854248047e+00
1.250000000000000000e+02 7.735633433302264717e-01 0.000000000000000000e+00 3.373728513717651367e+00
1.260000000000000000e+02 7.778287471006590792e-01 0.000000000000000000e+00 3.374845027923583984e+00
1.270000000000000000e+02 7.748412144925356237e-01 0.000000000000000000e+00 3.374653577804565430e+00
1.280000000000000000e+02 7.769408579066013898e-01 0.000000000000000000e+00 3.374422073364257812e+00
1.290000000000000000e+02 7.779968437246650437e-01 0.000000000000000000e+00 3.375041961669921875e+00
1.300000000000000000e+02 7.823375094697423426e-01 0.000000000000000000e+00 3.375453948974609375e+00
1.310000000000000000e+02 7.811303037309098585e-01 0.000000000000000000e+00 3.376559019088745117e+00
1.320000000000000000e+02 7.780601844359470443e-01 0.000000000000000000e+00 3.375157594680786133e+00
1.330000000000000000e+02 7.796639945841317143e-01 0.000000000000000000e+00 3.376194000244140625e+00
1.340000000000000000e+02 7.713371148753743745e-01 0.000000000000000000e+00 3.374511957168579102e+00
1.350000000000000000e+02 7.695405623313810173e-01 0.000000000000000000e+00 3.372974395751953125e+00
1.360000000000000000e+02 7.709070296674379597e-01 0.000000000000000000e+00 3.373077392578125000e+00
1.370000000000000000e+02 7.729378241728911414e-01 0.000000000000000000e+00 3.373930931091308594e+00
1.380000000000000000e+02 7.752763161172249173e-01 0.000000000000000000e+00 3.375425577163696289e+00
1.390000000000000000e+02 7.756652533658964233e-01 0.000000000000000000e+00 3.375511884689331055e+00
1.400000000000000000e+02 7.796316944295136331e-01 0.000000000000000000e+00 3.376014947891235352e+00
1.410000000000000000e+02 7.761055676580892460e-01 0.000000000000000000e+00 3.374941110610961914e+00
1.420000000000000000e+02 7.734176079265645543e-01 0.000000000000000000e+00 3.373509407043457031e+00
1.430000000000000000e+02 7.733599714272225700e-01 0.000000000000000000e+00 3.373302459716796875e+00
1.440000000000000000e+02 7.777796502839677828e-01 0.000000000000000000e+00 3.371704578399658203e+00
1.450000000000000000e+02 7.770025378943238303e-01 0.000000000000000000e+00 3.374820470809936523e+00
1.460000000000000000e+02 7.802615294961218195e-01 0.000000000000000000e+00 3.374184608459472656e+00
1.470000000000000000e+02 7.789402590112131097e-01 0.000000000000000000e+00 3.374475002288818359e+00
1.480000000000000000e+02 7.755025423159506159e-01 0.000000000000000000e+00 3.374803066253662109e+00
1.490000000000000000e+02 7.723822149448362762e-01 0.000000000000000000e+00 3.373198509216308594e+00
1.500000000000000000e+02 7.752341344182254179e-01 0.000000000000000000e+00 3.373591423034667969e+00
1.510000000000000000e+02 7.729333096202117837e-01 0.000000000000000000e+00 3.374260902404785156e+00
1.520000000000000000e+02 7.704861478404700925e-01 0.000000000000000000e+00 3.372942447662353516e+00
1.530000000000000000e+02 7.772756910646202444e-01 0.000000000000000000e+00 3.372226953506469727e+00
1.540000000000000000e+02 7.754533365785057919e-01 0.000000000000000000e+00 3.374480962753295898e+00
1.550000000000000000e+02 7.735291031683275698e-01 0.000000000000000000e+00 3.374013423919677734e+00
1.560000000000000000e+02 7.710410917584644697e-01 0.000000000000000000e+00 3.373676538467407227e+00
1.570000000000000000e+02 7.695543261245955113e-01 0.000000000000000000e+00 3.371989965438842773e+00
1.580000000000000000e+02 7.676710044060930382e-01 0.000000000000000000e+00 3.372674942016601562e+00
1.590000000000000000e+02 7.718724036181529025e-01 0.000000000000000000e+00 3.372664451599121094e+00
1.600000000000000000e+02 7.705619022147477404e-01 0.000000000000000000e+00 3.374564409255981445e+00
1.610000000000000000e+02 7.773457690150415988e-01 0.000000000000000000e+00 3.373956918716430664e+00
1.620000000000000000e+02 7.741371880185184962e-01 0.000000000000000000e+00 3.374126911163330078e+00
1.630000000000000000e+02 7.777357655984356022e-01 0.000000000000000000e+00 3.373500585556030273e+00
1.640000000000000000e+02 7.765131700601324294e-01 0.000000000000000000e+00 3.374316453933715820e+00
1.650000000000000000e+02 7.753179384389418116e-01 0.000000000000000000e+00 3.373359918594360352e+00
1.660000000000000000e+02 7.779090776306332167e-01 0.000000000000000000e+00 3.373692512512207031e+00
1.670000000000000000e+02 7.820496029924499659e-01 0.000000000000000000e+00 3.373673439025878906e+00
1.680000000000000000e+02 7.837248245344624609e-01 0.000000000000000000e+00 3.375257492065429688e+00
1.690000000000000000e+02 7.791805386850998438e-01 0.000000000000000000e+00 3.376696586608886719e+00
1.700000000000000000e+02 7.813835475108589224e-01 0.000000000000000000e+00 3.376033067703247070e+00
1.710000000000000000e+02 7.803081001202869516e-01 0.000000000000000000e+00 3.376171588897705078e+00
1.720000000000000000e+02 7.807079970936950941e-01 0.000000000000000000e+00 3.375964403152465820e+00
1.730000000000000000e+02 7.815764544891402599e-01 0.000000000000000000e+00 3.376857042312622070e+00
1.740000000000000000e+02 7.809230900899318817e-01 0.000000000000000000e+00 3.376785039901733398e+00
1.750000000000000000e+02 7.803307989943311096e-01 0.000000000000000000e+00 3.376941919326782227e+00
1.760000000000000000e+02 7.753235452275483164e-01 0.000000000000000000e+00 3.375687599182128906e+00
1.770000000000000000e+02 7.754235678234198126e-01 0.000000000000000000e+00 3.376483440399169922e+00
1.780000000000000000e+02 7.768149881774414345e-01 0.000000000000000000e+00 3.375120401382446289e+00
1.790000000000000000e+02 7.744383888428089113e-01 0.000000000000000000e+00 3.374897956848144531e+00
1.800000000000000000e+02 7.734824450785288130e-01 0.000000000000000000e+00 3.374342441558837891e+00
1.810000000000000000e+02 7.750782665746845934e-01 0.000000000000000000e+00 3.374223947525024414e+00
1.820000000000000000e+02 7.750866904823779935e-01 0.000000000000000000e+00 3.373581409454345703e+00
1.830000000000000000e+02 7.762506912495914513e-01 0.000000000000000000e+00 3.374420404434204102e+00
1.840000000000000000e+02 7.771025086611479393e-01 0.000000000000000000e+00 3.374771595001220703e+00
1.850000000000000000e+02 7.752845992291294008e-01 0.000000000000000000e+00 3.374885559082031250e+00
1.860000000000000000e+02 7.730201554424080967e-01 0.000000000000000000e+00 3.374586582183837891e+00
1.870000000000000000e+02 7.743014784750207324e-01 0.000000000000000000e+00 3.374263525009155273e+00
1.880000000000000000e+02 7.740301164503478049e-01 0.000000000000000000e+00 3.374547004699707031e+00
1.890000000000000000e+02 7.719356184890028283e-01 0.000000000000000000e+00 3.374273061752319336e+00
1.900000000000000000e+02 7.736222285341430860e-01 0.000000000000000000e+00 3.374121427536010742e+00
1.910000000000000000e+02 7.737286859613300427e-01 0.000000000000000000e+00 3.374531507492065430e+00
1.920000000000000000e+02 7.730076049973787500e-01 0.000000000000000000e+00 3.375015020370483398e+00
1.930000000000000000e+02 7.716320319356614332e-01 0.000000000000000000e+00 3.374888420104980469e+00
1.940000000000000000e+02 7.712548413435088568e-01 0.000000000000000000e+00 3.373786926269531250e+00
1.950000000000000000e+02 7.730600872447419558e-01 0.000000000000000000e+00 3.374275445938110352e+00
1.960000000000000000e+02 7.735574248100793859e-01 0.000000000000000000e+00 3.373008966445922852e+00
1.970000000000000000e+02 7.749883843136186057e-01 0.000000000000000000e+00 3.373022079467773438e+00
1.980000000000000000e+02 7.723310774524876354e-01 0.000000000000000000e+00 3.372248888015747070e+00
1.990000000000000000e+02 7.733892897937268973e-01 0.000000000000000000e+00 3.373179435729980469e+00
2.000000000000000000e+02 5.236363098191734178e-01 1.810368803716585206e-01 3.003537893295288086e+00
2.010000000000000000e+02 2.981586260305545966e-01 4.064016923312135932e-01 3.142966985702514648e+00
2.020000000000000000e+02 1.630696214587833148e-01 5.519374488741605189e-01 3.232107877731323242e+00
2.030000000000000000e+02 9.409416177814682036e-02 6.449903921198505419e-01 3.288565874099731445e+00
2.040000000000000000e+02 6.037470968391391718e-02 6.964286528335468240e-01 3.325865983963012695e+00
2.050000000000000000e+02 4.504207879812605758e-02 7.254775037114927771e-01 3.350067377090454102e+00
2.060000000000000000e+02 3.874749803912049678e-02 7.471674535420008700e-01 3.365154981613159180e+00
2.070000000000000000e+02 3.461268243055552057e-02 7.568731770799989045e-01 3.374090433120727539e+00
2.080000000000000000e+02 3.234002219798713662e-02 7.603881823681639673e-01 3.380334377288818359e+00
2.090000000000000000e+02 3.206455168241336556e-02 7.625947592280631904e-01 3.384321451187133789e+00
2.100000000000000000e+02 3.026810538300471823e-02 7.658892979253562050e-01 3.386372089385986328e+00
2.110000000000000000e+02 3.075096684203990766e-02 7.751944515674175085e-01 3.387716531753540039e+00
2.120000000000000000e+02 3.013869952718960590e-02 7.764339341437161979e-01 3.390622377395629883e+00
2.130000000000000000e+02 2.976835661124846433e-02 7.749560923247592603e-01 3.390714883804321289e+00
2.140000000000000000e+02 3.058982650660640665e-02 7.718404415111435046e-01 3.390714883804321289e+00
2.150000000000000000e+02 2.953397125648074550e-02 7.687470194637721077e-01 3.391196966171264648e+00
2.160000000000000000e+02 3.196877775523926379e-02 7.731920507762759520e-01 3.390305042266845703e+00
2.170000000000000000e+02 3.131410833472394323e-02 7.736715632545013710e-01 3.390876531600952148e+00
2.180000000000000000e+02 3.054287116149982315e-02 7.747020225203891108e-01 3.390208482742309570e+00
2.190000000000000000e+02 3.054978203608830004e-02 7.731149013679678994e-01 3.389828920364379883e+00
2.200000000000000000e+02 3.082170423560594633e-02 7.718691639519437153e-01 3.389229536056518555e+00
2.210000000000000000e+02 2.995990403850276249e-02 7.718643682996914057e-01 3.389577388763427734e+00
2.220000000000000000e+02 3.204525046961889667e-02 7.709368407911630916e-01 3.389873981475830078e+00
2.230000000000000000e+02 2.953600483285382869e-02 7.709934714354035323e-01 3.389734029769897461e+00
2.240000000000000000e+02 3.038673139009272564e-02 7.655593157610874888e-01 3.389568567276000977e+00
2.250000000000000000e+02 2.978170208770813260e-02 7.656975949404276616e-01 3.388588428497314453e+00
2.260000000000000000e+02 3.191037169047079847e-02 7.669897774601449614e-01 3.388986587524414062e+00
2.270000000000000000e+02 3.105072073537295738e-02 7.744499359807546224e-01 3.388421535491943359e+00
2.280000000000000000e+02 3.048813739556184912e-02 7.721980483638698489e-01 3.389813423156738281e+00
2.290000000000000000e+02 2.929086896415687008e-02 7.745671591950864521e-01 3.390110015869140625e+00
2.300000000000000000e+02 3.090535955933156748e-02 7.718682695641633229e-01 3.390032529830932617e+00
2.310000000000000000e+02 3.105310778355364898e-02 7.738190920043169774e-01 3.389092445373535156e+00
2.320000000000000000e+02 3.067994446730785973e-02 7.693996660007499377e-01 3.389511108398437500e+00
2.330000000000000000e+02 3.072335643378622597e-02 7.753971034504547610e-01 3.389308929443359375e+00
2.340000000000000000e+02 3.150525815863964435e-02 7.771507094659572124e-01 3.389880895614624023e+00
2.350000000000000000e+02 3.083304575584558740e-02 7.757662086966276016e-01 3.391279935836791992e+00
2.360000000000000000e+02 3.036904227866813605e-02 7.723890472863691459e-01 3.390281438827514648e+00
2.370000000000000000e+02 3.163274128650518657e-02 7.743336043592005113e-01 3.390013933181762695e+00
2.380000000000000000e+02 3.266798224799848105e-02 7.753203946058104812e-01 3.389725923538208008e+00
2.390000000000000000e+02 2.950912625019843152e-02 7.752573157958452255e-01 3.391876935958862305e+00
2.400000000000000000e+02 3.061848477776876395e-02 7.770023965669377031e-01 3.390719890594482422e+00
2.410000000000000000e+02 3.030063165774850298e-02 7.732326543466502278e-01 3.390432596206665039e+00
2.420000000000000000e+02 3.218604063077722816e-02 7.752526214812430760e-01 3.390441894531250000e+00
2.430000000000000000e+02 2.967234976010223874e-02 7.732228003479999501e-01 3.390558958053588867e+00
2.440000000000000000e+02 3.005802686494457934e-02 7.709667914952511580e-01 3.390537977218627930e+00
2.450000000000000000e+02 3.109052756263165976e-02 7.717774975572351259e-01 3.391270875930786133e+00
2.460000000000000000e+02 3.032124563211094012e-02 7.717249497036615669e-01 3.389940023422241211e+00
2.470000000000000000e+02 2.999618814776042197e-02 7.763186495184215552e-01 3.389970064163208008e+00
2.480000000000000000e+02 3.058594645798124248e-02 7.739442453264265831e-01 3.389878511428833008e+00
2.490000000000000000e+02 3.119869062455713632e-02 7.734577746987170155e-01 3.389339923858642578e+00
2.500000000000000000e+02 2.891244897307907250e-02 7.688692919355963884e-01 3.389508485794067383e+00
2.510000000000000000e+02 3.074619546347449189e-02 7.670725140925770402e-01 3.389781951904296875e+00
2.520000000000000000e+02 3.062586272036145127e-02 7.727795920293878407e-01 3.389900445938110352e+00
2.530000000000000000e+02 2.971902409812643767e-02 7.725811088477435584e-01 3.390713453292846680e+00
2.540000000000000000e+02 3.061550347696466098e-02 7.703982336835893951e-01 3.390673398971557617e+00
2.550000000000000000e+02 2.978384142701331200e-02 7.712163208359780198e-01 3.391311407089233398e+00
2.560000000000000000e+02 3.175271178881151901e-02 7.738783750752475932e-01 3.390450477600097656e+00
2.570000000000000000e+02 2.963782808638410274e-02 7.754286493837141414e-01 3.390168905258178711e+00
2.580000000000000000e+02 2.898643893043908321e-02 7.740525729682947720e-01 3.390398979187011719e+00
2.590000000000000000e+02 3.020847097800028261e-02 7.729632220033958445e-01 3.389919996261596680e+00
2.600000000000000000e+02 2.940211307884746383e-02 7.729701499442862556e-01 3.389648437500000000e+00
2.610000000000000000e+02 3.155629177606465718e-02 7.710806945576305083e-01 3.389024019241333008e+00
2.620000000000000000e+02 2.997833403301476338e-02 7.726785513278146000e-01 3.389863967895507812e+00
2.630000000000000000e+02 3.179573567278211332e-02 7.734640657763544036e-01 3.389416933059692383e+00
2.640000000000000000e+02 3.114370458204916009e-02 7.678924638530215674e-01 3.390480041503906250e+00
2.650000000000000000e+02 2.941344281515620440e-02 7.713679557155679323e-01 3.389703512191772461e+00
2.660000000000000000e+02 3.111211297231898307e-02 7.667794918381291014e-01 3.390281438827514648e+00
2.670000000000000000e+02 3.056418937903204736e-02 7.693645660601582392e-01 3.389050960540771484e+00
2.680000000000000000e+02 3.039851998526961821e-02 7.697410224025179604e-01 3.391089916229248047e+00
2.690000000000000000e+02 2.968070043435629135e-02 7.684707879347295600e-01 3.389143466949462891e+00
2.700000000000000000e+02 2.950226585848636507e-02 7.688705090279216448e-01 3.389018058776855469e+00
2.710000000000000000e+02 2.968110704418221515e-02 7.700346406707475611e-01 3.389437913894653320e+00
2.720000000000000000e+02 3.030475272039568138e-02 7.733030366701886260e-01 3.389283418655395508e+00
2.730000000000000000e+02 3.093429413200533828e-02 7.724324599123310042e-01 3.390484571456909180e+00
2.740000000000000000e+02 2.967830172825865545e-02 7.711597168067776398e-01 3.390179872512817383e+00
2.750000000000000000e+02 3.176180615027256182e-02 7.709642091953999854e-01 3.390503406524658203e+00
2.760000000000000000e+02 3.207542207205949653e-02 7.731538198822377472e-01 3.388792514801025391e+00
2.770000000000000000e+02 3.175951069227140461e-02 7.766485721387863528e-01 3.391083955764770508e+00
2.780000000000000000e+02 3.116901938638977007e-02 7.760441720224379170e-01 3.392878055572509766e+00
2.790000000000000000e+02 3.212880949759426563e-02 7.788020351057126645e-01 3.392836570739746094e+00
2.800000000000000000e+02 2.978374344897611117e-02 7.732721352849730723e-01 3.392453432083129883e+00
2.810000000000000000e+02 2.896913292796653161e-02 7.702491074933699444e-01 3.391438961029052734e+00
2.820000000000000000e+02 3.067044487397148356e-02 7.713827647288369338e-01 3.391212940216064453e+00
2.830000000000000000e+02 3.021028189667699163e-02 7.733097207389826311e-01 3.391334533691406250e+00
2.840000000000000000e+02 3.039604124309545907e-02 7.729750165838772391e-01 3.392155408859252930e+00
2.850000000000000000e+02 3.148426069697227159e-02 7.745847754912683625e-01 3.392174482345581055e+00
2.860000000000000000e+02 3.075603669419935821e-02 7.759219511767996291e-01 3.391461372375488281e+00
2.870000000000000000e+02 2.913495665413708482e-02 7.729582861674464400e-01 3.391804933547973633e+00
2.880000000000000000e+02 3.120060968135199633e-02 7.766082624571686299e-01 3.391160488128662109e+00
2.890000000000000000e+02 3.071120195007260786e-02 7.730017222522257425e-01 3.392270088195800781e+00
2.900000000000000000e+02 3.096503407247492776e-02 7.713872845244177379e-01 3.390666484832763672e+00
2.910000000000000000e+02 3.100961206043816379e-02 7.699471340629212568e-01 3.391827106475830078e+00
2.920000000000000000e+02 3.075048590550132771e-02 7.723498119787318705e-01 3.392289876937866211e+00
2.930000000000000000e+02 2.990442576766574184e-02 7.704652489192258535e-01 3.390740394592285156e+00
2.940000000000000000e+02 3.127772453473293135e-02 7.760516009352922406e-01 3.390731096267700195e+00
2.950000000000000000e+02 3.101148801968644717e-02 7.703392171507852382e-01 3.390522003173828125e+00
2.960000000000000000e+02 3.141276278613629180e-02 7.684589939167708605e-01 3.389835596084594727e+00
2.970000000000000000e+02 3.259057056898567728e-02 7.717699039731139576e-01 3.390177488327026367e+00
2.980000000000000000e+02 3.017464330534024367e-02 7.748051129403852322e-01 3.390340089797973633e+00
2.990000000000000000e+02 2.993428271438145633e-02 7.707375840673031941e-01 3.390754461288452148e+00
3.000000000000000000e+02 3.008881782680769904e-02 7.720866334871921977e-01 3.390677928924560547e+00
3.010000000000000000e+02 3.037828161181004016e-02 7.755552337322602074e-01 3.390451431274414062e+00
3.020000000000000000e+02 3.129732207123365334e-02 7.749603429946632094e-01 3.392150402069091797e+00
3.030000000000000000e+02 3.230894280612693625e-02 7.738774061927027326e-01 3.391852378845214844e+00
3.040000000000000000e+02 3.135379285351932305e-02 7.753303302915354189e-01 3.391556501388549805e+00
3.050000000000000000e+02 3.082610786489060201e-02 7.741801436404875947e-01 3.390178442001342773e+00
3.060000000000000000e+02 3.135861076438914430e-02 7.707584542698239227e-01 3.390124559402465820e+00
3.070000000000000000e+02 3.217350917769735974e-02 7.691595510294517712e-01 3.390244007110595703e+00
3.080000000000000000e+02 3.030754677158939425e-02 7.703423032866499875e-01 3.388694047927856445e+00
3.090000000000000000e+02 3.232512348378049211e-02 7.740464570828031743e-01 3.389174461364746094e+00
3.100000000000000000e+02 3.073471661852630529e-02 7.751892003936088349e-01 3.390183448791503906e+00
3.110000000000000000e+02 3.041539869641789878e-02 7.733445536104449625e-01 3.390393972396850586e+00
3.120000000000000000e+02 3.024158065460029465e-02 7.730848187907496394e-01 3.391111373901367188e+00
3.130000000000000000e+02 2.887918100570373986e-02 7.699789659166859090e-01 3.391527891159057617e+00
3.140000000000000000e+02 2.955232763653993164e-02 7.767395830980006188e-01 3.392310380935668945e+00
3.150000000000000000e+02 2.932947511069241078e-02 7.769810739173579339e-01 3.392066001892089844e+00
3.160000000000000000e+02 3.027391229865732808e-02 7.752946914911510445e-01 3.390796422958374023e+00
3.170000000000000000e+02 3.029488766348294518e-02 7.795778020038977019e-01 3.392013549804687500e+00
3.180000000000000000e+02 3.000025340910219065e-02 7.761085793466819815e-01 3.393342494964599609e+00
3.190000000000000000e+02 3.036939110078622217e-02 7.712120976724892163e-01 3.392435550689697266e+00
3.200000000000000000e+02 3.164970571703953905e-02 7.690093016268492176e-01 3.390755414962768555e+00
3.210000000000000000e+02 3.179728276702738915e-02 7.700193013956022625e-01 3.390194416046142578e+00
3.220000000000000000e+02 3.003939100160115533e-02 7.715432853672179458e-01 3.390921592712402344e+00
3.230000000000000000e+02 2.951177946918744077e-02 7.753766708493047277e-01 3.390629529953002930e+00
3.240000000000000000e+02 3.035054823861190257e-02 7.727855548372892791e-01 3.390163421630859375e+00
3.250000000000000000e+02 3.271158720903438732e-02 7.695522974227061441e-01 3.390944004058837891e+00
3.260000000000000000e+02 3.088265188571869338e-02 7.736328483745064100e-01 3.389907598495483398e+00
3.270000000000000000e+02 3.054777569097125167e-02 7.723993856860261742e-01 3.389616966247558594e+00
3.280000000000000000e+02 3.014806337031366440e-02 7.731733138118265236e-01 3.390398502349853516e+00
3.290000000000000000e+02 3.090859565987697649e-02 7.724859355445308218e-01 3.390101432800292969e+00
3.300000000000000000e+02 3.105766023448800622e-02 7.676431884343615231e-01 3.390341997146606445e+00
3.310000000000000000e+02 2.925064629216937370e-02 7.735748332671398275e-01 3.390491485595703125e+00
3.320000000000000000e+02 3.121124474604227567e-02 7.753853307005879048e-01 3.392178535461425781e+00
3.330000000000000000e+02 3.181965248702700588e-02 7.701764202310905638e-01 3.391014099121093750e+00
3.340000000000000000e+02 3.036186032230537082e-02 7.712327226420052639e-01 3.389270067214965820e+00
3.350000000000000000e+02 3.099530905179597243e-02 7.752595601251832669e-01 3.389033555984497070e+00
3.360000000000000000e+02 3.096879305310465055e-02 7.748141008588266265e-01 3.390507459640502930e+00
3.370000000000000000e+02 2.930860767878028933e-02 7.743526788135961514e-01 3.390011072158813477e+00
3.380000000000000000e+02 3.071291488415745993e-02 7.712646236466301763e-01 3.391039609909057617e+00
3.390000000000000000e+02 3.132796780900760220e-02 7.735074485639537034e-01 3.389926433563232422e+00
3.400000000000000000e+02 3.144878476744343565e-02 7.807269858454648492e-01 3.391825914382934570e+00
3.410000000000000000e+02 3.117519718533695930e-02 7.773628524610739499e-01 3.392575979232788086e+00
3.420000000000000000e+02 3.068049591423578290e-02 7.774760021653466247e-01 3.390842914581298828e+00
3.430000000000000000e+02 3.031929899584347859e-02 7.706705718045373521e-01 3.390681028366088867e+00
3.440000000000000000e+02 2.963155382358048998e-02 7.763211349241498915e-01 3.390421390533447266e+00
3.450000000000000000e+02 2.983789780934644961e-02 7.703670368129181822e-01 3.391352891921997070e+00
3.460000000000000000e+02 3.077007463997037673e-02 7.675844340939889099e-01 3.389441490173339844e+00
3.470000000000000000e+02 3.098734365723552001e-02 7.646538104405367076e-01 3.389388561248779297e+00
3.480000000000000000e+02 3.166715340540891127e-02 7.703334942481270264e-01 3.388365983963012695e+00
3.490000000000000000e+02 2.820711008210429610e-02 7.720931716347573248e-01 3.389680385589599609e+00
3.500000000000000000e+02 3.346644729817119940e-02 7.719923899250469290e-01 3.390160083770751953e+00
3.510000000000000000e+02 3.010077433399126201e-02 7.744407614256533234e-01 3.389635562896728516e+00
3.520000000000000000e+02 2.880246049367662584e-02 7.743009988223826801e-01 3.390031099319458008e+00
3.530000000000000000e+02 2.824488535352207008e-02 7.725577132266269187e-01 3.390490531921386719e+00
3.540000000000000000e+02 2.983654302547549333e-02 7.763353575612250701e-01 3.391254901885986328e+00
3.550000000000000000e+02 2.969051327960839370e-02 7.725340096655456401e-01 3.391607046127319336e+00
3.560000000000000000e+02 3.066806890655733239e-02 7.777976235152754825e-01 3.391309499740600586e+00
3.570000000000000000e+02 3.134510494285880355e-02 7.777963115185752008e-01 3.391076087951660156e+00
3.580000000000000000e+02 2.998186652846581562e-02 7.730333405238316580e-01 3.390514373779296875e+00
3.590000000000000000e+02 3.084323242470586937e-02 7.696358358974465519e-01 3.389959096908569336e+00
3.600000000000000000e+02 3.009688281836386120e-02 7.699390313082327131e-01 3.389112949371337891e+00
3.610000000000000000e+02 2.987091767555580604e-02 7.734763944054687812e-01 3.388558387756347656e+00
3.620000000000000000e+02 3.050871324324134007e-02 7.724524943456759773e-01 3.389836549758911133e+00
3.630000000000000000e+02 3.133508426588863666e-02 7.700291239276865207e-01 3.389370441436767578e+00
3.640000000000000000e+02 3.089221554033560330e-02 7.704010851769707013e-01 3.389825582504272461e+00
3.650000000000000000e+02 3.156355989564216952e-02 7.709129282919855441e-01 3.390094995498657227e+00
3.660000000000000000e+02 3.148718033423777984e-02 7.727970044180776377e-01 3.389806509017944336e+00
3.670000000000000000e+02 3.057803685701669313e-02 7.760709577840229079e-01 3.390814065933227539e+00
3.680000000000000000e+02 2.995781487487764183e-02 7.758786097610100851e-01 3.391632556915283203e+00
3.690000000000000000e+02 2.920329236502526918e-02 7.765858719090314999e-01 3.391204595565795898e+00
3.700000000000000000e+02 3.121864577445255390e-02 7.738460116936380917e-01 3.391066551208496094e+00
3.710000000000000000e+02 3.092225452584155057e-02 7.713999451515506367e-01 3.390987396240234375e+00
3.720000000000000000e+02 3.246863913866059048e-02 7.687530088201264267e-01 3.391001462936401367e+00
3.730000000000000000e+02 3.063439589760905135e-02 7.682145397162812861e-01 3.390975475311279297e+00
3.740000000000000000e+02 3.103347461649776096e-02 7.734629034965028183e-01 3.390306949615478516e+00
3.750000000000000000e+02 2.967016080708456682e-02 7.693314597993456960e-01 3.392953872680664062e+00
3.760000000000000000e+02 3.234854379962011361e-02 7.713184208050797297e-01 3.391816377639770508e+00
3.770000000000000000e+02 3.061840380382339563e-02 7.715514709627384615e-01 3.391152381896972656e+00
3.780000000000000000e+02 3.109278008545132005e-02 7.740312858760809434e-01 3.392302513122558594e+00
3.790000000000000000e+02 3.094530895409890528e-02 7.733062661382170688e-01 3.392505884170532227e+00
3.800000000000000000e+02 3.212194105259457561e-02 7.714840338201095493e-01 3.394022941589355469e+00
3.810000000000000000e+02 3.043337995818430966e-02 7.747856283180126757e-01 3.391239404678344727e+00
3.820000000000000000e+02 3.045869651056283892e-02 7.737797537994477448e-01 3.390836477279663086e+00
3.830000000000000000e+02 3.037245626607952206e-02 7.746773961274473486e-01 3.390146017074584961e+00
3.840000000000000000e+02 3.077959586932286357e-02 7.752492270507735928e-01 3.390242099761962891e+00
3.850000000000000000e+02 2.951691862668800320e-02 7.712600062598901074e-01 3.390413999557495117e+00
3.860000000000000000e+02 3.169580356155247969e-02 7.674308075344367097e-01 3.389935493469238281e+00
3.870000000000000000e+02 3.186584444408652184e-02 7.692886987790940045e-01 3.389205932617187500e+00
3.880000000000000000e+02 3.058934581872911271e-02 7.744611411963707726e-01 3.389280557632446289e+00
3.890000000000000000e+02 3.039445672170705201e-02 7.752071292552796811e-01 3.389958381652832031e+00
3.900000000000000000e+02 3.054710577029820517e-02 7.746668841571260344e-01 3.390626907348632812e+00
3.910000000000000000e+02 3.096116003436741315e-02 7.749928046885369293e-01 3.392835378646850586e+00
3.920000000000000000e+02 3.015078974490898595e-02 7.707928620377426654e-01 3.392682552337646484e+00
3.930000000000000000e+02 3.041252825650513081e-02 7.722209270396763747e-01 3.390519380569458008e+00
3.940000000000000000e+02 3.112225364907814443e-02 7.733437476930962173e-01 3.390893459320068359e+00
3.950000000000000000e+02 3.143508916912298584e-02 7.721186135374717985e-01 3.389401435852050781e+00
3.960000000000000000e+02 3.076467314910811407e-02 7.718855268633463274e-01 3.389933109283447266e+00
3.970000000000000000e+02 3.064912365574287700e-02 7.734180144129919610e-01 3.389759540557861328e+00
3.980000000000000000e+02 3.019179643862097626e-02 7.719850021197770529e-01 3.390860557556152344e+00
