0.000000000000000000e+00 1.897515266258396338e-01 0.000000000000000000e+00 3.003828048706054688e+00
1.000000000000000000e+00 3.955253268158052671e-01 0.000000000000000000e+00 3.134305953979492188e+00
2.000000000000000000e+00 5.234401741983706335e-01 0.000000000000000000e+00 3.211113452911376953e+00
3.000000000000000000e+00 5.944291711026415959e-01 0.000000000000000000e+00 3.256361007690429688e+00
4.000000000000000000e+00 6.370040250582726937e-01 0.000000000000000000e+00 3.283280372619628906e+00
5.000000000000000000e+00 6.698138348078568338e-01 0.000000000000000000e+00 3.300313949584960938e+00
6.000000000000000000e+00 6.810786619130164699e-01 0.000000000000000000e+00 3.311875581741333008e+00
7.000000000000000000e+00 6.818574179375347377e-01 0.000000000000000000e+00 3.317694425582885742e+00
8.000000000000000000e+00 6.848732116530573677e-01 0.000000000000000000e+00 3.319545030593872070e+00
9.000000000000000000e+00 6.897893684261776626e-01 0.000000000000000000e+00 3.320945501327514648e+00
1.000000000000000000e+01 6.919159590595475029e-01 0.000000000000000000e+00 3.323157072067260742e+00
1.100000000000000000e+01 6.948598806996327815e-01 0.000000000000000000e+00 3.324217081069946289e+00
1.200000000000000000e+01 6.927918009559012047e-01 0.000000000000000000e+00 3.324889898300170898e+00
1.300000000000000000e+01 6.907534638691037454e-01 0.000000000000000000e+00 3.324670553207397461e+00
1.400000000000000000e+01 6.918978589742158514e-01 0.000000000000000000e+00 3.323733568191528320e+00
1.500000000000000000e+01 6.948292258173899283e-01 0.000000000000000000e+00 3.324969053268432617e+00
1.600000000000000000e+01 6.932163431511559892e-01 0.000000000000000000e+00 3.325619459152221680e+00
1.700000000000000000e+01 6.937243686227706485e-01 0.000000000000000000e+00 3.324630975723266602e+00
1.800000000000000000e+01 6.927593570741903406e-01 0.000000000000000000e+00 3.325221538543701172e+00
1.900000000000000000e+01 6.904641099837957041e-01 0.000000000000000000e+00 3.324029922485351562e+00
2.000000000000000000e+01 6.931704686443245222e-01 0.000000000000000000e+00 3.322036027908325195e+00
2.100000000000000000e+01 6.906829498965650904e-01 0.000000000000000000e+00 3.322469472885131836e+00
2.200000000000000000e+01 6.942147429003099335e-01 0.000000000000000000e+00 3.322556495666503906e+00
2.300000000000000000e+01 6.931185542419158185e-01 0.000000000000000000e+00 3.323317527770996094e+00
2.400000000000000000e+01 6.944808299925582240e-01 0.000000000000000000e+00 3.323622465133666992e+00
2.500000000000000000e+01 6.903893445921384098e-01 0.000000000000000000e+00 3.325012922286987305e+00
2.600000000000000000e+01 6.908461434621223640e-01 0.000000000000000000e+00 3.323573589324951172e+00
2.700000000000000000e+01 6.902354903215570658e-01 0.000000000000000000e+00 3.323483467102050781e+00
2.800000000000000000e+01 6.962455210627088720e-01 0.000000000000000000e+00 3.322895526885986328e+00
2.900000000000000000e+01 6.965306608123572607e-01 0.000000000000000000e+00 3.324029445648193359e+00
3.000000000000000000e+01 7.004832956459607907e-01 0.000000000000000000e+00 3.324100017547607422e+00
3.100000000000000000e+01 6.954538734817172774e-01 0.000000000000000000e+00 3.324515581130981445e+00
3.200000000000000000e+01 6.924255163510072419e-01 0.000000000000000000e+00 3.324722051620483398e+00
3.300000000000000000e+01 6.914853066187894859e-01 0.000000000000000000e+00 3.323669433593750000e+00
3.400000000000000000e+01 6.935962918125490040e-01 0.000000000000000000e+00 3.324464559555053711e+00
3.500000000000000000e+01 6.919168563921951343e-01 0.000000000000000000e+00 3.325956106185913086e+00
3.600000000000000000e+01 6.911381610355118443e-01 0.000000000000000000e+00 3.325042009353637695e+00
3.700000000000000000e+01 6.934405100119767074e-01 0.000000000000000000e+00 3.324500083923339844e+00
3.800000000000000000e+01 6.920679058961589636e-01 0.000000000000000000e+00 3.325036525726318359e+00
3.900000000000000000e+01 6.916692169257381284e-01 0.000000000000000000e+00 3.325510025024414062e+00
4.000000000000000000e+01 6.969652559494882160e-01 0.000000000000000000e+00 3.325282573699951172e+00
4.100000000000000000e+01 6.975497305214169996e-01 0.000000000000000000e+00 3.326151609420776367e+00
4.200000000000000000e+01 6.973038304720808878e-01 0.000000000000000000e+00 3.326319932937622070e+00
4.300000000000000000e+01 6.944214955593150940e-01 0.000000000000000000e+00 3.325922012329101562e+00
4.400000000000000000e+01 6.940431346439096538e-01 0.000000000000000000e+00 3.325759410858154297e+00
4.500000000000000000e+01 6.919828138717262211e-01 0.000000000000000000e+00 3.325764894485473633e+00
4.600000000000000000e+01 6.917117663991716459e-01 0.000000000000000000e+00 3.324576377868652344e+00
4.700000000000000000e+01 6.919589552465185145e-01 0.000000000000000000e+00 3.324618101119995117e+00
4.800000000000000000e+01 6.980382100148646574e-01 0.000000000000000000e+00 3.324382543563842773e+00
4.900000000000000000e+01 6.981221062115354759e-01 0.000000000000000000e+00 3.326204061508178711e+00
5.000000000000000000e+01 6.979432759627302030e-01 0.000000000000000000e+00 3.326370000839233398e+00
5.100000000000000000e+01 6.925816564778440876e-01 0.000000000000000000e+00 3.327641487121582031e+00
5.200000000000000000e+01 6.899421259365914327e-01 0.000000000000000000e+00 3.326066017150878906e+00
5.300000000000000000e+01 6.910029822201055882e-01 0.000000000000000000e+00 3.323410034179687500e+00
5.400000000000000000e+01 6.943767587916774842e-01 0.000000000000000000e+00 3.324177503585815430e+00
5.500000000000000000e+01 6.951608991765884094e-01 0.000000000000000000e+00 3.325299501419067383e+00
5.600000000000000000e+01 6.988772351308670805e-01 0.000000000000000000e+00 3.325421571731567383e+00
5.700000000000000000e+01 6.946991013521893743e-01 0.000000000000000000e+00 3.326050519943237305e+00
5.800000000000000000e+01 6.938698003863870145e-01 0.000000000000000000e+00 3.326412439346313477e+00
5.900000000000000000e+01 6.935575963626171569e-01 0.000000000000000000e+00 3.324486017227172852e+00
6.000000000000000000e+01 6.951202272016284711e-01 0.000000000000000000e+00 3.324372529983520508e+00
6.100000000000000000e+01 6.921951325395978571e-01 0.000000000000000000e+00 3.324203491210937500e+00
6.200000000000000000e+01 6.962040232369445247e-01 0.000000000000000000e+00 3.323673486709594727e+00
6.300000000000000000e+01 6.961760990268953675e-01 0.000000000000000000e+00 3.325025081634521484e+00
6.400000000000000000e+01 6.933817779864182018e-01 0.000000000000000000e+00 3.323817968368530273e+00
6.500000000000000000e+01 6.880701756904658017e-01 0.000000000000000000e+00 3.323365449905395508e+00
6.600000000000000000e+01 6.901155822185836008e-01 0.000000000000000000e+00 3.322759389877319336e+00
6.700000000000000000e+01 6.940352248694805493e-01 0.000000000000000000e+00 3.322944879531860352e+00
6.800000000000000000e+01 6.905382251744933697e-01 0.000000000000000000e+00 3.324188470840454102e+00
6.900000000000000000e+01 6.942770480014072154e-01 0.000000000000000000e+00 3.324482440948486328e+00
7.000000000000000000e+01 6.929510923917753251e-01 0.000000000000000000e+00 3.325588464736938477e+00
7.100000000000000000e+01 6.931279846550496559e-01 0.000000000000000000e+00 3.325310945510864258e+00
7.200000000000000000e+01 6.911950915594731182e-01 0.000000000000000000e+00 3.324935913085937500e+00
7.300000000000000000e+01 6.924742244812096548e-01 0.000000000000000000e+00 3.323941946029663086e+00
7.400000000000000000e+01 6.921723242331379033e-01 0.000000000000000000e+00 3.324434995651245117e+00
7.500000000000000000e+01 6.940214520459939695e-01 0.000000000000000000e+00 3.324426412582397461e+00
7.600000000000000000e+01 6.930999965759219172e-01 0.000000000000000000e+00 3.324980974197387695e+00
7.700000000000000000e+01 6.913804370796122756e-01 0.000000000000000000e+00 3.325610399246215820e+00
7.800000000000000000e+01 6.895709639864595619e-01 0.000000000000000000e+00 3.325155973434448242e+00
7.900000000000000000e+01 7.007044033819193052e-01 0.000000000000000000e+00 3.325347900390625000e+00
8.000000000000000000e+01 7.007347700860944162e-01 0.000000000000000000e+00 3.326227903366088867e+00
8.100000000000000000e+01 6.988562399538279513e-01 0.000000000000000000e+00 3.326289415359497070e+00
8.200000000000000000e+01 6.940369938394989058e-01 0.000000000000000000e+00 3.325703382492065430e+00
8.300000000000000000e+01 6.969122992876707334e-01 0.000000000000000000e+00 3.324680089950561523e+00
8.400000000000000000e+01 6.945363580568776340e-01 0.000000000000000000e+00 3.324486970901489258e+00
8.500000000000000000e+01 6.983989115249854551e-01 0.000000000000000000e+00 3.324411392211914062e+00
8.600000000000000000e+01 6.940130369761798868e-01 0.000000000000000000e+00 3.325721979141235352e+00
8.700000000000000000e+01 6.934405454638068456e-01 0.000000000000000000e+00 3.324980974197387695e+00
8.800000000000000000e+01 6.930684359146108697e-01 0.000000000000000000e+00 3.325097084045410156e+00
8.900000000000000000e+01 6.947084484108000391e-01 0.000000000000000000e+00 3.324063062667846680e+00
9.000000000000000000e+01 6.975624335719106117e-01 0.000000000000000000e+00 3.324429988861083984e+00
9.100000000000000000e+01 6.998007570091752116e-01 0.000000000000000000e+00 3.326382875442504883e+00
9.200000000000000000e+01 6.914659276122012699e-01 0.000000000000000000e+00 3.326857089996337891e+00
9.300000000000000000e+01 6.922604992041423433e-01 0.000000000000000000e+00 3.324874877929687500e+00
9.400000000000000000e+01 6.946606379206233806e-01 0.000000000000000000e+00 3.325226545333862305e+00
9.500000000000000000e+01 6.974795230279904334e-01 0.000000000000000000e+00 3.324559926986694336e+00
9.600000000000000000e+01 6.945957965966736980e-01 0.000000000000000000e+00 3.324874877929687500e+00
9.700000000000000000e+01 6.929990612198838607e-01 0.000000000000000000e+00 3.324163913726806641e+00
9.800000000000000000e+01 6.921201210543134197e-01 0.000000000000000000e+00 3.323122978210449219e+00
9.900000000000000000e+01 6.880402134765852828e-01 0.000000000000000000e+00 3.324640989303588867e+00
1.000000000000000000e+02 6.935572858710413735e-01 0.000000000000000000e+00 3.323534488677978516e+00
1.010000000000000000e+02 6.943386117147911651e-01 0.000000000000000000e+00 3.325150012969970703e+00
1.020000000000000000e+02 6.959819299820856342e-01 0.000000000000000000e+00 3.324985980987548828e+00
1.030000000000000000e+02 6.931027681137276186e-01 0.000000000000000000e+00 3.325352430343627930e+00
1.040000000000000000e+02 6.950257525927497904e-01 0.000000000000000000e+00 3.325079441070556641e+00
1.050000000000000000e+02 6.943479691390256336e-01 0.000000000000000000e+00 3.324974536895751953e+00
1.060000000000000000e+02 6.960757256823216776e-01 0.000000000000000000e+00 3.324835062026977539e+00
1.070000000000000000e+02 6.957415546983490851e-01 0.000000000000000000e+00 3.324166536331176758e+00
1.080000000000000000e+02 6.960356168424711720e-01 0.000000000000000000e+00 3.326032876968383789e+00
1.090000000000000000e+02 6.952540626903681575e-01 0.000000000000000000e+00 3.325484991073608398e+00
1.100000000000000000e+02 6.904868840256908058e-01 0.000000000000000000e+00 3.327115058898925781e+00
1.110000000000000000e+02 6.893377119332876335e-01 0.000000000000000000e+00 3.325273036956787109e+00
1.120000000000000000e+02 6.915264761150928807e-01 0.000000000000000000e+00 3.324024438858032227e+00
1.130000000000000000e+02 6.918456499775299529e-01 0.000000000000000000e+00 3.324588537216186523e+00
1.140000000000000000e+02 6.866511399580100816e-01 0.000000000000000000e+00 3.324682474136352539e+00
1.150000000000000000e+02 6.885159709786903282e-01 0.000000000000000000e+00 3.323882579803466797e+00
1.160000000000000000e+02 6.886997800420854299e-01 0.000000000000000000e+00 3.324640035629272461e+00
1.170000000000000000e+02 6.872601549569954393e-01 0.000000000000000000e+00 3.324701070785522461e+00
1.180000000000000000e+02 6.930234070014791303e-01 0.000000000000000000e+00 3.323440074920654297e+00
1.190000000000000000e+02 6.953882512919156156e-01 0.000000000000000000e+00 3.325170993804931641e+00
1.200000000000000000e+02 6.948836297430205367e-01 0.000000000000000000e+00 3.326020002365112305e+00
1.210000000000000000e+02 6.946951101788099159e-01 0.000000000000000000e+00 3.325708389282226562e+00
1.220000000000000000e+02 6.907776653374455567e-01 0.000000000000000000e+00 3.325168609619140625e+00
1.230000000000000000e+02 6.949565713442455994e-01 0.000000000000000000e+00 3.324012517929077148e+00
1.240000000000000000e+02 6.915728933762079755e-01 0.000000000000000000e+00 3.326066017150878906e+00
1.250000000000000000e+02 6.916623217424413550e-01 0.000000000000000000e+00 3.324347019195556641e+00
1.260000000000000000e+02 6.962419442957918925e-01 0.000000000000000000e+00 3.325283527374267578e+00
1.270000000000000000e+02 6.949811353117510970e-01 0.000000000000000000e+00 3.324913978576660156e+00
1.280000000000000000e+02 6.967027933610542290e-01 0.000000000000000000e+00 3.324017524719238281e+00
1.290000000000000000e+02 6.936495131612481213e-01 0.000000000000000000e+00 3.324653387069702148e+00
1.300000000000000000e+02 6.962687272442056319e-01 0.000000000000000000e+00 3.324380874633789062e+00
1.310000000000000000e+02 6.985298241212756221e-01 0.000000000000000000e+00 3.324120998382568359e+00
1.320000000000000000e+02 6.982908397720564153e-01 0.000000000000000000e+00 3.325404882431030273e+00
1.330000000000000000e+02 6.921901034054203095e-01 0.000000000000000000e+00 3.326672554016113281e+00
1.340000000000000000e+02 6.912784091496307903e-01 0.000000000000000000e+00 3.325381517410278320e+00
1.350000000000000000e+02 6.934243146057497142e-01 0.000000000000000000e+00 3.325671434402465820e+00
1.360000000000000000e+02 6.951833228232187079e-01 0.000000000000000000e+00 3.325301885604858398e+00
1.370000000000000000e+02 6.963862360412428343e-01 0.000000000000000000e+00 3.326497554779052734e+00
1.380000000000000000e+02 6.916687835008821228e-01 0.000000000000000000e+00 3.325920104980468750e+00
1.390000000000000000e+02 6.884706612423806549e-01 0.000000000000000000e+00 3.324634552001953125e+00
1.400000000000000000e+02 6.962140440384709805e-01 0.000000000000000000e+00 3.323594093322753906e+00
1.410000000000000000e+02 6.982268261541703103e-01 0.000000000000000000e+00 3.325707912445068359e+00
1.420000000000000000e+02 7.014502685253867220e-01 0.000000000000000000e+00 3.326404571533203125e+00
1.430000000000000000e+02 6.985588470121097959e-01 0.000000000000000000e+00 3.326565027236938477e+00
1.440000000000000000e+02 6.993192726752321953e-01 0.000000000000000000e+00 3.325507879257202148e+00
1.450000000000000000e+02 6.959819481853435352e-01 0.000000000000000000e+00 3.326401472091674805e+00
1.460000000000000000e+02 6.944637724372434429e-01 0.000000000000000000e+00 3.325933456420898438e+00
1.470000000000000000e+02 6.891729884670283468e-01 0.000000000000000000e+00 3.324754476547241211e+00
1.480000000000000000e+02 6.925381098318592610e-01 0.000000000000000000e+00 3.322670459747314453e+00
1.490000000000000000e+02 6.921543918473784807e-01 0.000000000000000000e+00 3.323079586029052734e+00
1.500000000000000000e+02 6.909113638132886592e-01 0.000000000000000000e+00 3.324007511138916016e+00
1.510000000000000000e+02 6.929708454642636850e-01 0.000000000000000000e+00 3.324124574661254883e+00
1.520000000000000000e+02 6.920484685806623792e-01 0.000000000000000000e+00 3.324163913726806641e+00
1.530000000000000000e+02 6.971202762774196815e-01 0.000000000000000000e+00 3.324356079101562500e+00
1.540000000000000000e+02 6.954303558497276772e-01 0.000000000000000000e+00 3.326848030090332031e+00
1.550000000000000000e+02 6.935757199615154578e-01 0.000000000000000000e+00 3.325958967208862305e+00
1.560000000000000000e+02 6.958082980963634645e-01 0.000000000000000000e+00 3.325670003890991211e+00
1.570000000000000000e+02 6.924965627915421473e-01 0.000000000000000000e+00 3.325663566589355469e+00
1.580000000000000000e+02 6.930935778817215454e-01 0.000000000000000000e+00 3.324725389480590820e+00
1.590000000000000000e+02 6.978344813225514365e-01 0.000000000000000000e+00 3.326256990432739258e+00
1.600000000000000000e+02 6.964354804975039226e-01 0.000000000000000000e+00 3.327085018157958984e+00
1.610000000000000000e+02 6.927232782325994931e-01 0.000000000000000000e+00 3.326415538787841797e+00
1.620000000000000000e+02 6.932337365864902345e-01 0.000000000000000000e+00 3.325355052947998047e+00
1.630000000000000000e+02 7.000716864774726433e-01 0.000000000000000000e+00 3.325057029724121094e+00
1.640000000000000000e+02 6.937319166605363518e-01 0.000000000000000000e+00 3.324949979782104492e+00
1.650000000000000000e+02 6.895897347570052460e-01 0.000000000000000000e+00 3.324672937393188477e+00
1.660000000000000000e+02 6.944132995665552865e-01 0.000000000000000000e+00 3.324708938598632812e+00
1.670000000000000000e+02 6.919169474501609685e-01 0.000000000000000000e+00 3.325450420379638672e+00
1.680000000000000000e+02 6.966932653411217480e-01 0.000000000000000000e+00 3.325703382492065430e+00
1.690000000000000000e+02 6.969033726039376431e-01 0.000000000000000000e+00 3.325428009033203125e+00
1.700000000000000000e+02 6.931169378972718009e-01 0.000000000000000000e+00 3.325016975402832031e+00
1.710000000000000000e+02 6.929640127089696788e-01 0.000000000000000000e+00 3.325241088867187500e+00
1.720000000000000000e+02 6.917080870838990814e-01 0.000000000000000000e+00 3.324652433395385742e+00
1.730000000000000000e+02 6.915640408316320320e-01 0.000000000000000000e+00 3.325680017471313477e+00
1.740000000000000000e+02 6.930361892578302818e-01 0.000000000000000000e+00 3.325215578079223633e+00
1.750000000000000000e+02 6.941362174096821214e-01 0.000000000000000000e+00 3.324699401855468750e+00
1.760000000000000000e+02 6.912433901531919167e-01 0.000000000000000000e+00 3.324076890945434570e+00
1.770000000000000000e+02 6.934583479622090652e-01 0.000000000000000000e+00 3.323842048645019531e+00
1.780000000000000000e+02 6.913378298736622130e-01 0.000000000000000000e+00 3.324161529541015625e+00
1.790000000000000000e+02 6.943864351755658637e-01 0.000000000000000000e+00 3.323412418365478516e+00
1.800000000000000000e+02 7.008576562162588397e-01 0.000000000000000000e+00 3.323151588439941406e+00
1.810000000000000000e+02 6.956249021870009042e-01 0.000000000000000000e+00 3.323896884918212891e+00
1.820000000000000000e+02 6.942360610614617400e-01 0.000000000000000000e+00 3.324460983276367188e+00
1.830000000000000000e+02 6.945651259145160239e-01 0.000000000000000000e+00 3.325382471084594727e+00
1.840000000000000000e+02 6.903885098073574422e-01 0.000000000000000000e+00 3.325220108032226562e+00
1.850000000000000000e+02 6.891552322623005766e-01 0.000000000000000000e+00 3.324694395065307617e+00
1.860000000000000000e+02 6.869758323365166008e-01 0.000000000000000000e+00 3.324430465698242188e+00
1.870000000000000000e+02 6.856432498953060062e-01 0.000000000000000000e+00 3.323661565780639648e+00
1.880000000000000000e+02 6.951910958788445338e-01 0.000000000000000000e+00 3.323091983795166016e+00
1.890000000000000000e+02 6.917482149412798043e-01 0.000000000000000000e+00 3.324182510375976562e+00
1.900000000000000000e+02 6.930337314260105464e-01 0.000000000000000000e+00 3.323163509368896484e+00
1.910000000000000000e+02 6.902006300537095740e-01 0.000000000000000000e+00 3.323163509368896484e+00
1.920000000000000000e+02 6.912170122167483610e-01 0.000000000000000000e+00 3.321897506713867188e+00
1.930000000000000000e+02 6.947242008599560092e-01 0.000000000000000000e+00 3.322913885116577148e+00
1.940000000000000000e+02 6.934915175556320976e-01 0.000000000000000000e+00 3.323457479476928711e+00
1.950000000000000000e+02 6.918986047539958939e-01 0.000000000000000000e+00 3.324060916900634766e+00
1.960000000000000000e+02 6.970276694978048138e-01 0.000000000000000000e+00 3.324317932128906250e+00
1.970000000000000000e+02 6.936475889331746858e-01 0.000000000000000000e+00 3.324218034744262695e+00
1.980000000000000000e+02 6.937088531594165497e-01 0.000000000000000000e+00 3.323633432388305664e+00
1.990000000000000000e+02 6.908718414922204731e-01 0.000000000000000000e+00 3.323780536651611328e+00
2.000000000000000000e+02 4.049767480331822322e-01 1.928841686985409698e-01 3.004004955291748047e+00
2.010000000000000000e+02 1.975661958869654455e-01 4.021514875537987033e-01 3.135443449020385742e+00
2.020000000000000000e+02 1.001496379907607370e-01 5.251931981112294423e-01 3.212656021118164062e+00
2.030000000000000000e+02 5.699257964161733025e-02 5.963561581728806793e-01 3.257041931152343750e+00
2.040000000000000000e+02 3.850462387629816075e-02 6.349795601436812875e-01 3.283332109451293945e+00
2.050000000000000000e+02 3.259666804716886135e-02 6.631241345574323542e-01 3.298810958862304688e+00
2.060000000000000000e+02 2.971032934538872863e-02 6.713765639167190713e-01 3.308752536773681641e+00
2.070000000000000000e+02 2.919299410477338083e-02 6.820940379480459059e-01 3.314783573150634766e+00
2.080000000000000000e+02 2.679546921732091358e-02 6.835296471612194447e-01 3.318522930145263672e+00
2.090000000000000000e+02 2.675316092354387137e-02 6.874767275706378244e-01 3.320801496505737305e+00
2.100000000000000000e+02 2.724464761368130053e-02 6.857893166554639430e-01 3.322339057922363281e+00
2.110000000000000000e+02 2.889295573026498531e-02 6.915371388376435613e-01 3.322580575942993164e+00
2.120000000000000000e+02 2.763493017625064802e-02 6.860690719692043027e-01 3.323324441909790039e+00
2.130000000000000000e+02 2.786395496747499922e-02 6.937744486120683840e-01 3.322744607925415039e+00
2.140000000000000000e+02 2.801001345894074332e-02 6.885694232147459015e-01 3.323709011077880859e+00
2.150000000000000000e+02 2.685311695847735977e-02 6.851805300542613830e-01 3.323493957519531250e+00
2.160000000000000000e+02 2.791363337635064182e-02 6.886582397828459046e-01 3.324316501617431641e+00
2.170000000000000000e+02 2.685282928563819532e-02 6.953133546021886824e-01 3.324167490005493164e+00
2.180000000000000000e+02 2.801846803965132165e-02 6.917647666468205170e-01 3.323183059692382812e+00
2.190000000000000000e+02 2.861945187168945040e-02 6.918581031242828638e-01 3.322870492935180664e+00
2.200000000000000000e+02 2.759594294186730121e-02 6.932932710745829397e-01 3.323648929595947266e+00
2.210000000000000000e+02 2.713867696619970057e-02 6.962368364756761352e-01 3.324050426483154297e+00
2.220000000000000000e+02 2.704453845318482291e-02 6.961719761796818506e-01 3.325343608856201172e+00
2.230000000000000000e+02 2.671107666611203385e-02 6.936975312663988813e-01 3.324516534805297852e+00
2.240000000000000000e+02 2.767319499049634632e-02 6.915861847896923598e-01 3.323375463485717773e+00
2.250000000000000000e+02 2.651164331403334934e-02 6.926624929070087644e-01 3.323884963989257812e+00
2.260000000000000000e+02 2.750454574621741255e-02 6.924630906316431300e-01 3.324203491210937500e+00
2.270000000000000000e+02 2.875744212017071130e-02 6.948072791914542412e-01 3.323355913162231445e+00
2.280000000000000000e+02 2.700503467605468513e-02 6.912840624233310693e-01 3.324642896652221680e+00
2.290000000000000000e+02 2.821098832522914504e-02 6.917482247723635291e-01 3.324095010757446289e+00
2.300000000000000000e+02 2.581509142488117026e-02 6.937283139786918351e-01 3.323369503021240234e+00
2.310000000000000000e+02 2.593818379087718673e-02 6.931135624576637566e-01 3.324075460433959961e+00
2.320000000000000000e+02 2.738346510833309169e-02 6.908291193194132651e-01 3.324019908905029297e+00
2.330000000000000000e+02 2.770704856005061847e-02 6.891281874584100908e-01 3.323558568954467773e+00
2.340000000000000000e+02 2.805056255731620124e-02 6.921460303651569834e-01 3.324090003967285156e+00
2.350000000000000000e+02 2.809478374707593054e-02 6.904767691239669380e-01 3.324331998825073242e+00
2.360000000000000000e+02 2.769564843634619161e-02 6.906605598359765175e-01 3.324863910675048828e+00
2.370000000000000000e+02 2.757305118344011499e-02 6.932823100581728681e-01 3.325006961822509766e+00
2.380000000000000000e+02 2.716728451772219138e-02 6.952560759377808264e-01 3.322551012039184570e+00
2.390000000000000000e+02 2.670626802599896862e-02 6.923561445407987458e-01 3.324302434921264648e+00
2.400000000000000000e+02 2.818840667787641391e-02 6.925133837547561289e-01 3.324454545974731445e+00
2.410000000000000000e+02 2.855206418622346920e-02 6.949442444641006356e-01 3.325030088424682617e+00
2.420000000000000000e+02 2.749660059461817713e-02 6.929258928027007824e-01 3.325078964233398438e+00
2.430000000000000000e+02 2.973419796196187168e-02 6.940730066193246950e-01 3.325286388397216797e+00
2.440000000000000000e+02 2.709385547179048170e-02 6.933360480195229769e-01 3.326152086257934570e+00
2.450000000000000000e+02 2.754199447076789709e-02 6.933652480200467316e-01 3.325313091278076172e+00
2.460000000000000000e+02 2.606830609716730141e-02 6.889872343606404659e-01 3.325757980346679688e+00
2.470000000000000000e+02 2.728049378730443286e-02 6.903354901609981553e-01 3.324682950973510742e+00
2.480000000000000000e+02 2.778743861858438968e-02 6.933202050391775728e-01 3.323930978775024414e+00
2.490000000000000000e+02 2.794607216823465079e-02 6.901756466558592873e-01 3.323832988739013672e+00
2.500000000000000000e+02 2.713877311002283604e-02 6.897360350259235107e-01 3.323394060134887695e+00
2.510000000000000000e+02 2.749824379932436919e-02 6.898693042223693617e-01 3.323251485824584961e+00
2.520000000000000000e+02 2.641624293143290253e-02 6.858543690376321944e-01 3.323406934738159180e+00
2.530000000000000000e+02 2.860183824173105974e-02 6.929295003968235500e-01 3.321944475173950195e+00
2.540000000000000000e+02 2.822518318357021896e-02 6.957628978068309822e-01 3.323721885681152344e+00
2.550000000000000000e+02 2.824168277427881527e-02 6.927120523797014595e-01 3.323765039443969727e+00
2.560000000000000000e+02 2.798300394732390617e-02 6.954051447300216848e-01 3.325081110000610352e+00
2.570000000000000000e+02 2.709206718557281499e-02 6.970646948848744362e-01 3.325473546981811523e+00
2.580000000000000000e+02 2.801214071458237032e-02 6.975203938327053654e-01 3.325052022933959961e+00
2.590000000000000000e+02 2.825632128483290470e-02 6.969853860147497970e-01 3.324876546859741211e+00
2.600000000000000000e+02 2.675762507132229198e-02 6.958461621228169136e-01 3.325335025787353516e+00
2.610000000000000000e+02 2.835183659254328012e-02 6.944829641910351681e-01 3.325481414794921875e+00
2.620000000000000000e+02 2.767895773413873647e-02 6.961250506423164452e-01 3.325744390487670898e+00
2.630000000000000000e+02 2.861317064487472681e-02 6.978149255725129008e-01 3.325026988983154297e+00
2.640000000000000000e+02 2.715404900440538880e-02 6.954065388601586850e-01 3.326628923416137695e+00
2.650000000000000000e+02 2.703513267696995570e-02 6.853749166634930390e-01 3.325496912002563477e+00
2.660000000000000000e+02 2.689021185086433105e-02 6.882218671511662889e-01 3.322209596633911133e+00
2.670000000000000000e+02 2.742252818613183721e-02 6.934610265844751709e-01 3.322070598602294922e+00
2.680000000000000000e+02 2.656744216839707767e-02 6.896212920623618903e-01 3.323038578033447266e+00
2.690000000000000000e+02 2.712399737345263726e-02 6.886275473027919647e-01 3.322869062423706055e+00
2.700000000000000000e+02 2.761995594016462136e-02 6.940895951475610781e-01 3.323282480239868164e+00
2.710000000000000000e+02 2.683923220657237832e-02 6.901547314261010646e-01 3.324910879135131836e+00
2.720000000000000000e+02 2.807108796785975913e-02 6.954572151632724131e-01 3.324801921844482422e+00
2.730000000000000000e+02 2.737952845034905686e-02 6.958116076212610412e-01 3.325851440429687500e+00
2.740000000000000000e+02 2.581793863125379784e-02 6.957041810083806066e-01 3.325202465057373047e+00
2.750000000000000000e+02 2.811442621725436519e-02 6.948996203730873900e-01 3.324856042861938477e+00
2.760000000000000000e+02 2.704499307800574057e-02 6.975366936786489003e-01 3.324572086334228516e+00
2.770000000000000000e+02 2.892025408179365806e-02 6.967902260251643831e-01 3.324707984924316406e+00
2.780000000000000000e+02 2.843411431356934749e-02 6.956353604564464721e-01 3.324034452438354492e+00
2.790000000000000000e+02 2.859010041160795282e-02 6.917465078742321971e-01 3.324182510375976562e+00
2.800000000000000000e+02 2.918877160952488073e-02 6.887239128754214512e-01 3.322853088378906250e+00
2.810000000000000000e+02 2.834254191223136571e-02 6.921425928480584577e-01 3.323231458663940430e+00
2.820000000000000000e+02 2.760326805737523675e-02 6.950960137923177795e-01 3.324740886688232422e+00
2.830000000000000000e+02 2.764348250254899247e-02 6.940111023335627793e-01 3.324631452560424805e+00
2.840000000000000000e+02 2.605293383706136501e-02 6.919199328854895858e-01 3.325438499450683594e+00
2.850000000000000000e+02 2.714013027787749374e-02 6.919165318984590307e-01 3.324667453765869141e+00
2.860000000000000000e+02 2.712667374458170577e-02 6.942594097917030860e-01 3.325069427490234375e+00
2.870000000000000000e+02 2.789736238470254606e-02 6.960682219051222974e-01 3.324901580810546875e+00
2.880000000000000000e+02 2.659867347226094539e-02 6.969125498070392055e-01 3.325607061386108398e+00
2.890000000000000000e+02 2.913478013779823017e-02 6.959084598442170089e-01 3.325947999954223633e+00
2.900000000000000000e+02 2.823081304954566315e-02 6.937544991909935232e-01 3.324393510818481445e+00
2.910000000000000000e+02 2.889999053929378711e-02 6.919306594821480472e-01 3.323115587234497070e+00
2.920000000000000000e+02 2.650409931336370623e-02 6.938410845646983960e-01 3.323402404785156250e+00
2.930000000000000000e+02 2.798911406134308236e-02 6.948744777980752074e-01 3.324172496795654297e+00
2.940000000000000000e+02 2.725652036983194568e-02 6.972933161426854154e-01 3.323545932769775391e+00
2.950000000000000000e+02 2.763838277656614772e-02 6.984237556434428340e-01 3.324881553649902344e+00
2.960000000000000000e+02 2.588325498281417170e-02 6.974589822471645162e-01 3.325357437133789062e+00
2.970000000000000000e+02 2.556135287439449677e-02 6.999494398765545577e-01 3.325360059738159180e+00
2.980000000000000000e+02 2.894467266827606411e-02 6.953670561143462381e-01 3.325480461120605469e+00
2.990000000000000000e+02 2.806595149675993744e-02 6.912717289644750851e-01 3.325330972671508789e+00
3.000000000000000000e+02 2.668523600550143024e-02 6.888956654560506321e-01 3.323814392089843750e+00
3.010000000000000000e+02 2.762981838505037049e-02 6.855850881434712996e-01 3.323456048965454102e+00
3.020000000000000000e+02 2.835060528303977312e-02 6.865478821434871648e-01 3.322798967361450195e+00
3.030000000000000000e+02 2.770145014894803345e-02 6.918417980955878788e-01 3.322549581527709961e+00
3.040000000000000000e+02 2.811343914102132358e-02 6.963424573411903795e-01 3.324059486389160156e+00
3.050000000000000000e+02 2.681290518102999801e-02 6.906352158780619810e-01 3.324846506118774414e+00
3.060000000000000000e+02 2.703005400220192742e-02 6.941067061127956794e-01 3.324740409851074219e+00
3.070000000000000000e+02 2.859801188451459308e-02 6.943945214281561640e-01 3.324388027191162109e+00
3.080000000000000000e+02 2.741819287907909866e-02 6.965221215535838395e-01 3.323793411254882812e+00
3.090000000000000000e+02 2.676612680078625447e-02 6.930961862441478161e-01 3.325281381607055664e+00
3.100000000000000000e+02 2.805419710127748587e-02 6.933018539982722661e-01 3.325512409210205078e+00
3.110000000000000000e+02 2.964760082086399448e-02 6.902621690288807121e-01 3.325818061828613281e+00
3.120000000000000000e+02 2.817114521825294857e-02 6.942954259227187563e-01 3.324735879898071289e+00
3.130000000000000000e+02 2.652640184592592806e-02 6.939570246255996055e-01 3.326010465621948242e+00
3.140000000000000000e+02 2.841466593571132307e-02 6.947243475462308027e-01 3.325635910034179688e+00
3.150000000000000000e+02 2.708490179353800070e-02 6.951373262969300360e-01 3.325109958648681641e+00
3.160000000000000000e+02 2.729327250993879642e-02 6.888513546233647755e-01 3.323875904083251953e+00
3.170000000000000000e+02 2.716711354769084721e-02 6.906056559142796925e-01 3.323698520660400391e+00
3.180000000000000000e+02 2.678608420955828906e-02 6.849944196442810940e-01 3.324392557144165039e+00
3.190000000000000000e+02 2.569527941883275809e-02 6.901622213227404101e-01 3.322442054748535156e+00
3.200000000000000000e+02 2.681475730127893045e-02 6.903477747423353295e-01 3.321876525878906250e+00
3.210000000000000000e+02 2.704585116996956196e-02 6.899414061198190229e-01 3.322454452514648438e+00
3.220000000000000000e+02 2.785917686677132077e-02 6.896405489638183228e-01 3.322649478912353516e+00
3.230000000000000000e+02 2.749077756436826489e-02 6.948187496396888152e-01 3.322494506835937500e+00
3.240000000000000000e+02 2.714444925945475734e-02 6.925630100633076713e-01 3.323708534240722656e+00
3.250000000000000000e+02 2.712639995994854669e-02 6.915393440675497994e-01 3.324415445327758789e+00
3.260000000000000000e+02 2.768062425765492607e-02 6.947258316327868943e-01 3.323901891708374023e+00
3.270000000000000000e+02 2.735311893459797111e-02 6.918416448759809878e-01 3.324540376663208008e+00
3.280000000000000000e+02 2.703753660369196885e-02 6.914164338895789630e-01 3.323533058166503906e+00
3.290000000000000000e+02 2.805144933266381230e-02 6.915481258478534121e-01 3.322866916656494141e+00
3.300000000000000000e+02 2.765458473442800047e-02 6.896888221557855303e-01 3.323689937591552734e+00
3.310000000000000000e+02 2.709815963051201426e-02 6.916880493988739609e-01 3.323765993118286133e+00
3.320000000000000000e+02 2.880049477778877029e-02 6.912387538614098714e-01 3.324176549911499023e+00
3.330000000000000000e+02 2.713627851788181014e-02 6.913406502045221780e-01 3.324065923690795898e+00
3.340000000000000000e+02 2.713287077196431529e-02 6.969014809704875413e-01 3.324806928634643555e+00
3.350000000000000000e+02 2.867114545863347352e-02 6.959611438890765944e-01 3.324678421020507812e+00
3.360000000000000000e+02 2.767462334860271503e-02 6.928510035238346632e-01 3.325905561447143555e+00
3.370000000000000000e+02 2.787742101648620074e-02 6.924204531064084289e-01 3.324717521667480469e+00
3.380000000000000000e+02 2.721822658880619986e-02 6.932562621871113384e-01 3.324514389038085938e+00
3.390000000000000000e+02 2.867673299043898422e-02 6.936587846610497987e-01 3.325213909149169922e+00
3.400000000000000000e+02 2.864101386427722606e-02 6.926434753394636878e-01 3.325273036956787109e+00
3.410000000000000000e+02 2.819265151979356149e-02 6.880905259485936565e-01 3.324773550033569336e+00
3.420000000000000000e+02 2.617761292410877502e-02 6.929245840835552839e-01 3.323808908462524414e+00
3.430000000000000000e+02 2.780085767193962720e-02 6.973118051172074727e-01 3.325192451477050781e+00
3.440000000000000000e+02 2.759473910070820574e-02 6.932635668554314456e-01 3.326422452926635742e+00
3.450000000000000000e+02 2.763975580762487519e-02 6.971653165158263610e-01 3.324815034866333008e+00
3.460000000000000000e+02 2.725609005225946777e-02 6.948970955459428112e-01 3.325043916702270508e+00
3.470000000000000000e+02 2.792485051739777152e-02 6.975197805078922064e-01 3.324841976165771484e+00
3.480000000000000000e+02 2.638803932472140804e-02 6.978205239697062856e-01 3.324449539184570312e+00
3.490000000000000000e+02 2.623663390932850017e-02 6.909706832305333446e-01 3.325286388397216797e+00
3.500000000000000000e+02 2.592694395782107336e-02 6.948819296594506145e-01 3.324779987335205078e+00
3.510000000000000000e+02 2.735731575606276458e-02 6.995480454809511750e-01 3.324898004531860352e+00
3.520000000000000000e+02 2.720622891226933196e-02 7.019614811991958803e-01 3.324779987335205078e+00
3.530000000000000000e+02 2.763186527398543701e-02 6.996403373841690865e-01 3.325856924057006836e+00
3.540000000000000000e+02 2.815868457954138343e-02 6.980124836554779666e-01 3.325899600982666016e+00
3.550000000000000000e+02 2.828173223655718396e-02 6.943021716834394397e-01 3.326505422592163086e+00
3.560000000000000000e+02 2.780120298785082253e-02 6.924750536958598213e-01 3.325932025909423828e+00
3.570000000000000000e+02 2.598954061902819870e-02 6.970161420129599161e-01 3.325210094451904297e+00
3.580000000000000000e+02 2.812756265867260783e-02 6.955201428265258556e-01 3.325129032135009766e+00
3.590000000000000000e+02 2.690286681149347756e-02 6.943584477904489738e-01 3.324726104736328125e+00
3.600000000000000000e+02 2.719669112354473894e-02 6.965899318191148826e-01 3.323904991149902344e+00
3.610000000000000000e+02 2.763161036576848237e-02 6.921461466577248922e-01 3.324269533157348633e+00
3.620000000000000000e+02 2.956940801448261491e-02 6.913835515240259744e-01 3.323499917984008789e+00
3.630000000000000000e+02 2.764499769263690718e-02 6.994725195629482029e-01 3.323451995849609375e+00
3.640000000000000000e+02 2.865155835117119687e-02 6.980905973362599992e-01 3.324459075927734375e+00
3.650000000000000000e+02 2.860463557144344790e-02 6.954189831785586584e-01 3.323777437210083008e+00
3.660000000000000000e+02 2.690655649269899780e-02 6.935273706243290093e-01 3.324052572250366211e+00
3.670000000000000000e+02 2.837251403968105157e-02 6.951023351303332598e-01 3.323721885681152344e+00
3.680000000000000000e+02 2.572000953851209110e-02 6.934064197402490803e-01 3.323843002319335938e+00
3.690000000000000000e+02 2.726028179807931523e-02 6.934456984890320363e-01 3.324237585067749023e+00
3.700000000000000000e+02 2.802023815644744814e-02 6.916614000245351335e-01 3.324202060699462891e+00
3.710000000000000000e+02 2.842829603361330532e-02 6.889025839883833324e-01 3.323044061660766602e+00
3.720000000000000000e+02 2.792405652639028124e-02 6.891035591297537399e-01 3.322722434997558594e+00
3.730000000000000000e+02 2.765747307102220040e-02 6.888040884120999463e-01 3.322359561920166016e+00
3.740000000000000000e+02 2.786173703643572350e-02 6.941410847825753017e-01 3.322695016860961914e+00
3.750000000000000000e+02 2.696150898266750848e-02 6.929736367829032462e-01 3.325206518173217773e+00
3.760000000000000000e+02 2.721834914744525324e-02 6.943642814841369804e-01 3.325124979019165039e+00
3.770000000000000000e+02 2.802199062006518679e-02 6.924559855392632413e-01 3.324377059936523438e+00
3.780000000000000000e+02 2.782107577858148814e-02 6.929799945543215767e-01 3.324159383773803711e+00
3.790000000000000000e+02 2.893964492163666330e-02 6.927575738986777587e-01 3.324542522430419922e+00
3.800000000000000000e+02 2.656815073948718200e-02 6.938666024334217974e-01 3.324168443679809570e+00
3.810000000000000000e+02 2.701449861477677947e-02 6.891175935115736451e-01 3.325405597686767578e+00
3.820000000000000000e+02 2.715804843875328084e-02 6.937451794569813313e-01 3.323762893676757812e+00
3.830000000000000000e+02 2.776804196056194968e-02 6.982926233490787116e-01 3.324821472167968750e+00
3.840000000000000000e+02 2.749795950316835658e-02 6.962654900357798660e-01 3.326212882995605469e+00
3.850000000000000000e+02 2.744095434372183923e-02 6.984936187969997823e-01 3.325442075729370117e+00
3.860000000000000000e+02 2.801019083668372656e-02 6.962064251989655839e-01 3.325592994689941406e+00
3.870000000000000000e+02 2.778543707507557733e-02 6.976608224011067172e-01 3.325812578201293945e+00
3.880000000000000000e+02 2.790445619305022620e-02 6.980134196830569682e-01 3.325533390045166016e+00
3.890000000000000000e+02 2.709499790738228303e-02 6.986898799017409178e-01 3.325070381164550781e+00
3.900000000000000000e+02 2.742771997972998088e-02 6.984839742162964882e-01 3.325446605682373047e+00
3.910000000000000000e+02 2.764098500090862373e-02 6.952316721077136386e-01 3.325985908508300781e+00
3.920000000000000000e+02 2.972093947821832088e-02 6.952806796107364740e-01 3.325434923171997070e+00
3.930000000000000000e+02 3.024122695333779365e-02 6.962050607159422366e-01 3.325756549835205078e+00
3.940000000000000000e+02 2.771911399701901257e-02 6.949186705592829139e-01 3.325646877288818359e+00
3.950000000000000000e+02 2.769125662317266715e-02 6.990991049010444325e-01 3.325448036193847656e+00
3.960000000000000000e+02 2.789677103721883641e-02 6.938907578507067520e-01 3.325279951095581055e+00
3.970000000000000000e+02 2.754612174021379284e-02 6.968381414712804256e-01 3.324244499206542969e+00
3.980000000000000000e+02 2.751509744037358013e-02 6.947351448208399782e-01 3.324454545974731445e+00
