0.000000000000000000e+00 8.934794801453841903e-03 7.607849830491276305e-03 5.998159790039061967e+00
1.000000000000000000e+00 1.124923951123051394e-02 8.351086728630474285e-03 6.104399871826171164e+00
2.000000000000000000e+00 1.250468890723372209e-02 8.089329118872432001e-03 6.200899982452392933e+00
3.000000000000000000e+00 1.524906791084344217e-02 8.739805846424558711e-03 6.285179901123045809e+00
4.000000000000000000e+00 1.765594447074378404e-02 8.268213298610176468e-03 6.366279888153075994e+00
5.000000000000000000e+00 1.955019916439866556e-02 8.124604992658983338e-03 6.440139770507812500e+00
6.000000000000000000e+00 2.315750954555025748e-02 8.868380194441563905e-03 6.507959842681884766e+00
7.000000000000000000e+00 2.668220351611788263e-02 8.544517310801469367e-03 6.567719745635986150e+00
8.000000000000000000e+00 2.883908962511091273e-02 8.089570491489415927e-03 6.636299800872802912e+00
9.000000000000000000e+00 3.341749910102126409e-02 7.590897643310874285e-03 6.697639942169190341e+00
1.000000000000000000e+01 3.724192393252974409e-02 8.368350963321381092e-03 6.753159809112549539e+00
1.100000000000000000e+01 4.054098728836320192e-02 8.291096366641379986e-03 6.813159847259521840e+00
1.200000000000000000e+01 4.489808245009538346e-02 7.391014102320661062e-03 6.873479747772217152e+00
1.300000000000000000e+01 4.800213731621376378e-02 7.214656091630958744e-03 6.928319740295410867e+00
1.400000000000000000e+01 5.243718791674581436e-02 7.440224865920845067e-03 6.976899814605713068e+00
1.500000000000000000e+01 5.665988319585728988e-02 7.393323585161870604e-03 7.028119850158692117e+00
1.600000000000000000e+01 6.071497091141930119e-02 8.691540797181243963e-03 7.076959800720214133e+00
1.700000000000000000e+01 6.471904328155934916e-02 8.747067302951560402e-03 7.121819782257079900e+00
1.800000000000000000e+01 6.842644395072237928e-02 7.592458369264136475e-03 7.165339851379393998e+00
1.900000000000000000e+01 7.260606246583792278e-02 7.309029876126235670e-03 7.208999824523925959e+00
2.000000000000000000e+01 7.579799898684440318e-02 7.972178169879291093e-03 7.252059841156006215e+00
2.100000000000000000e+01 7.982861147788368472e-02 8.251617296413630773e-03 7.290599727630614701e+00
2.200000000000000000e+01 8.627178259655225723e-02 7.660314243158325605e-03 7.329259872436523438e+00
2.300000000000000000e+01 9.023550314404799044e-02 8.322340496831327067e-03 7.374019813537598722e+00
2.400000000000000000e+01 9.413732808367240856e-02 8.476784882186182840e-03 7.417079830169678090e+00
2.500000000000000000e+01 9.856284663585539174e-02 8.274087983666317953e-03 7.450319862365722301e+00
2.600000000000000000e+01 1.023572790446064806e-01 8.847033955317624293e-03 7.485239791870117898e+00
2.700000000000000000e+01 1.068203778935341020e-01 8.429452323535799318e-03 7.522339916229248580e+00
2.800000000000000000e+01 1.114951642101962848e-01 8.246370924088690380e-03 7.555819797515868963e+00
2.900000000000000000e+01 1.158450026274062544e-01 8.193221413304118891e-03 7.589159774780274148e+00
3.000000000000000000e+01 1.187041797728740355e-01 8.154712924615220918e-03 7.622459888458252841e+00
3.100000000000000000e+01 1.217967608966926130e-01 7.920835567173767355e-03 7.644859790802001953e+00
3.200000000000000000e+01 1.271782514575516554e-01 6.921061825391090598e-03 7.671339797973632635e+00
3.300000000000000000e+01 1.313691157838477175e-01 7.742713277906833856e-03 7.705659770965575639e+00
3.400000000000000000e+01 1.348537980491454347e-01 8.011624242944513641e-03 7.731999778747558061e+00
3.500000000000000000e+01 1.395775458088303334e-01 7.664115424383784181e-03 7.760259723663329723e+00
3.600000000000000000e+01 1.430790517391610228e-01 7.860610054932836571e-03 7.786079788208007280e+00
3.700000000000000000e+01 1.462831942799745211e-01 7.838555775489704225e-03 7.812279796600342330e+00
3.800000000000000000e+01 1.498830611237255417e-01 7.275590532786086265e-03 7.833339881896972834e+00
3.900000000000000000e+01 1.529669273624485737e-01 8.081459673297368418e-03 7.853919792175292791e+00
4.000000000000000000e+01 1.569072985280548227e-01 8.594178929095242642e-03 7.876059818267821200e+00
4.100000000000000000e+01 1.593122913313098632e-01 8.090999900366555378e-03 7.898999786376952770e+00
4.200000000000000000e+01 1.637823554391242276e-01 8.341495263077385383e-03 7.919999790191649680e+00
4.300000000000000000e+01 1.670242683776342330e-01 8.307218942645907406e-03 7.945599937438965199e+00
4.400000000000000000e+01 1.705431931251108202e-01 8.112227538808471430e-03 7.967579650878906072e+00
4.500000000000000000e+01 1.734264683467819923e-01 7.754353842073994155e-03 7.987219905853271129e+00
4.600000000000000000e+01 1.771381794117477260e-01 8.930001062492792102e-03 8.005399799346923473e+00
4.700000000000000000e+01 1.789500125111972706e-01 8.229705179192105952e-03 8.023439884185791016e+00
4.800000000000000000e+01 1.826510723736483044e-01 7.813073889361737273e-03 8.039759635925292969e+00
4.900000000000000000e+01 1.855721054343073273e-01 8.708554252582980867e-03 8.057099914550782671e+00
5.000000000000000000e+01 1.885184656567879813e-01 8.727491270210576552e-03 8.076099967956542613e+00
5.100000000000000000e+01 1.914983561457032635e-01 8.243115772841090247e-03 8.093859672546386719e+00
5.200000000000000000e+01 1.935904254908790978e-01 9.014545050362509845e-03 8.109199905395508168e+00
5.300000000000000000e+01 1.966666801336204307e-01 8.223108312618406662e-03 8.122899818420410867e+00
5.400000000000000000e+01 1.983227482369745165e-01 9.360207379820966941e-03 8.138099861145018821e+00
5.500000000000000000e+01 2.024167880224471139e-01 8.631912510149388276e-03 8.154599761962890270e+00
5.600000000000000000e+01 2.060937130046004429e-01 8.711619364208181282e-03 8.173819923400879262e+00
5.700000000000000000e+01 2.087228224177246072e-01 8.141004535430183126e-03 8.194019889831542613e+00
5.800000000000000000e+01 2.120411135364959343e-01 9.028760005428628291e-03 8.207499885559082387e+00
5.900000000000000000e+01 2.144063796174539571e-01 9.051857749995036520e-03 8.222899818420410512e+00
6.000000000000000000e+01 2.170465651065681956e-01 8.926291911172043458e-03 8.237199592590332742e+00
6.100000000000000000e+01 2.198016243996905872e-01 9.085650405505588112e-03 8.249979782104492898e+00
6.200000000000000000e+01 2.202805219557940342e-01 8.334852083624662983e-03 8.264979743957519887e+00
6.300000000000000000e+01 2.222206384074880692e-01 8.140519698276706129e-03 8.266379737854002485e+00
6.400000000000000000e+01 2.239840838960676650e-01 8.048860063036714432e-03 8.276819801330566051e+00
6.500000000000000000e+01 2.268330118371213178e-01 7.753325516710385563e-03 8.287859916687011719e+00
6.600000000000000000e+01 2.298470215859687027e-01 7.855541187889752974e-03 8.301319885253906961e+00
6.700000000000000000e+01 2.313750966317385527e-01 7.931435265600122325e-03 8.313399696350096235e+00
6.800000000000000000e+01 2.333223610536660220e-01 8.258686952002197018e-03 8.321779823303224077e+00
6.900000000000000000e+01 2.371851835537500675e-01 8.804847329544306100e-03 8.333559989929199219e+00
7.000000000000000000e+01 2.395103962056615299e-01 8.953362529581294915e-03 8.348839950561522727e+00
7.100000000000000000e+01 2.419244594414076688e-01 8.666343801325448667e-03 8.363379859924316762e+00
7.200000000000000000e+01 2.433472574315400372e-01 8.329678321314631234e-03 8.373199653625489347e+00
7.300000000000000000e+01 2.452942431802567769e-01 8.276874962952521578e-03 8.386079597473145242e+00
7.400000000000000000e+01 2.475497959628895628e-01 8.764880211544083533e-03 8.389979743957519887e+00
7.500000000000000000e+01 2.498224919214288853e-01 8.337134715189436704e-03 8.400480079650877840e+00
7.600000000000000000e+01 2.515788922833772645e-01 8.146632988643124837e-03 8.410979843139648082e+00
7.700000000000000000e+01 2.537795078776524660e-01 7.999531431914463225e-03 8.418700027465819247e+00
7.800000000000000000e+01 2.567148099872448297e-01 7.419592211551260044e-03 8.426699638366699219e+00
7.900000000000000000e+01 2.584601271843002812e-01 8.355953580360082206e-03 8.441939735412598012e+00
8.000000000000000000e+01 2.606036417408906791e-01 8.681912813539235940e-03 8.449359893798828125e+00
8.100000000000000000e+01 2.617087634522280437e-01 8.467416784360810855e-03 8.460399627685546875e+00
8.200000000000000000e+01 2.635355620126867970e-01 9.143706050132991217e-03 8.465799903869628551e+00
8.300000000000000000e+01 2.645427809296858057e-01 8.819004540808606310e-03 8.473639869689941762e+00
8.400000000000000000e+01 2.657230111542631112e-01 7.482431145124716389e-03 8.481799697875976207e+00
8.500000000000000000e+01 2.675029306074502844e-01 8.801897826751751627e-03 8.482639884948731890e+00
8.600000000000000000e+01 2.685326377882886750e-01 8.913416918723366875e-03 8.488559722900390625e+00
8.700000000000000000e+01 2.705473094448088700e-01 8.589379524823290146e-03 8.496279716491699219e+00
8.800000000000000000e+01 2.705557095987672911e-01 7.983130474296966025e-03 8.506419754028319957e+00
8.900000000000000000e+01 2.724180989136352760e-01 9.129950633566953633e-03 8.510339546203612215e+00
9.000000000000000000e+01 2.734063007823982483e-01 7.894172679469183690e-03 8.516239738464355113e+00
9.100000000000000000e+01 2.758484481940784994e-01 8.054070810510788672e-03 8.519319725036620383e+00
9.200000000000000000e+01 2.760474256020328254e-01 8.534589444450752654e-03 8.531019783020019176e+00
9.300000000000000000e+01 2.757996288613278058e-01 8.395049318608550915e-03 8.531599807739256747e+00
9.400000000000000000e+01 2.789763637553189235e-01 8.585438297825646881e-03 8.533859825134276988e+00
9.500000000000000000e+01 2.803865364422990503e-01 8.721271824385498292e-03 8.545839691162109730e+00
9.600000000000000000e+01 2.822256672096156715e-01 8.350267976264365982e-03 8.548999595642088778e+00
9.700000000000000000e+01 2.839970654338057066e-01 8.074271533436571877e-03 8.556479644775391691e+00
9.800000000000000000e+01 2.874515628272069079e-01 8.211933283330519889e-03 8.567199897766112571e+00
9.900000000000000000e+01 2.888109013487216159e-01 8.246500338947856251e-03 8.575859642028808238e+00
1.000000000000000000e+02 2.894640531174584308e-01 7.337151941038403541e-03 8.579299926757810724e+00
1.010000000000000000e+02 2.903587475314648447e-01 7.342138953891970410e-03 8.592079734802245738e+00
1.020000000000000000e+02 2.906402163436967445e-01 8.330610964611854380e-03 8.595660018920897372e+00
1.030000000000000000e+02 2.916944403074317460e-01 8.303276622427293793e-03 8.597159767150879262e+00
1.040000000000000000e+02 2.932230963112502087e-01 7.930321428999343586e-03 8.604639816284178622e+00
1.050000000000000000e+02 2.955115818554543972e-01 8.310142419960614424e-03 8.614559936523438211e+00
1.060000000000000000e+02 2.956335515564101901e-01 8.110148700162430821e-03 8.618159675598144887e+00
1.070000000000000000e+02 2.957997885503659274e-01 7.984370629810196365e-03 8.622379875183106890e+00
1.080000000000000000e+02 2.953790996958350901e-01 7.997623246745123177e-03 8.623119735717773793e+00
1.090000000000000000e+02 2.956950283902995968e-01 8.371284361580419789e-03 8.620939826965331676e+00
1.100000000000000000e+02 2.969487705129225108e-01 8.094635796662830521e-03 8.623559761047362215e+00
1.110000000000000000e+02 2.975662085813505775e-01 8.539823112102487221e-03 8.626519775390626421e+00
1.120000000000000000e+02 2.974377009216426226e-01 7.899087787093465873e-03 8.631259727478026278e+00
1.130000000000000000e+02 2.978274248260588397e-01 7.773393171408457709e-03 8.631739807128905539e+00
1.140000000000000000e+02 3.000428912441955309e-01 8.057668205550351515e-03 8.637439727783203125e+00
1.150000000000000000e+02 3.014628266090286224e-01 8.523362061334020801e-03 8.642099761962890980e+00
1.160000000000000000e+02 3.020343765627456212e-01 7.599165047604369838e-03 8.646639823913574219e+00
1.170000000000000000e+02 3.019215355988019156e-01 7.756116639159886875e-03 8.649019622802734730e+00
1.180000000000000000e+02 3.026004747566656827e-01 7.466184011410900712e-03 8.646899604797363637e+00
1.190000000000000000e+02 3.024021559382205626e-01 8.527189477448748195e-03 8.650359725952148082e+00
1.200000000000000000e+02 3.027367522511904552e-01 7.998746134848289807e-03 8.649799919128417613e+00
1.210000000000000000e+02 3.010456410215115453e-01 8.174916440872386295e-03 8.652479743957519176e+00
1.220000000000000000e+02 3.032526189437125819e-01 7.790000443101213756e-03 8.645179557800291903e+00
1.230000000000000000e+02 3.014498160778263935e-01 7.783456640172944398e-03 8.646599769592285156e+00
1.240000000000000000e+02 3.013685628259143434e-01 7.359019124823607677e-03 8.645619773864746449e+00
1.250000000000000000e+02 3.021706968131573356e-01 8.360538437361317993e-03 8.644679832458496804e+00
1.260000000000000000e+02 3.024261464309052072e-01 7.496497341484622233e-03 8.642519760131836648e+00
1.270000000000000000e+02 3.024022215332978769e-01 7.934922088905426926e-03 8.645419883728028054e+00
1.280000000000000000e+02 3.029748732469627615e-01 7.582825352560202022e-03 8.647479820251465554e+00
1.290000000000000000e+02 3.045110206620373905e-01 8.184181929432661484e-03 8.651379966735840199e+00
1.300000000000000000e+02 3.041730940248739135e-01 8.638187548085729875e-03 8.651559638977051492e+00
1.310000000000000000e+02 3.043631777235999425e-01 7.901566527497615525e-03 8.652579689025879262e+00
1.320000000000000000e+02 3.045239177428037958e-01 8.537328300727621902e-03 8.656539916992187500e+00
1.330000000000000000e+02 3.057460844769784303e-01 7.065330944171975720e-03 8.655919837951660867e+00
1.340000000000000000e+02 3.071566347646987327e-01 6.954065373031194201e-03 8.653379631042479758e+00
1.350000000000000000e+02 3.074449609900321012e-01 7.015911780262053428e-03 8.660820007324218750e+00
1.360000000000000000e+02 3.085688652369857343e-01 7.235252863377799985e-03 8.666899871826171164e+00
1.370000000000000000e+02 3.086040506278231454e-01 8.000448300130599474e-03 8.672599983215333097e+00
1.380000000000000000e+02 3.101695126275008652e-01 7.371681425614144342e-03 8.676459884643554332e+00
1.390000000000000000e+02 3.113038774342102299e-01 7.879358715615647837e-03 8.676639747619629972e+00
1.400000000000000000e+02 3.120861595343065176e-01 7.992761970482402042e-03 8.681899642944335582e+00
1.410000000000000000e+02 3.112554263363177531e-01 7.992732880199290846e-03 8.686079597473144176e+00
1.420000000000000000e+02 3.124304951568055433e-01 8.111455200345516273e-03 8.685159873962403410e+00
1.430000000000000000e+02 3.136761264800402293e-01 8.014307234056185919e-03 8.691620063781737571e+00
1.440000000000000000e+02 3.131404764426737319e-01 7.407181495960760836e-03 8.697719764709471946e+00
1.450000000000000000e+02 3.127088646371345426e-01 8.365175763774851392e-03 8.692859840393067472e+00
1.460000000000000000e+02 3.131989444330691152e-01 7.028796427456165431e-03 8.695619773864745383e+00
1.470000000000000000e+02 3.147868925378149441e-01 6.754230408414470602e-03 8.695879745483399148e+00
1.480000000000000000e+02 3.125185174038832558e-01 8.423838154416692439e-03 8.701979827880858664e+00
1.490000000000000000e+02 3.134684751074602871e-01 8.375712303187125146e-03 8.696920013427734020e+00
1.500000000000000000e+02 3.135646056866264741e-01 7.737442846634766391e-03 8.698819923400877840e+00
1.510000000000000000e+02 3.148120335358003952e-01 7.869729853696529054e-03 8.692459678649901988e+00
1.520000000000000000e+02 3.153862461838416453e-01 7.014027453937574964e-03 8.699559783935546520e+00
1.530000000000000000e+02 3.151056078603839961e-01 7.953331397331571406e-03 8.700019836425781250e+00
1.540000000000000000e+02 3.137670304627517281e-01 8.247450359568989087e-03 8.695399856567384234e+00
1.550000000000000000e+02 3.155259315848165658e-01 7.683612680780311718e-03 8.693659782409667969e+00
1.560000000000000000e+02 3.141965783244984878e-01 7.599771058472142016e-03 8.702379798889159801e+00
1.570000000000000000e+02 3.156785683766527573e-01 7.432992121725157109e-03 8.695439910888671520e+00
1.580000000000000000e+02 3.145288648081206451e-01 7.527941211375502838e-03 8.703619766235352273e+00
1.590000000000000000e+02 3.146681779255319777e-01 7.611318306442534272e-03 8.701739692687988637e+00
1.600000000000000000e+02 3.154281757726657420e-01 8.011834532082047489e-03 8.701700019836426492e+00
1.610000000000000000e+02 3.146585829848480009e-01 8.026378299787527079e-03 8.703779792785645952e+00
1.620000000000000000e+02 3.149138773555373860e-01 8.104568805037530924e-03 8.703019714355470171e+00
1.630000000000000000e+02 3.155453528354673076e-01 7.456976472635434838e-03 8.700359916687011363e+00
1.640000000000000000e+02 3.158094236071941618e-01 7.407310972939981468e-03 8.700999832153319957e+00
1.650000000000000000e+02 3.160469296316282817e-01 8.410310262386056293e-03 8.703739738464355113e+00
1.660000000000000000e+02 3.162054655277340975e-01 8.032902681112863777e-03 8.702259826660155184e+00
1.670000000000000000e+02 3.167484260432310572e-01 8.861143603930067558e-03 8.702959823608399148e+00
1.680000000000000000e+02 3.167032803846976940e-01 8.153397250066392668e-03 8.702939796447754617e+00
1.690000000000000000e+02 3.155643913656991928e-01 8.776662020276895793e-03 8.702159690856934304e+00
1.700000000000000000e+02 3.151587995547528442e-01 8.056739072473246416e-03 8.703039741516112926e+00
1.710000000000000000e+02 3.152251824716034156e-01 8.413783021534412473e-03 8.700019454956054332e+00
1.720000000000000000e+02 3.151522034951107498e-01 7.971021698542257033e-03 8.699539756774901988e+00
1.730000000000000000e+02 3.145692488143103094e-01 7.445096830978013835e-03 8.700159835815428622e+00
1.740000000000000000e+02 3.161939398640827292e-01 8.338192894144776796e-03 8.702839469909669390e+00
1.750000000000000000e+02 3.144386694125498871e-01 7.621642061104588056e-03 8.702459716796875355e+00
1.760000000000000000e+02 3.143344498313163093e-01 7.580563393915585278e-03 8.699319839477539062e+00
1.770000000000000000e+02 3.154067554931767048e-01 7.606299947125030707e-03 8.696680068969726562e+00
1.780000000000000000e+02 3.158981739813149225e-01 7.452669475651909660e-03 8.703239440917968750e+00
1.790000000000000000e+02 3.158785609564086494e-01 8.352293012004389020e-03 8.704579925537109020e+00
1.800000000000000000e+02 3.156733512378616657e-01 7.469725797575713783e-03 8.705279922485351207e+00
1.810000000000000000e+02 3.163506025655306586e-01 8.826827342585861352e-03 8.705039596557616832e+00
1.820000000000000000e+02 3.168127351111242884e-01 7.602678096358537335e-03 8.706119728088378196e+00
1.830000000000000000e+02 3.166934544777363358e-01 7.752570724528427999e-03 8.704579734802246449e+00
1.840000000000000000e+02 3.165627628826888085e-01 8.082120218545265147e-03 8.705259895324708452e+00
1.850000000000000000e+02 3.161588487304622386e-01 8.266368456083623625e-03 8.703199577331542258e+00
1.860000000000000000e+02 3.159820345279614751e-01 7.812166794365373555e-03 8.698699760437010653e+00
1.870000000000000000e+02 3.159465194803940391e-01 7.999052491040974794e-03 8.697599792480469105e+00
1.880000000000000000e+02 3.150392841116600451e-01 7.444746001431820290e-03 8.699739646911620383e+00
1.890000000000000000e+02 3.143758545267558158e-01 7.493875077145897845e-03 8.700819587707519176e+00
1.900000000000000000e+02 3.141840963760879069e-01 7.425975444478727719e-03 8.696259689331055753e+00
1.910000000000000000e+02 3.147112036253628120e-01 8.045095984946876166e-03 8.695899772644043679e+00
1.920000000000000000e+02 3.146112079230830583e-01 7.964008682079673843e-03 8.699959754943847656e+00
1.930000000000000000e+02 3.135207362644523710e-01 8.041336622457442851e-03 8.695679855346678977e+00
1.940000000000000000e+02 3.127814586098647820e-01 8.468203326577930165e-03 8.690879821777343750e+00
1.950000000000000000e+02 3.122741586933964197e-01 7.072144132238456990e-03 8.686139869689942117e+00
1.960000000000000000e+02 3.123471412532868308e-01 7.390391374077715479e-03 8.682399749755859375e+00
1.970000000000000000e+02 3.110053048969637635e-01 7.177011028762623861e-03 8.682040023803711648e+00
1.980000000000000000e+02 3.123866235410706627e-01 8.046084676460542318e-03 8.680559730529784801e+00
1.990000000000000000e+02 3.117569311631886442e-01 8.448843562423919221e-03 8.684839820861816051e+00
2.000000000000000000e+02 3.012519724667808152e-01 9.244632816979778123e-03 6.009919929504394354e+00
2.010000000000000000e+02 2.893671669065057683e-01 1.113299169623850268e-02 6.113359832763672230e+00
2.020000000000000000e+02 2.772085862912281318e-01 1.231140122604024341e-02 6.212079811096192117e+00
2.030000000000000000e+02 2.655053177812931042e-01 1.347939844018657130e-02 6.305019950866698863e+00
2.040000000000000000e+02 2.539926999943347141e-01 1.632496052580379928e-02 6.382679843902588246e+00
2.050000000000000000e+02 2.445441809074387907e-01 1.933477371483514548e-02 6.460419845581053977e+00
2.060000000000000000e+02 2.345123466135437262e-01 2.228285575325179499e-02 6.539879894256592330e+00
2.070000000000000000e+02 2.223033051810308358e-01 2.565531027657995400e-02 6.607479858398437322e+00
2.080000000000000000e+02 2.140758093688064911e-01 2.959702522020870447e-02 6.674039840698241299e+00
2.090000000000000000e+02 2.038198323380913946e-01 3.207681434093692663e-02 6.734419822692871094e+00
2.100000000000000000e+02 1.954706474541280381e-01 3.592683848773074728e-02 6.791419982910156250e+00
2.110000000000000000e+02 1.869842598327725036e-01 4.037496038827334544e-02 6.849739742279052912e+00
2.120000000000000000e+02 1.789773071424067552e-01 4.329672733762481018e-02 6.905639839172362571e+00
2.130000000000000000e+02 1.710744042748405525e-01 4.704690728171227743e-02 6.960559844970703125e+00
2.140000000000000000e+02 1.636147277529452215e-01 5.093233865892378420e-02 7.011259841918945135e+00
2.150000000000000000e+02 1.562214296795500501e-01 5.492384428719229716e-02 7.056339836120606002e+00
2.160000000000000000e+02 1.501444382720744097e-01 5.932738090324097407e-02 7.100579833984375533e+00
2.170000000000000000e+02 1.440451087092530502e-01 6.385748022205581242e-02 7.151979827880858842e+00
2.180000000000000000e+02 1.387734528738911455e-01 6.847988808491842216e-02 7.200619888305663352e+00
2.190000000000000000e+02 1.343386864672994341e-01 7.212260210530081761e-02 7.248199748992920632e+00
2.200000000000000000e+02 1.298851310396914038e-01 7.577191563024970877e-02 7.291219902038574396e+00
2.210000000000000000e+02 1.237972862399403795e-01 7.999760175904485626e-02 7.325359821319579190e+00
2.220000000000000000e+02 1.195149720439002555e-01 8.406866943788446345e-02 7.358899879455567117e+00
2.230000000000000000e+02 1.151541123941318689e-01 8.842567647868489200e-02 7.402399826049803622e+00
2.240000000000000000e+02 1.102083166510995776e-01 9.197158522207501963e-02 7.440219879150390625e+00
2.250000000000000000e+02 1.057263510353338154e-01 9.750488244430879914e-02 7.478259754180908381e+00
2.260000000000000000e+02 1.021066137238271498e-01 1.005891671366494489e-01 7.520159816741943004e+00
2.270000000000000000e+02 9.746404089410143357e-02 1.047802218238149119e-01 7.552979755401611150e+00
2.280000000000000000e+02 9.336895170219669526e-02 1.093574330585688203e-01 7.591359806060791193e+00
2.290000000000000000e+02 9.009838158095866134e-02 1.140609259251124108e-01 7.626459789276123225e+00
2.300000000000000000e+02 8.569577993156508866e-02 1.188128681420025923e-01 7.659019756317137606e+00
2.310000000000000000e+02 8.271469008168307047e-02 1.219492388784982062e-01 7.691799831390381037e+00
2.320000000000000000e+02 8.042325313638694351e-02 1.264114513772381931e-01 7.719339847564696377e+00
2.330000000000000000e+02 7.707607108174135968e-02 1.310190575559785076e-01 7.751119804382324396e+00
2.340000000000000000e+02 7.494550849928162395e-02 1.344050913294496385e-01 7.780099868774414062e+00
2.350000000000000000e+02 7.235916428332170303e-02 1.376667360955717567e-01 7.808599758148192294e+00
2.360000000000000000e+02 6.960725502063659642e-02 1.416692735482394661e-01 7.833059787750244141e+00
2.370000000000000000e+02 6.704653180079615804e-02 1.451329572844851645e-01 7.852019786834716797e+00
2.380000000000000000e+02 6.462705786415290365e-02 1.498628145489479813e-01 7.878059673309326882e+00
2.390000000000000000e+02 6.173161684517477349e-02 1.540961936804444155e-01 7.906919765472411044e+00
2.400000000000000000e+02 6.016208607711213963e-02 1.570309044213422101e-01 7.928739738464355646e+00
2.410000000000000000e+02 5.873753688680282553e-02 1.604601971937860139e-01 7.948899841308594283e+00
2.420000000000000000e+02 5.566209626298859736e-02 1.629242917043164929e-01 7.973499870300293502e+00
2.430000000000000000e+02 5.396016930312953069e-02 1.672653120927655168e-01 7.996779727935789950e+00
2.440000000000000000e+02 5.330118000932988764e-02 1.695385357931404047e-01 8.014620018005370383e+00
2.450000000000000000e+02 5.118787165930525906e-02 1.736553024318200911e-01 8.039319610595702770e+00
2.460000000000000000e+02 4.891946215932886644e-02 1.774947759634589450e-01 8.059079837799073331e+00
2.470000000000000000e+02 4.828967842759605139e-02 1.802146511423568243e-01 8.076719856262206676e+00
2.480000000000000000e+02 4.628478613706120404e-02 1.827573111677953666e-01 8.099619865417480469e+00
2.490000000000000000e+02 4.484345078315398608e-02 1.861070227729697268e-01 8.116599655151366832e+00
2.500000000000000000e+02 4.209169291832368098e-02 1.889954405819567196e-01 8.136559867858887074e+00
2.510000000000000000e+02 4.088763284142574866e-02 1.910677748206024706e-01 8.155459785461426137e+00
2.520000000000000000e+02 3.972269255482513417e-02 1.940417245764985144e-01 8.165959739685058949e+00
2.530000000000000000e+02 3.880649809080218698e-02 1.966543975698449853e-01 8.178979873657226562e+00
2.540000000000000000e+02 3.702538410674927061e-02 1.986157377162302284e-01 8.192199707031250000e+00
2.550000000000000000e+02 3.626589508268680817e-02 2.026545430393916214e-01 8.209259605407714488e+00
2.560000000000000000e+02 3.644963874163395512e-02 2.040351839112305998e-01 8.225039672851561789e+00
2.570000000000000000e+02 3.331048627295926656e-02 2.091734685645308678e-01 8.233879852294922586e+00
2.580000000000000000e+02 3.318783070791683082e-02 2.107322379849265459e-01 8.256879806518554688e+00
2.590000000000000000e+02 3.262757553827311946e-02 2.127699650726463665e-01 8.269919967651366832e+00
2.600000000000000000e+02 3.080898538716954696e-02 2.160971819442689124e-01 8.284399795532227273e+00
2.610000000000000000e+02 3.000734070248778709e-02 2.198035984671500020e-01 8.298699760437012074e+00
2.620000000000000000e+02 2.901878088915355730e-02 2.223757345618325443e-01 8.312699699401855824e+00
2.630000000000000000e+02 2.821339230452660912e-02 2.249192625535319234e-01 8.328639793395995028e+00
2.640000000000000000e+02 2.855457357212073943e-02 2.267312221659434079e-01 8.339659881591797941e+00
2.650000000000000000e+02 2.620110673541422783e-02 2.307221380668325050e-01 8.353079605102539773e+00
2.660000000000000000e+02 2.586607478891651130e-02 2.334197858906608969e-01 8.369859695434570312e+00
2.670000000000000000e+02 2.571068255277584799e-02 2.360358187777856498e-01 8.382759666442870738e+00
2.680000000000000000e+02 2.595274883624432150e-02 2.371126426681551547e-01 8.393859672546387429e+00
2.690000000000000000e+02 2.422332775933189186e-02 2.387853629237567943e-01 8.407559967041015270e+00
2.700000000000000000e+02 2.335203819028224687e-02 2.418598064362346978e-01 8.412679862976073508e+00
2.710000000000000000e+02 2.265472639211264794e-02 2.416978706058446336e-01 8.425019836425780895e+00
2.720000000000000000e+02 2.255946939107641297e-02 2.438133866110225034e-01 8.433019638061523438e+00
2.730000000000000000e+02 2.174019786304424301e-02 2.453068001189080138e-01 8.441459655761718750e+00
2.740000000000000000e+02 2.144217760142643273e-02 2.461737630612966798e-01 8.446659660339355113e+00
2.750000000000000000e+02 2.044441348322431282e-02 2.468291722756057460e-01 8.453400039672851918e+00
2.760000000000000000e+02 1.945347361569781802e-02 2.488687770105477426e-01 8.460559654235840554e+00
2.770000000000000000e+02 1.871054294277806063e-02 2.495496555487514423e-01 8.464939689636230113e+00
2.780000000000000000e+02 1.878549816609471901e-02 2.507817356766642858e-01 8.464679908752442472e+00
2.790000000000000000e+02 1.879407904157755216e-02 2.520948036181134833e-01 8.472999763488770597e+00
2.800000000000000000e+02 1.775521068034302194e-02 2.552859213294083052e-01 8.483999824523927202e+00
2.810000000000000000e+02 1.775976588188628649e-02 2.556032100746941094e-01 8.494139862060547941e+00
2.820000000000000000e+02 1.789843902218380897e-02 2.570601115885781107e-01 8.502059745788573153e+00
2.830000000000000000e+02 1.683488271630747754e-02 2.585686554887396404e-01 8.507859802246095171e+00
2.840000000000000000e+02 1.653232324906615466e-02 2.601616795895467793e-01 8.512839889526366832e+00
2.850000000000000000e+02 1.641566065094581320e-02 2.611813663578027023e-01 8.517880058288573863e+00
2.860000000000000000e+02 1.521526650473564550e-02 2.624901932650463565e-01 8.518779945373534446e+00
2.870000000000000000e+02 1.501144871895017038e-02 2.643648257225580389e-01 8.527499771118165484e+00
2.880000000000000000e+02 1.555812367005792070e-02 2.662568416387919301e-01 8.536120033264159801e+00
2.890000000000000000e+02 1.484808199252025777e-02 2.659467894799861232e-01 8.540220069885254617e+00
2.900000000000000000e+02 1.522592936584027216e-02 2.668506992636319741e-01 8.541499710083009234e+00
2.910000000000000000e+02 1.445348315275688141e-02 2.684862241578103714e-01 8.545079803466796520e+00
2.920000000000000000e+02 1.464254375630966165e-02 2.696360515969055682e-01 8.552399635314941406e+00
2.930000000000000000e+02 1.393232162159883936e-02 2.705825361646258531e-01 8.553540039062500711e+00
2.940000000000000000e+02 1.363435786227757025e-02 2.712435369925467743e-01 8.561759567260741832e+00
2.950000000000000000e+02 1.359138161314614630e-02 2.726139374268685134e-01 8.562599945068360086e+00
2.960000000000000000e+02 1.406042533728131191e-02 2.730809034130493029e-01 8.569519805908203836e+00
2.970000000000000000e+02 1.376443026066791198e-02 2.742780510852730336e-01 8.576159858703613637e+00
2.980000000000000000e+02 1.268335930920874016e-02 2.768477232318803938e-01 8.578799819946288707e+00
2.990000000000000000e+02 1.223271525284565231e-02 2.774473139037779701e-01 8.585339927673338423e+00
3.000000000000000000e+02 1.221363506179411196e-02 2.788580634382983314e-01 8.594939994812010653e+00
3.010000000000000000e+02 1.195969488468841962e-02 2.814962272312729885e-01 8.600759887695312855e+00
3.020000000000000000e+02 1.230179722507210131e-02 2.816165077250419313e-01 8.608739852905273438e+00
3.030000000000000000e+02 1.179840563738721385e-02 2.819024442129278163e-01 8.614379882812500000e+00
3.040000000000000000e+02 1.278286586959260715e-02 2.838148688710273593e-01 8.615519905090330610e+00
3.050000000000000000e+02 1.182949127660797017e-02 2.845528292078629562e-01 8.626719856262205610e+00
3.060000000000000000e+02 1.137459756505157342e-02 2.857052909259865103e-01 8.627439689636229758e+00
3.070000000000000000e+02 1.130403180170100157e-02 2.863666115566006476e-01 8.634139823913574929e+00
3.080000000000000000e+02 1.049357986812649891e-02 2.881383126476762535e-01 8.639039993286132812e+00
3.090000000000000000e+02 1.091051949380964121e-02 2.900268779150032561e-01 8.644839668273926137e+00
3.100000000000000000e+02 1.033875136640970485e-02 2.904829601841563136e-01 8.650859832763671875e+00
3.110000000000000000e+02 9.885038140796349043e-03 2.906754240396691169e-01 8.652139854431153410e+00
3.120000000000000000e+02 1.072812535305179941e-02 2.914904316995208799e-01 8.650419616699219105e+00
3.130000000000000000e+02 1.007287893901730007e-02 2.912937066187570312e-01 8.655939865112303622e+00
3.140000000000000000e+02 1.131180868099612540e-02 2.903180506723879173e-01 8.659359931945800781e+00
3.150000000000000000e+02 1.061172126389493819e-02 2.915764861627792026e-01 8.657199859619140625e+00
3.160000000000000000e+02 1.052246330490950836e-02 2.926385595976330745e-01 8.661639785766601207e+00
3.170000000000000000e+02 1.014835054576567093e-02 2.927883890180366655e-01 8.663419914245604758e+00
3.180000000000000000e+02 9.999921611688045858e-03 2.951567447658555166e-01 8.667419815063475141e+00
3.190000000000000000e+02 1.030529447559378961e-02 2.951792734642946225e-01 8.676939773559571023e+00
3.200000000000000000e+02 1.007090582922372940e-02 2.963094571703162039e-01 8.675639724731444957e+00
3.210000000000000000e+02 9.811288654191042957e-03 2.978331753414051319e-01 8.680399703979492898e+00
3.220000000000000000e+02 9.721146432972014098e-03 2.977953539527315452e-01 8.684679603576659801e+00
3.230000000000000000e+02 9.691611478633571294e-03 2.989993815463714566e-01 8.685479736328126421e+00
3.240000000000000000e+02 9.341033964721920727e-03 2.991992300334211929e-01 8.689299774169921164e+00
3.250000000000000000e+02 8.597400240446993747e-03 2.984123924374401660e-01 8.691039848327637429e+00
3.260000000000000000e+02 8.874013278781530886e-03 2.980546909839135727e-01 8.685199928283690696e+00
3.270000000000000000e+02 9.270841711047299316e-03 2.980750133904785382e-01 8.685300064086913352e+00
3.280000000000000000e+02 8.467663200782120370e-03 2.994444862346929415e-01 8.687999916076661222e+00
3.290000000000000000e+02 8.827370411774034323e-03 3.001809230934833761e-01 8.691639900207519531e+00
3.300000000000000000e+02 8.827985097134527850e-03 2.996773288450079176e-01 8.695579719543456321e+00
3.310000000000000000e+02 9.050891596982191256e-03 3.000493357330525357e-01 8.695980072021486151e+00
3.320000000000000000e+02 9.540787047871739784e-03 2.994030161355073494e-01 8.694539642333984020e+00
3.330000000000000000e+02 8.518172827403828681e-03 3.001227584032182261e-01 8.688799667358399148e+00
3.340000000000000000e+02 8.439770375243295722e-03 3.005259544311716380e-01 8.693619728088378906e+00
3.350000000000000000e+02 9.369180705973822326e-03 3.000236400897022815e-01 8.696039772033691051e+00
3.360000000000000000e+02 9.220927381905665368e-03 3.016503297187304033e-01 8.692079734802245383e+00
3.370000000000000000e+02 9.182763488508691868e-03 3.021711438421426643e-01 8.699039840698242543e+00
3.380000000000000000e+02 9.099134206659231436e-03 3.021195682482903377e-01 8.702899742126465554e+00
3.390000000000000000e+02 8.829090099253894541e-03 3.023162454611627581e-01 8.702519607543944602e+00
3.400000000000000000e+02 8.621535985815964934e-03 3.033334018093099549e-01 8.703479957580565696e+00
3.410000000000000000e+02 7.932154368088282365e-03 3.032900013659985405e-01 8.706699752807617543e+00
3.420000000000000000e+02 8.277305867852056270e-03 3.032103447957472664e-01 8.708999824523925071e+00
3.430000000000000000e+02 8.937509659791668948e-03 3.045730667293228833e-01 8.713139724731444602e+00
3.440000000000000000e+02 8.387064326106587545e-03 3.051554149463100996e-01 8.715619850158692117e+00
3.450000000000000000e+02 8.761677702172562116e-03 3.070948438523007362e-01 8.716859817504882812e+00
3.460000000000000000e+02 8.175704583606243844e-03 3.074463024081779405e-01 8.725039863586426137e+00
3.470000000000000000e+02 8.416157654722658532e-03 3.075883653106386006e-01 8.727839851379394887e+00
3.480000000000000000e+02 8.098881428871614052e-03 3.080809772781155642e-01 8.726779937744140625e+00
3.490000000000000000e+02 8.289277488359440837e-03 3.075157125917463707e-01 8.730319976806640625e+00
3.500000000000000000e+02 8.467582407979760625e-03 3.060276876153428804e-01 8.727119827270508168e+00
3.510000000000000000e+02 8.519468625615910298e-03 3.056224610565355104e-01 8.720899772644044035e+00
3.520000000000000000e+02 8.014311408372080600e-03 3.061282263903222223e-01 8.720719718933104048e+00
3.530000000000000000e+02 7.591243247858186355e-03 3.078175994720197539e-01 8.724559974670411222e+00
3.540000000000000000e+02 8.103669641284309486e-03 3.081087196991205146e-01 8.729359626770019531e+00
3.550000000000000000e+02 8.904250350315350351e-03 3.086383964103248112e-01 8.731259727478027699e+00
3.560000000000000000e+02 8.797028229836922203e-03 3.082176148841339058e-01 8.730399703979491832e+00
3.570000000000000000e+02 8.168455623169685806e-03 3.080540950103178299e-01 8.730519676208496449e+00
3.580000000000000000e+02 9.290531990936844176e-03 3.087638200575734682e-01 8.729019927978514559e+00
3.590000000000000000e+02 8.158908297572750601e-03 3.083084441032223344e-01 8.728179931640625000e+00
3.600000000000000000e+02 7.807191543511663410e-03 3.081233136484383128e-01 8.724399757385253196e+00
3.610000000000000000e+02 8.569370422227117617e-03 3.080787711752880909e-01 8.723239898681640625e+00
3.620000000000000000e+02 8.405836859642084810e-03 3.073164114163337013e-01 8.724479866027831321e+00
3.630000000000000000e+02 8.452106183995652944e-03 3.074395095759016594e-01 8.722599792480469461e+00
3.640000000000000000e+02 8.229762447117724630e-03 3.067834693517121347e-01 8.722179603576661222e+00
3.650000000000000000e+02 9.647731297600006806e-03 3.081327537596769139e-01 8.720679855346679332e+00
3.660000000000000000e+02 8.193269806788101156e-03 3.073661976945477603e-01 8.723259735107422586e+00
3.670000000000000000e+02 8.221569730154150435e-03 3.084964615892411000e-01 8.723239707946776278e+00
3.680000000000000000e+02 8.017582464479503998e-03 3.073736336275976200e-01 8.727259635925292969e+00
3.690000000000000000e+02 8.377017272333069781e-03 3.066638563699982112e-01 8.724219703674316762e+00
3.700000000000000000e+02 8.379243057338985751e-03 3.072184802973568774e-01 8.720719718933105824e+00
3.710000000000000000e+02 8.671788170442829707e-03 3.066787336614563708e-01 8.716879844665527344e+00
3.720000000000000000e+02 8.696627257171293118e-03 3.072103722423905614e-01 8.716099739074708808e+00
3.730000000000000000e+02 9.249070875398062927e-03 3.066789440999152516e-01 8.717840003967285867e+00
3.740000000000000000e+02 8.820692418990956282e-03 3.084534003749748732e-01 8.715559768676758523e+00
3.750000000000000000e+02 7.974461773294702974e-03 3.082827270417256016e-01 8.720519638061524859e+00
3.760000000000000000e+02 7.920373726824161270e-03 3.089542569117463278e-01 8.721839904785156250e+00
3.770000000000000000e+02 7.434168612166432676e-03 3.078278971124183139e-01 8.729619789123535867e+00
3.780000000000000000e+02 8.396800311572982095e-03 3.083056686587692941e-01 8.728919792175293679e+00
3.790000000000000000e+02 8.389441872541571199e-03 3.081851118302593728e-01 8.724940109252928622e+00
3.800000000000000000e+02 7.583253398328523680e-03 3.069532848350169374e-01 8.724399757385254972e+00
3.810000000000000000e+02 7.730784849079043279e-03 3.070414929738978227e-01 8.718619918823241832e+00
3.820000000000000000e+02 7.486568349958880320e-03 3.071208256099762224e-01 8.721499824523926137e+00
3.830000000000000000e+02 7.722709622931758604e-03 3.058248384506481177e-01 8.719819831848145242e+00
3.840000000000000000e+02 7.473242526336779448e-03 3.075880311020879887e-01 8.717519760131835938e+00
3.850000000000000000e+02 7.391413880700672435e-03 3.072435279546584797e-01 8.720499801635742898e+00
3.860000000000000000e+02 8.817538284917875516e-03 3.091592335893717514e-01 8.723779678344726562e+00
3.870000000000000000e+02 7.808259229373781807e-03 3.090821511776181696e-01 8.728999519348144887e+00
3.880000000000000000e+02 8.049067788418736574e-03 3.101457544231643326e-01 8.725979995727538352e+00
3.890000000000000000e+02 7.705328226233839825e-03 3.093022999386240701e-01 8.729059791564941051e+00
3.900000000000000000e+02 7.677492170508244847e-03 3.080818103903291139e-01 8.726639938354491477e+00
3.910000000000000000e+02 7.187967931024649704e-03 3.072948139747179175e-01 8.727140045166015270e+00
3.920000000000000000e+02 7.442328961732104335e-03 3.073885482650400847e-01 8.727819824218750355e+00
3.930000000000000000e+02 8.022431426376588556e-03 3.083284845957743880e-01 8.726739883422851562e+00
3.940000000000000000e+02 7.860537799781389459e-03 3.083451409254662212e-01 8.732039642333983664e+00
3.950000000000000000e+02 8.143797157552243315e-03 3.077360061239868827e-01 8.728419876098634234e+00
3.960000000000000000e+02 7.442627258047185453e-03 3.074028316156036111e-01 8.724159812927245738e+00
3.970000000000000000e+02 7.951195302146652627e-03 3.062523305332015000e-01 8.723879814147949219e+00
3.980000000000000000e+02 7.571882907428442548e-03 3.073639153983233063e-01 8.718999862670898438e+00
