0.000000000000000000e+00 6.604086456405115768e-02 6.010863767881673148e-02 6.005047798156738281e+00
1.000000000000000000e+00 8.262589568842583498e-02 5.782405415132321758e-02 6.281387805938720703e+00
2.000000000000000000e+00 1.069845189286782461e-01 6.092782149989530577e-02 6.522333908081055398e+00
3.000000000000000000e+00 1.337612481134962117e-01 5.762886459822135626e-02 6.736499786376953125e+00
4.000000000000000000e+00 1.627283717453957557e-01 5.861521070383509530e-02 6.926515769958496271e+00
5.000000000000000000e+00 1.898555070070796491e-01 5.631925492542773359e-02 7.094491767883301492e+00
6.000000000000000000e+00 2.185982677537160745e-01 5.963202184084006457e-02 7.251557922363280895e+00
7.000000000000000000e+00 2.493904933233117294e-01 5.822964549841457005e-02 7.392457771301269354e+00
8.000000000000000000e+00 2.772304314694200023e-01 5.854523275966784512e-02 7.520139789581298473e+00
9.000000000000000000e+00 3.031496565962680245e-01 6.138339782548778156e-02 7.639331912994386187e+00
1.000000000000000000e+01 3.275871264786810455e-01 5.797791147185592242e-02 7.749033737182617010e+00
1.100000000000000000e+01 3.529880622310912486e-01 5.922979514411055857e-02 7.849203777313233488e+00
1.200000000000000000e+01 3.777107225587933992e-01 6.197293836609347323e-02 7.944341850280761896e+00
1.300000000000000000e+01 4.001505450997642765e-01 5.967452620028623061e-02 8.034409809112547762e+00
1.400000000000000000e+01 4.204630735620236703e-01 5.960599789381561264e-02 8.116731834411620383e+00
1.500000000000000000e+01 4.422996213377510810e-01 5.856600777267372687e-02 8.196017837524413707e+00
1.600000000000000000e+01 4.638494524800248486e-01 5.864834497687149151e-02 8.271431732177735086e+00
1.700000000000000000e+01 4.843922984141486587e-01 5.782115127163064972e-02 8.343315696716308238e+00
1.800000000000000000e+01 5.033251207324155319e-01 6.015128798711969621e-02 8.407249832153320668e+00
1.900000000000000000e+01 5.224006975950058473e-01 5.977396853279738631e-02 8.471319961547852273e+00
2.000000000000000000e+01 5.428985491767329696e-01 5.960390462141337831e-02 8.532031822204590554e+00
2.100000000000000000e+01 5.584029215655428313e-01 5.879810605716302013e-02 8.589775848388670809e+00
2.200000000000000000e+01 5.757690152482111134e-01 5.757976514327711043e-02 8.646453666687012429e+00
2.300000000000000000e+01 5.928172404567900733e-01 5.771422674863024155e-02 8.699395942687987215e+00
2.400000000000000000e+01 6.078578340161867599e-01 5.868561366997061823e-02 8.750573730468749645e+00
2.500000000000000000e+01 6.218967579691494496e-01 5.898216541832194265e-02 8.797399902343750355e+00
2.600000000000000000e+01 6.368424275828277192e-01 5.803436957607228247e-02 8.844717407226561079e+00
2.700000000000000000e+01 6.535450292117044313e-01 5.869002890810200157e-02 8.888057708740234375e+00
2.800000000000000000e+01 6.650887891323318257e-01 5.763160248013934894e-02 8.930849838256834872e+00
2.900000000000000000e+01 6.796943331177950354e-01 6.151505246887085249e-02 8.969865608215332742e+00
3.000000000000000000e+01 6.915524710303617706e-01 6.020941227376844923e-02 9.009217834472655895e+00
3.100000000000000000e+01 7.023773594090110262e-01 5.930710150868829383e-02 9.045983505249024503e+00
3.200000000000000000e+01 7.121760738992987116e-01 5.913655217529854152e-02 9.079073905944824219e+00
3.300000000000000000e+01 7.253579009482242768e-01 5.840360569062407609e-02 9.110089874267577770e+00
3.400000000000000000e+01 7.346369014380681461e-01 6.058847882642714316e-02 9.142846107482910156e+00
3.500000000000000000e+01 7.456564010873012460e-01 5.763856730150292845e-02 9.174621772766112571e+00
3.600000000000000000e+01 7.580809882270385103e-01 5.896079208971660018e-02 9.205707740783690696e+00
3.700000000000000000e+01 7.670204567389617978e-01 5.888916469045159252e-02 9.235977935791014559e+00
3.800000000000000000e+01 7.751704891198837322e-01 5.910757464899045466e-02 9.266651725769042613e+00
3.900000000000000000e+01 7.863172099895776590e-01 5.929552465755178609e-02 9.293682098388671875e+00
4.000000000000000000e+01 7.953220291823026589e-01 5.902400863939284009e-02 9.319391822814941051e+00
4.100000000000000000e+01 8.023775874855589851e-01 5.915270671516326129e-02 9.342983818054198863e+00
4.200000000000000000e+01 8.135891971836350933e-01 6.037794662197421697e-02 9.364135551452635653e+00
4.300000000000000000e+01 8.203622333985572945e-01 5.681674688526048428e-02 9.386087799072265980e+00
4.400000000000000000e+01 8.272908484448634470e-01 5.896952692304466281e-02 9.410343551635742543e+00
4.500000000000000000e+01 8.342051755900912191e-01 5.864712461865126403e-02 9.432843589782715199e+00
4.600000000000000000e+01 8.385252137449764609e-01 6.194144232167177883e-02 9.451431846618651988e+00
4.700000000000000000e+01 8.458205077027383112e-01 6.048456047832703741e-02 9.467909622192383523e+00
4.800000000000000000e+01 8.532022495995857936e-01 5.920415263063347200e-02 9.486835670471190696e+00
4.900000000000000000e+01 8.589020613795719239e-01 5.741872917924101954e-02 9.504973602294921164e+00
5.000000000000000000e+01 8.631536636997332312e-01 5.898397723131448139e-02 9.523557662963867188e+00
5.100000000000000000e+01 8.665039411889099430e-01 5.859890823981388913e-02 9.541434097290039773e+00
5.200000000000000000e+01 8.733157295774583995e-01 5.885994711446769501e-02 9.555831909179687500e+00
5.300000000000000000e+01 8.782656471663532471e-01 5.872349554771071067e-02 9.567989730834961293e+00
5.400000000000000000e+01 8.822407086152823652e-01 5.530843856115045393e-02 9.580461502075195312e+00
5.500000000000000000e+01 8.892695569163573399e-01 5.806507398899939804e-02 9.593601799011230113e+00
5.600000000000000000e+01 8.936130151185732728e-01 5.797758500614080823e-02 9.605135917663574219e+00
5.700000000000000000e+01 8.969001315456404111e-01 5.789360528482777324e-02 9.615695762634278054e+00
5.800000000000000000e+01 8.998975223033849336e-01 5.718983416153992916e-02 9.626419830322264559e+00
5.900000000000000000e+01 9.041292766085474719e-01 5.957837200976510289e-02 9.636421585083008168e+00
6.000000000000000000e+01 9.073977355136763068e-01 5.860741195585639218e-02 9.645145797729492543e+00
6.100000000000000000e+01 9.120098935818072849e-01 5.694281779211860656e-02 9.654805755615234020e+00
6.200000000000000000e+01 9.136759148513317053e-01 6.161905827710308786e-02 9.662953567504882102e+00
6.300000000000000000e+01 9.163246408009445565e-01 5.871058359958504502e-02 9.672917747497558949e+00
6.400000000000000000e+01 9.184852173322788360e-01 6.084728403160034188e-02 9.681583786010740766e+00
6.500000000000000000e+01 9.216195589144677847e-01 5.592705070711672527e-02 9.691393852233886719e+00
6.600000000000000000e+01 9.257347696682506344e-01 5.710424557731025308e-02 9.700917816162109020e+00
6.700000000000000000e+01 9.290144540700608911e-01 5.835151999244649057e-02 9.708187866210938211e+00
6.800000000000000000e+01 9.282428301448025776e-01 6.066294883199214311e-02 9.716039657592773438e+00
6.900000000000000000e+01 9.322756188732486127e-01 5.731343614838287082e-02 9.720283699035643821e+00
7.000000000000000000e+01 9.334495996066575207e-01 5.784857901184171231e-02 9.727543640136717684e+00
7.100000000000000000e+01 9.363360152296068550e-01 5.705942224527576351e-02 9.735093879699705965e+00
7.200000000000000000e+01 9.391475956090534760e-01 5.829439726641195280e-02 9.742177772521973367e+00
7.300000000000000000e+01 9.403782468875336864e-01 5.869065959592703607e-02 9.749081993103027699e+00
7.400000000000000000e+01 9.421894919413462688e-01 5.623852031861048539e-02 9.754715728759764559e+00
7.500000000000000000e+01 9.453456633449339730e-01 5.763669576841071174e-02 9.761133766174316051e+00
7.600000000000000000e+01 9.471992903051542623e-01 5.858779661389923454e-02 9.766091728210449574e+00
7.700000000000000000e+01 9.485906723998644985e-01 5.698139063371523982e-02 9.770365905761718039e+00
7.800000000000000000e+01 9.503687678272514372e-01 6.017327809510689823e-02 9.776363754272461293e+00
7.900000000000000000e+01 9.508175626068718911e-01 5.969272168212827467e-02 9.781525802612303977e+00
8.000000000000000000e+01 9.527914130097813183e-01 5.827594842949392062e-02 9.787293624877928977e+00
8.100000000000000000e+01 9.531042550027952753e-01 5.779911653302274854e-02 9.789353561401366477e+00
8.200000000000000000e+01 9.545786983831265893e-01 5.898071083084643895e-02 9.792463874816894176e+00
8.300000000000000000e+01 9.541742273139933728e-01 5.755843266416985765e-02 9.795601654052735086e+00
8.400000000000000000e+01 9.564901504586967862e-01 5.765071603797083943e-02 9.800667762756347656e+00
8.500000000000000000e+01 9.576266170484967200e-01 5.814717790774397155e-02 9.804775810241698863e+00
8.600000000000000000e+01 9.590582181371257731e-01 6.054292712570554652e-02 9.808489608764649148e+00
8.700000000000000000e+01 9.599879378018552067e-01 6.021444835594201572e-02 9.812305641174315696e+00
8.800000000000000000e+01 9.605016313216048207e-01 5.938598855742324711e-02 9.816105842590332031e+00
8.900000000000000000e+01 9.612927845323870901e-01 5.714150611330303525e-02 9.815921592712403054e+00
9.000000000000000000e+01 9.604630085651399973e-01 5.788596857445044847e-02 9.820875930786133523e+00
9.100000000000000000e+01 9.627349579003823266e-01 5.879158928003593715e-02 9.822289657592772727e+00
9.200000000000000000e+01 9.631652896852922474e-01 5.670333773363213370e-02 9.825277709960937855e+00
9.300000000000000000e+01 9.637301226920531594e-01 5.561051767805840623e-02 9.827095794677735086e+00
9.400000000000000000e+01 9.648419385989733810e-01 5.927905532785707893e-02 9.830401992797851207e+00
9.500000000000000000e+01 9.655666205908668420e-01 6.092077004868094725e-02 9.832795715332030895e+00
9.600000000000000000e+01 9.661309567586111591e-01 5.896574971218875028e-02 9.833425903320312855e+00
9.700000000000000000e+01 9.680384495701171987e-01 5.808458447272322328e-02 9.834251785278320668e+00
9.800000000000000000e+01 9.668619679870458228e-01 5.828145242403554721e-02 9.834961700439453836e+00
9.900000000000000000e+01 9.676090646523425320e-01 5.798443498749847325e-02 9.838187599182129262e+00
1.000000000000000000e+02 9.683320822390256710e-01 5.664457734884703610e-02 9.838039779663084516e+00
1.010000000000000000e+02 9.690565858256395826e-01 5.809238692761678480e-02 9.839217567443846235e+00
1.020000000000000000e+02 9.692650019514366111e-01 5.753311931093109399e-02 9.839401626586914418e+00
1.030000000000000000e+02 9.689758179936975857e-01 5.629242811111279110e-02 9.840235710144042969e+00
1.040000000000000000e+02 9.691514204239782826e-01 5.899335571219346125e-02 9.841419792175292613e+00
1.050000000000000000e+02 9.694082513611007590e-01 5.998800954868331592e-02 9.842999839782715199e+00
1.060000000000000000e+02 9.710052341730932568e-01 5.905565397781235154e-02 9.844579696655273438e+00
1.070000000000000000e+02 9.712029346835042709e-01 5.964752271725161370e-02 9.847699928283692117e+00
1.080000000000000000e+02 9.716068780896884860e-01 6.088430985227949455e-02 9.848447799682617188e+00
1.090000000000000000e+02 9.713937769484140006e-01 6.012058608268561199e-02 9.848971748352049360e+00
1.100000000000000000e+02 9.719828255223320612e-01 5.658951034695558491e-02 9.851325798034668679e+00
1.110000000000000000e+02 9.710032056138873102e-01 5.915720236542720140e-02 9.853091621398926137e+00
1.120000000000000000e+02 9.729100877292957694e-01 5.929860304145997962e-02 9.853951644897460227e+00
1.130000000000000000e+02 9.739127529774910252e-01 5.766965600694518718e-02 9.855475997924804332e+00
1.140000000000000000e+02 9.742947148774880883e-01 5.890006397933177096e-02 9.857671546936035867e+00
1.150000000000000000e+02 9.735444131480178731e-01 5.780570790276946813e-02 9.861357498168946023e+00
1.160000000000000000e+02 9.744804367186850058e-01 5.783670075722271986e-02 9.862291717529297230e+00
1.170000000000000000e+02 9.745550375356576422e-01 5.835429595227029781e-02 9.865627861022950640e+00
1.180000000000000000e+02 9.750334638754851735e-01 5.876483068534026077e-02 9.865945816040039062e+00
1.190000000000000000e+02 9.747196802685240691e-01 5.832667644621172126e-02 9.865811729431152699e+00
1.200000000000000000e+02 9.752847047824787508e-01 5.794401970711919592e-02 9.866375923156738281e+00
1.210000000000000000e+02 9.748481373897788238e-01 5.737673797079495541e-02 9.867337989807129617e+00
1.220000000000000000e+02 9.756138911548222215e-01 5.790287101362430466e-02 9.867126083374023082e+00
1.230000000000000000e+02 9.767826122820704171e-01 5.682804125731456824e-02 9.868253707885742188e+00
1.240000000000000000e+02 9.771953592545412626e-01 5.547362929912730278e-02 9.869353675842285512e+00
1.250000000000000000e+02 9.762160912253834422e-01 5.636352520003538175e-02 9.870100021362304688e+00
1.260000000000000000e+02 9.762816575812488518e-01 5.982101023698245534e-02 9.870753860473634234e+00
1.270000000000000000e+02 9.768267739013541950e-01 5.936129300877825837e-02 9.871991539001465199e+00
1.280000000000000000e+02 9.770960547331304369e-01 5.917124206382029517e-02 9.871909713745118609e+00
1.290000000000000000e+02 9.777843620575267236e-01 6.067815899250230544e-02 9.873959732055665128e+00
1.300000000000000000e+02 9.788307080655593850e-01 5.881708427948154072e-02 9.876399803161620028e+00
1.310000000000000000e+02 9.784671634077880542e-01 6.087674772766643594e-02 9.875665855407714133e+00
1.320000000000000000e+02 9.799754634807920084e-01 5.596029030631013285e-02 9.875825881958007812e+00
1.330000000000000000e+02 9.781201091646393175e-01 5.888361633488171931e-02 9.877941703796386363e+00
1.340000000000000000e+02 9.793426589075988620e-01 5.821512790264053022e-02 9.878365707397460227e+00
1.350000000000000000e+02 9.788218295873484243e-01 5.601582522157644295e-02 9.880341720581053977e+00
1.360000000000000000e+02 9.779829705493414682e-01 5.826175844636815454e-02 9.880563735961914062e+00
1.370000000000000000e+02 9.775493585598961088e-01 5.776645124108549523e-02 9.879181671142578836e+00
1.380000000000000000e+02 9.786939572999966419e-01 5.718794728811017747e-02 9.879135704040526988e+00
1.390000000000000000e+02 9.787506159091913238e-01 5.733748303968890653e-02 9.879597663879394531e+00
1.400000000000000000e+02 9.788526448962702187e-01 5.846261200346412890e-02 9.880483818054198508e+00
1.410000000000000000e+02 9.788279612413959274e-01 5.863080863670974002e-02 9.882467842102050426e+00
1.420000000000000000e+02 9.789056331081796847e-01 5.772530902605800540e-02 9.881915473937986860e+00
1.430000000000000000e+02 9.786371423397894898e-01 5.543953171939228208e-02 9.882885742187498934e+00
1.440000000000000000e+02 9.802711457100981018e-01 5.962155981500240343e-02 9.883233642578126421e+00
1.450000000000000000e+02 9.798900732030181304e-01 5.777609696372873471e-02 9.882457923889159446e+00
1.460000000000000000e+02 9.796034799057961040e-01 5.742914671337371463e-02 9.881729507446289418e+00
1.470000000000000000e+02 9.792034382760774758e-01 5.943019517949391789e-02 9.881977653503419390e+00
1.480000000000000000e+02 9.792619439338922094e-01 5.933901112905085734e-02 9.880475616455077770e+00
1.490000000000000000e+02 9.796177624011630503e-01 5.924481466598857660e-02 9.882413864135742188e+00
1.500000000000000000e+02 9.797808391019575680e-01 6.070671775344162885e-02 9.882853698730468039e+00
1.510000000000000000e+02 9.800082548490757217e-01 5.881708074513899986e-02 9.880711746215821378e+00
1.520000000000000000e+02 9.798726176138817801e-01 5.815054063422504110e-02 9.881907844543457387e+00
1.530000000000000000e+02 9.803664231643129945e-01 5.969378271264734470e-02 9.882947731018067117e+00
1.540000000000000000e+02 9.810829899608355387e-01 5.860728107796107228e-02 9.883473777770994673e+00
1.550000000000000000e+02 9.811711008435156645e-01 5.839844790953661186e-02 9.883834075927735441e+00
1.560000000000000000e+02 9.798356136524909443e-01 5.830404217182302840e-02 9.883905792236328480e+00
1.570000000000000000e+02 9.811064716953463716e-01 5.958657999035892050e-02 9.882797622680664418e+00
1.580000000000000000e+02 9.809801443800094667e-01 5.765941079225792021e-02 9.884079742431641336e+00
1.590000000000000000e+02 9.813382423858835191e-01 5.917747517793997547e-02 9.884407806396485086e+00
1.600000000000000000e+02 9.818242273149813126e-01 5.871286050395722184e-02 9.884907531738281961e+00
1.610000000000000000e+02 9.809881203874838418e-01 5.839232334201410746e-02 9.883995819091795809e+00
1.620000000000000000e+02 9.805373980296615555e-01 5.836317193241193774e-02 9.882767677307128906e+00
1.630000000000000000e+02 9.809753022221222585e-01 5.869503709045741785e-02 9.884235954284667613e+00
1.640000000000000000e+02 9.805566153467840662e-01 5.637460105295839102e-02 9.885715675354004972e+00
1.650000000000000000e+02 9.812350780411431828e-01 5.867535238750934412e-02 9.887237548828125000e+00
1.660000000000000000e+02 9.810891834816272139e-01 5.702888309712685067e-02 9.886165618896484375e+00
1.670000000000000000e+02 9.816413467974290930e-01 5.639416257471829147e-02 9.886531639099120028e+00
1.680000000000000000e+02 9.827214163150257420e-01 5.999187967598198362e-02 9.888413810729980824e+00
1.690000000000000000e+02 9.817530635017720497e-01 5.783416196846962593e-02 9.888735771179199219e+00
1.700000000000000000e+02 9.823063955023761951e-01 5.652312684990310615e-02 9.888337707519530895e+00
1.710000000000000000e+02 9.820891177637194325e-01 5.656114183202856638e-02 9.888899803161621094e+00
1.720000000000000000e+02 9.822412514079296164e-01 5.806236914010545758e-02 9.890085792541503551e+00
1.730000000000000000e+02 9.814811503395769465e-01 5.767839887081659817e-02 9.889295768737792258e+00
1.740000000000000000e+02 9.816425587825855503e-01 5.872700901032461285e-02 9.889559936523436789e+00
1.750000000000000000e+02 9.825552218401889526e-01 5.761811318760901718e-02 9.892325782775879262e+00
1.760000000000000000e+02 9.820270647581121892e-01 5.859490389360121065e-02 9.891331863403319602e+00
1.770000000000000000e+02 9.823779080480534720e-01 5.728540484455121179e-02 9.889361763000488637e+00
1.780000000000000000e+02 9.814124350311262956e-01 5.894069652061133952e-02 9.888449859619141691e+00
1.790000000000000000e+02 9.812897656706989213e-01 5.655497324295998690e-02 9.886895561218262074e+00
1.800000000000000000e+02 9.819967163396337018e-01 5.971606611333978715e-02 9.886815834045410867e+00
1.810000000000000000e+02 9.817056599351987600e-01 5.850054003338377162e-02 9.884651756286620738e+00
1.820000000000000000e+02 9.828585820030907305e-01 5.658161634875161217e-02 9.886205863952636008e+00
1.830000000000000000e+02 9.828257935459445704e-01 5.945542458809807002e-02 9.884753608703613637e+00
1.840000000000000000e+02 9.820001766199190074e-01 5.713488333440289169e-02 9.887689781188964133e+00
1.850000000000000000e+02 9.818897233421142179e-01 5.933758605038313289e-02 9.886115646362304332e+00
1.860000000000000000e+02 9.829213257399546100e-01 5.834731254990200428e-02 9.885573577880860441e+00
1.870000000000000000e+02 9.831014142804952449e-01 6.072917915656048798e-02 9.887493705749511363e+00
1.880000000000000000e+02 9.824286321097526198e-01 5.809192539534817346e-02 9.889601898193360441e+00
1.890000000000000000e+02 9.828256937889390255e-01 5.725797039296377788e-02 9.891096115112304688e+00
1.900000000000000000e+02 9.829627065171453459e-01 5.963870535330218631e-02 9.891503715515137074e+00
1.910000000000000000e+02 9.834708677161090318e-01 5.804886779605696739e-02 9.891477584838867188e+00
1.920000000000000000e+02 9.827457851489214136e-01 5.540520264298041259e-02 9.892515945434571023e+00
1.930000000000000000e+02 9.818461596438810002e-01 5.934277952673994161e-02 9.891639900207518821e+00
1.940000000000000000e+02 9.832998421944155742e-01 5.779967182721644503e-02 9.890445709228515625e+00
1.950000000000000000e+02 9.832203659214493463e-01 6.033605053823606901e-02 9.890231513977051137e+00
1.960000000000000000e+02 9.826575906600095722e-01 5.744550380460969330e-02 9.889317893981932173e+00
1.970000000000000000e+02 9.817410231206501470e-01 5.938693636279701593e-02 9.891667747497558949e+00
1.980000000000000000e+02 9.817500365187600275e-01 5.627593224115828852e-02 9.892475891113281961e+00
1.990000000000000000e+02 9.821088552318404385e-01 5.785516600640421003e-02 9.893909645080567472e+00
2.000000000000000000e+02 9.777502339024176647e-01 6.600493232780248187e-02 5.976341819763184127e+00
2.010000000000000000e+02 9.707600925464897612e-01 8.262313658820195916e-02 6.250201797485351207e+00
2.020000000000000000e+02 9.579601170386679021e-01 1.049779004846835562e-01 6.493347740173339488e+00
2.030000000000000000e+02 9.421188735077824505e-01 1.318633919381379804e-01 6.707123661041260121e+00
2.040000000000000000e+02 9.191666165828771273e-01 1.620082866819494705e-01 6.897883796691894887e+00
2.050000000000000000e+02 8.925976410536189398e-01 1.921265357937904372e-01 7.070377731323242543e+00
2.060000000000000000e+02 8.661215338088011917e-01 2.198457425103345353e-01 7.227895832061768111e+00
2.070000000000000000e+02 8.358432350047055870e-01 2.485858123056781943e-01 7.367143821716307883e+00
2.080000000000000000e+02 8.044828835555333235e-01 2.768368396744815829e-01 7.498267745971680220e+00
2.090000000000000000e+02 7.740853280830836125e-01 3.023404422030165350e-01 7.616201782226562855e+00
2.100000000000000000e+02 7.450121275405846566e-01 3.295523341752941704e-01 7.725843811035155717e+00
2.110000000000000000e+02 7.150497297831197585e-01 3.523248337449786938e-01 7.826805782318115412e+00
2.120000000000000000e+02 6.840717996734301254e-01 3.756345349833360991e-01 7.925021839141845881e+00
2.130000000000000000e+02 6.580110267406626967e-01 3.986300662378873816e-01 8.015801715850829012e+00
2.140000000000000000e+02 6.331562055756785323e-01 4.193482320395637286e-01 8.100031661987303622e+00
2.150000000000000000e+02 6.074676687877055281e-01 4.432127465289034673e-01 8.178705787658691051e+00
2.160000000000000000e+02 5.852051703987624087e-01 4.606367112805760944e-01 8.254035758972168679e+00
2.170000000000000000e+02 5.624587055513281530e-01 4.827266412457714706e-01 8.322131729125976207e+00
2.180000000000000000e+02 5.389325729437607349e-01 5.019950101437437029e-01 8.390201759338378196e+00
2.190000000000000000e+02 5.185975550907165887e-01 5.233461563789131299e-01 8.452513694763183594e+00
2.200000000000000000e+02 5.004596178581419696e-01 5.384973825662491276e-01 8.513791656494142046e+00
2.210000000000000000e+02 4.788209994875201048e-01 5.537110257060972041e-01 8.571073722839354758e+00
2.220000000000000000e+02 4.614332174214707538e-01 5.719184828016461442e-01 8.627253532409667969e+00
2.230000000000000000e+02 4.407778683044358270e-01 5.856181379817707588e-01 8.677540016174317472e+00
2.240000000000000000e+02 4.252534324856138692e-01 6.023484271467826057e-01 8.726861763000488992e+00
2.250000000000000000e+02 4.082813660169520298e-01 6.188719192182392526e-01 8.774839782714844105e+00
2.260000000000000000e+02 3.949853216740469297e-01 6.330018111830743033e-01 8.821013641357421164e+00
2.270000000000000000e+02 3.813024992195107044e-01 6.473671986474673901e-01 8.865697669982910867e+00
2.280000000000000000e+02 3.653120969684862107e-01 6.614744190617796171e-01 8.908705520629883523e+00
2.290000000000000000e+02 3.514225000801876608e-01 6.757636824362172057e-01 8.951905822753905895e+00
2.300000000000000000e+02 3.393338680314507694e-01 6.896356341909506416e-01 8.989169883728026278e+00
2.310000000000000000e+02 3.262634045303534069e-01 7.011664571328715123e-01 9.028047752380372160e+00
2.320000000000000000e+02 3.145404517576151360e-01 7.144350114196370560e-01 9.062965965270995738e+00
2.330000000000000000e+02 3.048870062362498135e-01 7.253360132929990156e-01 9.097027778625488281e+00
2.340000000000000000e+02 2.955449415690327153e-01 7.364231456659670050e-01 9.131051635742187145e+00
2.350000000000000000e+02 2.829378029196694677e-01 7.486077869601919232e-01 9.162123680114746094e+00
2.360000000000000000e+02 2.714280429251447191e-01 7.570672700020716350e-01 9.194809722900391336e+00
2.370000000000000000e+02 2.638817976920144748e-01 7.662115601221038963e-01 9.225213813781738992e+00
2.380000000000000000e+02 2.547611631412198818e-01 7.765113135389165588e-01 9.255831909179686789e+00
2.390000000000000000e+02 2.461473013835325796e-01 7.865006922239843323e-01 9.281939888000488637e+00
2.400000000000000000e+02 2.375307516552098153e-01 7.945151095808741237e-01 9.306663703918456321e+00
2.410000000000000000e+02 2.304944888985756835e-01 8.047667370205537907e-01 9.333547592163085938e+00
2.420000000000000000e+02 2.262070672861439258e-01 8.120258540567046879e-01 9.356525611877440696e+00
2.430000000000000000e+02 2.192508896845476452e-01 8.196102315478848155e-01 9.380145835876465554e+00
2.440000000000000000e+02 2.122790077320666768e-01 8.275866468242211171e-01 9.400283813476562500e+00
2.450000000000000000e+02 2.064169024832450683e-01 8.341689413080087823e-01 9.423471641540526633e+00
2.460000000000000000e+02 2.002157939132583331e-01 8.426822527460094969e-01 9.442931747436523082e+00
2.470000000000000000e+02 1.936118338808203720e-01 8.490480446362007605e-01 9.463667678833008523e+00
2.480000000000000000e+02 1.876567235043407333e-01 8.541526061408187820e-01 9.478961563110351207e+00
2.490000000000000000e+02 1.816057855914871566e-01 8.590888246204585466e-01 9.494133758544920809e+00
2.500000000000000000e+02 1.751395480302987695e-01 8.637748424954416748e-01 9.508739852905273793e+00
2.510000000000000000e+02 1.708822402592587442e-01 8.693466043232015439e-01 9.523009681701660512e+00
2.520000000000000000e+02 1.703130530970531631e-01 8.736906227764207333e-01 9.534947967529298296e+00
2.530000000000000000e+02 1.672128717415770627e-01 8.806473140227686347e-01 9.547735595703125355e+00
2.540000000000000000e+02 1.593217267566330031e-01 8.856090901002197091e-01 9.561259651184082387e+00
2.550000000000000000e+02 1.572682279444367892e-01 8.904941712388602104e-01 9.576931953430175781e+00
2.560000000000000000e+02 1.518608800282508220e-01 8.945929571156462368e-01 9.591677856445311789e+00
2.570000000000000000e+02 1.473909066124302891e-01 8.972779020503595104e-01 9.603693771362305398e+00
2.580000000000000000e+02 1.429372422921221519e-01 9.023859092711333796e-01 9.614981651306152344e+00
2.590000000000000000e+02 1.398234379995079713e-01 9.056222198270029722e-01 9.627505874633788707e+00
2.600000000000000000e+02 1.370577361291673568e-01 9.098774326788702238e-01 9.638293838500976207e+00
2.610000000000000000e+02 1.354822501114134048e-01 9.118692764498477210e-01 9.646557617187500711e+00
2.620000000000000000e+02 1.330652816945794847e-01 9.153722983344113606e-01 9.655225944519042258e+00
2.630000000000000000e+02 1.295771419914208411e-01 9.185043081072346016e-01 9.663299560546875000e+00
2.640000000000000000e+02 1.275132182695115912e-01 9.217418107890567036e-01 9.670423698425292258e+00
2.650000000000000000e+02 1.242480928573946874e-01 9.247652090974727290e-01 9.678319931030273438e+00
2.660000000000000000e+02 1.229333370690158245e-01 9.265366185429005919e-01 9.687177658081054688e+00
2.670000000000000000e+02 1.222284400624334966e-01 9.283506626316599952e-01 9.693773651123047230e+00
2.680000000000000000e+02 1.197402489012378834e-01 9.324777279680463993e-01 9.701061820983886363e+00
2.690000000000000000e+02 1.147846022050902082e-01 9.335046976253489337e-01 9.709655761718750000e+00
2.700000000000000000e+02 1.121753992250868193e-01 9.354889645841998336e-01 9.716317558288574574e+00
2.710000000000000000e+02 1.086847532546545009e-01 9.385917540268311487e-01 9.721805763244628196e+00
2.720000000000000000e+02 1.072674109849284796e-01 9.395461024110066672e-01 9.724451637268066051e+00
2.730000000000000000e+02 1.058062401488675669e-01 9.422555560252507956e-01 9.732407951354980824e+00
2.740000000000000000e+02 1.041130282758053888e-01 9.438284084210218916e-01 9.739745903015135653e+00
2.750000000000000000e+02 1.031993109434808653e-01 9.445949750278770374e-01 9.744453811645508168e+00
2.760000000000000000e+02 9.883898448295100336e-02 9.482721269399415620e-01 9.750225639343261363e+00
2.770000000000000000e+02 9.994686776833484887e-02 9.482484165018247868e-01 9.756709671020507457e+00
2.780000000000000000e+02 9.713675351888702292e-02 9.512503125737703513e-01 9.762153816223143821e+00
2.790000000000000000e+02 9.646859995369380658e-02 9.522602067140285564e-01 9.765773773193359375e+00
2.800000000000000000e+02 9.297565084720094131e-02 9.533555546405950709e-01 9.768097877502441406e+00
2.810000000000000000e+02 9.161768969506565996e-02 9.543142399728249403e-01 9.772149848937988992e+00
2.820000000000000000e+02 9.342355815636761707e-02 9.549934509135341587e-01 9.778252029418943891e+00
2.830000000000000000e+02 9.221479131555498920e-02 9.561128350072869431e-01 9.782103729248047941e+00
2.840000000000000000e+02 8.907074756858954223e-02 9.571854111840324419e-01 9.785041809082031250e+00
2.850000000000000000e+02 8.790720068086860239e-02 9.586136286583395449e-01 9.787207794189452414e+00
2.860000000000000000e+02 8.557380578231955914e-02 9.578898678285063806e-01 9.791197776794433594e+00
2.870000000000000000e+02 8.660930838159006107e-02 9.581608132935676148e-01 9.792945861816406250e+00
2.880000000000000000e+02 8.547718390747802153e-02 9.594958063121840075e-01 9.798457717895507457e+00
2.890000000000000000e+02 8.299955178877459205e-02 9.616437497762239106e-01 9.799387741088867898e+00
2.900000000000000000e+02 8.104297899884174705e-02 9.626971433381840137e-01 9.802865982055664062e+00
2.910000000000000000e+02 7.892493211881566884e-02 9.618063714950710885e-01 9.805603790283202059e+00
2.920000000000000000e+02 7.995928740609561935e-02 9.633610960338616636e-01 9.809047889709473722e+00
2.930000000000000000e+02 7.822703752899257124e-02 9.641488452696327371e-01 9.813141822814941406e+00
2.940000000000000000e+02 7.873627772458677287e-02 9.641431757007583592e-01 9.813175964355469461e+00
2.950000000000000000e+02 7.842802914184986152e-02 9.655980652249960272e-01 9.814773941040039418e+00
2.960000000000000000e+02 7.544414347919650710e-02 9.658490243750632587e-01 9.818471908569335938e+00
2.970000000000000000e+02 7.708531432442347620e-02 9.663408972798915864e-01 9.822947883605957387e+00
2.980000000000000000e+02 7.284270744056201008e-02 9.668417256563709428e-01 9.823493766784668679e+00
2.990000000000000000e+02 7.502805021677105834e-02 9.684940923393438039e-01 9.827289772033692472e+00
3.000000000000000000e+02 7.247291707890080037e-02 9.688546501779576881e-01 9.828501892089843039e+00
3.010000000000000000e+02 7.222026824757210584e-02 9.693415040536004224e-01 9.831223869323730824e+00
3.020000000000000000e+02 7.001221949822836188e-02 9.695593555008998887e-01 9.830203628540038707e+00
3.030000000000000000e+02 7.015885076809953713e-02 9.719846286855520212e-01 9.829923820495606535e+00
3.040000000000000000e+02 7.126988311208598548e-02 9.703112784125622614e-01 9.832487869262696023e+00
3.050000000000000000e+02 7.035605233064066988e-02 9.728234502213004564e-01 9.834227943420410512e+00
3.060000000000000000e+02 6.931739637112631358e-02 9.737092160290488074e-01 9.839863586425781961e+00
3.070000000000000000e+02 6.994299854608329592e-02 9.742354113320993436e-01 9.839673805236815340e+00
3.080000000000000000e+02 6.822252156707202253e-02 9.737989026221298694e-01 9.844181823730469461e+00
3.090000000000000000e+02 6.778945955168341753e-02 9.743798037137032519e-01 9.847059822082519176e+00
3.100000000000000000e+02 6.725842151890185083e-02 9.755605998158547454e-01 9.846919631958007457e+00
3.110000000000000000e+02 6.558580391940500853e-02 9.758306337973199351e-01 9.848117828369140625e+00
3.120000000000000000e+02 6.756184715121625606e-02 9.752878453210218623e-01 9.848599815368652699e+00
3.130000000000000000e+02 6.869941418756897455e-02 9.764045731108244031e-01 9.850021934509276988e+00
3.140000000000000000e+02 6.592277487159943494e-02 9.769110363167734512e-01 9.854143524169922230e+00
3.150000000000000000e+02 6.773084982839565338e-02 9.771779062477889966e-01 9.855403709411621804e+00
3.160000000000000000e+02 6.345067429361402056e-02 9.774829586314955909e-01 9.857995796203612215e+00
3.170000000000000000e+02 6.551444863316359390e-02 9.775284994306178143e-01 9.857263755798339133e+00
3.180000000000000000e+02 6.228290128140074461e-02 9.770946581418084032e-01 9.857281684875488281e+00
3.190000000000000000e+02 6.310875749762613618e-02 9.771064145523743472e-01 9.858315849304199574e+00
3.200000000000000000e+02 6.418197648407655831e-02 9.773389856349775640e-01 9.859315681457520242e+00
3.210000000000000000e+02 6.138408117792222563e-02 9.770963709988290669e-01 9.860065650939940696e+00
3.220000000000000000e+02 6.200941527021283650e-02 9.776149077279732147e-01 9.862005805969237926e+00
3.230000000000000000e+02 6.461273749264205557e-02 9.778974105171936992e-01 9.864369773864746449e+00
3.240000000000000000e+02 6.307200860518484553e-02 9.774179486741944034e-01 9.863095855712892046e+00
3.250000000000000000e+02 6.361840038387228669e-02 9.781283921918180191e-01 9.863081741333008523e+00
3.260000000000000000e+02 6.488427905317632749e-02 9.778381466397629840e-01 9.863265800476073153e+00
3.270000000000000000e+02 6.432147339452706780e-02 9.775051342657871123e-01 9.864951705932616832e+00
3.280000000000000000e+02 6.156337036363491999e-02 9.777063999038883013e-01 9.864309692382812855e+00
3.290000000000000000e+02 6.168164636146322710e-02 9.773928602527499621e-01 9.863237762451172230e+00
3.300000000000000000e+02 6.227914398079348324e-02 9.781286287319131967e-01 9.860107803344726918e+00
3.310000000000000000e+02 6.049677494688424084e-02 9.772588831281501243e-01 9.861731719970702414e+00
3.320000000000000000e+02 6.317292579472681691e-02 9.774691536005334358e-01 9.860433769226073508e+00
3.330000000000000000e+02 6.224195147949417029e-02 9.778744693547030131e-01 9.862294006347656961e+00
3.340000000000000000e+02 6.040237423730868832e-02 9.793240343339983944e-01 9.861925888061522372e+00
3.350000000000000000e+02 6.231214217699988789e-02 9.793098931102895977e-01 9.863103675842285867e+00
3.360000000000000000e+02 6.151892552592838626e-02 9.785400179447562019e-01 9.863759613037109020e+00
3.370000000000000000e+02 6.171789607250766085e-02 9.792182986172002224e-01 9.863551712036132457e+00
3.380000000000000000e+02 6.418372458810635284e-02 9.796533991641914740e-01 9.864391899108886363e+00
3.390000000000000000e+02 5.999254154923563259e-02 9.794467904700215888e-01 9.865065765380858664e+00
3.400000000000000000e+02 6.003332118150087743e-02 9.791496489428975769e-01 9.866947746276855113e+00
3.410000000000000000e+02 5.956331053713801588e-02 9.793412938764171072e-01 9.866661453247068891e+00
3.420000000000000000e+02 5.991549161597119200e-02 9.791576794545076012e-01 9.870359992980956676e+00
3.430000000000000000e+02 5.897850367218491346e-02 9.785788412800613401e-01 9.871327781677246449e+00
3.440000000000000000e+02 5.788583623112372734e-02 9.786347277452862592e-01 9.871081733703613637e+00
3.450000000000000000e+02 5.796114429740895080e-02 9.785334050456876431e-01 9.872167968750000355e+00
3.460000000000000000e+02 6.169138518931269188e-02 9.790355470428581119e-01 9.871235656738280184e+00
3.470000000000000000e+02 6.006672904686705811e-02 9.779308402694785185e-01 9.870407867431641336e+00
3.480000000000000000e+02 6.218741959035362782e-02 9.784279415766908850e-01 9.872707748413086293e+00
3.490000000000000000e+02 5.908455510922915044e-02 9.796670879208705385e-01 9.876181602478027344e+00
3.500000000000000000e+02 6.224542178559094169e-02 9.792392283997307656e-01 9.876317787170409090e+00
3.510000000000000000e+02 6.326641562057706836e-02 9.801353475812110139e-01 9.876021766662598012e+00
3.520000000000000000e+02 5.920761006146351563e-02 9.802025020246418752e-01 9.876027679443359020e+00
3.530000000000000000e+02 6.249299172311091610e-02 9.807327727103203330e-01 9.875451660156249645e+00
3.540000000000000000e+02 6.158805476067513024e-02 9.798185254743921879e-01 9.874101829528807883e+00
3.550000000000000000e+02 6.151436484848771258e-02 9.802376552330399617e-01 9.874653816223144531e+00
3.560000000000000000e+02 6.129409671593000208e-02 9.801013514263435811e-01 9.875567817687988637e+00
3.570000000000000000e+02 5.753115260069496806e-02 9.795621383857402442e-01 9.875757598876953480e+00
3.580000000000000000e+02 5.948300160455088914e-02 9.789049839136825248e-01 9.875241661071777699e+00
3.590000000000000000e+02 5.997801567779451754e-02 9.800994055698739604e-01 9.874619483947753906e+00
3.600000000000000000e+02 5.847030043879548195e-02 9.802024998233482833e-01 9.875153732299803977e+00
3.610000000000000000e+02 6.064479294963368711e-02 9.809270974136597987e-01 9.876225852966308949e+00
3.620000000000000000e+02 5.987656354946895715e-02 9.810626814824591202e-01 9.876743698120117543e+00
3.630000000000000000e+02 6.124958645346292863e-02 9.809825940509151465e-01 9.876941680908203125e+00
3.640000000000000000e+02 6.134675855652634707e-02 9.814291878285730242e-01 9.874839782714843750e+00
3.650000000000000000e+02 5.883998341157072737e-02 9.813117838618776734e-01 9.874855804443360086e+00
3.660000000000000000e+02 5.778324818216595132e-02 9.803555099058145483e-01 9.874933815002441051e+00
3.670000000000000000e+02 5.771861871866104665e-02 9.813375041758618522e-01 9.877881813049317117e+00
3.680000000000000000e+02 5.848649517607091425e-02 9.814411346009459525e-01 9.877653884887696023e+00
3.690000000000000000e+02 5.736557768198628088e-02 9.815306161782297867e-01 9.878037643432616477e+00
3.700000000000000000e+02 5.726913537709381330e-02 9.812267513179273593e-01 9.879229736328124289e+00
3.710000000000000000e+02 5.856314579940731513e-02 9.814045362832354291e-01 9.878263664245604758e+00
3.720000000000000000e+02 5.805986303930819187e-02 9.817246330175566360e-01 9.881521797180175426e+00
3.730000000000000000e+02 5.749102228776470369e-02 9.809789200505287798e-01 9.882149887084960227e+00
3.740000000000000000e+02 5.720313100006902546e-02 9.813923783660405409e-01 9.881473731994628196e+00
3.750000000000000000e+02 5.782072499913409880e-02 9.812426375767653308e-01 9.878709793090820312e+00
3.760000000000000000e+02 5.795398793125139392e-02 9.821782766242965756e-01 9.878891944885253906e+00
3.770000000000000000e+02 5.923297877168421516e-02 9.818007926529430662e-01 9.879941940307617188e+00
3.780000000000000000e+02 6.141278151336886093e-02 9.819067557877931840e-01 9.877991867065430753e+00
3.790000000000000000e+02 5.694693374233265881e-02 9.816286650908653266e-01 9.878117561340332031e+00
3.800000000000000000e+02 6.055076012285642156e-02 9.818867261617491016e-01 9.879955673217773793e+00
3.810000000000000000e+02 6.073289488811757508e-02 9.825735849894873253e-01 9.880185508728027699e+00
3.820000000000000000e+02 5.764966492028821693e-02 9.815153141324034491e-01 9.878435707092284801e+00
3.830000000000000000e+02 5.860488021046309642e-02 9.813576481211609970e-01 9.877121734619139559e+00
3.840000000000000000e+02 5.727872677663950474e-02 9.816075807340882697e-01 9.875953865051268821e+00
3.850000000000000000e+02 5.714070784684975590e-02 9.806590900319540616e-01 9.875747871398925071e+00
3.860000000000000000e+02 5.665837340678115536e-02 9.811719857437876113e-01 9.875617790222166903e+00
3.870000000000000000e+02 5.769311394360972928e-02 9.804937882921126446e-01 9.874577713012696378e+00
3.880000000000000000e+02 5.863548981847261504e-02 9.810052676028560015e-01 9.873645782470703125e+00
3.890000000000000000e+02 5.821958445941009114e-02 9.818431372484542896e-01 9.874713897705078125e+00
3.900000000000000000e+02 5.869604188752924889e-02 9.803080854802309618e-01 9.876459693908691051e+00
3.910000000000000000e+02 5.791637850606128762e-02 9.803896465248107539e-01 9.877345848083495028e+00
3.920000000000000000e+02 5.817335256586728121e-02 9.819813523896595564e-01 9.875869941711425071e+00
3.930000000000000000e+02 6.022341673552758512e-02 9.819834977040164947e-01 9.877397727966307883e+00
3.940000000000000000e+02 5.861522084085342421e-02 9.811074596645110724e-01 9.876105690002439985e+00
3.950000000000000000e+02 5.735395353758723086e-02 9.828507532086765419e-01 9.875823783874510653e+00
3.960000000000000000e+02 5.690663945610612701e-02 9.820175694122873500e-01 9.876483726501465554e+00
3.970000000000000000e+02 5.990936986935174041e-02 9.819209958450830777e-01 9.876079750061034446e+00
3.980000000000000000e+02 5.904750781717565261e-02 9.825441166497426160e-01 9.874885749816893821e+00
