0.000000000000000000e+00 1.642136210000131880e-01 7.018579188722827433e-02 6.020896530151366832e+00
1.000000000000000000e+00 3.204288469514163240e-01 7.744244921747793498e-02 6.361707210540770596e+00
2.000000000000000000e+00 4.272810622592430607e-01 7.804943733418005791e-02 6.658134746551514382e+00
3.000000000000000000e+00 4.687012303908581479e-01 7.503260581492601777e-02 6.920436668395995916e+00
4.000000000000000000e+00 4.826254524443862048e-01 7.350968836863429334e-02 7.153753566741943182e+00
5.000000000000000000e+00 4.932092703115074639e-01 7.066498357964351440e-02 7.363805961608886896e+00
6.000000000000000000e+00 5.187274737975813288e-01 6.873277334145981576e-02 7.555824565887451882e+00
7.000000000000000000e+00 5.522232687489951886e-01 7.165194145241991774e-02 7.729504013061523793e+00
8.000000000000000000e+00 5.919001632563298809e-01 7.035975993552276431e-02 7.888180923461914240e+00
9.000000000000000000e+00 6.319199394594553487e-01 7.428686530271157162e-02 8.032266139984130859e+00
1.000000000000000000e+01 6.725207725556130445e-01 6.986666663726466553e-02 8.164855003356933594e+00
1.100000000000000000e+01 7.084515610489285908e-01 7.080242930670405110e-02 8.286894798278808594e+00
1.200000000000000000e+01 7.450108441590892472e-01 7.399855841601929440e-02 8.398433876037598722e+00
1.300000000000000000e+01 7.734928328875388948e-01 7.352488871564091810e-02 8.502206611633301492e+00
1.400000000000000000e+01 8.003315109419586459e-01 7.165097672887144054e-02 8.598514556884765625e+00
1.500000000000000000e+01 8.249439209766471492e-01 7.235852264634856645e-02 8.687196540832520242e+00
1.600000000000000000e+01 8.466859453658694967e-01 7.323619533922737235e-02 8.770155715942383523e+00
1.700000000000000000e+01 8.649987519424935378e-01 7.053899684048262064e-02 8.847665977478028410e+00
1.800000000000000000e+01 8.818830235020853614e-01 7.144335964617837265e-02 8.918349647521973012e+00
1.900000000000000000e+01 8.978570422487540670e-01 7.057695616009546091e-02 8.985149765014648793e+00
2.000000000000000000e+01 9.105022032682309474e-01 6.952325507441427244e-02 9.047635078430175781e+00
2.100000000000000000e+01 9.242165977738128202e-01 6.918761300120908342e-02 9.105733108520507102e+00
2.200000000000000000e+01 9.334189998362327767e-01 7.483563503377943515e-02 9.160443115234375711e+00
2.300000000000000000e+01 9.430456033123900683e-01 7.242632762639485133e-02 9.211368370056153054e+00
2.400000000000000000e+01 9.514786120796538960e-01 6.976185593969906618e-02 9.259376144409179332e+00
2.500000000000000000e+01 9.602259274110206411e-01 7.203096745163169168e-02 9.304481697082520597e+00
2.600000000000000000e+01 9.671555614547265867e-01 7.141843458997093608e-02 9.347129440307616832e+00
2.700000000000000000e+01 9.714638457888176148e-01 7.300464905098656698e-02 9.386764526367187500e+00
2.800000000000000000e+01 9.770614193583534446e-01 7.241512753432197136e-02 9.424389076232909446e+00
2.900000000000000000e+01 9.807399447010453075e-01 7.106428919545940137e-02 9.459909820556639204e+00
3.000000000000000000e+01 9.847615475864156531e-01 7.480663283222807602e-02 9.493305397033690696e+00
3.100000000000000000e+01 9.880603415197877215e-01 7.233891134633946285e-02 9.525010108947753906e+00
3.200000000000000000e+01 9.897505771967080035e-01 7.450212915718534834e-02 9.554583358764649148e+00
3.300000000000000000e+01 9.910222717974596085e-01 7.471350890386664612e-02 9.582338714599609730e+00
3.400000000000000000e+01 9.932139089433770218e-01 7.390152325194578042e-02 9.609235763549804688e+00
3.500000000000000000e+01 9.949766037720210177e-01 7.447050232237185929e-02 9.633850860595702059e+00
3.600000000000000000e+01 9.959706542523276696e-01 7.152266194382285447e-02 9.657614135742187855e+00
3.700000000000000000e+01 9.972736985305546975e-01 7.378171753286924539e-02 9.679695320129393821e+00
3.800000000000000000e+01 9.976261221462080497e-01 7.329440178981173892e-02 9.700112915039062145e+00
3.900000000000000000e+01 9.980696448545541832e-01 7.374051587944319142e-02 9.719347000122070312e+00
4.000000000000000000e+01 9.986130431547118880e-01 7.452405265219073927e-02 9.738052177429199929e+00
4.100000000000000000e+01 9.992877638855804934e-01 7.511482303952428385e-02 9.755030822753907316e+00
4.200000000000000000e+01 9.988887790796430188e-01 7.450858616819322489e-02 9.771458435058592684e+00
4.300000000000000000e+01 9.990291934087711656e-01 7.589755338135745211e-02 9.786581420898436079e+00
4.400000000000000000e+01 9.994408823282573406e-01 7.252589572626996772e-02 9.800585365295409801e+00
4.500000000000000000e+01 9.994372061136393981e-01 7.249423852980632632e-02 9.813718032836915128e+00
4.600000000000000000e+01 9.996743038975568485e-01 7.424316241227231494e-02 9.826890754699705965e+00
4.700000000000000000e+01 9.995655023705062314e-01 7.487496187054989982e-02 9.838792419433593395e+00
4.800000000000000000e+01 9.998029327604772698e-01 7.537301577999384883e-02 9.849209213256836293e+00
4.900000000000000000e+01 9.998550680533110357e-01 7.435972820155091478e-02 9.859836006164551137e+00
5.000000000000000000e+01 9.998865333496630425e-01 7.402998703473048780e-02 9.869231605529785512e+00
5.100000000000000000e+01 9.997899182767356896e-01 7.462960334412702124e-02 9.878051185607910512e+00
5.200000000000000000e+01 9.998331263155587623e-01 7.281567153869557274e-02 9.886476135253905895e+00
5.300000000000000000e+01 9.999117604389041736e-01 7.539862024638628590e-02 9.894676971435545809e+00
5.400000000000000000e+01 9.999899212005995963e-01 7.192091015866312886e-02 9.902329254150391336e+00
5.500000000000000000e+01 9.999495986199544717e-01 7.664039179181607320e-02 9.908852577209472656e+00
5.600000000000000000e+01 9.999899212005995963e-01 7.303769604496225532e-02 9.915642738342285156e+00
5.700000000000000000e+01 9.999899212005995963e-01 7.350417266518871617e-02 9.921160888671874289e+00
5.800000000000000000e+01 9.999899212005995963e-01 7.517064183623189955e-02 9.927016830444337359e+00
5.900000000000000000e+01 9.999899212005995963e-01 7.515207990832049878e-02 9.932119941711425426e+00
6.000000000000000000e+01 9.999504345273518835e-01 7.497905022545886533e-02 9.937754058837890980e+00
6.100000000000000000e+01 9.999899212005995963e-01 7.641862685502029406e-02 9.943529319763182883e+00
6.200000000000000000e+01 9.999899212005995963e-01 7.474764316633716876e-02 9.947222137451172230e+00
6.300000000000000000e+01 9.999899212005995963e-01 7.377394858635756558e-02 9.951740264892578125e+00
6.400000000000000000e+01 9.999504345273518835e-01 7.497171571311431193e-02 9.955161476135254262e+00
6.500000000000000000e+01 9.999899212005995963e-01 7.622765728316772960e-02 9.958951950073242188e+00
6.600000000000000000e+01 9.999899212005995963e-01 7.722038499859279481e-02 9.962656402587889204e+00
6.700000000000000000e+01 9.999899212005995963e-01 7.449469129804292544e-02 9.965165901184082742e+00
6.800000000000000000e+01 9.999899212005995963e-01 7.539921048321443497e-02 9.967330360412598012e+00
6.900000000000000000e+01 9.999899212005995963e-01 7.533549498128458421e-02 9.970072174072265980e+00
7.000000000000000000e+01 9.999899212005995963e-01 7.550643345008661855e-02 9.972518730163574929e+00
7.100000000000000000e+01 9.999899212005995963e-01 7.456659866831874539e-02 9.974593925476074929e+00
7.200000000000000000e+01 9.999899212005995963e-01 7.431963584582920723e-02 9.977062606811523793e+00
7.300000000000000000e+01 9.999899212005995963e-01 7.314607871320530363e-02 9.979460525512696023e+00
7.400000000000000000e+01 9.999899212005995963e-01 7.443353854269109393e-02 9.981123924255371094e+00
7.500000000000000000e+01 9.999899212005995963e-01 7.418481322257164390e-02 9.983217811584472301e+00
7.600000000000000000e+01 9.999899212005995963e-01 7.418626873564110324e-02 9.984918594360351562e+00
7.700000000000000000e+01 9.999899212005995963e-01 7.250154949092520174e-02 9.986804008483886719e+00
7.800000000000000000e+01 9.999899212005995963e-01 7.627558851781002236e-02 9.988006782531737571e+00
7.900000000000000000e+01 9.999899212005995963e-01 7.324768868505610042e-02 9.989074516296385653e+00
8.000000000000000000e+01 9.999899212005995963e-01 7.497014990279890490e-02 9.991238784790038352e+00
8.100000000000000000e+01 9.999899212005995963e-01 7.469666274588172838e-02 9.992387390136718395e+00
8.200000000000000000e+01 9.999899212005995963e-01 7.322566423356942356e-02 9.993663215637205610e+00
8.300000000000000000e+01 9.999899212005995963e-01 7.394615947589437688e-02 9.996066093444824219e+00
8.400000000000000000e+01 9.999899212005995963e-01 7.179223272179589832e-02 9.997239494323730824e+00
8.500000000000000000e+01 9.999899212005995963e-01 7.516945980246982073e-02 9.998045349121094105e+00
8.600000000000000000e+01 9.999899212005995963e-01 7.366702135813001096e-02 9.998535346984862571e+00
8.700000000000000000e+01 9.999899212005995963e-01 7.302099601344340385e-02 1.000008983612060476e+01
8.800000000000000000e+01 9.999899212005995963e-01 7.108655965226666484e-02 1.000082244873046911e+01
8.900000000000000000e+01 9.999899212005995963e-01 7.443051268478331761e-02 1.000165710449218714e+01
9.000000000000000000e+01 9.999899212005995963e-01 7.483898254145315843e-02 1.000255851745605540e+01
9.100000000000000000e+01 9.999899212005995963e-01 7.243093495420066530e-02 1.000310344696045028e+01
9.200000000000000000e+01 9.999899212005995963e-01 7.317495347462145416e-02 1.000368595123291016e+01
9.300000000000000000e+01 9.999899212005995963e-01 7.207442579967496266e-02 1.000334587097168004e+01
9.400000000000000000e+01 9.999899212005995963e-01 7.458832858270800226e-02 1.000436077117919886e+01
9.500000000000000000e+01 9.999899212005995963e-01 7.449722237423905824e-02 1.000439014434814311e+01
9.600000000000000000e+01 9.999899212005995963e-01 7.377218032923570090e-02 1.000470027923583771e+01
9.700000000000000000e+01 9.999899212005995963e-01 7.386493980173362839e-02 1.000523967742919851e+01
9.800000000000000000e+01 9.999899212005995963e-01 7.521725541632950929e-02 1.000495033264160050e+01
9.900000000000000000e+01 9.999899212005995963e-01 7.486531771682373992e-02 1.000532550811767507e+01
1.000000000000000000e+02 9.999899212005995963e-01 7.250778842821536951e-02 1.000602054595947266e+01
1.010000000000000000e+02 9.999899212005995963e-01 7.318699640873127521e-02 1.000608768463134624e+01
1.020000000000000000e+02 9.999899212005995963e-01 7.323236469584794295e-02 1.000614604949951136e+01
1.030000000000000000e+02 9.999899212005995963e-01 7.364173014836689068e-02 1.000637226104736399e+01
1.040000000000000000e+02 9.999899212005995963e-01 7.408553424192758363e-02 1.000623474121093714e+01
1.050000000000000000e+02 9.999899212005995963e-01 7.361460018354624990e-02 1.000644702911376882e+01
1.060000000000000000e+02 9.999899212005995963e-01 7.226927147460725231e-02 1.000615921020507848e+01
1.070000000000000000e+02 9.999899212005995963e-01 7.168942185011471790e-02 1.000614967346191442e+01
1.080000000000000000e+02 9.999899212005995963e-01 7.127413626821821335e-02 1.000679836273193324e+01
1.090000000000000000e+02 9.999899212005995963e-01 7.476223023762255948e-02 1.000680427551269602e+01
1.100000000000000000e+02 9.999899212005995963e-01 7.584156940966114979e-02 1.000712432861327983e+01
1.110000000000000000e+02 9.999899212005995963e-01 7.569314228464175953e-02 1.000646362304687642e+01
1.120000000000000000e+02 9.999899212005995963e-01 7.325080387932883519e-02 1.000653743743896484e+01
1.130000000000000000e+02 9.999899212005995963e-01 7.453628317871005549e-02 1.000647716522216868e+01
1.140000000000000000e+02 9.999899212005995963e-01 7.545265854287236396e-02 1.000642242431640661e+01
1.150000000000000000e+02 9.999899212005995963e-01 7.564359135399169320e-02 1.000651969909667827e+01
1.160000000000000000e+02 9.999899212005995963e-01 7.529963869403916155e-02 1.000657806396484517e+01
1.170000000000000000e+02 9.999899212005995963e-01 7.004512471490627334e-02 1.000610656738281357e+01
1.180000000000000000e+02 9.999899212005995963e-01 7.140353446252899194e-02 1.000632762908935547e+01
1.190000000000000000e+02 9.999899212005995963e-01 7.390412502092387481e-02 1.000692234039306605e+01
1.200000000000000000e+02 9.999899212005995963e-01 7.202375654435448638e-02 1.000627384185791158e+01
1.210000000000000000e+02 9.999899212005995963e-01 7.473957627616574506e-02 1.000668678283691371e+01
1.220000000000000000e+02 9.999899212005995963e-01 7.304467612027895629e-02 1.000634536743164027e+01
1.230000000000000000e+02 9.999899212005995963e-01 7.489378034657824534e-02 1.000627193450927699e+01
1.240000000000000000e+02 9.999899212005995963e-01 7.350113335201127751e-02 1.000592861175537251e+01
1.250000000000000000e+02 9.999899212005995963e-01 7.117800593795510500e-02 1.000631065368652450e+01
1.260000000000000000e+02 9.999899212005995963e-01 7.117160952411281938e-02 1.000697021484375071e+01
1.270000000000000000e+02 9.999899212005995963e-01 6.902893849168766083e-02 1.000755958557128977e+01
1.280000000000000000e+02 9.999899212005995963e-01 6.938683709370274677e-02 1.000811157226562464e+01
1.290000000000000000e+02 9.999899212005995963e-01 7.049617969131877215e-02 1.000817260742187464e+01
1.300000000000000000e+02 9.999899212005995963e-01 7.004443917508043627e-02 1.000930290222168040e+01
1.310000000000000000e+02 9.999899212005995963e-01 7.104897837382635750e-02 1.000919494628906214e+01
1.320000000000000000e+02 9.999899212005995963e-01 7.043820199067317434e-02 1.000802001953124964e+01
1.330000000000000000e+02 9.999899212005995963e-01 7.256925708062454683e-02 1.000834617614746058e+01
1.340000000000000000e+02 9.999899212005995963e-01 7.304958524750250481e-02 1.000880947113037145e+01
1.350000000000000000e+02 9.999899212005995963e-01 7.466786765469159148e-02 1.000902118682861364e+01
1.360000000000000000e+02 9.999899212005995963e-01 7.285315440540925114e-02 1.000942802429199219e+01
1.370000000000000000e+02 9.999899212005995963e-01 7.125874768663625902e-02 1.000949668884277344e+01
1.380000000000000000e+02 9.999899212005995963e-01 6.930884437262362086e-02 1.001018581390381001e+01
1.390000000000000000e+02 9.999899212005995963e-01 6.910044735111028902e-02 1.000982856750488281e+01
1.400000000000000000e+02 9.999899212005995963e-01 6.922330324376151089e-02 1.000952835083007741e+01
1.410000000000000000e+02 9.999899212005995963e-01 6.839501911099167553e-02 1.000971775054931712e+01
1.420000000000000000e+02 9.999899212005995963e-01 6.909997381207391709e-02 1.000934600830078125e+01
1.430000000000000000e+02 9.999899212005995963e-01 6.990582650107597662e-02 1.000942344665527273e+01
1.440000000000000000e+02 9.999899212005995963e-01 7.151839201893644971e-02 1.001029911041259624e+01
1.450000000000000000e+02 9.999899212005995963e-01 7.193066919442056562e-02 1.001091499328613210e+01
1.460000000000000000e+02 9.999899212005995963e-01 7.075154434403981007e-02 1.001121997833251953e+01
1.470000000000000000e+02 9.999899212005995963e-01 7.005277349399377518e-02 1.001071777343750036e+01
1.480000000000000000e+02 9.999899212005995963e-01 7.125447916512597790e-02 1.001070957183837784e+01
1.490000000000000000e+02 9.999899212005995963e-01 7.308440226268840545e-02 1.001125278472900426e+01
1.500000000000000000e+02 9.999899212005995963e-01 7.245847539424882244e-02 1.001104660034179616e+01
1.510000000000000000e+02 9.999899212005995963e-01 7.116428339862354568e-02 1.001037635803222514e+01
1.520000000000000000e+02 9.999899212005995963e-01 7.170628862568337314e-02 1.001017265319824290e+01
1.530000000000000000e+02 9.999899212005995963e-01 7.253671746679167531e-02 1.001049919128417898e+01
1.540000000000000000e+02 9.999899212005995963e-01 7.265613570724117898e-02 1.001059761047363139e+01
1.550000000000000000e+02 9.999899212005995963e-01 7.156660706191403376e-02 1.001092090606689489e+01
1.560000000000000000e+02 9.999899212005995963e-01 7.244172079344432524e-02 1.001151866912841726e+01
1.570000000000000000e+02 9.999899212005995963e-01 7.139901491109164333e-02 1.001135501861572230e+01
1.580000000000000000e+02 9.999899212005995963e-01 7.162489421480855434e-02 1.001085414886474467e+01
1.590000000000000000e+02 9.999899212005995963e-01 7.410753395314613468e-02 1.001041660308837855e+01
1.600000000000000000e+02 9.999899212005995963e-01 7.073931840672566251e-02 1.001054553985595774e+01
1.610000000000000000e+02 9.999899212005995963e-01 7.031012792136805134e-02 1.001020126342773509e+01
1.620000000000000000e+02 9.999899212005995963e-01 7.241487003929666932e-02 1.001042957305908310e+01
1.630000000000000000e+02 9.999899212005995963e-01 6.996923608090625801e-02 1.000977077484130895e+01
1.640000000000000000e+02 9.999899212005995963e-01 7.112087746807344013e-02 1.000983657836914098e+01
1.650000000000000000e+02 9.999899212005995963e-01 6.740203138071872158e-02 1.000884704589843821e+01
1.660000000000000000e+02 9.999899212005995963e-01 7.149537890822138531e-02 1.000862312316894531e+01
1.670000000000000000e+02 9.999899212005995963e-01 7.116155653421174510e-02 1.000879497528076101e+01
1.680000000000000000e+02 9.999899212005995963e-01 7.006532911201411584e-02 1.000821800231933523e+01
1.690000000000000000e+02 9.999899212005995963e-01 7.154092857851664100e-02 1.000812797546386790e+01
1.700000000000000000e+02 9.999899212005995963e-01 7.306457023854207034e-02 1.000865726470947159e+01
1.710000000000000000e+02 9.999899212005995963e-01 7.020277459465361358e-02 1.000795764923095632e+01
1.720000000000000000e+02 9.999899212005995963e-01 6.921190938887115951e-02 1.000886898040771555e+01
1.730000000000000000e+02 9.999899212005995963e-01 7.119943687538975163e-02 1.000873394012451101e+01
1.740000000000000000e+02 9.999899212005995963e-01 7.128275252917548599e-02 1.000904064178466868e+01
1.750000000000000000e+02 9.999899212005995963e-01 7.168083919273443572e-02 1.000904808044433558e+01
1.760000000000000000e+02 9.999899212005995963e-01 6.833588789814344644e-02 1.000885562896728409e+01
1.770000000000000000e+02 9.999899212005995963e-01 7.183976161324966137e-02 1.000907115936279368e+01
1.780000000000000000e+02 9.999899212005995963e-01 7.051847359297960804e-02 1.000956802368164134e+01
1.790000000000000000e+02 9.999899212005995963e-01 7.015397889899700756e-02 1.000957965850830078e+01
1.800000000000000000e+02 9.999899212005995963e-01 7.088237468430670651e-02 1.000938243865966726e+01
1.810000000000000000e+02 9.999899212005995963e-01 7.234121449415825689e-02 1.000979766845703089e+01
1.820000000000000000e+02 9.999899212005995963e-01 6.921855219286665584e-02 1.000968570709228445e+01
1.830000000000000000e+02 9.999899212005995963e-01 7.305428444664467669e-02 1.001064777374267578e+01
1.840000000000000000e+02 9.999899212005995963e-01 7.041644736934113413e-02 1.001109218597412109e+01
1.850000000000000000e+02 9.999899212005995963e-01 7.076423602392574452e-02 1.001158103942871058e+01
1.860000000000000000e+02 9.999899212005995963e-01 7.077285067950764286e-02 1.001176319122314418e+01
1.870000000000000000e+02 9.999899212005995963e-01 7.324709986565940134e-02 1.001214504241943359e+01
1.880000000000000000e+02 9.999899212005995963e-01 6.910816030841812618e-02 1.001204681396484375e+01
1.890000000000000000e+02 9.999899212005995963e-01 7.086167731718769069e-02 1.001308536529541016e+01
1.900000000000000000e+02 9.999899212005995963e-01 6.913571063603339562e-02 1.001263828277587820e+01
1.910000000000000000e+02 9.999899212005995963e-01 7.111262458118214336e-02 1.001261081695556676e+01
1.920000000000000000e+02 9.999899212005995963e-01 6.976282162815443388e-02 1.001314964294433629e+01
1.930000000000000000e+02 9.999899212005995963e-01 7.097967956689561764e-02 1.001367969512939382e+01
1.940000000000000000e+02 9.999899212005995963e-01 7.047284490970306958e-02 1.001291999816894496e+01
1.950000000000000000e+02 9.999899212005995963e-01 6.960051581852640112e-02 1.001313152313232457e+01
1.960000000000000000e+02 9.999899212005995963e-01 7.333405117436307685e-02 1.001262283325195312e+01
1.970000000000000000e+02 9.999899212005995963e-01 7.032388873301502474e-02 1.001203804016113352e+01
1.980000000000000000e+02 9.999899212005995963e-01 7.219236965362657577e-02 1.001219196319580007e+01
1.990000000000000000e+02 9.999899212005995963e-01 7.213534344265133680e-02 1.001122055053710902e+01
2.000000000000000000e+02 9.999899212005995963e-01 1.702964001772842018e-01 5.975960350036620738e+00
2.010000000000000000e+02 9.999899212005995963e-01 3.291109616793715387e-01 6.319824123382567826e+00
2.020000000000000000e+02 9.999899212005995963e-01 4.347920989474492459e-01 6.618240356445311612e+00
2.030000000000000000e+02 9.998720979264704711e-01 4.793079443170538689e-01 6.881764888763427734e+00
2.040000000000000000e+02 9.998653546121828439e-01 4.927191252906324426e-01 7.115990352630616300e+00
2.050000000000000000e+02 9.997942669324887399e-01 5.039035829958941060e-01 7.328342533111571910e+00
2.060000000000000000e+02 9.985635354109007045e-01 5.295172462982575823e-01 7.519738960266113992e+00
2.070000000000000000e+02 9.955426516326759678e-01 5.601463933099456449e-01 7.694441986083984553e+00
2.080000000000000000e+02 9.887524891946097849e-01 5.997114748961303032e-01 7.853292846679687855e+00
2.090000000000000000e+02 9.774987477288739068e-01 6.390690429688690166e-01 7.998372554779052734e+00
2.100000000000000000e+02 9.642941947365714084e-01 6.766759180205629276e-01 8.131438446044921164e+00
2.110000000000000000e+02 9.453972545402008487e-01 7.151857597188469029e-01 8.252902412414551137e+00
2.120000000000000000e+02 9.248593375219277268e-01 7.481404148528242315e-01 8.364266777038574574e+00
2.130000000000000000e+02 9.013041723740062849e-01 7.766805916562096179e-01 8.467354393005370738e+00
2.140000000000000000e+02 8.778360982199124862e-01 8.011420148851341461e-01 8.562934112548827414e+00
2.150000000000000000e+02 8.526560324897030085e-01 8.257153070966581909e-01 8.650649070739746094e+00
2.160000000000000000e+02 8.279154178586490831e-01 8.483748041156392583e-01 8.732597351074218750e+00
2.170000000000000000e+02 7.992829185689966920e-01 8.656060418544820889e-01 8.809055709838867543e+00
2.180000000000000000e+02 7.749087967757708473e-01 8.824120698804039931e-01 8.879417419433593750e+00
2.190000000000000000e+02 7.496485205327335644e-01 8.973773171320450492e-01 8.945595741271972656e+00
2.200000000000000000e+02 7.278830807794153257e-01 9.111869056361503461e-01 9.006958770751952059e+00
2.210000000000000000e+02 7.042516222561949757e-01 9.236864238409765449e-01 9.063950729370116477e+00
2.220000000000000000e+02 6.816368954641373046e-01 9.341499606401465483e-01 9.117849349975585938e+00
2.230000000000000000e+02 6.610485273917295901e-01 9.430889543376683726e-01 9.168493270874023438e+00
2.240000000000000000e+02 6.413405451222318199e-01 9.525313485650862555e-01 9.215870857238769531e+00
2.250000000000000000e+02 6.195484031188929208e-01 9.594872972004873102e-01 9.260430335998535156e+00
2.260000000000000000e+02 6.013822072766253912e-01 9.657286173370224214e-01 9.302465629577637785e+00
2.270000000000000000e+02 5.883398904135279661e-01 9.715616491327615512e-01 9.341615486145020242e+00
2.280000000000000000e+02 5.763497382782423184e-01 9.770790695512023838e-01 9.378782463073731535e+00
2.290000000000000000e+02 5.627742742111946361e-01 9.816682488128605222e-01 9.413337135314941762e+00
2.300000000000000000e+02 5.510484751843510720e-01 9.843993297028514888e-01 9.445980453491209516e+00
2.310000000000000000e+02 5.400368157681292303e-01 9.872514875700026948e-01 9.477135276794433238e+00
2.320000000000000000e+02 5.324878740221414830e-01 9.905889262649453242e-01 9.506695556640625711e+00
2.330000000000000000e+02 5.238437687816360766e-01 9.920204491859311302e-01 9.534131622314452770e+00
2.340000000000000000e+02 5.190662599633585339e-01 9.936711815895206135e-01 9.559621620178221590e+00
2.350000000000000000e+02 5.116098045691575003e-01 9.949614495972546324e-01 9.583689117431640980e+00
2.360000000000000000e+02 5.055971560208137872e-01 9.962627900727654140e-01 9.607465171813965199e+00
2.370000000000000000e+02 5.057598578916804311e-01 9.968576238261647182e-01 9.629366493225097301e+00
2.380000000000000000e+02 5.022976237245416753e-01 9.979717944687639397e-01 9.650171279907226562e+00
2.390000000000000000e+02 4.970231916502311775e-01 9.986303324492478151e-01 9.669331932067871449e+00
2.400000000000000000e+02 4.963527212716818404e-01 9.987424474004892305e-01 9.687847328186036222e+00
2.410000000000000000e+02 4.956959522189230416e-01 9.990493938599726009e-01 9.703968429565430043e+00
2.420000000000000000e+02 4.939761902282108763e-01 9.991701373208079495e-01 9.719102859497070312e+00
2.430000000000000000e+02 4.925220753348686364e-01 9.994042684855450887e-01 9.734185981750487215e+00
2.440000000000000000e+02 4.878395430600260818e-01 9.996622105719711326e-01 9.748854255676269176e+00
2.450000000000000000e+02 4.866647294175465155e-01 9.998243076142524499e-01 9.761764144897460582e+00
2.460000000000000000e+02 4.840616109000350220e-01 9.997458992906751440e-01 9.773885154724121449e+00
2.470000000000000000e+02 4.798685020239049082e-01 9.998431639001906790e-01 9.785419082641601207e+00
2.480000000000000000e+02 4.811657501928212066e-01 9.998024267938210308e-01 9.796273422241212003e+00
2.490000000000000000e+02 4.776179075363303772e-01 9.999611035656460478e-01 9.806810188293455965e+00
2.500000000000000000e+02 4.753660464458795976e-01 9.999616964563311505e-01 9.815986824035643821e+00
2.510000000000000000e+02 4.704780818088163397e-01 9.998672929184465596e-01 9.824900054931640980e+00
2.520000000000000000e+02 4.673527288476993502e-01 9.999591261301624678e-01 9.833662986755371094e+00
2.530000000000000000e+02 4.604296730034253549e-01 9.999999008498361430e-01 9.841427230834961293e+00
2.540000000000000000e+02 4.597971381743946595e-01 9.999999008498363651e-01 9.848752212524413352e+00
2.550000000000000000e+02 4.534787482270518089e-01 9.999601789034607835e-01 9.855829238891601562e+00
2.560000000000000000e+02 4.486148173304952969e-01 9.999999008498363651e-01 9.861874580383300781e+00
2.570000000000000000e+02 4.400211370260659893e-01 9.999576622014730853e-01 9.867747688293457387e+00
2.580000000000000000e+02 4.363953681297759180e-01 9.999999008498363651e-01 9.872387313842773793e+00
2.590000000000000000e+02 4.299721354975838961e-01 9.999999008498363651e-01 9.876851272583007102e+00
2.600000000000000000e+02 4.258580904416285895e-01 9.999999008498363651e-01 9.882398414611815340e+00
2.610000000000000000e+02 4.196250930356456021e-01 9.999999008498363651e-01 9.887305068969727273e+00
2.620000000000000000e+02 4.150872948691805564e-01 9.999999008498361430e-01 9.891146469116211648e+00
2.630000000000000000e+02 4.072543220295461452e-01 9.999999008498361430e-01 9.894630813598633168e+00
2.640000000000000000e+02 4.020049502863453084e-01 9.999999008498363651e-01 9.898879623413085582e+00
2.650000000000000000e+02 3.983641460181843730e-01 9.999999008498361430e-01 9.903055953979491122e+00
2.660000000000000000e+02 3.920877168532088675e-01 9.999999008498361430e-01 9.906282234191895242e+00
2.670000000000000000e+02 3.860897730791568727e-01 9.999999008498361430e-01 9.909450721740721946e+00
2.680000000000000000e+02 3.803725014275330940e-01 9.999999008498363651e-01 9.912018585205078836e+00
2.690000000000000000e+02 3.722863051996409545e-01 9.999999008498361430e-01 9.914677047729492543e+00
2.700000000000000000e+02 3.641120674820731429e-01 9.999999008498361430e-01 9.917083168029785512e+00
2.710000000000000000e+02 3.593899631639307923e-01 9.999999008498361430e-01 9.919664001464843395e+00
2.720000000000000000e+02 3.556438342331265656e-01 9.999999008498361430e-01 9.921107482910157316e+00
2.730000000000000000e+02 3.432924194780284100e-01 9.999999008498361430e-01 9.922270011901854758e+00
2.740000000000000000e+02 3.416318380362831086e-01 9.999999008498361430e-01 9.924088096618651988e+00
2.750000000000000000e+02 3.329333974378917982e-01 9.999999008498363651e-01 9.925920677185059660e+00
2.760000000000000000e+02 3.246955076178515420e-01 9.999999008498361430e-01 9.927352333068848012e+00
2.770000000000000000e+02 3.197930513854644885e-01 9.999999008498363651e-01 9.929252052307127485e+00
2.780000000000000000e+02 3.121112258245352655e-01 9.999999008498363651e-01 9.930935287475586293e+00
2.790000000000000000e+02 3.048486032436690807e-01 9.999999008498361430e-01 9.932462120056152699e+00
2.800000000000000000e+02 3.004485533234040884e-01 9.999999008498360320e-01 9.933813858032227273e+00
2.810000000000000000e+02 2.936381213022660752e-01 9.999999008498363651e-01 9.934950447082519176e+00
2.820000000000000000e+02 2.867211909085135568e-01 9.999999008498363651e-01 9.935685729980468395e+00
2.830000000000000000e+02 2.809221473842735128e-01 9.999999008498363651e-01 9.936221694946290484e+00
2.840000000000000000e+02 2.751905461103495432e-01 9.999999008498363651e-01 9.937245368957519531e+00
2.850000000000000000e+02 2.704613805955800032e-01 9.999999008498361430e-01 9.937765502929687855e+00
2.860000000000000000e+02 2.634418551326542235e-01 9.999999008498361430e-01 9.938670158386230469e+00
2.870000000000000000e+02 2.561667397857257389e-01 9.999999008498361430e-01 9.939413642883300426e+00
2.880000000000000000e+02 2.533469533906489990e-01 9.999999008498363651e-01 9.939815902709961293e+00
2.890000000000000000e+02 2.467699426097432203e-01 9.999999008498363651e-01 9.940532302856446734e+00
2.900000000000000000e+02 2.402255809499590500e-01 9.999999008498363651e-01 9.941047286987306109e+00
2.910000000000000000e+02 2.350263115820816762e-01 9.999999008498361430e-01 9.942643547058104048e+00
2.920000000000000000e+02 2.290392247741018239e-01 9.999999008498361430e-01 9.943501281738281961e+00
2.930000000000000000e+02 2.246198295619157848e-01 9.999999008498361430e-01 9.944425201416015270e+00
2.940000000000000000e+02 2.203534483131640576e-01 9.999999008498363651e-01 9.945233535766600852e+00
2.950000000000000000e+02 2.171894930445656124e-01 9.999999008498361430e-01 9.945727729797363637e+00
2.960000000000000000e+02 2.111973834673946671e-01 9.999999008498361430e-01 9.945815086364746094e+00
2.970000000000000000e+02 2.039824281130196981e-01 9.999999008498363651e-01 9.945979499816894887e+00
2.980000000000000000e+02 2.008133564584246022e-01 9.999999008498363651e-01 9.946430015563965554e+00
2.990000000000000000e+02 1.964102238074041107e-01 9.999999008498361430e-01 9.946761512756348012e+00
3.000000000000000000e+02 1.909411794051378564e-01 9.999999008498361430e-01 9.946685409545898082e+00
3.010000000000000000e+02 1.887066640282739627e-01 9.999999008498361430e-01 9.946260261535645242e+00
3.020000000000000000e+02 1.827184160281226932e-01 9.999999008498361430e-01 9.946780967712403054e+00
3.030000000000000000e+02 1.824407024505779740e-01 9.999999008498363651e-01 9.947404670715332742e+00
3.040000000000000000e+02 1.745352201667197400e-01 9.999999008498361430e-01 9.947397613525390980e+00
3.050000000000000000e+02 1.736934438976407979e-01 9.999999008498361430e-01 9.947237777709961648e+00
3.060000000000000000e+02 1.687277668395495145e-01 9.999999008498363651e-01 9.947786903381349077e+00
3.070000000000000000e+02 1.665978697998006519e-01 9.999999008498361430e-01 9.948175239562988992e+00
3.080000000000000000e+02 1.612802447800921746e-01 9.999999008498363651e-01 9.949062919616700640e+00
3.090000000000000000e+02 1.609243884118138623e-01 9.999999008498361430e-01 9.948587989807128551e+00
3.100000000000000000e+02 1.560548690444883702e-01 9.999999008498361430e-01 9.948767280578612926e+00
3.110000000000000000e+02 1.563796647981259003e-01 9.999999008498363651e-01 9.948784255981445668e+00
3.120000000000000000e+02 1.485236797330216074e-01 9.999999008498363651e-01 9.949554061889648082e+00
3.130000000000000000e+02 1.446810303142811727e-01 9.999999008498363651e-01 9.949738121032716265e+00
3.140000000000000000e+02 1.445823970190772689e-01 9.999999008498361430e-01 9.949933624267577770e+00
3.150000000000000000e+02 1.433014082077123663e-01 9.999999008498361430e-01 9.949915695190430398e+00
3.160000000000000000e+02 1.409841327224427010e-01 9.999999008498361430e-01 9.950869941711426137e+00
3.170000000000000000e+02 1.357276419533022527e-01 9.999999008498361430e-01 9.951111221313476918e+00
3.180000000000000000e+02 1.359134725938941357e-01 9.999999008498363651e-01 9.950740242004394887e+00
3.190000000000000000e+02 1.314497368939321897e-01 9.999999008498363651e-01 9.951395034790039062e+00
3.200000000000000000e+02 1.297302441551428098e-01 9.999999008498363651e-01 9.951539421081543324e+00
3.210000000000000000e+02 1.252240146891413497e-01 9.999999008498363651e-01 9.951250457763672230e+00
3.220000000000000000e+02 1.239330043063135989e-01 9.999999008498361430e-01 9.951358795166015625e+00
3.230000000000000000e+02 1.246815440353097049e-01 9.999999008498361430e-01 9.951669311523437145e+00
3.240000000000000000e+02 1.225035727279954190e-01 9.999999008498363651e-01 9.951516342163087003e+00
3.250000000000000000e+02 1.189992003669325393e-01 9.999999008498363651e-01 9.951310539245604048e+00
3.260000000000000000e+02 1.169295425591791171e-01 9.999999008498361430e-01 9.950980949401856179e+00
3.270000000000000000e+02 1.150698054348149174e-01 9.999999008498361430e-01 9.951596832275390270e+00
3.280000000000000000e+02 1.134001881614969676e-01 9.999999008498361430e-01 9.951521301269531605e+00
3.290000000000000000e+02 1.095271881285561771e-01 9.999999008498363651e-01 9.951808738708495028e+00
3.300000000000000000e+02 1.095618826930523093e-01 9.999999008498361430e-01 9.951828765869139559e+00
3.310000000000000000e+02 1.091937067168193831e-01 9.999999008498363651e-01 9.952398300170898438e+00
3.320000000000000000e+02 1.051756396531585841e-01 9.999999008498363651e-01 9.952528572082519176e+00
3.330000000000000000e+02 1.048513958289121750e-01 9.999999008498361430e-01 9.952835845947266336e+00
3.340000000000000000e+02 1.040641015185157087e-01 9.999999008498363651e-01 9.953787612915039773e+00
3.350000000000000000e+02 1.008651731244975952e-01 9.999999008498361430e-01 9.954224777221678977e+00
3.360000000000000000e+02 1.027963296669093529e-01 9.999999008498361430e-01 9.954038810729979758e+00
3.370000000000000000e+02 1.020903540711683294e-01 9.999999008498363651e-01 9.954159355163573863e+00
3.380000000000000000e+02 1.006155111843020089e-01 9.999999008498363651e-01 9.952529335021973012e+00
3.390000000000000000e+02 9.823326150356774533e-02 9.999999008498361430e-01 9.952393341064453836e+00
3.400000000000000000e+02 9.987801341724995841e-02 9.999999008498363651e-01 9.952100944519042258e+00
3.410000000000000000e+02 9.922730001046492498e-02 9.999999008498361430e-01 9.952251815795897016e+00
3.420000000000000000e+02 9.549134874970699460e-02 9.999999008498361430e-01 9.952078247070312855e+00
3.430000000000000000e+02 9.359680693665356488e-02 9.999999008498363651e-01 9.951382827758788352e+00
3.440000000000000000e+02 9.290441379693274715e-02 9.999999008498363651e-01 9.950979232788085938e+00
3.450000000000000000e+02 9.297011270571234332e-02 9.999999008498361430e-01 9.950910568237304688e+00
3.460000000000000000e+02 9.278902764413358983e-02 9.999999008498361430e-01 9.950734519958496449e+00
3.470000000000000000e+02 9.065047914311173682e-02 9.999999008498361430e-01 9.951873779296875000e+00
3.480000000000000000e+02 8.999177954100778809e-02 9.999999008498361430e-01 9.951123428344725852e+00
3.490000000000000000e+02 8.923220109723765947e-02 9.999999008498361430e-01 9.951367378234863281e+00
3.500000000000000000e+02 8.853013571597215248e-02 9.999999008498361430e-01 9.951837158203126421e+00
3.510000000000000000e+02 8.981713353171220937e-02 9.999999008498361430e-01 9.951703453063965199e+00
3.520000000000000000e+02 8.470460096234484759e-02 9.999999008498361430e-01 9.951653671264647727e+00
3.530000000000000000e+02 8.532103783077457648e-02 9.999999008498361430e-01 9.952284622192383523e+00
3.540000000000000000e+02 8.567838904439049885e-02 9.999999008498361430e-01 9.952117919921875000e+00
3.550000000000000000e+02 8.169360574115962226e-02 9.999999008498361430e-01 9.952553176879883168e+00
3.560000000000000000e+02 8.399318664841848303e-02 9.999999008498361430e-01 9.953048896789550071e+00
3.570000000000000000e+02 8.252140226815458945e-02 9.999999008498363651e-01 9.953092002868652699e+00
3.580000000000000000e+02 8.393831625199785207e-02 9.999999008498363651e-01 9.953096771240234730e+00
3.590000000000000000e+02 8.022089269252484500e-02 9.999999008498361430e-01 9.953170394897460582e+00
3.600000000000000000e+02 8.195080626178169458e-02 9.999999008498363651e-01 9.953480720520019531e+00
3.610000000000000000e+02 8.240798602878730839e-02 9.999999008498361430e-01 9.952668190002441406e+00
3.620000000000000000e+02 8.102120399376598614e-02 9.999999008498363651e-01 9.952306938171387785e+00
3.630000000000000000e+02 8.206943263863575311e-02 9.999999008498361430e-01 9.952305221557617543e+00
3.640000000000000000e+02 7.969148021959474026e-02 9.999999008498361430e-01 9.951305961608888140e+00
3.650000000000000000e+02 8.060918274065223543e-02 9.999999008498363651e-01 9.950887680053710938e+00
3.660000000000000000e+02 7.981147864113204149e-02 9.999999008498363651e-01 9.950408363342283735e+00
3.670000000000000000e+02 7.914227125312112143e-02 9.999999008498363651e-01 9.950348854064941406e+00
3.680000000000000000e+02 7.849713558460304219e-02 9.999999008498363651e-01 9.950196266174316406e+00
3.690000000000000000e+02 7.991270996476762534e-02 9.999999008498361430e-01 9.950058937072753906e+00
3.700000000000000000e+02 7.807141050158919460e-02 9.999999008498361430e-01 9.950597190856933949e+00
3.710000000000000000e+02 7.795265622442916487e-02 9.999999008498361430e-01 9.950375175476072087e+00
3.720000000000000000e+02 7.701196802266563335e-02 9.999999008498361430e-01 9.951078224182129617e+00
3.730000000000000000e+02 7.569250165409635578e-02 9.999999008498361430e-01 9.950781631469727273e+00
3.740000000000000000e+02 7.499955302402191992e-02 9.999999008498361430e-01 9.950805091857910512e+00
3.750000000000000000e+02 7.522446590577332171e-02 9.999999008498360320e-01 9.950587844848632457e+00
3.760000000000000000e+02 7.682931928611996808e-02 9.999999008498361430e-01 9.951159858703613637e+00
3.770000000000000000e+02 7.482549487359407836e-02 9.999999008498361430e-01 9.951102256774902344e+00
3.780000000000000000e+02 7.615816199503422368e-02 9.999999008498361430e-01 9.951521873474121094e+00
3.790000000000000000e+02 7.510079653193059424e-02 9.999999008498361430e-01 9.951337814331054688e+00
3.800000000000000000e+02 7.355357149921451509e-02 9.999999008498363651e-01 9.951301765441893821e+00
3.810000000000000000e+02 7.611688340400341035e-02 9.999999008498361430e-01 9.951371955871582742e+00
3.820000000000000000e+02 7.580323882934225654e-02 9.999999008498361430e-01 9.951588630676269531e+00
3.830000000000000000e+02 7.633575551493083922e-02 9.999999008498361430e-01 9.950645256042481179e+00
3.840000000000000000e+02 7.287214892406487787e-02 9.999999008498361430e-01 9.950825500488281961e+00
3.850000000000000000e+02 7.691077187648252822e-02 9.999999008498361430e-01 9.950497436523438211e+00
3.860000000000000000e+02 7.532764873343786305e-02 9.999999008498363651e-01 9.950203323364258168e+00
3.870000000000000000e+02 7.611097628558617656e-02 9.999999008498361430e-01 9.950700378417968395e+00
3.880000000000000000e+02 7.379059304497735672e-02 9.999999008498361430e-01 9.951389694213869319e+00
3.890000000000000000e+02 7.448460609429274903e-02 9.999999008498361430e-01 9.951803970336914773e+00
3.900000000000000000e+02 7.399219809857009167e-02 9.999999008498361430e-01 9.951788139343262785e+00
3.910000000000000000e+02 7.341414067158688606e-02 9.999999008498361430e-01 9.952448844909667969e+00
3.920000000000000000e+02 7.258069151986377976e-02 9.999999008498361430e-01 9.952095603942870738e+00
3.930000000000000000e+02 7.555050951238279078e-02 9.999999008498363651e-01 9.953036880493163707e+00
3.940000000000000000e+02 7.324731573672106644e-02 9.999999008498363651e-01 9.952354431152343750e+00
3.950000000000000000e+02 7.347807522450207351e-02 9.999999008498361430e-01 9.951585769653320312e+00
3.960000000000000000e+02 7.410306572491361099e-02 9.999999008498363651e-01 9.951750183105469105e+00
3.970000000000000000e+02 7.394067712711820117e-02 9.999999008498361430e-01 9.951811599731446023e+00
3.980000000000000000e+02 7.405601969111830218e-02 9.999999008498363651e-01 9.951840591430663352e+00
