0.000000000000000000e+00 8.721869332802671682e-02 7.892309782898890291e-02 5.969163417816162109e+00
1.000000000000000000e+00 1.073248394973956299e-01 7.736052987879986353e-02 6.244363498687744318e+00
2.000000000000000000e+00 1.340247068928713814e-01 8.051348348718714854e-02 6.490174961090088068e+00
3.000000000000000000e+00 1.660572140884264414e-01 7.899152709962097008e-02 6.711638545989989879e+00
4.000000000000000000e+00 2.007786068643164779e-01 7.815865780968729581e-02 6.907155132293700817e+00
5.000000000000000000e+00 2.321840550931849323e-01 7.800606946952021170e-02 7.083220100402832564e+00
6.000000000000000000e+00 2.648697447142254191e-01 7.654795714176140797e-02 7.242293357849121094e+00
7.000000000000000000e+00 2.961327390095110368e-01 7.870138295687169327e-02 7.387960052490234020e+00
8.000000000000000000e+00 3.251779223526947704e-01 7.857505447414400712e-02 7.521021747589109907e+00
9.000000000000000000e+00 3.569404634321688974e-01 7.798743711140106172e-02 7.639638328552246449e+00
1.000000000000000000e+01 3.843338375687521125e-01 7.578029561480613407e-02 7.750810146331787109e+00
1.100000000000000000e+01 4.104431172802202599e-01 7.435546377055049505e-02 7.853681755065918146e+00
1.200000000000000000e+01 4.373869035153201690e-01 7.948510665286512289e-02 7.948938465118407848e+00
1.300000000000000000e+01 4.587288691424439846e-01 7.911466967121189020e-02 8.037551689147949929e+00
1.400000000000000000e+01 4.812965757299803582e-01 7.901253254596142528e-02 8.120228576660156961e+00
1.500000000000000000e+01 5.032774867912980232e-01 7.774779850873707321e-02 8.196885108947753906e+00
1.600000000000000000e+01 5.269036111814986434e-01 7.878767605312490818e-02 8.271148490905762429e+00
1.700000000000000000e+01 5.474910137229126450e-01 7.642998325998912046e-02 8.337866783142089844e+00
1.800000000000000000e+01 5.664867265155898446e-01 7.801155392692184221e-02 8.404388427734375000e+00
1.900000000000000000e+01 5.851391489529069734e-01 8.238754608970981497e-02 8.465966987609862215e+00
2.000000000000000000e+01 6.034120132807651027e-01 7.942900857785992197e-02 8.527053260803221235e+00
2.100000000000000000e+01 6.217050079604984347e-01 7.736827421919612036e-02 8.583628654479980469e+00
2.200000000000000000e+01 6.366051869423817733e-01 7.850542974825383546e-02 8.638306999206543324e+00
2.300000000000000000e+01 6.586776680716984744e-01 8.034565866443658944e-02 8.692426872253417258e+00
2.400000000000000000e+01 6.716133482814823363e-01 7.765697195269874453e-02 8.743460273742675426e+00
2.500000000000000000e+01 6.867124375086630650e-01 7.763545934625294687e-02 8.793008613586426492e+00
2.600000000000000000e+01 6.992001572528412368e-01 7.847956290778922150e-02 8.836468505859375711e+00
2.700000000000000000e+01 7.138156215519391168e-01 7.839197059899007114e-02 8.881185150146485796e+00
2.800000000000000000e+01 7.292610356667457161e-01 7.569819979154636391e-02 8.925610160827638140e+00
2.900000000000000000e+01 7.416123284770742563e-01 7.503892944151850652e-02 8.964890098571776988e+00
3.000000000000000000e+01 7.538917191170604326e-01 7.934779127272588439e-02 9.003925132751463778e+00
3.100000000000000000e+01 7.646181346960911895e-01 7.925094567601477513e-02 9.039461898803711648e+00
3.200000000000000000e+01 7.759960932030295355e-01 7.734059121518682689e-02 9.074469947814941762e+00
3.300000000000000000e+01 7.879339568021083151e-01 7.945720807295500454e-02 9.105750083923339844e+00
3.400000000000000000e+01 7.983295376419519140e-01 7.880227032570555346e-02 9.138181686401367188e+00
3.500000000000000000e+01 8.071362362291134573e-01 7.739461757952255383e-02 9.170711708068846946e+00
3.600000000000000000e+01 8.165260031676340180e-01 7.755830260654586472e-02 9.198826599121094461e+00
3.700000000000000000e+01 8.270146196477478062e-01 8.078196670917249522e-02 9.226053428649903410e+00
3.800000000000000000e+01 8.355562310499283774e-01 7.808543514339504055e-02 9.252021789550781250e+00
3.900000000000000000e+01 8.444935608503425506e-01 7.699035880412831434e-02 9.278216743469238637e+00
4.000000000000000000e+01 8.520116596248841212e-01 7.747986502621943827e-02 9.303148460388184660e+00
4.100000000000000000e+01 8.584884263748047140e-01 7.957591677615848125e-02 9.330376815795897727e+00
4.200000000000000000e+01 8.668286076965604492e-01 8.041134175676810381e-02 9.353921699523926492e+00
4.300000000000000000e+01 8.731933690106871149e-01 7.646305832542781011e-02 9.374303436279296520e+00
4.400000000000000000e+01 8.778695880854358036e-01 7.900733937330532697e-02 9.396068191528319957e+00
4.500000000000000000e+01 8.856796554606918281e-01 7.860030009190542566e-02 9.413801765441895952e+00
4.600000000000000000e+01 8.922718043355445383e-01 8.062159864233450768e-02 9.432408523559569602e+00
4.700000000000000000e+01 8.961324924622459109e-01 7.527039490610323846e-02 9.450998306274412286e+00
4.800000000000000000e+01 9.035307262501353076e-01 7.799979778586972612e-02 9.470098495483398438e+00
4.900000000000000000e+01 9.080286634011830449e-01 7.619162415967045687e-02 9.489039993286132457e+00
5.000000000000000000e+01 9.117853284312843476e-01 7.509224852374228598e-02 9.501936912536621094e+00
5.100000000000000000e+01 9.145889006083980366e-01 7.883004090554654453e-02 9.515710258483887074e+00
5.200000000000000000e+01 9.199886604101420451e-01 7.959462798749197820e-02 9.528198623657225141e+00
5.300000000000000000e+01 9.224330888148550844e-01 7.947204692093377820e-02 9.542586898803712359e+00
5.400000000000000000e+01 9.265926850605148424e-01 7.724039947455259292e-02 9.555495262145996094e+00
5.500000000000000000e+01 9.286340823108949483e-01 7.955747336314566986e-02 9.568235206604004617e+00
5.600000000000000000e+01 9.326068130577529480e-01 7.852461287196138562e-02 9.579338455200193891e+00
5.700000000000000000e+01 9.364674631856640952e-01 7.785420714592285185e-02 9.591048431396483664e+00
5.800000000000000000e+01 9.400392918205363602e-01 7.577010542670591098e-02 9.601391792297363281e+00
5.900000000000000000e+01 9.406236359463433505e-01 8.080148725552817324e-02 9.612335205078125000e+00
6.000000000000000000e+01 9.441154563310628633e-01 7.915548725617368997e-02 9.621433448791504972e+00
6.100000000000000000e+01 9.469995408133462522e-01 7.850037860761707731e-02 9.632416725158691406e+00
6.200000000000000000e+01 9.503544310114612204e-01 7.821674893403215978e-02 9.641786766052245383e+00
6.300000000000000000e+01 9.513696102441424607e-01 7.946128374903584091e-02 9.648570060729980469e+00
6.400000000000000000e+01 9.545176038418999864e-01 7.597829093684500823e-02 9.657565116882324219e+00
6.500000000000000000e+01 9.562922454824828167e-01 7.899206032649699893e-02 9.665423202514649148e+00
6.600000000000000000e+01 9.573006028472802464e-01 7.686726667742378727e-02 9.673568344116210582e+00
6.700000000000000000e+01 9.595837429064273394e-01 7.933578633108240297e-02 9.680513381958007812e+00
6.800000000000000000e+01 9.612025181719364708e-01 8.173378454868794607e-02 9.687608528137207742e+00
6.900000000000000000e+01 9.623241296753018981e-01 7.834793260619510313e-02 9.693115043640137429e+00
7.000000000000000000e+01 9.646732764393396442e-01 8.103237322029963052e-02 9.698443412780761719e+00
7.100000000000000000e+01 9.657565222855069020e-01 7.795075380157703848e-02 9.701661872863770242e+00
7.200000000000000000e+01 9.675594237144756748e-01 7.843629702985009666e-02 9.708188247680663352e+00
7.300000000000000000e+01 9.681843989313224652e-01 7.851547508485304250e-02 9.715770149230957387e+00
7.400000000000000000e+01 9.706468475440159782e-01 7.758841432725610554e-02 9.723728561401365766e+00
7.500000000000000000e+01 9.705965454683429527e-01 7.786372804704994044e-02 9.727853584289551492e+00
7.600000000000000000e+01 9.726648036314174961e-01 7.663001775139267890e-02 9.732463264465330610e+00
7.700000000000000000e+01 9.729606951850691132e-01 7.678921209369646284e-02 9.737466812133789062e+00
7.800000000000000000e+01 9.748610199038830748e-01 7.918231096081575215e-02 9.743813514709472656e+00
7.900000000000000000e+01 9.755551467790789522e-01 7.848398962689075165e-02 9.747298622131348012e+00
8.000000000000000000e+01 9.774910304533167560e-01 8.009402408269578055e-02 9.753356933593750000e+00
8.100000000000000000e+01 9.767863771913046778e-01 7.701361682147554732e-02 9.757413482666015270e+00
8.200000000000000000e+01 9.774949181930239206e-01 7.987343042229914925e-02 9.761325073242188566e+00
8.300000000000000000e+01 9.778996485145338147e-01 8.090569469107980471e-02 9.765268516540526633e+00
8.400000000000000000e+01 9.785564199265348595e-01 7.740284007505626729e-02 9.768040084838867543e+00
8.500000000000000000e+01 9.789011795153562678e-01 7.641513860281480552e-02 9.769611740112305043e+00
8.600000000000000000e+01 9.794948619845643689e-01 7.909407257881613529e-02 9.773536682128906250e+00
8.700000000000000000e+01 9.796618628420316055e-01 7.436075000528283296e-02 9.775914955139160867e+00
8.800000000000000000e+01 9.794997170386300356e-01 7.861847349767842053e-02 9.778190231323241832e+00
8.900000000000000000e+01 9.805918045974276742e-01 7.727252951892593646e-02 9.780928230285644176e+00
9.000000000000000000e+01 9.803040676637719830e-01 7.703317525383281128e-02 9.782948493957519531e+00
9.100000000000000000e+01 9.816294618288180507e-01 8.036955271026881287e-02 9.785340118408202059e+00
9.200000000000000000e+01 9.818725618573693747e-01 7.649408972036494947e-02 9.788018417358397727e+00
9.300000000000000000e+01 9.823649137445884527e-01 7.832742601387872317e-02 9.789980125427245383e+00
9.400000000000000000e+01 9.822982687056106554e-01 7.675610673182403643e-02 9.791526794433593750e+00
9.500000000000000000e+01 9.830979869654590253e-01 7.994588314353770486e-02 9.793553352355957031e+00
9.600000000000000000e+01 9.832720766880498342e-01 7.927163760881758559e-02 9.796364784240722656e+00
9.700000000000000000e+01 9.842069671452063906e-01 7.827225484116513698e-02 9.797065162658691762e+00
9.800000000000000000e+01 9.838029966784240798e-01 8.050146387799425596e-02 9.797956848144529829e+00
9.900000000000000000e+01 9.844473048884537780e-01 7.968767269806678599e-02 9.799381637573242543e+00
1.000000000000000000e+02 9.853485617789333739e-01 8.038643598244268884e-02 9.799888610839843750e+00
1.010000000000000000e+02 9.853396493330938144e-01 7.921225944913526384e-02 9.799986648559571023e+00
1.020000000000000000e+02 9.857831695567198516e-01 7.821709527363623904e-02 9.800893592834473367e+00
1.030000000000000000e+02 9.860208813430727526e-01 7.907012426972988284e-02 9.801498413085937500e+00
1.040000000000000000e+02 9.865856080227053404e-01 7.827236092843478654e-02 9.803488540649412997e+00
1.050000000000000000e+02 9.863249575551700232e-01 7.955037388729438441e-02 9.804923248291014914e+00
1.060000000000000000e+02 9.866495006607096663e-01 7.760671066184146594e-02 9.805680084228516336e+00
1.070000000000000000e+02 9.864690005260120520e-01 7.709284679443262345e-02 9.806373405456541903e+00
1.080000000000000000e+02 9.877794404703248432e-01 7.880284862420353087e-02 9.809006881713868253e+00
1.090000000000000000e+02 9.884849589363114974e-01 7.796619575283807169e-02 9.809243392944335227e+00
1.100000000000000000e+02 9.883287379973781928e-01 7.619486386840643166e-02 9.811240005493162997e+00
1.110000000000000000e+02 9.880978429924256456e-01 8.083639892342039945e-02 9.814046859741210938e+00
1.120000000000000000e+02 9.875041394137599182e-01 8.099577510525821089e-02 9.816728401184082742e+00
1.130000000000000000e+02 9.881224291172543417e-01 7.848086301990178648e-02 9.817128372192382102e+00
1.140000000000000000e+02 9.890431750813528655e-01 7.839788940749249646e-02 9.818758583068847301e+00
1.150000000000000000e+02 9.887312556539233910e-01 7.689208193303465055e-02 9.817971801757812145e+00
1.160000000000000000e+02 9.887268454504924975e-01 7.690157920638579503e-02 9.817556762695312855e+00
1.170000000000000000e+02 9.893798884116216108e-01 7.870414311460173507e-02 9.817988204956055398e+00
1.180000000000000000e+02 9.889342046427180843e-01 7.853323046448051903e-02 9.820430374145507457e+00
1.190000000000000000e+02 9.895652557350125278e-01 7.882822042547675545e-02 9.823091697692870383e+00
1.200000000000000000e+02 9.887070247024291048e-01 7.622525795216962552e-02 9.821766853332519531e+00
1.210000000000000000e+02 9.887836045595005396e-01 8.219766445983645031e-02 9.821453475952148793e+00
1.220000000000000000e+02 9.900093100057547613e-01 8.026651537577235429e-02 9.820363426208496449e+00
1.230000000000000000e+02 9.898043914922509678e-01 7.820908548854389741e-02 9.819831848144531250e+00
1.240000000000000000e+02 9.904445884904334862e-01 7.940251567333356242e-02 9.820683479309082031e+00
1.250000000000000000e+02 9.901074222595832586e-01 7.571973242929351533e-02 9.821550178527830965e+00
1.260000000000000000e+02 9.904877350575995720e-01 8.199434407220952681e-02 9.821993446350099077e+00
1.270000000000000000e+02 9.903723833609554550e-01 7.787462521168460328e-02 9.822633361816405895e+00
1.280000000000000000e+02 9.909676132415317085e-01 7.764319663579997977e-02 9.824401855468750000e+00
1.290000000000000000e+02 9.906672539630251295e-01 7.829351631566498770e-02 9.825543403625488281e+00
1.300000000000000000e+02 9.912512541581673942e-01 7.637435667748067314e-02 9.826365089416503551e+00
1.310000000000000000e+02 9.914594299829632140e-01 8.205154768596258086e-02 9.827239990234373224e+00
1.320000000000000000e+02 9.903636199675700524e-01 7.847557161902261880e-02 9.827566719055175426e+00
1.330000000000000000e+02 9.904498935268962745e-01 7.896260133863514108e-02 9.826751708984375000e+00
1.340000000000000000e+02 9.910273767436285075e-01 7.725081392315250040e-02 9.825244903564453125e+00
1.350000000000000000e+02 9.909315038854286106e-01 8.054044327892992405e-02 9.825331878662110441e+00
1.360000000000000000e+02 9.903173291211428975e-01 8.368264708834519117e-02 9.825238418579100852e+00
1.370000000000000000e+02 9.907637457661423452e-01 7.918769688803960205e-02 9.825606727600098012e+00
1.380000000000000000e+02 9.910398003465279437e-01 7.987977545234897780e-02 9.827018356323241832e+00
1.390000000000000000e+02 9.915976620736504099e-01 7.813423622297530069e-02 9.829405212402344105e+00
1.400000000000000000e+02 9.909988471070072524e-01 7.833355044660172961e-02 9.829628562927245738e+00
1.410000000000000000e+02 9.916222575294426633e-01 7.640719201281195860e-02 9.829651832580566406e+00
1.420000000000000000e+02 9.911562745770604588e-01 7.882950227350891959e-02 9.830678367614746449e+00
1.430000000000000000e+02 9.919578707984944010e-01 8.035814240223264349e-02 9.831458282470704191e+00
1.440000000000000000e+02 9.921755203790852962e-01 7.910992808192854331e-02 9.832260131835937500e+00
1.450000000000000000e+02 9.922744548246054119e-01 7.956924780808799502e-02 9.832153320312500000e+00
1.460000000000000000e+02 9.920030235316269485e-01 8.044306988955929327e-02 9.833008384704589488e+00
1.470000000000000000e+02 9.928534244730641278e-01 7.702269955545819335e-02 9.829603576660156605e+00
1.480000000000000000e+02 9.927786568925057731e-01 7.608423136425122857e-02 9.832331848144532316e+00
1.490000000000000000e+02 9.930276759053541236e-01 7.748136021096850568e-02 9.829888534545897727e+00
1.500000000000000000e+02 9.929852922872181020e-01 7.780874735142906395e-02 9.833735084533691051e+00
1.510000000000000000e+02 9.934203561758830903e-01 7.760854796443147907e-02 9.835823249816895597e+00
1.520000000000000000e+02 9.928844750911941519e-01 7.790226714047789047e-02 9.837671852111816051e+00
1.530000000000000000e+02 9.923060331729051109e-01 7.714034860209903477e-02 9.838763427734374289e+00
1.540000000000000000e+02 9.930585051869424973e-01 7.798400261977754544e-02 9.838985252380371804e+00
1.550000000000000000e+02 9.927429341268069196e-01 7.934353155738767260e-02 9.837327003479003906e+00
1.560000000000000000e+02 9.924597082015571559e-01 7.788027758680779455e-02 9.837314987182617543e+00
1.570000000000000000e+02 9.923906737345611351e-01 7.907294645854612281e-02 9.836523437500000355e+00
1.580000000000000000e+02 9.928549199514284940e-01 7.700064913221893459e-02 9.836903381347656961e+00
1.590000000000000000e+02 9.924229196356777472e-01 7.763201504379231566e-02 9.838061523437499289e+00
1.600000000000000000e+02 9.919732450846932004e-01 7.569513025869009648e-02 9.836993217468261719e+00
1.610000000000000000e+02 9.931315234697140060e-01 7.895021765297842442e-02 9.838283348083495028e+00
1.620000000000000000e+02 9.938118834305437188e-01 7.955855810251387383e-02 9.838916778564453125e+00
1.630000000000000000e+02 9.935029828170196531e-01 7.651111135204446967e-02 9.837918281555175781e+00
1.640000000000000000e+02 9.927092759162337021e-01 7.920225126806655636e-02 9.837706756591796164e+00
1.650000000000000000e+02 9.924663175533742221e-01 7.832039345564438537e-02 9.836028480529785512e+00
1.660000000000000000e+02 9.931300128463835808e-01 7.791406315139630390e-02 9.836276817321778054e+00
1.670000000000000000e+02 9.927997631156494363e-01 7.582411174670129761e-02 9.838543510437011363e+00
1.680000000000000000e+02 9.930067447040631379e-01 7.756396676676738378e-02 9.839575195312500355e+00
1.690000000000000000e+02 9.924072697967390999e-01 7.823164531486533069e-02 9.839900398254394887e+00
1.700000000000000000e+02 9.927026992637093539e-01 7.927740110232955884e-02 9.838363456726074929e+00
1.710000000000000000e+02 9.930801133657566337e-01 7.847610006590829967e-02 9.838949775695800426e+00
1.720000000000000000e+02 9.926690807844310571e-01 7.988744487576504572e-02 9.836728286743165128e+00
1.730000000000000000e+02 9.930519197889661198e-01 7.909999409754688016e-02 9.835876846313476918e+00
1.740000000000000000e+02 9.929213971142231143e-01 7.452921152584199294e-02 9.837725067138672230e+00
1.750000000000000000e+02 9.924505081186518751e-01 7.856523632554170133e-02 9.837161827087403054e+00
1.760000000000000000e+02 9.934359947736483010e-01 7.731498283122792414e-02 9.837269973754882102e+00
1.770000000000000000e+02 9.935142407191583924e-01 7.649179751030088514e-02 9.837451744079590554e+00
1.780000000000000000e+02 9.928358143929697510e-01 7.803813198642053917e-02 9.836496734619140980e+00
1.790000000000000000e+02 9.926686432634820312e-01 7.975602454037729327e-02 9.837921905517578836e+00
1.800000000000000000e+02 9.930295162005798870e-01 7.528060663537917974e-02 9.838988494873047941e+00
1.810000000000000000e+02 9.931588053908354530e-01 8.116213336598276928e-02 9.839410209655762074e+00
1.820000000000000000e+02 9.928013547501400859e-01 8.100138535175149812e-02 9.839763259887694957e+00
1.830000000000000000e+02 9.933904330683809292e-01 7.775218257590452153e-02 9.838586807250976562e+00
1.840000000000000000e+02 9.925028926070891266e-01 7.958412301425288327e-02 9.838890075683593750e+00
1.850000000000000000e+02 9.922054568893504678e-01 7.689343975892086458e-02 9.837320137023926492e+00
1.860000000000000000e+02 9.924576168184627845e-01 7.996106597595388499e-02 9.837068367004395242e+00
1.870000000000000000e+02 9.926276873420645241e-01 7.970770487954581540e-02 9.836980056762694602e+00
1.880000000000000000e+02 9.928027420161759098e-01 7.881993469211928671e-02 9.839508628845214488e+00
1.890000000000000000e+02 9.920313839833055924e-01 7.814363206253066574e-02 9.841346740722656250e+00
1.900000000000000000e+02 9.923212201412403566e-01 7.742747140328080924e-02 9.840904998779297586e+00
1.910000000000000000e+02 9.923619620856926060e-01 7.625464549228012923e-02 9.840024948120117188e+00
1.920000000000000000e+02 9.925209428481112095e-01 7.768634196660664792e-02 9.840814971923828480e+00
1.930000000000000000e+02 9.918027351275580106e-01 7.718660496970462803e-02 9.839318275451660156e+00
1.940000000000000000e+02 9.927804646589857285e-01 8.030369637774920077e-02 9.839513587951659090e+00
1.950000000000000000e+02 9.929337061221413796e-01 7.909739965778772586e-02 9.840066528320312145e+00
1.960000000000000000e+02 9.924031011493024135e-01 8.065325618138820263e-02 9.838751792907714844e+00
1.970000000000000000e+02 9.932204090679795927e-01 7.766677477825904841e-02 9.838225173950196023e+00
1.980000000000000000e+02 9.930263106508875337e-01 7.969061533711996326e-02 9.838821792602537641e+00
1.990000000000000000e+02 9.933586011997141973e-01 8.163363311735398475e-02 9.838881492614746094e+00
2.000000000000000000e+02 9.907002964130307010e-01 8.622094794459313205e-02 6.034193420410156605e+00
2.010000000000000000e+02 9.871091866496283229e-01 1.024313738869034318e-01 6.316388416290282137e+00
2.020000000000000000e+02 9.802665702522141977e-01 1.294352666026603038e-01 6.564856719970703303e+00
2.030000000000000000e+02 9.684155713656941167e-01 1.596490531813455349e-01 6.786416816711426492e+00
2.040000000000000000e+02 9.510836137199816243e-01 1.955938914874343348e-01 6.983228397369384055e+00
2.050000000000000000e+02 9.310689260993757488e-01 2.305592809889539796e-01 7.160846805572509410e+00
2.060000000000000000e+02 9.059609696174417692e-01 2.635380042971603998e-01 7.321096801757812855e+00
2.070000000000000000e+02 8.796796236003965319e-01 2.918706472975683974e-01 7.465105056762696201e+00
2.080000000000000000e+02 8.528109194164353868e-01 3.180907333587745800e-01 7.598028469085693182e+00
2.090000000000000000e+02 8.258434646288836944e-01 3.481355031136619815e-01 7.717691802978515092e+00
2.100000000000000000e+02 7.954228024904373973e-01 3.768889262452972400e-01 7.827368354797362926e+00
2.110000000000000000e+02 7.695088231557258851e-01 4.006737078477558556e-01 7.930226707458496449e+00
2.120000000000000000e+02 7.402252066546496367e-01 4.240059477137334554e-01 8.026148414611816051e+00
2.130000000000000000e+02 7.130059954468782601e-01 4.506312333914542778e-01 8.115241813659666903e+00
2.140000000000000000e+02 6.850410882277833124e-01 4.714314755933765588e-01 8.200230026245117543e+00
2.150000000000000000e+02 6.618023877272727340e-01 4.963945112973237594e-01 8.279803466796874289e+00
2.160000000000000000e+02 6.365739869596347411e-01 5.182969287855542229e-01 8.353739929199218039e+00
2.170000000000000000e+02 6.109558498218279343e-01 5.378860042598621050e-01 8.425758552551270597e+00
2.180000000000000000e+02 5.914957791930236519e-01 5.581912148414025499e-01 8.495358467102050781e+00
2.190000000000000000e+02 5.659929479566443433e-01 5.810122537057199610e-01 8.560636901855469105e+00
2.200000000000000000e+02 5.443785933468291427e-01 6.001705082937250912e-01 8.621901702880860441e+00
2.210000000000000000e+02 5.271629997753982666e-01 6.191574601745855055e-01 8.679868507385254617e+00
2.220000000000000000e+02 5.079636483578726658e-01 6.350538690554539123e-01 8.738388442993164418e+00
2.230000000000000000e+02 4.905246959125527662e-01 6.508611527457849322e-01 8.791585159301757102e+00
2.240000000000000000e+02 4.716930210326715223e-01 6.674937311360779058e-01 8.841451835632323508e+00
2.250000000000000000e+02 4.529679876204065203e-01 6.801787357519412103e-01 8.890460205078126066e+00
2.260000000000000000e+02 4.361327572474257286e-01 6.926918105524675351e-01 8.935909843444825640e+00
2.270000000000000000e+02 4.244391764745210627e-01 7.095763671874252276e-01 8.979130172729492543e+00
2.280000000000000000e+02 4.072826692617456112e-01 7.226422261616759490e-01 9.024521827697753906e+00
2.290000000000000000e+02 3.943381368017878086e-01 7.354090961790432646e-01 9.065300178527831321e+00
2.300000000000000000e+02 3.818494105568748243e-01 7.456785842884424698e-01 9.103230094909667613e+00
2.310000000000000000e+02 3.687638947343537255e-01 7.598704021332111092e-01 9.141813468933106535e+00
2.320000000000000000e+02 3.544366213312530878e-01 7.730574435893254881e-01 9.178586959838867188e+00
2.330000000000000000e+02 3.435529608659717016e-01 7.845910593815387246e-01 9.212674903869629617e+00
2.340000000000000000e+02 3.329859449061001175e-01 7.952009970721246601e-01 9.247148323059082742e+00
2.350000000000000000e+02 3.210871986597046424e-01 8.068140352119376191e-01 9.280930137634276988e+00
2.360000000000000000e+02 3.125024383279098039e-01 8.159346196678805008e-01 9.312708473205566051e+00
2.370000000000000000e+02 2.998009692028711926e-01 8.222693911018239543e-01 9.340998268127441051e+00
2.380000000000000000e+02 2.949366656737067438e-01 8.316209949624937536e-01 9.369028472900390980e+00
2.390000000000000000e+02 2.846597363228685063e-01 8.413477315192156025e-01 9.393346786499023438e+00
2.400000000000000000e+02 2.747510016904068930e-01 8.501666058545812588e-01 9.420881652832031605e+00
2.410000000000000000e+02 2.660014033424195623e-01 8.562245140349169503e-01 9.444121742248535512e+00
2.420000000000000000e+02 2.590535364606599833e-01 8.640490066383164081e-01 9.466548538208007457e+00
2.430000000000000000e+02 2.557537446243306478e-01 8.716905105447185775e-01 9.488950157165525923e+00
2.440000000000000000e+02 2.451161593153923235e-01 8.783183502536968668e-01 9.508085060119627840e+00
2.450000000000000000e+02 2.371638166770282663e-01 8.841309301845902135e-01 9.529723358154297941e+00
2.460000000000000000e+02 2.320312212686913844e-01 8.876333845443376003e-01 9.549583435058593750e+00
2.470000000000000000e+02 2.213971492235623506e-01 8.947110431117745177e-01 9.565303421020507457e+00
2.480000000000000000e+02 2.190271717284340558e-01 8.990509248212277260e-01 9.582971763610839133e+00
2.490000000000000000e+02 2.115528389923348740e-01 9.040611205284356799e-01 9.598446655273438211e+00
2.500000000000000000e+02 2.085565309746390816e-01 9.097777720885527053e-01 9.612960052490235441e+00
2.510000000000000000e+02 2.046546844985173974e-01 9.132139778952982345e-01 9.628938484191895242e+00
2.520000000000000000e+02 1.998417889155818528e-01 9.157593757240390930e-01 9.642833328247071734e+00
2.530000000000000000e+02 1.960644009577515723e-01 9.184073635604007579e-01 9.657905006408691762e+00
2.540000000000000000e+02 1.892104776208455297e-01 9.246249161377445569e-01 9.670083427429199574e+00
2.550000000000000000e+02 1.864082405325500624e-01 9.283912748000752169e-01 9.682816696166991477e+00
2.560000000000000000e+02 1.817287096832157223e-01 9.292800483367475994e-01 9.693618583679198153e+00
2.570000000000000000e+02 1.800262835472259682e-01 9.336876500291243497e-01 9.703748512268067117e+00
2.580000000000000000e+02 1.738898656984547708e-01 9.361158235716185994e-01 9.712581825256348722e+00
2.590000000000000000e+02 1.737761577508351862e-01 9.382436640003930517e-01 9.721865081787109730e+00
2.600000000000000000e+02 1.654371695300957124e-01 9.432398800085264323e-01 9.732781600952147727e+00
2.610000000000000000e+02 1.649324357196827462e-01 9.443539988145149833e-01 9.742605018615723367e+00
2.620000000000000000e+02 1.612054781006509174e-01 9.464991944390714895e-01 9.754350090026855824e+00
2.630000000000000000e+02 1.561628482607097246e-01 9.496622551730781181e-01 9.762048339843751421e+00
2.640000000000000000e+02 1.552400016993819021e-01 9.502044395954919453e-01 9.770373344421386719e+00
2.650000000000000000e+02 1.528866574797168587e-01 9.537527776458392115e-01 9.776628494262695312e+00
2.660000000000000000e+02 1.492920504766831746e-01 9.538252724828643059e-01 9.788441658020019531e+00
2.670000000000000000e+02 1.462708099281374019e-01 9.552648812154080904e-01 9.796546936035156250e+00
2.680000000000000000e+02 1.448736575236363455e-01 9.583621217712131601e-01 9.804355239868163707e+00
2.690000000000000000e+02 1.433884596164181624e-01 9.604062600259439808e-01 9.811315155029296520e+00
2.700000000000000000e+02 1.433655337518588146e-01 9.604338547316142449e-01 9.816690063476562145e+00
2.710000000000000000e+02 1.372173892435095133e-01 9.620598694366233605e-01 9.821388626098633168e+00
2.720000000000000000e+02 1.347540367869063671e-01 9.636626316624835598e-01 9.829206848144531605e+00
2.730000000000000000e+02 1.329745062531007826e-01 9.659579027893727687e-01 9.836474990844727984e+00
2.740000000000000000e+02 1.306688257368852080e-01 9.678772187683964967e-01 9.841988563537597656e+00
2.750000000000000000e+02 1.304604078592762340e-01 9.685635649889970944e-01 9.844818496704101918e+00
2.760000000000000000e+02 1.287033331990040386e-01 9.706219280050862874e-01 9.850998306274414418e+00
2.770000000000000000e+02 1.277744990056871865e-01 9.691935284798972594e-01 9.858281898498534090e+00
2.780000000000000000e+02 1.237010009757260470e-01 9.711560166030225316e-01 9.859995079040528410e+00
2.790000000000000000e+02 1.226336714677229017e-01 9.722878611897609602e-01 9.860085105895995738e+00
2.800000000000000000e+02 1.213970593718458890e-01 9.723998191890633747e-01 9.864888572692871449e+00
2.810000000000000000e+02 1.208620204947122856e-01 9.734864807654961538e-01 9.868306922912596590e+00
2.820000000000000000e+02 1.172111974097906767e-01 9.741472424445655198e-01 9.872846603393552911e+00
2.830000000000000000e+02 1.178728442359240902e-01 9.750700166335947161e-01 9.877333641052246094e+00
2.840000000000000000e+02 1.129761962857920299e-01 9.755283986483783698e-01 9.881554985046387074e+00
2.850000000000000000e+02 1.110283662540155897e-01 9.765889153009504886e-01 9.885605049133300071e+00
2.860000000000000000e+02 1.070100907448414129e-01 9.773596213504212038e-01 9.890116500854492898e+00
2.870000000000000000e+02 1.112937495928338905e-01 9.777546716032691210e-01 9.892763519287109730e+00
2.880000000000000000e+02 1.093126212267414438e-01 9.795496393015160619e-01 9.897026824951172586e+00
2.890000000000000000e+02 1.062660191913920166e-01 9.799965029624193580e-01 9.900026702880857954e+00
2.900000000000000000e+02 1.062767455622944945e-01 9.808794795818285284e-01 9.900786590576171164e+00
2.910000000000000000e+02 1.025853495221958483e-01 9.816175345584641221e-01 9.904640007019043679e+00
2.920000000000000000e+02 1.049672052504643655e-01 9.822988375026817653e-01 9.906019973754883523e+00
2.930000000000000000e+02 1.031944483377046501e-01 9.828562350594020058e-01 9.909413528442383878e+00
2.940000000000000000e+02 1.030157420994995410e-01 9.822528933411727170e-01 9.911653327941895242e+00
2.950000000000000000e+02 1.028859541528195781e-01 9.830760009375645314e-01 9.913141632080078480e+00
2.960000000000000000e+02 1.036867303314805561e-01 9.830869838194657984e-01 9.916210174560546875e+00
2.970000000000000000e+02 1.025638143608092190e-01 9.839878813858959905e-01 9.917566680908203480e+00
2.980000000000000000e+02 9.987969308442579131e-02 9.838027237726695295e-01 9.919298553466797230e+00
2.990000000000000000e+02 9.798296916137282098e-02 9.844665062013404633e-01 9.920886802673340554e+00
3.000000000000000000e+02 9.455565158315200336e-02 9.848480518962683394e-01 9.923690032958983664e+00
3.010000000000000000e+02 9.974947903516692693e-02 9.848455954619771413e-01 9.926176643371581676e+00
3.020000000000000000e+02 9.343774587804482001e-02 9.854716627130454265e-01 9.927563476562500711e+00
3.030000000000000000e+02 9.550685752660172112e-02 9.858196350442264277e-01 9.927473449707031605e+00
3.040000000000000000e+02 9.359703709221779688e-02 9.868553556528029125e-01 9.927471733093261363e+00
3.050000000000000000e+02 9.492369080117750435e-02 9.867013573891102451e-01 9.926955032348633523e+00
3.060000000000000000e+02 9.475516794911746643e-02 9.858397172794601815e-01 9.929776763916015270e+00
3.070000000000000000e+02 9.275414502667692074e-02 9.873291984728129744e-01 9.929874992370605113e+00
3.080000000000000000e+02 9.469563897396689189e-02 9.867964847576716769e-01 9.930718421936036933e+00
3.090000000000000000e+02 9.489874746586568488e-02 9.870033840932121993e-01 9.933285331726073863e+00
3.100000000000000000e+02 8.829303457332916827e-02 9.871598051016642339e-01 9.934676933288574929e+00
3.110000000000000000e+02 8.913360883308331373e-02 9.882076986000377650e-01 9.935383415222167613e+00
3.120000000000000000e+02 8.949156187068864343e-02 9.878623811406673783e-01 9.936316871643066762e+00
3.130000000000000000e+02 8.789565997382504936e-02 9.884517588076060512e-01 9.937481880187988281e+00
3.140000000000000000e+02 8.725999253848445991e-02 9.884571173847623848e-01 9.937478446960449574e+00
3.150000000000000000e+02 8.996185584591023798e-02 9.889931242765876984e-01 9.938330268859862926e+00
3.160000000000000000e+02 8.876701849369555974e-02 9.889454805983097785e-01 9.940098571777344461e+00
3.170000000000000000e+02 8.560978305600222549e-02 9.881673151483088002e-01 9.940298271179198508e+00
3.180000000000000000e+02 8.997227041722231922e-02 9.888626071925837868e-01 9.941071701049803977e+00
3.190000000000000000e+02 8.773791186681066667e-02 9.886810925063276301e-01 9.940211677551269887e+00
3.200000000000000000e+02 8.899738216924760192e-02 9.893712300681040128e-01 9.941373252868652699e+00
3.210000000000000000e+02 8.726533747009075637e-02 9.886256003135547310e-01 9.944598579406738637e+00
3.220000000000000000e+02 8.386461865115131531e-02 9.891865492547282646e-01 9.946095085144042613e+00
3.230000000000000000e+02 9.096359825344284278e-02 9.893756464532783568e-01 9.945336723327637074e+00
3.240000000000000000e+02 8.514972503146879534e-02 9.889918476370107570e-01 9.945438194274903054e+00
3.250000000000000000e+02 8.579220250932659275e-02 9.899907485150530873e-01 9.945355033874513140e+00
3.260000000000000000e+02 9.004384417589769707e-02 9.901156609185328694e-01 9.944568443298340554e+00
3.270000000000000000e+02 8.503928119865558632e-02 9.900676659171728788e-01 9.945840072631835227e+00
3.280000000000000000e+02 8.442000957247988713e-02 9.900587852723152782e-01 9.945506858825684304e+00
3.290000000000000000e+02 8.599949285165210677e-02 9.899863395399876032e-01 9.946160125732422586e+00
3.300000000000000000e+02 8.427394067580461223e-02 9.893738658313051548e-01 9.947398376464843039e+00
3.310000000000000000e+02 8.596366013960020369e-02 9.898027098901382992e-01 9.946640205383300071e+00
3.320000000000000000e+02 8.324789020381380411e-02 9.904049338111525769e-01 9.949083709716795454e+00
3.330000000000000000e+02 8.511016253526255959e-02 9.909064850696279736e-01 9.948816680908203480e+00
3.340000000000000000e+02 8.000279321326961290e-02 9.904458886744655910e-01 9.949463462829591265e+00
3.350000000000000000e+02 8.315002173125980722e-02 9.906817458693091272e-01 9.948745155334471235e+00
3.360000000000000000e+02 8.079870481445042274e-02 9.909090171321621732e-01 9.948736763000487926e+00
3.370000000000000000e+02 8.410351724872686119e-02 9.905343624132298963e-01 9.948676872253416903e+00
3.380000000000000000e+02 8.231742352452424416e-02 9.910429300889888049e-01 9.949650192260740766e+00
3.390000000000000000e+02 8.515472586447311865e-02 9.908814612318996851e-01 9.948913574218750000e+00
3.400000000000000000e+02 8.262997804758463738e-02 9.907678019043318907e-01 9.951342010498047230e+00
3.410000000000000000e+02 8.426123588414009824e-02 9.911499205090575915e-01 9.952025032043456676e+00
3.420000000000000000e+02 8.552096695851636732e-02 9.907620663694201024e-01 9.951346778869629262e+00
3.430000000000000000e+02 8.367002609765833432e-02 9.913977127350241947e-01 9.951040267944335938e+00
3.440000000000000000e+02 7.976357950374390882e-02 9.917838723550195246e-01 9.951138305664061434e+00
3.450000000000000000e+02 8.154830176537111730e-02 9.910892443117595985e-01 9.952344894409179688e+00
3.460000000000000000e+02 8.194559631075837292e-02 9.905008906171801630e-01 9.950018501281739702e+00
3.470000000000000000e+02 8.249107657011069128e-02 9.912106708007594191e-01 9.948825073242186789e+00
3.480000000000000000e+02 8.346456714714585445e-02 9.911077039947087108e-01 9.948743629455567117e+00
3.490000000000000000e+02 8.183832157962341036e-02 9.917723197860903728e-01 9.950283622741698863e+00
3.500000000000000000e+02 8.424585232279334368e-02 9.915082041655898237e-01 9.950671768188476207e+00
3.510000000000000000e+02 8.154020031955350190e-02 9.921571920642162645e-01 9.950486946105957742e+00
3.520000000000000000e+02 8.302289523467151766e-02 9.919247841283904688e-01 9.950558662414550781e+00
3.530000000000000000e+02 8.336137641647192731e-02 9.918161181941420601e-01 9.953642082214356535e+00
3.540000000000000000e+02 8.412700565728828406e-02 9.912024926475173636e-01 9.954460144042968750e+00
3.550000000000000000e+02 8.294159403173551048e-02 9.914920952736330229e-01 9.953824996948242188e+00
3.560000000000000000e+02 8.027605901073821271e-02 9.912345538331588379e-01 9.954480171203613281e+00
3.570000000000000000e+02 7.987071226393420431e-02 9.909975247248719032e-01 9.953722000122070312e+00
3.580000000000000000e+02 8.258367193621267421e-02 9.915761031484023880e-01 9.954065132141113992e+00
3.590000000000000000e+02 8.114831660766223809e-02 9.905897065969705428e-01 9.952966880798339133e+00
3.600000000000000000e+02 8.177260455633249270e-02 9.914270917542025163e-01 9.953720092773437500e+00
3.610000000000000000e+02 8.357397356851954673e-02 9.909684102068716527e-01 9.955438423156738992e+00
3.620000000000000000e+02 7.987688568564056679e-02 9.909553008626766912e-01 9.954178428649901988e+00
3.630000000000000000e+02 8.007839860892855544e-02 9.919017929329532191e-01 9.953858375549316406e+00
3.640000000000000000e+02 7.930204432145969429e-02 9.913293810732943800e-01 9.954348373413086648e+00
3.650000000000000000e+02 8.067319851697600519e-02 9.910270197532934366e-01 9.953743553161620738e+00
3.660000000000000000e+02 7.840842217957903759e-02 9.912833524047707234e-01 9.954201698303222656e+00
3.670000000000000000e+02 8.089611915004758791e-02 9.912581184821155356e-01 9.952894973754883523e+00
3.680000000000000000e+02 7.932436110833682164e-02 9.917341146950821029e-01 9.952082061767578480e+00
3.690000000000000000e+02 7.844020178539155841e-02 9.904812747349946989e-01 9.950846862792969816e+00
3.700000000000000000e+02 8.260329233990884590e-02 9.910739922575819705e-01 9.950704956054687855e+00
3.710000000000000000e+02 8.028530690895760435e-02 9.910190119489854510e-01 9.950829887390135298e+00
3.720000000000000000e+02 7.982492987257702732e-02 9.910083109955752922e-01 9.952094841003418679e+00
3.730000000000000000e+02 8.038711563643526070e-02 9.918906490793272246e-01 9.951671791076659446e+00
3.740000000000000000e+02 7.972715950742442770e-02 9.918901623217296626e-01 9.952108573913575285e+00
3.750000000000000000e+02 7.647135927210670092e-02 9.919152841860431336e-01 9.950547027587891336e+00
3.760000000000000000e+02 8.037915342676214825e-02 9.921893701204653748e-01 9.952736854553224433e+00
3.770000000000000000e+02 8.103866714998386733e-02 9.927445791857291146e-01 9.952246856689452414e+00
3.780000000000000000e+02 7.748819675960365305e-02 9.925132674096551755e-01 9.952285194396973012e+00
3.790000000000000000e+02 7.839670456691749667e-02 9.922754089119423249e-01 9.956031799316406250e+00
3.800000000000000000e+02 7.895688287858856902e-02 9.928845431438743097e-01 9.956645011901855469e+00
3.810000000000000000e+02 7.997391653243425547e-02 9.922168716942698641e-01 9.956775093078613637e+00
3.820000000000000000e+02 8.286425844831986354e-02 9.923386795455558795e-01 9.955448532104492543e+00
3.830000000000000000e+02 8.089059097295835110e-02 9.923302647319292014e-01 9.957353401184080965e+00
3.840000000000000000e+02 8.032084841982349566e-02 9.920336364869785095e-01 9.956960105895996449e+00
3.850000000000000000e+02 8.028154926829940419e-02 9.924319612086690556e-01 9.957245254516601918e+00
3.860000000000000000e+02 8.084059466145844530e-02 9.921547070032478155e-01 9.957466888427735086e+00
3.870000000000000000e+02 8.073327254751143378e-02 9.925898744664843898e-01 9.957608222961425781e+00
3.880000000000000000e+02 8.007998488844081386e-02 9.922042360729852462e-01 9.960848426818847301e+00
3.890000000000000000e+02 8.140172608138079857e-02 9.930016057437285326e-01 9.960823440551758168e+00
3.900000000000000000e+02 8.148172342128043311e-02 9.927253404628134659e-01 9.961946678161620383e+00
3.910000000000000000e+02 7.926496536049483510e-02 9.931313005639325064e-01 9.960838699340820668e+00
3.920000000000000000e+02 7.920606729450160866e-02 9.927371233807529283e-01 9.961531829833983664e+00
3.930000000000000000e+02 7.984432906126304186e-02 9.924853528721434559e-01 9.960061836242676492e+00
3.940000000000000000e+02 8.109871343224173135e-02 9.924926670001740225e-01 9.961365127563476918e+00
3.950000000000000000e+02 7.789041567530338717e-02 9.925315849451202821e-01 9.961238288879394887e+00
3.960000000000000000e+02 8.114450043500789911e-02 9.928736752423765743e-01 9.962310218811035512e+00
3.970000000000000000e+02 7.948464001340013740e-02 9.929437195286379136e-01 9.962608528137206321e+00
3.980000000000000000e+02 8.260853621315476791e-02 9.926602241605476662e-01 9.962160301208497160e+00
