0.000000000000000000e+00 8.639474900377308586e-02 7.584904884405212211e-02 6.027964591979980469e+00
1.000000000000000000e+00 1.141812530460428188e-01 7.850412684498152271e-02 6.330137729644775391e+00
2.000000000000000000e+00 1.442270337506090794e-01 7.647176948583250811e-02 6.595028972625732067e+00
3.000000000000000000e+00 1.825693489123101920e-01 7.609977135404794035e-02 6.827065658569337003e+00
4.000000000000000000e+00 2.221102941904936068e-01 7.826042125129813176e-02 7.033132362365723367e+00
5.000000000000000000e+00 2.621546587233118397e-01 7.840645157749447092e-02 7.217561149597168324e+00
6.000000000000000000e+00 3.002567020711358614e-01 7.931839625480138767e-02 7.384198951721192117e+00
7.000000000000000000e+00 3.380418818249467106e-01 7.815238954595321585e-02 7.536183452606200817e+00
8.000000000000000000e+00 3.758563787128590405e-01 7.686550424928624559e-02 7.676178932189941406e+00
9.000000000000000000e+00 4.057265883589527555e-01 7.640773287962357441e-02 7.804084491729735618e+00
1.000000000000000000e+01 4.383664581914566427e-01 7.781553393820755948e-02 7.922090053558349609e+00
1.100000000000000000e+01 4.680195158286474255e-01 7.614084274461140056e-02 8.030766582489013317e+00
1.200000000000000000e+01 4.960480859874503157e-01 7.586337284656871627e-02 8.131701278686524148e+00
1.300000000000000000e+01 5.226094484696335307e-01 7.553698365511989088e-02 8.223613357543944957e+00
1.400000000000000000e+01 5.464738432159732540e-01 7.478269499090461903e-02 8.308682441711425781e+00
1.500000000000000000e+01 5.708296421390185449e-01 7.955798534707630987e-02 8.391914367675781250e+00
1.600000000000000000e+01 5.965361475587170892e-01 7.502664832565619779e-02 8.468852233886718039e+00
1.700000000000000000e+01 6.149137774732027495e-01 7.719632886815006034e-02 8.541462326049805043e+00
1.800000000000000000e+01 6.351255893152564225e-01 7.641944387985889764e-02 8.608025550842285156e+00
1.900000000000000000e+01 6.575237137063485449e-01 7.612746798247166380e-02 8.674174499511718039e+00
2.000000000000000000e+01 6.746273814422393267e-01 7.520226266375301671e-02 8.736431312561034446e+00
2.100000000000000000e+01 6.948870114924741159e-01 7.750598034896906408e-02 8.793367958068847301e+00
2.200000000000000000e+01 7.121616417074421168e-01 7.574951656180771431e-02 8.849813270568848367e+00
2.300000000000000000e+01 7.287092748320067592e-01 7.811756326083230118e-02 8.903753471374511008e+00
2.400000000000000000e+01 7.465145361172397243e-01 7.564610056235540614e-02 8.957126808166503196e+00
2.500000000000000000e+01 7.621172280925905262e-01 7.821948939419610947e-02 9.007466888427734020e+00
2.600000000000000000e+01 7.764136335659599375e-01 7.696757158200720483e-02 9.054361343383789062e+00
2.700000000000000000e+01 7.895147892019551694e-01 7.543355295726604515e-02 9.098895645141601207e+00
2.800000000000000000e+01 8.009506689659383616e-01 7.907392919927595798e-02 9.143187713623046164e+00
2.900000000000000000e+01 8.146323396154714347e-01 7.657396291150288248e-02 9.183165550231933594e+00
3.000000000000000000e+01 8.235648050192533320e-01 7.733465866563613011e-02 9.222572326660156250e+00
3.100000000000000000e+01 8.367778022037211105e-01 7.650242077851519829e-02 9.260209846496580965e+00
3.200000000000000000e+01 8.465826047582569736e-01 7.462647251759561839e-02 9.295330238342284446e+00
3.300000000000000000e+01 8.573771977548563239e-01 7.547981911379196551e-02 9.326727676391600497e+00
3.400000000000000000e+01 8.666222755708810066e-01 7.993318729437846881e-02 9.359128952026367188e+00
3.500000000000000000e+01 8.754181857827807445e-01 7.518354540566735134e-02 9.390711021423339133e+00
3.600000000000000000e+01 8.839601995251094024e-01 7.829719335384369150e-02 9.419628906249998934e+00
3.700000000000000000e+01 8.921825632228976843e-01 7.360308323967565403e-02 9.446601295471191762e+00
3.800000000000000000e+01 8.979522450622764440e-01 7.490666389323095975e-02 9.472897720336913352e+00
3.900000000000000000e+01 9.050656209845515665e-01 7.234407830498512659e-02 9.497779846191406250e+00
4.000000000000000000e+01 9.133521520286944639e-01 7.649318389668997853e-02 9.524297904968261008e+00
4.100000000000000000e+01 9.171122305261358854e-01 7.771225090499979393e-02 9.546166801452637074e+00
4.200000000000000000e+01 9.230602986002189869e-01 7.460425456293803825e-02 9.567437934875487215e+00
4.300000000000000000e+01 9.281457338996738082e-01 7.770869896322096793e-02 9.588965606689452414e+00
4.400000000000000000e+01 9.327468125784714736e-01 7.568191637603553790e-02 9.609558868408203836e+00
4.500000000000000000e+01 9.378705745059320309e-01 7.540522926134567150e-02 9.626662445068358664e+00
4.600000000000000000e+01 9.407462533812724903e-01 7.652359410040349141e-02 9.643108940124511363e+00
4.700000000000000000e+01 9.446908551990985670e-01 7.665098064624258078e-02 9.660375595092773438e+00
4.800000000000000000e+01 9.475291970833095156e-01 7.617198478150713492e-02 9.675765800476074929e+00
4.900000000000000000e+01 9.517694429816110357e-01 7.845951517914921680e-02 9.689490127563477273e+00
5.000000000000000000e+01 9.552064062449912019e-01 7.715339001909252148e-02 9.705348968505859375e+00
5.100000000000000000e+01 9.574073969403035234e-01 7.653527944960834828e-02 9.718424606323241122e+00
5.200000000000000000e+01 9.607685907010790061e-01 7.694574581504896871e-02 9.730378913879393465e+00
5.300000000000000000e+01 9.637079092412829118e-01 7.708813911713799372e-02 9.742996597290039418e+00
5.400000000000000000e+01 9.663321314315084232e-01 7.982071884323301003e-02 9.754083442687988992e+00
5.500000000000000000e+01 9.689692503743325691e-01 7.906192833628421235e-02 9.766453552246094461e+00
5.600000000000000000e+01 9.712343534365114328e-01 8.014434569031810007e-02 9.774728012084960227e+00
5.700000000000000000e+01 9.733602859699992393e-01 7.722953028714998891e-02 9.784042358398437500e+00
5.800000000000000000e+01 9.747111345713166397e-01 7.784464049159102450e-02 9.794977760314941051e+00
5.900000000000000000e+01 9.774973248448888263e-01 7.793251213994233095e-02 9.805664634704589488e+00
6.000000000000000000e+01 9.776544041463254286e-01 7.624724193137508155e-02 9.815322113037108664e+00
6.100000000000000000e+01 9.788142119058282908e-01 7.771503360142388572e-02 9.823946762084961648e+00
6.200000000000000000e+01 9.808151951076172770e-01 7.782943296144725909e-02 9.830935668945311789e+00
6.300000000000000000e+01 9.820968129259884938e-01 7.538114937068458865e-02 9.839632415771484730e+00
6.400000000000000000e+01 9.830121242021808703e-01 7.782937199937613182e-02 9.845710182189941762e+00
6.500000000000000000e+01 9.840100991876306047e-01 7.797043186674471049e-02 9.852773475646971590e+00
6.600000000000000000e+01 9.847561153681022583e-01 7.906412006522907376e-02 9.859830093383790128e+00
6.700000000000000000e+01 9.862276789159798440e-01 7.880298978343457106e-02 9.866275787353515625e+00
6.800000000000000000e+01 9.866481814890193380e-01 7.791090306879824845e-02 9.872550964355468750e+00
6.900000000000000000e+01 9.869565661673392887e-01 7.633797431057928740e-02 9.878301239013671520e+00
7.000000000000000000e+01 9.885341340262541188e-01 7.585218619789044214e-02 9.883378982543945312e+00
7.100000000000000000e+01 9.886487952276155067e-01 7.688966894556471809e-02 9.888019752502440696e+00
7.200000000000000000e+01 9.893167224995015330e-01 7.532774306705916634e-02 9.893784523010253906e+00
7.300000000000000000e+01 9.912950860163242117e-01 7.623970120410693274e-02 9.899515914916992898e+00
7.400000000000000000e+01 9.906494524680694580e-01 7.888149716436250458e-02 9.903326606750487926e+00
7.500000000000000000e+01 9.918109303250041142e-01 7.662818562284505475e-02 9.907169151306151278e+00
7.600000000000000000e+01 9.915403610584888616e-01 7.669802420165101886e-02 9.911839103698730113e+00
7.700000000000000000e+01 9.923053560856150979e-01 7.722750958141305633e-02 9.914962387084960582e+00
7.800000000000000000e+01 9.917205648371518745e-01 7.542728450638248872e-02 9.918364715576171164e+00
7.900000000000000000e+01 9.929154735041763047e-01 7.686079973060076787e-02 9.921316719055177202e+00
8.000000000000000000e+01 9.933023512224180562e-01 7.944187882762281105e-02 9.924930000305176137e+00
8.100000000000000000e+01 9.939364965863375367e-01 7.601439889580985376e-02 9.927846717834471590e+00
8.200000000000000000e+01 9.939027585129688314e-01 7.994496641821857708e-02 9.929537963867188566e+00
8.300000000000000000e+01 9.939724622012628963e-01 7.672372736521639036e-02 9.932577896118164773e+00
8.400000000000000000e+01 9.942309971493537013e-01 7.898185461283739606e-02 9.934538841247558594e+00
8.500000000000000000e+01 9.945918095844101803e-01 7.901307089888509605e-02 9.938543510437011008e+00
8.600000000000000000e+01 9.948186272433843236e-01 7.708968452303557872e-02 9.940183448791502840e+00
8.700000000000000000e+01 9.952821575877196514e-01 7.540166854660594609e-02 9.941697692871093395e+00
8.800000000000000000e+01 9.953720117736081230e-01 7.881854421868658700e-02 9.943754577636719105e+00
8.900000000000000000e+01 9.959364131219469174e-01 7.864412814773893978e-02 9.946949005126953125e+00
9.000000000000000000e+01 9.956443241155337187e-01 7.915912866423766014e-02 9.950591278076171164e+00
9.100000000000000000e+01 9.955844254436746477e-01 7.709201130748898068e-02 9.951869010925292969e+00
9.200000000000000000e+01 9.960568505052691535e-01 7.990144206654524461e-02 9.953982162475586648e+00
9.300000000000000000e+01 9.963029675130921081e-01 7.792303077470234818e-02 9.954536819458008168e+00
9.400000000000000000e+01 9.963355968924055839e-01 7.970400653332677943e-02 9.957475662231445312e+00
9.500000000000000000e+01 9.968280522788031117e-01 7.575494477940888927e-02 9.958092308044435015e+00
9.600000000000000000e+01 9.967236930642101589e-01 7.891870765387236364e-02 9.960054588317870383e+00
9.700000000000000000e+01 9.971526062929428891e-01 7.886758530829163227e-02 9.961862373352049715e+00
9.800000000000000000e+01 9.962484984117275788e-01 7.629470436427160385e-02 9.962978935241698863e+00
9.900000000000000000e+01 9.969079013998735084e-01 7.893260916808206296e-02 9.963235855102539062e+00
1.000000000000000000e+02 9.971779084121561443e-01 7.567916776528874068e-02 9.964066696166991477e+00
1.010000000000000000e+02 9.976060328178779635e-01 7.881803754851092469e-02 9.964095687866210582e+00
1.020000000000000000e+02 9.975469307166549005e-01 7.732060533348079912e-02 9.965084648132323863e+00
1.030000000000000000e+02 9.971963447710530115e-01 7.569141133904036534e-02 9.964433479309082742e+00
1.040000000000000000e+02 9.974833846916084656e-01 7.603530805083254240e-02 9.965743446350098012e+00
1.050000000000000000e+02 9.970085626617096741e-01 8.023346355319463385e-02 9.965384483337400567e+00
1.060000000000000000e+02 9.972646197159110715e-01 7.870822221518716799e-02 9.967367935180664773e+00
1.070000000000000000e+02 9.976445612012522224e-01 7.813674675555004612e-02 9.967802238464354758e+00
1.080000000000000000e+02 9.972318840206173540e-01 7.672127596843750230e-02 9.967837715148926137e+00
1.090000000000000000e+02 9.975915722961605780e-01 7.548038541233205445e-02 9.967958068847655895e+00
1.100000000000000000e+02 9.976211862440896860e-01 7.741966916591312697e-02 9.970221138000487926e+00
1.110000000000000000e+02 9.976193249888731795e-01 7.338892455676879201e-02 9.971295738220215199e+00
1.120000000000000000e+02 9.974820431398863096e-01 7.404354306629172544e-02 9.970219993591308949e+00
1.130000000000000000e+02 9.978780805511074936e-01 7.261479135175280542e-02 9.970139312744141336e+00
1.140000000000000000e+02 9.980987329024926247e-01 7.479049346273652921e-02 9.970706748962403054e+00
1.150000000000000000e+02 9.982664677803407827e-01 7.846172743526162729e-02 9.972385597229003196e+00
1.160000000000000000e+02 9.981438837348505233e-01 7.476440061844433216e-02 9.972228050231933594e+00
1.170000000000000000e+02 9.978959196848871116e-01 7.691670205323782039e-02 9.974023437499999645e+00
1.180000000000000000e+02 9.983184274181188256e-01 7.955961925959156855e-02 9.973410224914550426e+00
1.190000000000000000e+02 9.982397694472452399e-01 7.910355652012045213e-02 9.973949050903321734e+00
1.200000000000000000e+02 9.981774320737928363e-01 8.072077367176293261e-02 9.973308944702148793e+00
1.210000000000000000e+02 9.980132782658603929e-01 8.049294876764087614e-02 9.974141120910644531e+00
1.220000000000000000e+02 9.982837736697642850e-01 7.878728336310468483e-02 9.975714683532714844e+00
1.230000000000000000e+02 9.984141750638145796e-01 7.806848369888161332e-02 9.975868034362793679e+00
1.240000000000000000e+02 9.985544243777123574e-01 8.026617812763484072e-02 9.976338005065917613e+00
1.250000000000000000e+02 9.982475477409585851e-01 7.643138274663922871e-02 9.975822067260741832e+00
1.260000000000000000e+02 9.981344973336261361e-01 8.035697331705231317e-02 9.975336837768555398e+00
1.270000000000000000e+02 9.986600158665923654e-01 8.105706652389292610e-02 9.976152229309080965e+00
1.280000000000000000e+02 9.985575276146975154e-01 7.847490536800617866e-02 9.977058982849120738e+00
1.290000000000000000e+02 9.984802027591777041e-01 7.800733365629844429e-02 9.976021194458006391e+00
1.300000000000000000e+02 9.982341427848859805e-01 7.820478543453174280e-02 9.975629997253417258e+00
1.310000000000000000e+02 9.987529091692072258e-01 7.755330150171543813e-02 9.976107788085936789e+00
1.320000000000000000e+02 9.987346557020030380e-01 7.870852934540160939e-02 9.977773284912109020e+00
1.330000000000000000e+02 9.985184257968200416e-01 7.879040819977989329e-02 9.979322242736815340e+00
1.340000000000000000e+02 9.984563612523603693e-01 7.406195956863216578e-02 9.978383445739746449e+00
1.350000000000000000e+02 9.984277635105761606e-01 7.736437734786019704e-02 9.978668975830078836e+00
1.360000000000000000e+02 9.981798927952488798e-01 7.546290004590228140e-02 9.978929138183593395e+00
1.370000000000000000e+02 9.984890836901942901e-01 7.519007426288701335e-02 9.979713439941406250e+00
1.380000000000000000e+02 9.987382527853392311e-01 7.487598545983471798e-02 9.979034614562989347e+00
1.390000000000000000e+02 9.981963053785765094e-01 7.682816030061308255e-02 9.979287910461426492e+00
1.400000000000000000e+02 9.980786896329670865e-01 7.600647163055818112e-02 9.980059242248534801e+00
1.410000000000000000e+02 9.984507735154133368e-01 7.766059628052052188e-02 9.980122566223144531e+00
1.420000000000000000e+02 9.981776593155924360e-01 7.699081362179999166e-02 9.980301094055176847e+00
1.430000000000000000e+02 9.983638119737018313e-01 7.552180724135545975e-02 9.981116676330564985e+00
1.440000000000000000e+02 9.982665508137110733e-01 7.861422849950609748e-02 9.980468750000000000e+00
1.450000000000000000e+02 9.981085641170696077e-01 7.793704763380621126e-02 9.980148124694824929e+00
1.460000000000000000e+02 9.985470899480113349e-01 7.374355270539946494e-02 9.981862068176269531e+00
1.470000000000000000e+02 9.982140651505563289e-01 7.645553181155156919e-02 9.983095741271974077e+00
1.480000000000000000e+02 9.984793535716381951e-01 7.677589043689588000e-02 9.983375740051270597e+00
1.490000000000000000e+02 9.984500916360323775e-01 7.827086484003621669e-02 9.983233261108399148e+00
1.500000000000000000e+02 9.982338617336552478e-01 7.649469457485645607e-02 9.984141159057616122e+00
1.510000000000000000e+02 9.987624441643608852e-01 7.600225681454733651e-02 9.984993362426756391e+00
1.520000000000000000e+02 9.989746617322270428e-01 7.861129841923689132e-02 9.984785652160644176e+00
1.530000000000000000e+02 9.988569442297955403e-01 7.827671827706256247e-02 9.984897994995117543e+00
1.540000000000000000e+02 9.983609219570963589e-01 7.767308304915084005e-02 9.987253189086914062e+00
1.550000000000000000e+02 9.988687560259891240e-01 7.563880769157435568e-02 9.987834548950194957e+00
1.560000000000000000e+02 9.988329980184984525e-01 7.717201999294780179e-02 9.988712501525879972e+00
1.570000000000000000e+02 9.987555539499629598e-01 7.850047766425533036e-02 9.987660217285155184e+00
1.580000000000000000e+02 9.983744575015247591e-01 7.642995364404202296e-02 9.988801002502441406e+00
1.590000000000000000e+02 9.983828828810473732e-01 7.724777004704520833e-02 9.987121200561523082e+00
1.600000000000000000e+02 9.987682551633944028e-01 7.881946938998109220e-02 9.987973403930663352e+00
1.610000000000000000e+02 9.984487492601024083e-01 7.691603621182255268e-02 9.987997817993164773e+00
1.620000000000000000e+02 9.988487495247905246e-01 7.841688399127548503e-02 9.988672256469726562e+00
1.630000000000000000e+02 9.986540383305352320e-01 7.483173759761387045e-02 9.989830207824706321e+00
1.640000000000000000e+02 9.986795638446226420e-01 7.840937884941273639e-02 9.990257835388185015e+00
1.650000000000000000e+02 9.984956374891801323e-01 7.676681593001931370e-02 9.991007804870605469e+00
1.660000000000000000e+02 9.985452969557145897e-01 7.623007403195729281e-02 9.991188049316408026e+00
1.670000000000000000e+02 9.983974597023579367e-01 7.657008356808132910e-02 9.989272308349608664e+00
1.680000000000000000e+02 9.982173556437750062e-01 7.830558173871755845e-02 9.988481330871580965e+00
1.690000000000000000e+02 9.986740287286048900e-01 7.785943686491410276e-02 9.986504364013672586e+00
1.700000000000000000e+02 9.986753377248457353e-01 7.943944815604561671e-02 9.987343406677245738e+00
1.710000000000000000e+02 9.985423748685505752e-01 7.759097397905140303e-02 9.987251281738283026e+00
1.720000000000000000e+02 9.984522476579706929e-01 7.875783842145450686e-02 9.985605812072753551e+00
1.730000000000000000e+02 9.987978887682070761e-01 8.049301886615709001e-02 9.984980201721192827e+00
1.740000000000000000e+02 9.983475552674834219e-01 7.877421462700710808e-02 9.986263465881346946e+00
1.750000000000000000e+02 9.985429460579470229e-01 7.745221468454392688e-02 9.985957908630371804e+00
1.760000000000000000e+02 9.988988022158337143e-01 7.744006439943847131e-02 9.986756515502928977e+00
1.770000000000000000e+02 9.987164131901188346e-01 7.699860692949080099e-02 9.986651039123534801e+00
1.780000000000000000e+02 9.987769632035360390e-01 8.096545799640203489e-02 9.986281204223633523e+00
1.790000000000000000e+02 9.986455396179827471e-01 7.930114509090196995e-02 9.986269760131836648e+00
1.800000000000000000e+02 9.985753211766952298e-01 7.757641127381059709e-02 9.986330032348632812e+00
1.810000000000000000e+02 9.985487127255927575e-01 7.547508133873434555e-02 9.985162353515626421e+00
1.820000000000000000e+02 9.986324955596499464e-01 7.887350529762909845e-02 9.983855438232421164e+00
1.830000000000000000e+02 9.985605101874971412e-01 7.951541475033548079e-02 9.984725570678710582e+00
1.840000000000000000e+02 9.985064243661030403e-01 7.674457082771579675e-02 9.984684371948242543e+00
1.850000000000000000e+02 9.985933218834962544e-01 7.748774347831446918e-02 9.984653472900390625e+00
1.860000000000000000e+02 9.988116171352737771e-01 7.570722249938090231e-02 9.984926795959472301e+00
1.870000000000000000e+02 9.989969230928087418e-01 7.646851345477075068e-02 9.984482383728026988e+00
1.880000000000000000e+02 9.989877526412849207e-01 7.605668775648773139e-02 9.984673500061035156e+00
1.890000000000000000e+02 9.989088966349898291e-01 7.641514389922662853e-02 9.984285736083984730e+00
1.900000000000000000e+02 9.987348489546558072e-01 7.684372586101692604e-02 9.983631134033203125e+00
1.910000000000000000e+02 9.990631462870271928e-01 7.761115519221650771e-02 9.983146858215333097e+00
1.920000000000000000e+02 9.987938433116496650e-01 7.582343499338324577e-02 9.984595680236816762e+00
1.930000000000000000e+02 9.987153168927441760e-01 7.910691774106265450e-02 9.984657669067383168e+00
1.940000000000000000e+02 9.986234742661714847e-01 7.877894950785947759e-02 9.984570121765136363e+00
1.950000000000000000e+02 9.987642218800552030e-01 7.661022106120354835e-02 9.985352325439453836e+00
1.960000000000000000e+02 9.987474513325292902e-01 7.892338712281025959e-02 9.985418891906739702e+00
1.970000000000000000e+02 9.989223705061998082e-01 7.968332951777601370e-02 9.985142326354980113e+00
1.980000000000000000e+02 9.990469344494807835e-01 8.199400947856443078e-02 9.984466934204101918e+00
1.990000000000000000e+02 9.991873037571336047e-01 7.876377644365258057e-02 9.985193634033203480e+00
2.000000000000000000e+02 9.984139954191924016e-01 8.597282661941230142e-02 6.003946781158447266e+00
2.010000000000000000e+02 9.972132423680010183e-01 1.130174304087177145e-01 6.303477859497070845e+00
2.020000000000000000e+02 9.946189385894047552e-01 1.463294972396239901e-01 6.568464469909667258e+00
2.030000000000000000e+02 9.888641526484942545e-01 1.846826221429112846e-01 6.802804470062255859e+00
2.040000000000000000e+02 9.787502351011466706e-01 2.229740680285055010e-01 7.010534667968750355e+00
2.050000000000000000e+02 9.636099239444667619e-01 2.660202203327153292e-01 7.198583412170410867e+00
2.060000000000000000e+02 9.460429696549979006e-01 3.034443708764618108e-01 7.366801166534424183e+00
2.070000000000000000e+02 9.229107765349106041e-01 3.422314479379063856e-01 7.519555568695068359e+00
2.080000000000000000e+02 8.977782203193320765e-01 3.773643991194637892e-01 7.659461212158203303e+00
2.090000000000000000e+02 8.708685589842452002e-01 4.120613918389371966e-01 7.784744644165039418e+00
2.100000000000000000e+02 8.436975476433846710e-01 4.418111948702684866e-01 7.899524497985839666e+00
2.110000000000000000e+02 8.158385468493914994e-01 4.718949619387549643e-01 8.006716728210449219e+00
2.120000000000000000e+02 7.869128349025599212e-01 5.016413127264204297e-01 8.106068801879883878e+00
2.130000000000000000e+02 7.583059456417456934e-01 5.264435340624087356e-01 8.199348831176758168e+00
2.140000000000000000e+02 7.303678084091823619e-01 5.506353504803155330e-01 8.286196708679199219e+00
2.150000000000000000e+02 7.026477877109515990e-01 5.761513466617319557e-01 8.366824340820311789e+00
2.160000000000000000e+02 6.757561656141994888e-01 6.012060807237997739e-01 8.444924545288085227e+00
2.170000000000000000e+02 6.482164308294865451e-01 6.202942717161537001e-01 8.520463371276854048e+00
2.180000000000000000e+02 6.252292038542247576e-01 6.442981570042564110e-01 8.589890098571776988e+00
2.190000000000000000e+02 6.018754711796924228e-01 6.629234652239480718e-01 8.655132293701171875e+00
2.200000000000000000e+02 5.805841481136915228e-01 6.831953102513070863e-01 8.717138862609862926e+00
2.210000000000000000e+02 5.563097223064417118e-01 7.017961577150103603e-01 8.775726890563964488e+00
2.220000000000000000e+02 5.372763260913661076e-01 7.168347281517296610e-01 8.829926872253418324e+00
2.230000000000000000e+02 5.161998996790367888e-01 7.325741902165360253e-01 8.883153533935546520e+00
2.240000000000000000e+02 4.982938780983117710e-01 7.490814184311350710e-01 8.934143638610839488e+00
2.250000000000000000e+02 4.833716680314610326e-01 7.618980526547892707e-01 8.982686805725098367e+00
2.260000000000000000e+02 4.661347441638831191e-01 7.780534340220105483e-01 9.027945709228514914e+00
2.270000000000000000e+02 4.471106695015559240e-01 7.908378669125891713e-01 9.072625541687012074e+00
2.280000000000000000e+02 4.331538538017573603e-01 8.037035578767197652e-01 9.114743614196777699e+00
2.290000000000000000e+02 4.158788439856396235e-01 8.145243225321389113e-01 9.154723358154296164e+00
2.300000000000000000e+02 4.038598490444297862e-01 8.296968059194670397e-01 9.190460014343262429e+00
2.310000000000000000e+02 3.925943982064056259e-01 8.388705604453549070e-01 9.227478027343750000e+00
2.320000000000000000e+02 3.749935255340558493e-01 8.484137301957108690e-01 9.262933540344238992e+00
2.330000000000000000e+02 3.663686474187449194e-01 8.575723572276402473e-01 9.294738006591797941e+00
2.340000000000000000e+02 3.557163616724282607e-01 8.664928581599340429e-01 9.326184654235840199e+00
2.350000000000000000e+02 3.416631514371245015e-01 8.743546600996690010e-01 9.356451225280761008e+00
2.360000000000000000e+02 3.326420774554961213e-01 8.825915656760490169e-01 9.386266708374023438e+00
2.370000000000000000e+02 3.223188222729579944e-01 8.908019190396869735e-01 9.413760948181153054e+00
2.380000000000000000e+02 3.145194602693287544e-01 8.974559104172237234e-01 9.437953567504882457e+00
2.390000000000000000e+02 3.058437417589739971e-01 9.040632799131993469e-01 9.464631271362303977e+00
2.400000000000000000e+02 2.988351549879971203e-01 9.117940887248758841e-01 9.488543510437011719e+00
2.410000000000000000e+02 2.904566417723447591e-01 9.170841275384923330e-01 9.511584281921386719e+00
2.420000000000000000e+02 2.809765893450207330e-01 9.219891003410978225e-01 9.532082366943360086e+00
2.430000000000000000e+02 2.712508642596671571e-01 9.280893744558208480e-01 9.554996871948242543e+00
2.440000000000000000e+02 2.668977993522020919e-01 9.326680457169067573e-01 9.573957824707031605e+00
2.450000000000000000e+02 2.584025131401775366e-01 9.361562306115399634e-01 9.592656898498535867e+00
2.460000000000000000e+02 2.527490535943534011e-01 9.406663640349752775e-01 9.610165786743163352e+00
2.470000000000000000e+02 2.456702100802775068e-01 9.444344018012729158e-01 9.626784515380858664e+00
2.480000000000000000e+02 2.410111958323031267e-01 9.474419248579576402e-01 9.643811225891113281e+00
2.490000000000000000e+02 2.358374123062922934e-01 9.511824272298158300e-01 9.657726860046388140e+00
2.500000000000000000e+02 2.269607710387138155e-01 9.546570727973748838e-01 9.672887802124023438e+00
2.510000000000000000e+02 2.213966775751134708e-01 9.569838330033871854e-01 9.686224746704102273e+00
2.520000000000000000e+02 2.156757728250083550e-01 9.594999538170195796e-01 9.699245452880859375e+00
2.530000000000000000e+02 2.140317223903387966e-01 9.639173405792175187e-01 9.711201286315917613e+00
2.540000000000000000e+02 2.077697895734560152e-01 9.640456113720985432e-01 9.725021362304687500e+00
2.550000000000000000e+02 2.041184424769163230e-01 9.676609889963655453e-01 9.736717987060547586e+00
2.560000000000000000e+02 1.965546219422729668e-01 9.695977777914378537e-01 9.748286628723144887e+00
2.570000000000000000e+02 1.919855288063658794e-01 9.717601010694613128e-01 9.758369064331054332e+00
2.580000000000000000e+02 1.893042181736758478e-01 9.738233070950116366e-01 9.767277717590332031e+00
2.590000000000000000e+02 1.833118181377977607e-01 9.755856651433389981e-01 9.777175521850585582e+00
2.600000000000000000e+02 1.824663841270393883e-01 9.764689281785781105e-01 9.788365554809569602e+00
2.610000000000000000e+02 1.784084267742503394e-01 9.783010422995618294e-01 9.796057701110839844e+00
2.620000000000000000e+02 1.745090822482463500e-01 9.790043487581687742e-01 9.805234527587890270e+00
2.630000000000000000e+02 1.695929982785755186e-01 9.813894569646464117e-01 9.812289237976074219e+00
2.640000000000000000e+02 1.686412451159299830e-01 9.825685049701111673e-01 9.821043205261229758e+00
2.650000000000000000e+02 1.634561036158760639e-01 9.833311380692286718e-01 9.828046798706054688e+00
2.660000000000000000e+02 1.645787606295704419e-01 9.835340404826417027e-01 9.833585739135742188e+00
2.670000000000000000e+02 1.570597120002329705e-01 9.849625590601879255e-01 9.839671134948730469e+00
2.680000000000000000e+02 1.560762186479394686e-01 9.858217424537599749e-01 9.844540214538573863e+00
2.690000000000000000e+02 1.526079660552056849e-01 9.863086368227148570e-01 9.850584793090821023e+00
2.700000000000000000e+02 1.500310263489111062e-01 9.876931046722556840e-01 9.855677986145019887e+00
2.710000000000000000e+02 1.465805092750654126e-01 9.880914662217626931e-01 9.861793518066406250e+00
2.720000000000000000e+02 1.455506773495086614e-01 9.891076249400558851e-01 9.865584754943848012e+00
2.730000000000000000e+02 1.419132453692687201e-01 9.894427191447577874e-01 9.870806884765626066e+00
2.740000000000000000e+02 1.390533978922382785e-01 9.904713915218299469e-01 9.873789024353026633e+00
2.750000000000000000e+02 1.379824380223371727e-01 9.907304143974462463e-01 9.876954650878905895e+00
2.760000000000000000e+02 1.341697841711583794e-01 9.910127474764364175e-01 9.882557868957519531e+00
2.770000000000000000e+02 1.321943292194065200e-01 9.915545870711767185e-01 9.886628913879395242e+00
2.780000000000000000e+02 1.337438956508376076e-01 9.914083628827776717e-01 9.890083503723143821e+00
2.790000000000000000e+02 1.313235911398149269e-01 9.919548328582586949e-01 9.892008972167969816e+00
2.800000000000000000e+02 1.277467321618589446e-01 9.931569462099648637e-01 9.895016670227050781e+00
2.810000000000000000e+02 1.276558325577682729e-01 9.925490584194414101e-01 9.898468017578125000e+00
2.820000000000000000e+02 1.230793387678975753e-01 9.928293642185038737e-01 9.901580238342285512e+00
2.830000000000000000e+02 1.201235945873765226e-01 9.933140567130899212e-01 9.903314590454101562e+00
2.840000000000000000e+02 1.193249854303046753e-01 9.941555793652341322e-01 9.904920196533202770e+00
2.850000000000000000e+02 1.167167975677112779e-01 9.944078163509537660e-01 9.906452178955078125e+00
2.860000000000000000e+02 1.150356959867609580e-01 9.947501182822974242e-01 9.909532165527343395e+00
2.870000000000000000e+02 1.137262075136393491e-01 9.949564945201607724e-01 9.911745834350586648e+00
2.880000000000000000e+02 1.138577276338049032e-01 9.948733696250383618e-01 9.913558006286621094e+00
2.890000000000000000e+02 1.139584366091557083e-01 9.955887389286706135e-01 9.914857864379882812e+00
2.900000000000000000e+02 1.097455167476640014e-01 9.954119066208195754e-01 9.916756629943847656e+00
2.910000000000000000e+02 1.111842823450583800e-01 9.956102652156035848e-01 9.919134712219237926e+00
2.920000000000000000e+02 1.087043338138748150e-01 9.957152028296331059e-01 9.919512557983397372e+00
2.930000000000000000e+02 1.076298439865484291e-01 9.956414513565183810e-01 9.922314643859863281e+00
2.940000000000000000e+02 1.060271818225176493e-01 9.957919108966307720e-01 9.922917747497558949e+00
2.950000000000000000e+02 1.054834732106552930e-01 9.957587219805039691e-01 9.924013519287109730e+00
2.960000000000000000e+02 1.042516718084045280e-01 9.963565970804293404e-01 9.925188827514649148e+00
2.970000000000000000e+02 1.021670874594015066e-01 9.960205004728036604e-01 9.926453590393066406e+00
2.980000000000000000e+02 1.042647176089177424e-01 9.966752472719592193e-01 9.927780151367187500e+00
2.990000000000000000e+02 1.012981160144774823e-01 9.963770617244133154e-01 9.928879928588868253e+00
3.000000000000000000e+02 1.004209668981011772e-01 9.966123615326573093e-01 9.931068038940429332e+00
3.010000000000000000e+02 1.009396534228172576e-01 9.966037186600841258e-01 9.930535697937010298e+00
3.020000000000000000e+02 1.000060525351290225e-01 9.968826870700928655e-01 9.931521224975586648e+00
3.030000000000000000e+02 9.797538622660444119e-02 9.963060621207272538e-01 9.932885742187499645e+00
3.040000000000000000e+02 1.001256582676428170e-01 9.964715087073512390e-01 9.933803558349609375e+00
3.050000000000000000e+02 9.343527611572909064e-02 9.967831948682842613e-01 9.934505462646484375e+00
3.060000000000000000e+02 9.503504232869651458e-02 9.968718676211001384e-01 9.935790061950683594e+00
3.070000000000000000e+02 9.535901825166535895e-02 9.972190118257926450e-01 9.936091232299805398e+00
3.080000000000000000e+02 9.252094709599066602e-02 9.974510809086017948e-01 9.936442184448241122e+00
3.090000000000000000e+02 9.314724298635249089e-02 9.972732747820320931e-01 9.935815620422363992e+00
3.100000000000000000e+02 9.276458070129459110e-02 9.974052855126973594e-01 9.936213684082030539e+00
3.110000000000000000e+02 9.043745365002640868e-02 9.977154781608781331e-01 9.936702346801757457e+00
3.120000000000000000e+02 9.221828303831626494e-02 9.975301496601159945e-01 9.937104606628418324e+00
3.130000000000000000e+02 8.943748067684748060e-02 9.975256736584882100e-01 9.937814521789549715e+00
3.140000000000000000e+02 9.030197472975365347e-02 9.977162100373364595e-01 9.938692283630370383e+00
3.150000000000000000e+02 8.969189143678886478e-02 9.973867244136147558e-01 9.938807868957519887e+00
3.160000000000000000e+02 8.455158016475267102e-02 9.976244308935886540e-01 9.939102554321289418e+00
3.170000000000000000e+02 8.850499999064699586e-02 9.980132708344171544e-01 9.939202308654785156e+00
3.180000000000000000e+02 8.822508938837611558e-02 9.976897606111225780e-01 9.939816856384277699e+00
3.190000000000000000e+02 8.702982143287969763e-02 9.977110975960596928e-01 9.941448974609375711e+00
3.200000000000000000e+02 8.355421416188357764e-02 9.981285141067065547e-01 9.942549133300781605e+00
3.210000000000000000e+02 8.864978211176442746e-02 9.981238271542560714e-01 9.944408798217773793e+00
3.220000000000000000e+02 8.581864797904552311e-02 9.982228965069132043e-01 9.945591163635254972e+00
3.230000000000000000e+02 8.737918590762698556e-02 9.979399220206617294e-01 9.945264625549317117e+00
3.240000000000000000e+02 8.667151247081467114e-02 9.983416094397625784e-01 9.946778869628905895e+00
3.250000000000000000e+02 8.630475433725814938e-02 9.981340767041380069e-01 9.946869087219237571e+00
3.260000000000000000e+02 8.686309038417498740e-02 9.987106008724939699e-01 9.946291160583497160e+00
3.270000000000000000e+02 8.588380827214725510e-02 9.987169418935206711e-01 9.947088050842284090e+00
3.280000000000000000e+02 8.565050128377857397e-02 9.984227463174801809e-01 9.948183441162109730e+00
3.290000000000000000e+02 8.421787648329921716e-02 9.987258321204139921e-01 9.948900222778320312e+00
3.300000000000000000e+02 8.484285846253791785e-02 9.987866442526376343e-01 9.949493408203125000e+00
3.310000000000000000e+02 8.452602076859108693e-02 9.987313303445370938e-01 9.950376892089844105e+00
3.320000000000000000e+02 8.328392427082823013e-02 9.988826084741059264e-01 9.951254463195802202e+00
3.330000000000000000e+02 8.117047041341526881e-02 9.988107289936142275e-01 9.950908851623536222e+00
3.340000000000000000e+02 8.177639805872922996e-02 9.984058311813124309e-01 9.951323318481444247e+00
3.350000000000000000e+02 8.403600751798935564e-02 9.983280039278202844e-01 9.952512359619140270e+00
3.360000000000000000e+02 8.364798641617368635e-02 9.985149785419342727e-01 9.952616882324219816e+00
3.370000000000000000e+02 8.595476201378221548e-02 9.985321555072280697e-01 9.951524543762207742e+00
3.380000000000000000e+02 8.058620999728900725e-02 9.987027270879909047e-01 9.952390098571777699e+00
3.390000000000000000e+02 8.136362505758983066e-02 9.985062180248566177e-01 9.951771545410155184e+00
3.400000000000000000e+02 8.194063651793324909e-02 9.984211478339249934e-01 9.952235603332519887e+00
3.410000000000000000e+02 7.954131006328125919e-02 9.987099701787621742e-01 9.951409912109376421e+00
3.420000000000000000e+02 8.114356510566296532e-02 9.988901554175751984e-01 9.952022361755370028e+00
3.430000000000000000e+02 8.117073938445967807e-02 9.983715421604839602e-01 9.951126861572266336e+00
3.440000000000000000e+02 8.226484643903433924e-02 9.985468409415766411e-01 9.951075744628905539e+00
3.450000000000000000e+02 8.209141636815577014e-02 9.987424943740507155e-01 9.952442169189453125e+00
3.460000000000000000e+02 8.359219987952530573e-02 9.986353287165561365e-01 9.952134895324705965e+00
3.470000000000000000e+02 8.157673560149121539e-02 9.985691132798162339e-01 9.950240898132324929e+00
3.480000000000000000e+02 7.989393512438378031e-02 9.989024637984018629e-01 9.947997665405273082e+00
3.490000000000000000e+02 7.866641655966462310e-02 9.989792912678440162e-01 9.949112510681151988e+00
3.500000000000000000e+02 8.149174608362957928e-02 9.989662894597530762e-01 9.950089073181153765e+00
3.510000000000000000e+02 8.035972985453088135e-02 9.991208366624476644e-01 9.951778030395507457e+00
3.520000000000000000e+02 7.970840543688645363e-02 9.992483969933114718e-01 9.952296829223632457e+00
3.530000000000000000e+02 7.825160449326130918e-02 9.991244422815841464e-01 9.951040077209473367e+00
3.540000000000000000e+02 7.958535210614026134e-02 9.990864349013318657e-01 9.951294326782226918e+00
3.550000000000000000e+02 7.921844379908586642e-02 9.990193481183126112e-01 9.951902389526367188e+00
3.560000000000000000e+02 7.979803120390291382e-02 9.989929557311265640e-01 9.952705574035643821e+00
3.570000000000000000e+02 7.899429063130941620e-02 9.991398000248137290e-01 9.954080009460449574e+00
3.580000000000000000e+02 8.060590553976586248e-02 9.987717346115789763e-01 9.954545783996580965e+00
3.590000000000000000e+02 7.914425361289263716e-02 9.988482159510746472e-01 9.955526733398437855e+00
3.600000000000000000e+02 7.895985563315204014e-02 9.985839563525269469e-01 9.955655670166015270e+00
3.610000000000000000e+02 8.064658945180244731e-02 9.987919216945502221e-01 9.956848144531250000e+00
3.620000000000000000e+02 7.979207273645590182e-02 9.991166919662074486e-01 9.957172393798828125e+00
3.630000000000000000e+02 7.997144058443932113e-02 9.991141920983352964e-01 9.955442237854004617e+00
3.640000000000000000e+02 7.918892591141957205e-02 9.987841858301297338e-01 9.954421424865721235e+00
3.650000000000000000e+02 7.888696576669460003e-02 9.985384150259488667e-01 9.952024650573729758e+00
3.660000000000000000e+02 7.958856254235648076e-02 9.989082953250855157e-01 9.952960205078126066e+00
3.670000000000000000e+02 7.690868799094538466e-02 9.985918730647281860e-01 9.950416755676268821e+00
3.680000000000000000e+02 7.661412884829749137e-02 9.986690780593588945e-01 9.951568984985351918e+00
3.690000000000000000e+02 7.690631913804667208e-02 9.986228475435249274e-01 9.952187919616699574e+00
3.700000000000000000e+02 7.681628428450841539e-02 9.986334028425954967e-01 9.951987838745116832e+00
3.710000000000000000e+02 7.998722206756053721e-02 9.983430221087993273e-01 9.953803443908691762e+00
3.720000000000000000e+02 7.909170856804237371e-02 9.984961115516666208e-01 9.954583549499510298e+00
3.730000000000000000e+02 8.013646573495443459e-02 9.985333742381068411e-01 9.954841041564941762e+00
3.740000000000000000e+02 8.058626719317679710e-02 9.983870512504037231e-01 9.957166862487792258e+00
3.750000000000000000e+02 7.955144160794649921e-02 9.985572251159686719e-01 9.956232261657714133e+00
3.760000000000000000e+02 7.676816784606417532e-02 9.989485574158358805e-01 9.955397987365723012e+00
3.770000000000000000e+02 7.739827298674399614e-02 9.985384457737584984e-01 9.955223464965820668e+00
3.780000000000000000e+02 8.080400605560461580e-02 9.988183428925648810e-01 9.954427909851073508e+00
3.790000000000000000e+02 7.861869712692284851e-02 9.985522414330304519e-01 9.955623245239259234e+00
3.800000000000000000e+02 7.873124109263059112e-02 9.985825563088308598e-01 9.955576896667480469e+00
3.810000000000000000e+02 7.617661866334508869e-02 9.987689440742941738e-01 9.954839134216308949e+00
3.820000000000000000e+02 7.784688615147997148e-02 9.986977367085017043e-01 9.954443550109862926e+00
3.830000000000000000e+02 7.907755871403697456e-02 9.989316314883356362e-01 9.954933547973633168e+00
3.840000000000000000e+02 8.054537271844397495e-02 9.989701715596317477e-01 9.955732345581054688e+00
3.850000000000000000e+02 7.496700469275868750e-02 9.987960060532421469e-01 9.955413436889648082e+00
3.860000000000000000e+02 7.787661257729072695e-02 9.988047535476582972e-01 9.954334449768067472e+00
3.870000000000000000e+02 7.611165111797379978e-02 9.987268005178063790e-01 9.954689025878906250e+00
3.880000000000000000e+02 7.603903356442384687e-02 9.984900016965269076e-01 9.954968070983886363e+00
3.890000000000000000e+02 7.905929280734400044e-02 9.985053135847560268e-01 9.955903434753418324e+00
3.900000000000000000e+02 7.796838652013104998e-02 9.988619870981483295e-01 9.956052207946775923e+00
3.910000000000000000e+02 7.576724145045855840e-02 9.987459714971969049e-01 9.955728912353515980e+00
3.920000000000000000e+02 7.756613452419895693e-02 9.984955183329641271e-01 9.955054473876952414e+00
3.930000000000000000e+02 7.539551014021220188e-02 9.984717500130450007e-01 9.956240081787109730e+00
3.940000000000000000e+02 7.820679128979797501e-02 9.986758519858206506e-01 9.956694412231446023e+00
3.950000000000000000e+02 7.545648921710215729e-02 9.985713524964902055e-01 9.955605316162110086e+00
3.960000000000000000e+02 7.596360036913857305e-02 9.985986121033036955e-01 9.956576728820801137e+00
3.970000000000000000e+02 7.950250871848964229e-02 9.985855796387697048e-01 9.956502342224121449e+00
3.980000000000000000e+02 7.750803134506825676e-02 9.985860561737965879e-01 9.956267738342285512e+00
