0.000000000000000000e+00 1.731894923177172349e-02 1.477117229269953383e-02 6.005749797821044567e+00
1.000000000000000000e+00 1.939417383384960461e-02 1.428582833494290195e-02 6.159539794921874645e+00
2.000000000000000000e+00 2.289399085383571689e-02 1.475976250398976057e-02 6.307869911193847656e+00
3.000000000000000000e+00 2.915024680021635617e-02 1.636335921843883393e-02 6.438549900054931996e+00
4.000000000000000000e+00 3.538675772506590794e-02 1.663736503065898695e-02 6.565199851989746094e+00
5.000000000000000000e+00 4.141830898456248800e-02 1.667297662931150476e-02 6.676069831848145064e+00
6.000000000000000000e+00 4.855982318910281176e-02 1.487737930060616109e-02 6.774499797821045277e+00
7.000000000000000000e+00 5.462853106125107466e-02 1.589393612648139914e-02 6.865959739685058238e+00
8.000000000000000000e+00 6.308895053226674932e-02 1.515185633389217086e-02 6.955909824371337535e+00
9.000000000000000000e+00 7.104910511957479580e-02 1.517311094806834786e-02 7.041959857940673473e+00
1.000000000000000000e+01 7.673054179841599931e-02 1.565410196235674650e-02 7.120659828186035156e+00
1.100000000000000000e+01 8.585445890115027401e-02 1.446558901301339163e-02 7.195049858093261363e+00
1.200000000000000000e+01 9.286910622796730463e-02 1.553872792698289713e-02 7.268379783630371627e+00
1.300000000000000000e+01 1.013748788517242067e-01 1.564449147080866631e-02 7.337229728698730469e+00
1.400000000000000000e+01 1.083193521710449497e-01 1.636062766337743890e-02 7.404399871826171875e+00
1.500000000000000000e+01 1.169753303234154634e-01 1.544266758192557563e-02 7.468319797515869496e+00
1.600000000000000000e+01 1.265740299027786619e-01 1.492918760440981214e-02 7.531309700012207564e+00
1.700000000000000000e+01 1.333789625667061718e-01 1.557424285388186481e-02 7.596309852600097834e+00
1.800000000000000000e+01 1.424141301803396598e-01 1.620712379482587909e-02 7.656939888000488637e+00
1.900000000000000000e+01 1.513347765373697362e-01 1.562409693585516471e-02 7.713589859008789240e+00
2.000000000000000000e+01 1.591907562176073931e-01 1.522845637604796493e-02 7.770419692993163707e+00
2.100000000000000000e+01 1.680350265017523936e-01 1.603966701524624228e-02 7.823669719696045632e+00
2.200000000000000000e+01 1.759704188391138513e-01 1.609947888505482844e-02 7.875049877166748757e+00
2.300000000000000000e+01 1.837561521257919939e-01 1.569111413402411379e-02 7.926109886169433238e+00
2.400000000000000000e+01 1.934744295474090936e-01 1.579231904854003221e-02 7.973089694976806641e+00
2.500000000000000000e+01 2.007527799122814371e-01 1.575726347567540236e-02 8.015469837188721414e+00
2.600000000000000000e+01 2.083763355321230637e-01 1.572468539359718476e-02 8.060769844055174715e+00
2.700000000000000000e+01 2.170095776889837125e-01 1.576116129083113618e-02 8.102809524536132457e+00
2.800000000000000000e+01 2.228964045581763864e-01 1.591825350166736763e-02 8.143540000915526988e+00
2.900000000000000000e+01 2.307366122240424311e-01 1.528771427493917819e-02 8.175449752807615766e+00
3.000000000000000000e+01 2.366459497968043391e-01 1.552007335240114180e-02 8.214159774780274148e+00
3.100000000000000000e+01 2.448293220131741721e-01 1.565663818535010035e-02 8.248749923706053977e+00
3.200000000000000000e+01 2.523862781144373124e-01 1.569095716460779805e-02 8.285649871826171520e+00
3.300000000000000000e+01 2.595041924348425733e-01 1.489862121601118368e-02 8.318939781188964488e+00
3.400000000000000000e+01 2.660725413458489563e-01 1.649193090003229015e-02 8.350909996032715554e+00
3.500000000000000000e+01 2.736694344122608258e-01 1.555462836478043419e-02 8.378439903259277344e+00
3.600000000000000000e+01 2.821045531189259048e-01 1.524916982345887219e-02 8.408689689636229758e+00
3.700000000000000000e+01 2.890164557237466236e-01 1.621064914706116938e-02 8.441909790039062500e+00
3.800000000000000000e+01 2.933677895024526805e-01 1.632585805555939254e-02 8.470659637451172230e+00
3.900000000000000000e+01 2.992403798527579761e-01 1.583221663519219710e-02 8.495299530029296164e+00
4.000000000000000000e+01 3.072864674717594724e-01 1.542037774246625415e-02 8.521409606933593395e+00
4.100000000000000000e+01 3.124766670533127844e-01 1.400616382281026640e-02 8.546269798278808949e+00
4.200000000000000000e+01 3.194928925185516744e-01 1.566044483125599712e-02 8.572129821777343395e+00
4.300000000000000000e+01 3.253235018285879909e-01 1.545715134587567242e-02 8.603069877624511363e+00
4.400000000000000000e+01 3.312814745779523729e-01 1.446383140071714341e-02 8.627729797363281605e+00
4.500000000000000000e+01 3.372552712185186707e-01 1.565350906616324450e-02 8.650599861145019887e+00
4.600000000000000000e+01 3.432229709336607759e-01 1.542667544930507138e-02 8.672609710693359730e+00
4.700000000000000000e+01 3.464280521766011645e-01 1.569541041461654934e-02 8.694189834594727273e+00
4.800000000000000000e+01 3.520724398297844226e-01 1.476302301840957433e-02 8.710029602050781250e+00
4.900000000000000000e+01 3.577577897023094811e-01 1.488430878360747292e-02 8.730089950561522372e+00
5.000000000000000000e+01 3.611681948250259344e-01 1.582034157263218985e-02 8.749619865417480824e+00
5.100000000000000000e+01 3.668256989422932768e-01 1.603607375719829503e-02 8.766879844665526278e+00
5.200000000000000000e+01 3.719210206391933560e-01 1.706554430060390135e-02 8.785939598083496449e+00
5.300000000000000000e+01 3.751927373722081516e-01 1.624695334979046543e-02 8.801789855957030895e+00
5.400000000000000000e+01 3.809972101124199373e-01 1.433563234271292668e-02 8.816629791259765980e+00
5.500000000000000000e+01 3.857700532327229537e-01 1.465144790136210275e-02 8.833509826660156605e+00
5.600000000000000000e+01 3.872189719767656912e-01 1.397609373062618301e-02 8.852449798583984730e+00
5.700000000000000000e+01 3.913386073816345068e-01 1.513738154800985808e-02 8.866989898681639559e+00
5.800000000000000000e+01 3.955334342076763932e-01 1.455737431576520878e-02 8.880949783325196023e+00
5.900000000000000000e+01 4.003602595410828413e-01 1.550961789583091797e-02 8.892279815673829191e+00
6.000000000000000000e+01 4.043938676041750613e-01 1.582119985300829007e-02 8.909679794311523793e+00
6.100000000000000000e+01 4.099524761897814229e-01 1.474333469486556296e-02 8.922899818420411577e+00
6.200000000000000000e+01 4.126040731538080375e-01 1.540070274246580460e-02 8.936239624023437855e+00
6.300000000000000000e+01 4.169072036697152872e-01 1.537957740502208029e-02 8.947629547119140270e+00
6.400000000000000000e+01 4.196673159472242842e-01 1.563408174668632841e-02 8.963389587402343039e+00
6.500000000000000000e+01 4.245468047507942044e-01 1.607254366284828137e-02 8.974859619140625355e+00
6.600000000000000000e+01 4.279334772583062718e-01 1.633250207760570880e-02 8.986939811706543324e+00
6.700000000000000000e+01 4.309137746709606476e-01 1.484908654463043716e-02 9.000809860229491477e+00
6.800000000000000000e+01 4.356386434993202994e-01 1.535709359034133879e-02 9.012899780273437855e+00
6.900000000000000000e+01 4.396724750252568592e-01 1.604140955392250462e-02 9.025429534912110086e+00
7.000000000000000000e+01 4.431537695018598622e-01 1.499544499013776011e-02 9.036629486083983309e+00
7.100000000000000000e+01 4.480170456014522795e-01 1.456321865128300079e-02 9.049029922485352984e+00
7.200000000000000000e+01 4.511443176603690541e-01 1.541229747568962326e-02 9.065339660644530895e+00
7.300000000000000000e+01 4.540390295318333380e-01 1.488090726150295001e-02 9.076679611206055043e+00
7.400000000000000000e+01 4.562072904076286406e-01 1.632747476742446580e-02 9.084269905090330610e+00
7.500000000000000000e+01 4.596874669652605272e-01 1.637827427324482429e-02 9.094439888000488637e+00
7.600000000000000000e+01 4.640626567570285688e-01 1.563647404515586953e-02 9.103989791870116477e+00
7.700000000000000000e+01 4.654353303887196480e-01 1.541529325115815682e-02 9.110939598083495738e+00
7.800000000000000000e+01 4.677488996931034038e-01 1.482816012149858025e-02 9.118949508666991832e+00
7.900000000000000000e+01 4.711965740710323813e-01 1.532106035992921930e-02 9.130949783325196023e+00
8.000000000000000000e+01 4.737688331484187776e-01 1.370722960742056483e-02 9.137499809265136719e+00
8.100000000000000000e+01 4.763159928849796665e-01 1.528040277123193444e-02 9.150779533386231179e+00
8.200000000000000000e+01 4.794316929716438414e-01 1.512812479658878946e-02 9.153299522399903410e+00
8.300000000000000000e+01 4.794005522342952852e-01 1.637770960823935543e-02 9.162349700927734375e+00
8.400000000000000000e+01 4.798269258318496044e-01 1.558704046115018220e-02 9.166209793090819957e+00
8.500000000000000000e+01 4.839566026283641520e-01 1.639148449870913432e-02 9.168019866943359020e+00
8.600000000000000000e+01 4.852677140419828783e-01 1.424302720179269031e-02 9.173939895629882102e+00
8.700000000000000000e+01 4.886994398387529137e-01 1.482148820487155620e-02 9.180819892883301137e+00
8.800000000000000000e+01 4.900803630523632992e-01 1.439015262229587609e-02 9.188409805297851562e+00
8.900000000000000000e+01 4.915433386301246710e-01 1.527697313963903569e-02 9.193610000610352273e+00
9.000000000000000000e+01 4.943414825762004194e-01 1.444170311871176629e-02 9.201589965820312855e+00
9.100000000000000000e+01 4.963890608483163547e-01 1.481544877252511001e-02 9.209129905700683238e+00
9.200000000000000000e+01 5.001858897549800176e-01 1.509340949121487294e-02 9.211819648742675781e+00
9.300000000000000000e+01 4.999470941974506477e-01 1.583251720089316056e-02 9.220239830017089133e+00
9.400000000000000000e+01 5.043360626530852819e-01 1.596049814398154548e-02 9.223289680480956321e+00
9.500000000000000000e+01 5.053283324682930067e-01 1.473616001207905812e-02 9.232229804992675426e+00
9.600000000000000000e+01 5.076207568313786389e-01 1.665589051488347225e-02 9.237019729614257102e+00
9.700000000000000000e+01 5.085393975160144020e-01 1.563791330282093134e-02 9.245699882507324219e+00
9.800000000000000000e+01 5.100998006704294818e-01 1.579749619354706147e-02 9.247799873352050781e+00
9.900000000000000000e+01 5.115339847684775565e-01 1.572018368295959728e-02 9.250939941406249645e+00
1.000000000000000000e+02 5.132351941327540912e-01 1.633729929470636305e-02 9.258739852905273793e+00
1.010000000000000000e+02 5.153857142268560843e-01 1.698338756628101076e-02 9.263139915466309660e+00
1.020000000000000000e+02 5.190003395487983173e-01 1.568642862229839563e-02 9.269609832763672230e+00
1.030000000000000000e+02 5.187990040755914301e-01 1.676962619466028370e-02 9.280749511718749289e+00
1.040000000000000000e+02 5.207597392477395504e-01 1.575093675412488764e-02 9.281889724731446023e+00
1.050000000000000000e+02 5.224906928733344946e-01 1.576032410276807794e-02 9.285709762573242543e+00
1.060000000000000000e+02 5.241235218733414358e-01 1.579912205600230227e-02 9.288309860229492898e+00
1.070000000000000000e+02 5.236881512268579675e-01 1.611405690985669506e-02 9.293790054321288352e+00
1.080000000000000000e+02 5.267899946829142088e-01 1.639447112382847599e-02 9.299129867553711293e+00
1.090000000000000000e+02 5.270673315869125464e-01 1.552767697099365421e-02 9.298599624633789418e+00
1.100000000000000000e+02 5.279623297340281241e-01 1.537484928612294424e-02 9.300889778137207742e+00
1.110000000000000000e+02 5.277031606477508019e-01 1.587946789632335015e-02 9.304869842529296164e+00
1.120000000000000000e+02 5.316822802010896520e-01 1.562624727431738414e-02 9.305689811706542969e+00
1.130000000000000000e+02 5.305178962068052284e-01 1.617651948323454644e-02 9.310519790649413707e+00
1.140000000000000000e+02 5.335741134586317047e-01 1.589787092880252939e-02 9.314949607849120738e+00
1.150000000000000000e+02 5.344205276270043159e-01 1.494906392505126157e-02 9.317129898071287997e+00
1.160000000000000000e+02 5.360101093519781257e-01 1.588619536791411116e-02 9.323150062561033735e+00
1.170000000000000000e+02 5.366296374497833144e-01 1.585900356087576249e-02 9.321989822387696023e+00
1.180000000000000000e+02 5.370181945265888324e-01 1.637838377081277108e-02 9.325779533386230113e+00
1.190000000000000000e+02 5.359064481537156865e-01 1.544847081110316787e-02 9.324049758911133523e+00
1.200000000000000000e+02 5.375961869128567105e-01 1.650330876849361028e-02 9.322799873352050071e+00
1.210000000000000000e+02 5.379409391050447020e-01 1.555805432818659594e-02 9.327709579467773793e+00
1.220000000000000000e+02 5.400152846987626987e-01 1.457016892515640427e-02 9.324839973449707387e+00
1.230000000000000000e+02 5.423777448995225070e-01 1.593096449840631160e-02 9.332349586486817117e+00
1.240000000000000000e+02 5.416525894890207304e-01 1.548146993989008534e-02 9.336799812316895597e+00
1.250000000000000000e+02 5.435608590611262780e-01 1.597643401546211192e-02 9.337910079956055043e+00
1.260000000000000000e+02 5.426769069637591425e-01 1.570824492979078918e-02 9.340189933776855469e+00
1.270000000000000000e+02 5.431230051129386505e-01 1.565180741418283408e-02 9.339699554443358309e+00
1.280000000000000000e+02 5.423636585846857150e-01 1.506941135242166954e-02 9.341289710998536222e+00
1.290000000000000000e+02 5.431351709125274985e-01 1.467769383001344893e-02 9.342929840087890625e+00
1.300000000000000000e+02 5.424449776850602811e-01 1.512029560668791926e-02 9.339959907531738992e+00
1.310000000000000000e+02 5.452748637382649477e-01 1.492588449150408954e-02 9.342529869079589488e+00
1.320000000000000000e+02 5.455229675215548246e-01 1.646883620873195245e-02 9.344739723205567117e+00
1.330000000000000000e+02 5.466237816820538331e-01 1.628700335486953435e-02 9.349429702758788707e+00
1.340000000000000000e+02 5.464582401254132193e-01 1.527113670424253000e-02 9.350449562072753906e+00
1.350000000000000000e+02 5.434517393703282018e-01 1.540320357538738257e-02 9.350999832153320312e+00
1.360000000000000000e+02 5.455806632159072578e-01 1.612139606832747526e-02 9.346189880371094105e+00
1.370000000000000000e+02 5.481556815358580304e-01 1.585346371981595504e-02 9.348759841918946378e+00
1.380000000000000000e+02 5.467245846962366373e-01 1.565464310935824402e-02 9.352269744873046520e+00
1.390000000000000000e+02 5.471301284593615977e-01 1.578551737863468155e-02 9.352939987182617543e+00
1.400000000000000000e+02 5.469150225214758354e-01 1.631072689985303692e-02 9.350709724426270242e+00
1.410000000000000000e+02 5.488316109998582215e-01 1.523293318636503163e-02 9.351839637756347301e+00
1.420000000000000000e+02 5.503795719370303541e-01 1.553782585277653505e-02 9.358349609375000711e+00
1.430000000000000000e+02 5.509971297019864434e-01 1.490202934338864284e-02 9.359309577941894887e+00
1.440000000000000000e+02 5.508342152704357453e-01 1.465808948194493103e-02 9.360229873657225141e+00
1.450000000000000000e+02 5.495735288954478603e-01 1.474713038696087025e-02 9.360119628906250711e+00
1.460000000000000000e+02 5.511245721272298725e-01 1.639553758179274762e-02 9.360919761657715554e+00
1.470000000000000000e+02 5.507877582924095572e-01 1.520704581876395657e-02 9.362409591674804688e+00
1.480000000000000000e+02 5.502008104895508289e-01 1.576667076348734278e-02 9.356780052185058594e+00
1.490000000000000000e+02 5.495250875946453561e-01 1.585225856887448673e-02 9.356399726867675071e+00
1.500000000000000000e+02 5.505877296055390335e-01 1.490064068244204357e-02 9.356659698486328836e+00
1.510000000000000000e+02 5.514715745474065844e-01 1.606550978797462517e-02 9.356029701232911222e+00
1.520000000000000000e+02 5.509291523554534775e-01 1.512597060336584413e-02 9.360259628295898082e+00
1.530000000000000000e+02 5.539884581856958645e-01 1.576386146089759840e-02 9.364229965209961648e+00
1.540000000000000000e+02 5.539961861598180493e-01 1.499256479138031881e-02 9.371289825439452770e+00
1.550000000000000000e+02 5.519351183555757379e-01 1.691310810108944199e-02 9.368669700622559660e+00
1.560000000000000000e+02 5.532412813721548916e-01 1.576621957394803292e-02 9.369669723510742898e+00
1.570000000000000000e+02 5.528964936416471687e-01 1.529005403655055509e-02 9.373549652099610441e+00
1.580000000000000000e+02 5.512657400126839136e-01 1.487143683296326784e-02 9.375359725952147727e+00
1.590000000000000000e+02 5.525276364807953922e-01 1.584905534552487338e-02 9.372039985656737571e+00
1.600000000000000000e+02 5.515236355966682824e-01 1.600573374743698499e-02 9.370709991455077770e+00
1.610000000000000000e+02 5.512874463788867141e-01 1.510924262730608571e-02 9.370389747619629617e+00
1.620000000000000000e+02 5.529417337781118436e-01 1.627339294490301111e-02 9.371159744262696378e+00
1.630000000000000000e+02 5.531888628962473575e-01 1.545959165399021090e-02 9.372439575195313566e+00
1.640000000000000000e+02 5.540546004830184668e-01 1.466729378727808959e-02 9.372389793395996094e+00
1.650000000000000000e+02 5.533581595025073296e-01 1.637886811216187136e-02 9.373369789123534801e+00
1.660000000000000000e+02 5.538865858589676616e-01 1.500034177604097664e-02 9.374659729003907316e+00
1.670000000000000000e+02 5.545553130604095049e-01 1.611091483094704083e-02 9.371399879455566406e+00
1.680000000000000000e+02 5.529867232174935365e-01 1.527001203576527043e-02 9.371459770202637429e+00
1.690000000000000000e+02 5.537093882005301726e-01 1.499478402496962938e-02 9.369039726257323508e+00
1.700000000000000000e+02 5.552956756089159063e-01 1.639258068217894909e-02 9.370680046081542258e+00
1.710000000000000000e+02 5.568216501942707675e-01 1.552605884857280634e-02 9.375139617919922230e+00
1.720000000000000000e+02 5.579699435326785917e-01 1.563673311220970669e-02 9.378769683837891336e+00
1.730000000000000000e+02 5.588752710858158057e-01 1.532785633663465846e-02 9.379699897766112571e+00
1.740000000000000000e+02 5.551902992454653685e-01 1.653658766829301310e-02 9.386059761047363281e+00
1.750000000000000000e+02 5.555848109324872386e-01 1.742484516613581821e-02 9.386759757995605469e+00
1.760000000000000000e+02 5.566339827356087122e-01 1.575977541279722019e-02 9.384539794921876066e+00
1.770000000000000000e+02 5.552863547363445784e-01 1.528625304661177832e-02 9.382259750366211293e+00
1.780000000000000000e+02 5.562048712782313720e-01 1.481734201465803417e-02 9.377289772033691406e+00
1.790000000000000000e+02 5.554998752795978767e-01 1.444334222463147452e-02 9.376289749145508168e+00
1.800000000000000000e+02 5.541264986417379079e-01 1.538328109467865766e-02 9.375469779968261363e+00
1.810000000000000000e+02 5.572141603805458310e-01 1.405175732802693526e-02 9.377709960937499645e+00
1.820000000000000000e+02 5.577207369125966041e-01 1.485997154329523479e-02 9.380169677734375711e+00
1.830000000000000000e+02 5.571489768746846760e-01 1.537229545493886372e-02 9.384449577331542613e+00
1.840000000000000000e+02 5.555219457740764311e-01 1.496913369139311369e-02 9.382679748535156961e+00
1.850000000000000000e+02 5.566957030600151457e-01 1.543268396854307126e-02 9.381829833984374645e+00
1.860000000000000000e+02 5.568859282653209064e-01 1.582139516494493123e-02 9.381679534912109375e+00
1.870000000000000000e+02 5.587970822242357416e-01 1.468979327600559298e-02 9.383129692077636363e+00
1.880000000000000000e+02 5.592925521978083792e-01 1.548739975457683396e-02 9.384639930725098722e+00
1.890000000000000000e+02 5.605611625658711850e-01 1.490401598558192646e-02 9.383109855651854403e+00
1.900000000000000000e+02 5.605146106591188948e-01 1.581728455732770572e-02 9.388459777832030895e+00
1.910000000000000000e+02 5.612674348659613122e-01 1.448734445308032248e-02 9.385609817504882102e+00
1.920000000000000000e+02 5.614667145515050972e-01 1.680339408895533543e-02 9.387489891052245738e+00
1.930000000000000000e+02 5.622465589350905679e-01 1.549853487967066575e-02 9.389099884033203836e+00
1.940000000000000000e+02 5.611311641980400999e-01 1.487750786731311184e-02 9.389389801025389559e+00
1.950000000000000000e+02 5.600383196621970816e-01 1.537960477655137860e-02 9.390979576110840554e+00
1.960000000000000000e+02 5.614645588385240860e-01 1.482850444750430201e-02 9.387309646606444957e+00
1.970000000000000000e+02 5.618598598292213753e-01 1.529992352481813166e-02 9.387929916381835938e+00
1.980000000000000000e+02 5.607735994526940049e-01 1.455171858762766349e-02 9.389829826354979758e+00
1.990000000000000000e+02 5.594899673174887900e-01 1.724857100500646820e-02 9.389619636535645242e+00
2.000000000000000000e+02 5.421996146348628809e-01 1.601691564942463522e-02 5.989139938354492543e+00
2.010000000000000000e+02 5.250982211070718275e-01 1.935241821482264202e-02 6.148919868469238992e+00
2.020000000000000000e+02 5.017708342777078556e-01 2.445441587817108464e-02 6.293049812316894531e+00
2.030000000000000000e+02 4.802497850629499632e-01 3.057118927430367908e-02 6.425549793243408025e+00
2.040000000000000000e+02 4.612466855114943365e-01 3.771930627761505700e-02 6.543849754333495916e+00
2.050000000000000000e+02 4.402858250412708396e-01 4.292826024973408344e-02 6.647779846191406605e+00
2.060000000000000000e+02 4.207050387716191886e-01 5.059960392636345117e-02 6.747019863128661754e+00
2.070000000000000000e+02 4.015815093393307889e-01 5.608352796112493766e-02 6.848429775238037642e+00
2.080000000000000000e+02 3.843906817598695680e-01 6.555606229573736343e-02 6.935609722137451527e+00
2.090000000000000000e+02 3.676144032727304833e-01 7.325664287432361033e-02 7.013849830627441051e+00
2.100000000000000000e+02 3.528159704029611987e-01 8.027027420469079466e-02 7.088639736175537998e+00
2.110000000000000000e+02 3.376822422315861605e-01 8.853547702149261456e-02 7.160489845275878729e+00
2.120000000000000000e+02 3.228312467599552260e-01 9.613483160142835549e-02 7.233669853210448863e+00
2.130000000000000000e+02 3.096886175645469641e-01 1.049372261409488860e-01 7.302409744262695845e+00
2.140000000000000000e+02 2.967637522209072287e-01 1.128870990766752819e-01 7.371039772033691762e+00
2.150000000000000000e+02 2.818850519891615836e-01 1.211437197407480015e-01 7.431889820098877664e+00
2.160000000000000000e+02 2.691738299476476026e-01 1.303137391005092793e-01 7.497169876098633168e+00
2.170000000000000000e+02 2.579876758096121825e-01 1.389466768817443354e-01 7.554569721221923828e+00
2.180000000000000000e+02 2.474739942350015764e-01 1.452292397359319087e-01 7.614689826965331143e+00
2.190000000000000000e+02 2.381198240559553592e-01 1.540565267811747352e-01 7.667179870605469461e+00
2.200000000000000000e+02 2.269550850546977749e-01 1.653959782350889474e-01 7.719169712066650035e+00
2.210000000000000000e+02 2.173372990042934938e-01 1.714712826608890128e-01 7.771879863739012961e+00
2.220000000000000000e+02 2.086375656145966206e-01 1.795971244830855129e-01 7.824469852447508700e+00
2.230000000000000000e+02 2.020450905262581587e-01 1.894539427615007376e-01 7.871929836273192649e+00
2.240000000000000000e+02 1.925542811949783328e-01 1.972619607592902002e-01 7.921079730987548473e+00
2.250000000000000000e+02 1.849261592653921871e-01 2.055893652415689277e-01 7.966509819030761719e+00
2.260000000000000000e+02 1.774338592043819829e-01 2.135194582089245674e-01 8.009449863433836470e+00
2.270000000000000000e+02 1.695025364254151845e-01 2.204573696637845692e-01 8.052279567718505504e+00
2.280000000000000000e+02 1.624209044081436626e-01 2.280764870426464086e-01 8.088999843597411754e+00
2.290000000000000000e+02 1.566959324609938919e-01 2.345106229490628025e-01 8.122579765319825285e+00
2.300000000000000000e+02 1.508553061056604194e-01 2.412054582221826171e-01 8.160459899902344105e+00
2.310000000000000000e+02 1.445269389974411511e-01 2.495796929293685462e-01 8.196089744567869317e+00
2.320000000000000000e+02 1.389253780008330996e-01 2.567298225939841361e-01 8.231469917297363992e+00
2.330000000000000000e+02 1.356227145192211991e-01 2.651728722923378800e-01 8.261529731750488992e+00
2.340000000000000000e+02 1.304094217439241421e-01 2.707111232300307146e-01 8.297840118408203125e+00
2.350000000000000000e+02 1.243570950626653043e-01 2.792979337982428034e-01 8.328509902954101207e+00
2.360000000000000000e+02 1.187765317052359992e-01 2.857550188928211776e-01 8.364689636230467684e+00
2.370000000000000000e+02 1.147170580701487030e-01 2.915176819607672720e-01 8.396059799194334872e+00
2.380000000000000000e+02 1.102801382013291059e-01 2.994797352381239897e-01 8.423759841918945668e+00
2.390000000000000000e+02 1.067450898835564932e-01 3.072390993193556130e-01 8.451609802246094816e+00
2.400000000000000000e+02 1.024966893417117858e-01 3.127022644476725177e-01 8.481609535217286222e+00
2.410000000000000000e+02 1.002723450730932386e-01 3.180098864894621014e-01 8.512039756774901988e+00
2.420000000000000000e+02 9.750644007809158853e-02 3.250399826562891392e-01 8.531049728393554688e+00
2.430000000000000000e+02 9.228856564734266854e-02 3.312424850912022434e-01 8.557779884338380327e+00
2.440000000000000000e+02 8.937445211726743888e-02 3.365422291142597389e-01 8.584269905090332387e+00
2.450000000000000000e+02 8.673482188867610854e-02 3.426660882922833995e-01 8.602679634094238637e+00
2.460000000000000000e+02 8.287079743942145360e-02 3.478418027315056671e-01 8.622759819030761719e+00
2.470000000000000000e+02 7.985193390033658301e-02 3.541634828953537650e-01 8.648279762268067827e+00
2.480000000000000000e+02 7.792855931295128435e-02 3.579213327472353101e-01 8.668999862670897727e+00
2.490000000000000000e+02 7.628573648006968522e-02 3.622377276336968266e-01 8.688689613342285512e+00
2.500000000000000000e+02 7.352077420188365964e-02 3.679665541085672120e-01 8.704699516296386719e+00
2.510000000000000000e+02 6.974498964441490367e-02 3.738316929100928276e-01 8.720349693298338423e+00
2.520000000000000000e+02 6.756542535283632800e-02 3.790977698969910104e-01 8.739449691772460227e+00
2.530000000000000000e+02 6.554137997505780910e-02 3.847186877301160823e-01 8.760139846801758168e+00
2.540000000000000000e+02 6.583209868310777035e-02 3.895498356279284979e-01 8.779089546203612926e+00
2.550000000000000000e+02 6.394363688598905804e-02 3.930013974065657001e-01 8.792549896240235086e+00
2.560000000000000000e+02 6.210760606246520932e-02 3.957414570874520643e-01 8.807459831237792969e+00
2.570000000000000000e+02 5.927245237643422038e-02 3.991789212301177781e-01 8.815799713134765625e+00
2.580000000000000000e+02 5.773966334685860097e-02 4.045015866016611339e-01 8.832099914550781250e+00
2.590000000000000000e+02 5.545205890009876487e-02 4.087387462501285151e-01 8.846049690246580610e+00
2.600000000000000000e+02 5.352320359687418733e-02 4.126505287131015387e-01 8.861589813232422230e+00
2.610000000000000000e+02 5.327082189445925958e-02 4.169258906765507255e-01 8.875259971618651988e+00
2.620000000000000000e+02 5.135763979444050303e-02 4.213757003335054652e-01 8.889259910583495738e+00
2.630000000000000000e+02 4.939748391037378922e-02 4.263317932242631780e-01 8.905699729919433594e+00
2.640000000000000000e+02 4.699027299811872616e-02 4.328594544026606594e-01 8.921219825744628906e+00
2.650000000000000000e+02 4.677756575976591003e-02 4.362026421458797820e-01 8.937779808044432173e+00
2.660000000000000000e+02 4.636801563314737334e-02 4.381828920265566363e-01 8.947869682312012074e+00
2.670000000000000000e+02 4.535645065191459130e-02 4.421701934891100194e-01 8.959169578552245383e+00
2.680000000000000000e+02 4.371300804096725501e-02 4.474257717159040859e-01 8.968999671936035867e+00
2.690000000000000000e+02 4.255314990583917989e-02 4.509651971889734323e-01 8.984469795227051137e+00
2.700000000000000000e+02 4.075442204667511364e-02 4.534351546855320270e-01 8.993409729003905895e+00
2.710000000000000000e+02 3.875125735350148232e-02 4.552049065862590616e-01 9.006059837341309660e+00
2.720000000000000000e+02 3.993372268245001105e-02 4.605734655638525354e-01 9.015909767150878551e+00
2.730000000000000000e+02 3.788727625013463968e-02 4.625933285803385253e-01 9.026899909973144176e+00
2.740000000000000000e+02 3.738065177170230707e-02 4.667338334849259196e-01 9.037619972229004262e+00
2.750000000000000000e+02 3.558362777724202730e-02 4.703835447818316418e-01 9.053729820251463778e+00
2.760000000000000000e+02 3.428863670260826751e-02 4.735779715492575148e-01 9.061339950561523082e+00
2.770000000000000000e+02 3.379815076840891191e-02 4.754218194528291863e-01 9.073539733886718750e+00
2.780000000000000000e+02 3.437813843502843941e-02 4.789090473531980585e-01 9.080529594421387074e+00
2.790000000000000000e+02 3.281504974129492019e-02 4.799376804831427257e-01 9.089389610290526278e+00
2.800000000000000000e+02 3.185666643019114536e-02 4.826689213589472338e-01 9.095949554443357954e+00
2.810000000000000000e+02 3.180695106232711566e-02 4.834655539322732509e-01 9.103349876403807883e+00
2.820000000000000000e+02 3.152962399472505894e-02 4.857871430071515340e-01 9.109069633483887429e+00
2.830000000000000000e+02 3.011999356322562008e-02 4.903727811316329621e-01 9.116299819946288352e+00
2.840000000000000000e+02 2.921900850721871612e-02 4.907789315267208075e-01 9.124229812622070668e+00
2.850000000000000000e+02 2.877030888200413430e-02 4.942712210545802121e-01 9.127219772338866832e+00
2.860000000000000000e+02 2.833141899085505830e-02 4.959715667145972451e-01 9.135959815979004972e+00
2.870000000000000000e+02 2.798608774522985329e-02 4.977956251218095818e-01 9.138249588012694602e+00
2.880000000000000000e+02 2.643090646559151727e-02 5.025510088763710526e-01 9.142049789428709161e+00
2.890000000000000000e+02 2.605700458067252562e-02 5.032868652195868764e-01 9.156649780273436789e+00
2.900000000000000000e+02 2.607636112409905324e-02 5.072714623750627094e-01 9.157699966430664418e+00
2.910000000000000000e+02 2.620168303004570196e-02 5.061230163247322222e-01 9.160369682312012429e+00
2.920000000000000000e+02 2.611005809219528462e-02 5.093757738769767451e-01 9.161059761047363637e+00
2.930000000000000000e+02 2.651194951622930576e-02 5.098002795801523934e-01 9.168549728393553977e+00
2.940000000000000000e+02 2.423677617480038404e-02 5.109811320935311318e-01 9.173189735412597301e+00
2.950000000000000000e+02 2.567536887061182271e-02 5.111485896789362826e-01 9.175539588928222301e+00
2.960000000000000000e+02 2.364513289775994898e-02 5.109101158967722656e-01 9.176109695434570668e+00
2.970000000000000000e+02 2.326167467849190804e-02 5.107366488124248649e-01 9.176299667358398082e+00
2.980000000000000000e+02 2.300941728573046088e-02 5.124054156143076355e-01 9.178239822387695312e+00
2.990000000000000000e+02 2.311416932769729329e-02 5.146697753873880066e-01 9.182299804687499289e+00
3.000000000000000000e+02 2.285400537340856464e-02 5.165000622359628979e-01 9.189589881896973012e+00
3.010000000000000000e+02 2.190990148422380934e-02 5.192598614345215191e-01 9.194439888000488281e+00
3.020000000000000000e+02 2.155120884160593997e-02 5.210558061683562281e-01 9.201369667053223012e+00
3.030000000000000000e+02 2.139685243235719958e-02 5.195779034768471805e-01 9.207129669189454191e+00
3.040000000000000000e+02 2.095416291357599103e-02 5.217525746011425491e-01 9.208789634704590554e+00
3.050000000000000000e+02 2.065174424003656320e-02 5.257043593840249329e-01 9.215519714355469461e+00
3.060000000000000000e+02 2.054477248807337966e-02 5.243722703750089975e-01 9.222889900207519531e+00
3.070000000000000000e+02 2.021789054568500291e-02 5.242164669666390386e-01 9.226949882507323508e+00
3.080000000000000000e+02 2.081558306571807196e-02 5.266602395455183272e-01 9.224609756469726918e+00
3.090000000000000000e+02 2.140186632940362099e-02 5.286701195122203156e-01 9.229070091247558949e+00
3.100000000000000000e+02 2.043569323230558232e-02 5.283886847084857674e-01 9.234909820556641336e+00
3.110000000000000000e+02 1.959221824579869542e-02 5.308383023253732125e-01 9.230569648742674715e+00
3.120000000000000000e+02 1.890303799502868892e-02 5.308376560706233871e-01 9.234159851074219105e+00
3.130000000000000000e+02 1.915088203361382455e-02 5.325261454456999832e-01 9.236119842529296520e+00
3.140000000000000000e+02 1.928514229221897289e-02 5.347635363847083045e-01 9.241199874877928266e+00
3.150000000000000000e+02 2.046072961374620705e-02 5.339980924002005747e-01 9.241739654541015980e+00
3.160000000000000000e+02 2.085861713525795358e-02 5.351857413706723188e-01 9.243739700317382457e+00
3.170000000000000000e+02 1.876076348645424122e-02 5.386760027481772850e-01 9.244139862060547941e+00
3.180000000000000000e+02 2.068949411030990629e-02 5.379759166738103948e-01 9.252750015258788707e+00
3.190000000000000000e+02 1.925980411775653559e-02 5.389556928623628895e-01 9.251939773559570312e+00
3.200000000000000000e+02 1.901595232448653403e-02 5.410346001229863200e-01 9.257289886474609375e+00
3.210000000000000000e+02 1.944014137414930288e-02 5.409609021406488472e-01 9.261349678039550781e+00
3.220000000000000000e+02 1.855252808392737762e-02 5.413370204851049028e-01 9.260089683532713778e+00
3.230000000000000000e+02 1.898221260559100620e-02 5.420541333163174658e-01 9.257119560241699574e+00
3.240000000000000000e+02 1.912871104229666927e-02 5.422148603247345378e-01 9.256689834594727273e+00
3.250000000000000000e+02 1.991687323984031588e-02 5.432876523607428343e-01 9.258859825134276633e+00
3.260000000000000000e+02 1.864953343266718966e-02 5.420784204899312675e-01 9.262649726867675071e+00
3.270000000000000000e+02 1.893052796013414141e-02 5.438417463009609376e-01 9.261549758911133523e+00
3.280000000000000000e+02 1.814888506042519958e-02 5.435980059313990642e-01 9.259839820861815340e+00
3.290000000000000000e+02 1.787694674101543424e-02 5.438117376128404068e-01 9.263499832153321734e+00
3.300000000000000000e+02 1.834465726998106561e-02 5.438110225645741425e-01 9.268459892272948863e+00
3.310000000000000000e+02 1.747847627604262252e-02 5.438768346131237497e-01 9.268179512023927202e+00
3.320000000000000000e+02 1.866597451892460652e-02 5.432887502582725014e-01 9.263759613037109375e+00
3.330000000000000000e+02 1.721897950587236714e-02 5.435024284805842765e-01 9.263239860534667969e+00
3.340000000000000000e+02 1.768764557013512845e-02 5.463117833610557916e-01 9.263509750366210938e+00
3.350000000000000000e+02 1.672820320634042443e-02 5.472457009424177565e-01 9.267709732055664062e+00
3.360000000000000000e+02 1.799939411578223986e-02 5.487411289133521386e-01 9.276109886169434660e+00
3.370000000000000000e+02 1.695718611896508340e-02 5.489879576781294679e-01 9.280979728698731890e+00
3.380000000000000000e+02 1.624389076931984088e-02 5.492539894871458772e-01 9.281669616699218750e+00
3.390000000000000000e+02 1.683906181088313733e-02 5.493765095570102286e-01 9.284509849548339133e+00
3.400000000000000000e+02 1.713253471629590935e-02 5.506809711952606046e-01 9.288769721984863281e+00
3.410000000000000000e+02 1.698971267586708855e-02 5.516352133511728262e-01 9.289629745483399148e+00
3.420000000000000000e+02 1.637926455815227542e-02 5.503076948226012233e-01 9.290629577636718039e+00
3.430000000000000000e+02 1.732929077181856806e-02 5.517207220709462456e-01 9.287639808654786222e+00
3.440000000000000000e+02 1.830409706646442952e-02 5.499496132673709070e-01 9.287799835205078125e+00
3.450000000000000000e+02 1.657075475612973178e-02 5.508220267421144456e-01 9.290419578552246094e+00
3.460000000000000000e+02 1.709845437268368504e-02 5.509427348407759384e-01 9.293459701538084872e+00
3.470000000000000000e+02 1.651963796099219575e-02 5.522192389264981571e-01 9.288619804382323153e+00
3.480000000000000000e+02 1.690542712613466239e-02 5.521032839709509865e-01 9.291459846496580965e+00
3.490000000000000000e+02 1.594227332555002083e-02 5.528173209466584748e-01 9.290649795532226918e+00
3.500000000000000000e+02 1.672228713451781243e-02 5.530307373032955498e-01 9.295959663391114347e+00
3.510000000000000000e+02 1.678132713596529671e-02 5.540502222649055231e-01 9.297559547424317117e+00
3.520000000000000000e+02 1.673185174526161528e-02 5.563355220946049062e-01 9.301099586486817117e+00
3.530000000000000000e+02 1.557055477696643250e-02 5.553745140250899714e-01 9.301129913330077770e+00
3.540000000000000000e+02 1.726826560206963165e-02 5.562139491348676579e-01 9.302209663391113992e+00
3.550000000000000000e+02 1.647791184702854239e-02 5.565102807610058377e-01 9.305729675292967684e+00
3.560000000000000000e+02 1.576297192246500084e-02 5.564198448147044118e-01 9.303029823303223367e+00
3.570000000000000000e+02 1.544030297725787829e-02 5.574150853308694753e-01 9.302539443969726207e+00
3.580000000000000000e+02 1.762076664219743710e-02 5.573424653423086905e-01 9.303229713439939985e+00
3.590000000000000000e+02 1.595062576927418554e-02 5.577645525592850317e-01 9.304799842834473367e+00
3.600000000000000000e+02 1.536991740470623237e-02 5.596849800189201973e-01 9.305639648437500355e+00
3.610000000000000000e+02 1.666626551429254213e-02 5.574835292874171788e-01 9.307449722290039418e+00
3.620000000000000000e+02 1.627652576352394895e-02 5.565663193854664126e-01 9.298829841613770242e+00
3.630000000000000000e+02 1.651887036658400421e-02 5.584468536035744890e-01 9.303209877014161577e+00
3.640000000000000000e+02 1.592681835895689083e-02 5.578431280810598469e-01 9.304379844665527699e+00
3.650000000000000000e+02 1.561380854578130715e-02 5.599892474460135272e-01 9.304029846191406605e+00
3.660000000000000000e+02 1.635427369782621945e-02 5.577106037514757420e-01 9.308939933776855469e+00
3.670000000000000000e+02 1.471801820835749904e-02 5.586264456220944030e-01 9.309889793395997870e+00
3.680000000000000000e+02 1.552668511037657607e-02 5.591779489190945585e-01 9.308019638061523438e+00
3.690000000000000000e+02 1.749347252251509319e-02 5.611717818532987456e-01 9.311489677429198863e+00
3.700000000000000000e+02 1.682482248124824581e-02 5.616740158344827316e-01 9.315839767456054688e+00
3.710000000000000000e+02 1.710959567599685052e-02 5.631312364738272347e-01 9.318469810485840554e+00
3.720000000000000000e+02 1.553464666356282886e-02 5.621208779360780117e-01 9.321039581298828480e+00
3.730000000000000000e+02 1.569246950646614042e-02 5.620985815692010057e-01 9.321719741821288707e+00
3.740000000000000000e+02 1.649834194186038799e-02 5.630906606358196953e-01 9.320710182189941406e+00
3.750000000000000000e+02 1.691135773929952277e-02 5.632482036026706940e-01 9.321629905700683949e+00
3.760000000000000000e+02 1.696029446786930309e-02 5.617127304783150477e-01 9.319259834289550071e+00
3.770000000000000000e+02 1.771707620041458944e-02 5.637675444256152746e-01 9.314419746398925781e+00
3.780000000000000000e+02 1.571159366176523575e-02 5.635342770447184790e-01 9.316119766235352984e+00
3.790000000000000000e+02 1.537975580796313232e-02 5.654417137798737336e-01 9.316879653930664418e+00
3.800000000000000000e+02 1.500070246930096558e-02 5.642262330220825239e-01 9.318329620361328836e+00
3.810000000000000000e+02 1.582911866210926291e-02 5.643441870613774558e-01 9.319789695739746804e+00
3.820000000000000000e+02 1.593700239258264567e-02 5.648845847857252300e-01 9.324089813232422586e+00
3.830000000000000000e+02 1.635185800646238308e-02 5.660180256246437613e-01 9.321389579772949574e+00
3.840000000000000000e+02 1.591531824672965181e-02 5.674309983708152316e-01 9.327159690856934304e+00
3.850000000000000000e+02 1.583138365428740993e-02 5.653761931905804117e-01 9.331129646301269176e+00
3.860000000000000000e+02 1.606957422825799897e-02 5.646516500843328235e-01 9.327919578552245738e+00
3.870000000000000000e+02 1.675996189338494272e-02 5.639491389977397962e-01 9.324279785156250000e+00
3.880000000000000000e+02 1.625501213073340945e-02 5.639332229798627028e-01 9.322289848327637074e+00
3.890000000000000000e+02 1.638945317949947605e-02 5.644618507325770418e-01 9.323629951477050426e+00
3.900000000000000000e+02 1.686630091797047815e-02 5.633094422967243053e-01 9.319769859313964844e+00
3.910000000000000000e+02 1.624129083460370410e-02 5.630605193505614503e-01 9.319699859619140270e+00
3.920000000000000000e+02 1.647136410248441554e-02 5.646483221614122527e-01 9.321279716491698508e+00
3.930000000000000000e+02 1.586570480120662319e-02 5.643229080740055359e-01 9.320169639587403410e+00
3.940000000000000000e+02 1.514166318202327804e-02 5.641253740106766390e-01 9.318159866333008523e+00
3.950000000000000000e+02 1.534735639871397279e-02 5.640830678097026318e-01 9.320379829406737926e+00
3.960000000000000000e+02 1.635837227651455034e-02 5.641227338720385953e-01 9.316629791259765980e+00
3.970000000000000000e+02 1.518920982506468537e-02 5.639048947161625636e-01 9.318239784240722301e+00
3.980000000000000000e+02 1.643628088157942854e-02 5.650637277374558343e-01 9.318929481506348367e+00
