0.000000000000000000e+00 8.796888921923895488e-02 7.528922336216323230e-02 5.982709884643555576e+00
1.000000000000000000e+00 1.159256492533257549e-01 7.924935643339922620e-02 6.286805820465087180e+00
2.000000000000000000e+00 1.498578520972196904e-01 7.743047869094896174e-02 6.555678844451903409e+00
3.000000000000000000e+00 1.924946034390280225e-01 7.834183848693029861e-02 6.792833805084228516e+00
4.000000000000000000e+00 2.329748130696105146e-01 7.732425371375516165e-02 7.003448772430418856e+00
5.000000000000000000e+00 2.731304039127009364e-01 7.551518422811551168e-02 7.192070865631103871e+00
6.000000000000000000e+00 3.169951839608479705e-01 7.661096165222439081e-02 7.361934852600096946e+00
7.000000000000000000e+00 3.522545134826152169e-01 7.597411522649522020e-02 7.517213821411132812e+00
8.000000000000000000e+00 3.876153768055968785e-01 7.914703694823965741e-02 7.654566764831542969e+00
9.000000000000000000e+00 4.232518238691547752e-01 7.371649467466424854e-02 7.783724784851074219e+00
1.000000000000000000e+01 4.558654322788824320e-01 7.481011345028681925e-02 7.900480842590332564e+00
1.100000000000000000e+01 4.869096322761320983e-01 7.648543111033903608e-02 8.007959842681884766e+00
1.200000000000000000e+01 5.142388628323962818e-01 7.881906372802145733e-02 8.108902740478514559e+00
1.300000000000000000e+01 5.427241813502251544e-01 7.692795588061009104e-02 8.203447914123534801e+00
1.400000000000000000e+01 5.668279652886661912e-01 7.601490479220252006e-02 8.290099716186523082e+00
1.500000000000000000e+01 5.902062524405070620e-01 7.799679170366997927e-02 8.372873687744140980e+00
1.600000000000000000e+01 6.142282816350175256e-01 7.462044886898475116e-02 8.448771858215332387e+00
1.700000000000000000e+01 6.340750554923173521e-01 7.577292216991377005e-02 8.519514846801758523e+00
1.800000000000000000e+01 6.569903537060207688e-01 7.765814179989659338e-02 8.586547470092773082e+00
1.900000000000000000e+01 6.754756399868019345e-01 7.882028133449646423e-02 8.650133705139159801e+00
2.000000000000000000e+01 6.939248635576250601e-01 7.753147376853045114e-02 8.710400772094725852e+00
2.100000000000000000e+01 7.135270750149753649e-01 7.583499652875723418e-02 8.769219779968262074e+00
2.200000000000000000e+01 7.338803357781009673e-01 7.794163518266766788e-02 8.825842666625977273e+00
2.300000000000000000e+01 7.465592888004831673e-01 7.688658214809547531e-02 8.879524612426756391e+00
2.400000000000000000e+01 7.621109447678815485e-01 7.765039205472409889e-02 8.927878761291504262e+00
2.500000000000000000e+01 7.758529588528139120e-01 7.943264191709994981e-02 8.976813697814941762e+00
2.600000000000000000e+01 7.913978170795992195e-01 7.560865073158405669e-02 9.021473693847656961e+00
2.700000000000000000e+01 8.047277417612430650e-01 7.713323837580088327e-02 9.064573669433592329e+00
2.800000000000000000e+01 8.162092354860964738e-01 7.772085118957160199e-02 9.105765724182129262e+00
2.900000000000000000e+01 8.283804510249590525e-01 8.119321635749689181e-02 9.145368957519531605e+00
3.000000000000000000e+01 8.414590316065543307e-01 8.047861868613116754e-02 9.182939720153807883e+00
3.100000000000000000e+01 8.500158476201721269e-01 7.746576609579136630e-02 9.219115638732910512e+00
3.200000000000000000e+01 8.612123738060435407e-01 7.792231090727584630e-02 9.253194808959960938e+00
3.300000000000000000e+01 8.700496471469383319e-01 7.886744433464881743e-02 9.286037826538084516e+00
3.400000000000000000e+01 8.802620598820560804e-01 7.706954727896743462e-02 9.316839790344237926e+00
3.500000000000000000e+01 8.874486372647664156e-01 7.632237393078560028e-02 9.347238731384278410e+00
3.600000000000000000e+01 8.945815271397310475e-01 7.798214217435833762e-02 9.375244903564453836e+00
3.700000000000000000e+01 9.038836583409461944e-01 8.052591983435308798e-02 9.400449943542479758e+00
3.800000000000000000e+01 9.086860236225141607e-01 7.687608832722865604e-02 9.425281906127930043e+00
3.900000000000000000e+01 9.171399940814271012e-01 8.155772547891941560e-02 9.448976707458495383e+00
4.000000000000000000e+01 9.213218658646834536e-01 7.620947669410697844e-02 9.471831893920898082e+00
4.100000000000000000e+01 9.274653599214293109e-01 7.832826931088449074e-02 9.495679855346679688e+00
4.200000000000000000e+01 9.331351751542865669e-01 7.555842726054917691e-02 9.515730857849121094e+00
4.300000000000000000e+01 9.371997359063817257e-01 7.701067751798312822e-02 9.535330581665039773e+00
4.400000000000000000e+01 9.415091955634709020e-01 7.720860231962294040e-02 9.555269050598143465e+00
4.500000000000000000e+01 9.462065991510016927e-01 8.082108886128616665e-02 9.572988891601562855e+00
4.600000000000000000e+01 9.501698008670401707e-01 7.861693329627569837e-02 9.589056587219239702e+00
4.700000000000000000e+01 9.532486548842578067e-01 7.870523353846542447e-02 9.605817985534669035e+00
4.800000000000000000e+01 9.572512416143195146e-01 8.055071945372289932e-02 9.620510673522948863e+00
4.900000000000000000e+01 9.604365068972662289e-01 7.659471512686814865e-02 9.636784934997558949e+00
5.000000000000000000e+01 9.640398993695248331e-01 7.811867542418488020e-02 9.650377655029295454e+00
5.100000000000000000e+01 9.667371394736528067e-01 7.642620044602757567e-02 9.664125823974609730e+00
5.200000000000000000e+01 9.679857310120396630e-01 7.916440463411654471e-02 9.677352714538574929e+00
5.300000000000000000e+01 9.713594993521387222e-01 7.730434127091358187e-02 9.689486694335938566e+00
5.400000000000000000e+01 9.727580543663467694e-01 7.780072148314090552e-02 9.699634742736817472e+00
5.500000000000000000e+01 9.748318516908909270e-01 7.673341344867835867e-02 9.711457824707030895e+00
5.600000000000000000e+01 9.770910237326698722e-01 8.105780415305491315e-02 9.722189903259277344e+00
5.700000000000000000e+01 9.783329687544026765e-01 7.674964778308683566e-02 9.731728744506835227e+00
5.800000000000000000e+01 9.800141695140013320e-01 8.002674168518049413e-02 9.740831756591797230e+00
5.900000000000000000e+01 9.819073817699538465e-01 7.742980519043599075e-02 9.750599861145019531e+00
6.000000000000000000e+01 9.825134747990965645e-01 7.532189587978431466e-02 9.759507751464845171e+00
6.100000000000000000e+01 9.834933864891126643e-01 7.497558413491518803e-02 9.767641830444336648e+00
6.200000000000000000e+01 9.843187625050635603e-01 7.825306811291768416e-02 9.774887657165528765e+00
6.300000000000000000e+01 9.857502578149934802e-01 7.840227591175787103e-02 9.783301734924316762e+00
6.400000000000000000e+01 9.865424018700659214e-01 7.749977683804448736e-02 9.790244674682616832e+00
6.500000000000000000e+01 9.864652612941613441e-01 7.844442155936820482e-02 9.796907615661620383e+00
6.600000000000000000e+01 9.877432763857021403e-01 7.823651722825084032e-02 9.804042625427246804e+00
6.700000000000000000e+01 9.891806364971188481e-01 7.932245134928987695e-02 9.809969711303711648e+00
6.800000000000000000e+01 9.897581723885795491e-01 7.696862176189722682e-02 9.816474723815918679e+00
6.900000000000000000e+01 9.903529132887958220e-01 7.724905456176736629e-02 9.822543525695801137e+00
7.000000000000000000e+01 9.909705359356828502e-01 7.739944422698648296e-02 9.825848579406738281e+00
7.100000000000000000e+01 9.919933646999806731e-01 7.557244844565944031e-02 9.828908538818359020e+00
7.200000000000000000e+01 9.921515091635118022e-01 7.761861713942451446e-02 9.833850669860838778e+00
7.300000000000000000e+01 9.930414508218714520e-01 7.803902538221058061e-02 9.837461662292479758e+00
7.400000000000000000e+01 9.928252360626851347e-01 7.715771557095825461e-02 9.841276741027831676e+00
7.500000000000000000e+01 9.934487285699086234e-01 7.785157686202757998e-02 9.847052955627441762e+00
7.600000000000000000e+01 9.939120052050118836e-01 7.838306441459910734e-02 9.850778579711914062e+00
7.700000000000000000e+01 9.940465125838717775e-01 7.890375899642676494e-02 9.855287551879882812e+00
7.800000000000000000e+01 9.946291500410255892e-01 7.822638089880230849e-02 9.857864570617675071e+00
7.900000000000000000e+01 9.954419017195984543e-01 7.963603906618907380e-02 9.861772727966307883e+00
8.000000000000000000e+01 9.960267849748215552e-01 7.778240767969106517e-02 9.866881752014160512e+00
8.100000000000000000e+01 9.950612894756976079e-01 7.736751680335401948e-02 9.869030761718748934e+00
8.200000000000000000e+01 9.959461791009406317e-01 7.760974554380942192e-02 9.872442817687987926e+00
8.300000000000000000e+01 9.964829921101981958e-01 7.917987217115973753e-02 9.875278854370117543e+00
8.400000000000000000e+01 9.968325615466434586e-01 7.737492349453620188e-02 9.878703498840332387e+00
8.500000000000000000e+01 9.967467744912648087e-01 8.000660519846394814e-02 9.880860710144043324e+00
8.600000000000000000e+01 9.967684139618939732e-01 7.874130521603255051e-02 9.882828712463378906e+00
8.700000000000000000e+01 9.970152313878105632e-01 7.784601490782791511e-02 9.884915924072265270e+00
8.800000000000000000e+01 9.970551248454034843e-01 7.581706987945745213e-02 9.886069488525391691e+00
8.900000000000000000e+01 9.971773460806370171e-01 7.742227641016631579e-02 9.888598823547363637e+00
9.000000000000000000e+01 9.978311047109075238e-01 7.785729746105377047e-02 9.890237617492676492e+00
9.100000000000000000e+01 9.975850732332951498e-01 7.789767755257120951e-02 9.892772865295409446e+00
9.200000000000000000e+01 9.981979706324156654e-01 7.746105380786097450e-02 9.895240783691406250e+00
9.300000000000000000e+01 9.977305440507333589e-01 7.609821308292913367e-02 9.897560691833495738e+00
9.400000000000000000e+01 9.979780057873396393e-01 7.744697813409935627e-02 9.901400947570801137e+00
9.500000000000000000e+01 9.977952396118179301e-01 7.705091575873919407e-02 9.903922653198241832e+00
9.600000000000000000e+01 9.983133506067312091e-01 7.590013018043741122e-02 9.905314826965332387e+00
9.700000000000000000e+01 9.981266188364524838e-01 7.617701425882061894e-02 9.906053733825682883e+00
9.800000000000000000e+01 9.982209177516894183e-01 7.731793677217209393e-02 9.907491874694823508e+00
9.900000000000000000e+01 9.979631238259769610e-01 7.813113217057947313e-02 9.908109855651854758e+00
1.000000000000000000e+02 9.981941606855425642e-01 7.760040682662829037e-02 9.909014701843261719e+00
1.010000000000000000e+02 9.984137425784631592e-01 7.799663945610972593e-02 9.909203529357910156e+00
1.020000000000000000e+02 9.983257759822097288e-01 7.807103761120352814e-02 9.911136817932128196e+00
1.030000000000000000e+02 9.984666128858971090e-01 8.004190991013462875e-02 9.911799812316894887e+00
1.040000000000000000e+02 9.988037883155149732e-01 7.827691196737640578e-02 9.913911819458007812e+00
1.050000000000000000e+02 9.984765186453860020e-01 7.840473879793274925e-02 9.915502738952636008e+00
1.060000000000000000e+02 9.981635901624551499e-01 7.920853674397912436e-02 9.914922904968261008e+00
1.070000000000000000e+02 9.983720117894738788e-01 7.831422109352842442e-02 9.915666770935057883e+00
1.080000000000000000e+02 9.983485592087597560e-01 8.148140285559428431e-02 9.915205955505371094e+00
1.090000000000000000e+02 9.982745765375538038e-01 7.780045131606398712e-02 9.915954589843750000e+00
1.100000000000000000e+02 9.983915239132309383e-01 8.004364559402545043e-02 9.915975761413575285e+00
1.110000000000000000e+02 9.986984225326779319e-01 7.844988051885462554e-02 9.915384864807128551e+00
1.120000000000000000e+02 9.982767202490769876e-01 7.629368194464088149e-02 9.916077613830566406e+00
1.130000000000000000e+02 9.986578269054051660e-01 7.599750688816647726e-02 9.916716575622558594e+00
1.140000000000000000e+02 9.984542360306655207e-01 7.647809023000558259e-02 9.917303848266602273e+00
1.150000000000000000e+02 9.987790570435656212e-01 7.604183939725843444e-02 9.917421722412109730e+00
1.160000000000000000e+02 9.985440891487790127e-01 7.999244394864263308e-02 9.916865730285644887e+00
1.170000000000000000e+02 9.987779650267248899e-01 7.990540310175810179e-02 9.916729736328125711e+00
1.180000000000000000e+02 9.987552605076944756e-01 7.588319913904141567e-02 9.916086006164549715e+00
1.190000000000000000e+02 9.989744767194624897e-01 8.006586793412526215e-02 9.916085433959962003e+00
1.200000000000000000e+02 9.986936791036002958e-01 8.011077680898276432e-02 9.916545677185059304e+00
1.210000000000000000e+02 9.988006399944990843e-01 8.299962663080966141e-02 9.915884780883789773e+00
1.220000000000000000e+02 9.989116190059217359e-01 7.777042957311128268e-02 9.917669677734375355e+00
1.230000000000000000e+02 9.989939105213581083e-01 7.990052027622066011e-02 9.916565704345702059e+00
1.240000000000000000e+02 9.989350028759063083e-01 7.546427644803790913e-02 9.917018890380859375e+00
1.250000000000000000e+02 9.991563707601449629e-01 7.809555223188288653e-02 9.917185592651367898e+00
1.260000000000000000e+02 9.992197322357990741e-01 7.926611437592907816e-02 9.917887687683105469e+00
1.270000000000000000e+02 9.988982484499629999e-01 7.858033939254215061e-02 9.919719696044921875e+00
1.280000000000000000e+02 9.991731314407269471e-01 7.740013052425444295e-02 9.921238708496094461e+00
1.290000000000000000e+02 9.991463640922501055e-01 7.917150268984735062e-02 9.919946479797363992e+00
1.300000000000000000e+02 9.993681738174420293e-01 7.814983247687899703e-02 9.920448875427245738e+00
1.310000000000000000e+02 9.993964878870547075e-01 7.999410885569827045e-02 9.920353698730469461e+00
1.320000000000000000e+02 9.990866425356574876e-01 7.995437680785880130e-02 9.920369720458984020e+00
1.330000000000000000e+02 9.995439126366568727e-01 7.717450788794491534e-02 9.920641708374024148e+00
1.340000000000000000e+02 9.994196697167445631e-01 8.017935877171006309e-02 9.918528747558593039e+00
1.350000000000000000e+02 9.991813276203144190e-01 7.870555423141332996e-02 9.919882583618164773e+00
1.360000000000000000e+02 9.993397982643863475e-01 7.929815755520217002e-02 9.919745635986329191e+00
1.370000000000000000e+02 9.993334387601392477e-01 7.782628662092649918e-02 9.919519805908203480e+00
1.380000000000000000e+02 9.994265250560616654e-01 7.761137489136650525e-02 9.921334648132324574e+00
1.390000000000000000e+02 9.996332566767170968e-01 7.841293091401212167e-02 9.922804450988769176e+00
1.400000000000000000e+02 9.993063982977157256e-01 7.649238804589769680e-02 9.924304580688476207e+00
1.410000000000000000e+02 9.994588842532461381e-01 7.752614967073447050e-02 9.923638916015624645e+00
1.420000000000000000e+02 9.994903182991304869e-01 7.571144656905648418e-02 9.923221778869628196e+00
1.430000000000000000e+02 9.994168366806281956e-01 7.680006648799371505e-02 9.924533843994140625e+00
1.440000000000000000e+02 9.994763279503441344e-01 7.831961338841514353e-02 9.924597740173339844e+00
1.450000000000000000e+02 9.993703434344946013e-01 7.918845182768029234e-02 9.923880767822264914e+00
1.460000000000000000e+02 9.991287840692223421e-01 7.824302988938272585e-02 9.924108886718750355e+00
1.470000000000000000e+02 9.992907202166013692e-01 7.924875367808685567e-02 9.924775695800780895e+00
1.480000000000000000e+02 9.992195915284441954e-01 7.660698362532737671e-02 9.925535774230956676e+00
1.490000000000000000e+02 9.993021736985581160e-01 7.821388400583713374e-02 9.927256584167480469e+00
1.500000000000000000e+02 9.992288992928185509e-01 8.081773330012054224e-02 9.927915763854979758e+00
1.510000000000000000e+02 9.992289567020510299e-01 7.805612854778370968e-02 9.928688812255860086e+00
1.520000000000000000e+02 9.994206626110493374e-01 7.824104379323602865e-02 9.928828620910643110e+00
1.530000000000000000e+02 9.994952414025131127e-01 7.874855069449769596e-02 9.929092597961426847e+00
1.540000000000000000e+02 9.994107247527863613e-01 8.104392898774705201e-02 9.929738807678223367e+00
1.550000000000000000e+02 9.992906076190281039e-01 7.915283616691243251e-02 9.928651809692382812e+00
1.560000000000000000e+02 9.993542798879757605e-01 7.860901738660404370e-02 9.929944610595702770e+00
1.570000000000000000e+02 9.991470895056323576e-01 7.493612189067383467e-02 9.929192733764649503e+00
1.580000000000000000e+02 9.993704173990461959e-01 7.662212310634750057e-02 9.928999519348144176e+00
1.590000000000000000e+02 9.994196742275296419e-01 7.785005095251854024e-02 9.929204559326173296e+00
1.600000000000000000e+02 9.993660807892982278e-01 7.945119972500906680e-02 9.929303741455077770e+00
1.610000000000000000e+02 9.994593335617190100e-01 7.684328421274619347e-02 9.930727767944334872e+00
1.620000000000000000e+02 9.992766143474380858e-01 7.644329553975756641e-02 9.931116676330566051e+00
1.630000000000000000e+02 9.995245735299834733e-01 7.854390909128439180e-02 9.930426788330077414e+00
1.640000000000000000e+02 9.992556014398130682e-01 7.667622348384139919e-02 9.930668640136719461e+00
1.650000000000000000e+02 9.994262752448606069e-01 7.530134477304242790e-02 9.930353546142578480e+00
1.660000000000000000e+02 9.993901810471612635e-01 7.967068630513332583e-02 9.931864547729492898e+00
1.670000000000000000e+02 9.994374996982005044e-01 7.455830798561130512e-02 9.930965805053711293e+00
1.680000000000000000e+02 9.992904431545640564e-01 7.738079650164501888e-02 9.930388832092285512e+00
1.690000000000000000e+02 9.991704433409770436e-01 7.540568374754309799e-02 9.928867721557617543e+00
1.700000000000000000e+02 9.993492037509358328e-01 7.655920031595933595e-02 9.928200912475585227e+00
1.710000000000000000e+02 9.992566669589363348e-01 7.618445562552231265e-02 9.927699470520019887e+00
1.720000000000000000e+02 9.993632782944850135e-01 7.914414524553925467e-02 9.926799774169923651e+00
1.730000000000000000e+02 9.990697225718099261e-01 7.892853628274817956e-02 9.926910972595216265e+00
1.740000000000000000e+02 9.994499750832754881e-01 7.778189286682241077e-02 9.926688957214356179e+00
1.750000000000000000e+02 9.993588531172700185e-01 7.711966582961811423e-02 9.925582885742187500e+00
1.760000000000000000e+02 9.994256781143857626e-01 7.652254928250101784e-02 9.924875831604003551e+00
1.770000000000000000e+02 9.994079449008240745e-01 7.935683316455570402e-02 9.924979782104491832e+00
1.780000000000000000e+02 9.993582800168496760e-01 7.914142006274382801e-02 9.924160766601561434e+00
1.790000000000000000e+02 9.995718325428923912e-01 7.681657207216396888e-02 9.923716545104980469e+00
1.800000000000000000e+02 9.998397761407802342e-01 7.958875704503813597e-02 9.923895835876464844e+00
1.810000000000000000e+02 9.995744097396296324e-01 7.967428926275905987e-02 9.923542594909667613e+00
1.820000000000000000e+02 9.995538299092256995e-01 7.775426283253544790e-02 9.925118637084960227e+00
1.830000000000000000e+02 9.995456669913955761e-01 7.910406418451100541e-02 9.923660850524903765e+00
1.840000000000000000e+02 9.995050497783039001e-01 7.789146175016013751e-02 9.923972892761231179e+00
1.850000000000000000e+02 9.997405764919117255e-01 7.727934322109522580e-02 9.924673843383789773e+00
1.860000000000000000e+02 9.995440540151306896e-01 7.753184832312565167e-02 9.924653625488282671e+00
1.870000000000000000e+02 9.993238483415903817e-01 7.980946445505218700e-02 9.925990676879882457e+00
1.880000000000000000e+02 9.993883893737984803e-01 7.895173109525380206e-02 9.926045799255371449e+00
1.890000000000000000e+02 9.994190895877334002e-01 8.103240935294793446e-02 9.923949623107910512e+00
1.900000000000000000e+02 9.992176608915969149e-01 7.847259287094834890e-02 9.924992752075194602e+00
1.910000000000000000e+02 9.994027860203872349e-01 7.966730174161897049e-02 9.925036811828613637e+00
1.920000000000000000e+02 9.991725212827365921e-01 7.888079658406102479e-02 9.922960662841797230e+00
1.930000000000000000e+02 9.991472742484556191e-01 7.805180551788080956e-02 9.922198867797851207e+00
1.940000000000000000e+02 9.991726354938761379e-01 7.999107376286515581e-02 9.922552871704100497e+00
1.950000000000000000e+02 9.991070289556859274e-01 7.972200092835515783e-02 9.922146797180175781e+00
1.960000000000000000e+02 9.991218181591560166e-01 7.920537762254552250e-02 9.921948814392088423e+00
1.970000000000000000e+02 9.991024283343343804e-01 7.736813875004104613e-02 9.921484756469725497e+00
1.980000000000000000e+02 9.992207291337730224e-01 7.710888929447172468e-02 9.920134735107421164e+00
1.990000000000000000e+02 9.991553914385302715e-01 7.572060622982448863e-02 9.921497726440430043e+00
2.000000000000000000e+02 9.989309876438354774e-01 9.116509363256775078e-02 6.030569934844971058e+00
2.010000000000000000e+02 9.983167457249341181e-01 1.154621700232062453e-01 6.338121891021728516e+00
2.020000000000000000e+02 9.956716647999726000e-01 1.515054932327467574e-01 6.606414794921875000e+00
2.030000000000000000e+02 9.918403524540286842e-01 1.906684801571590926e-01 6.846790790557861328e+00
2.040000000000000000e+02 9.841191226589636187e-01 2.314570937687141783e-01 7.055529785156249289e+00
2.050000000000000000e+02 9.702290173325442968e-01 2.727870879462221954e-01 7.246358776092529652e+00
2.060000000000000000e+02 9.533053505351586354e-01 3.132865156713085519e-01 7.417771816253661221e+00
2.070000000000000000e+02 9.327656790699369038e-01 3.525358560723667600e-01 7.573172760009765803e+00
2.080000000000000000e+02 9.081343864494204610e-01 3.867558212729070855e-01 7.713426780700683771e+00
2.090000000000000000e+02 8.842448675129251923e-01 4.245735423305156964e-01 7.843851852416992010e+00
2.100000000000000000e+02 8.549025583141588447e-01 4.564870664567333702e-01 7.963404846191407316e+00
2.110000000000000000e+02 8.251130870134496531e-01 4.888780994633147303e-01 8.071669769287108664e+00
2.120000000000000000e+02 8.005811505741933232e-01 5.173097372714480224e-01 8.173686790466307528e+00
2.130000000000000000e+02 7.741250338998351133e-01 5.425764720760748450e-01 8.267484664916992188e+00
2.140000000000000000e+02 7.474400548152060342e-01 5.695749070411446624e-01 8.354452896118162997e+00
2.150000000000000000e+02 7.174063019084042647e-01 5.889018276885696901e-01 8.436571884155274148e+00
2.160000000000000000e+02 6.918246021779450583e-01 6.126030241473668925e-01 8.512727928161622160e+00
2.170000000000000000e+02 6.667231138396586543e-01 6.364191790218329814e-01 8.584928894042969105e+00
2.180000000000000000e+02 6.426598633921003501e-01 6.559698642207157926e-01 8.653044891357421164e+00
2.190000000000000000e+02 6.192341517193257205e-01 6.800131932004651603e-01 8.716942787170410156e+00
2.200000000000000000e+02 5.964251534602276195e-01 6.955147383944073614e-01 8.780128860473633168e+00
2.210000000000000000e+02 5.759047656318285746e-01 7.121951890399950136e-01 8.838853836059570312e+00
2.220000000000000000e+02 5.539115356179172833e-01 7.292049119276341473e-01 8.893565750122071734e+00
2.230000000000000000e+02 5.359589572377710942e-01 7.497549658795430449e-01 8.947025680541992543e+00
2.240000000000000000e+02 5.171814941806293087e-01 7.616147073037500270e-01 8.997824859619139914e+00
2.250000000000000000e+02 4.983148086325916992e-01 7.753297572426967044e-01 9.045556831359863992e+00
2.260000000000000000e+02 4.813107811418559367e-01 7.930832110790929645e-01 9.090925788879394176e+00
2.270000000000000000e+02 4.650956782512107868e-01 8.021247110490459242e-01 9.138060951232910512e+00
2.280000000000000000e+02 4.492200847740548397e-01 8.170335845880504211e-01 9.180578804016114702e+00
2.290000000000000000e+02 4.340180136396187827e-01 8.283267423567673982e-01 9.221267700195312500e+00
2.300000000000000000e+02 4.162515825606942221e-01 8.417941032464606455e-01 9.259276580810546164e+00
2.310000000000000000e+02 4.037572045833722201e-01 8.493225144206038024e-01 9.294935607910156605e+00
2.320000000000000000e+02 3.894387910772696415e-01 8.595952940257007846e-01 9.329101943969726918e+00
2.330000000000000000e+02 3.788051495048448403e-01 8.700356298750153705e-01 9.362188529968262785e+00
2.340000000000000000e+02 3.675966424095904461e-01 8.793707873244975826e-01 9.395391845703125355e+00
2.350000000000000000e+02 3.560532869737487727e-01 8.859656393344454983e-01 9.425830841064453125e+00
2.360000000000000000e+02 3.444275611299809081e-01 8.968957785243096836e-01 9.454060745239257102e+00
2.370000000000000000e+02 3.334993030046362605e-01 9.028811809771578600e-01 9.481096649169920454e+00
2.380000000000000000e+02 3.239182987253673152e-01 9.098800291365817250e-01 9.506879806518554688e+00
2.390000000000000000e+02 3.129936377241591683e-01 9.164053506864264786e-01 9.531574821472167613e+00
2.400000000000000000e+02 3.061117021742455480e-01 9.224134267324217706e-01 9.555732727050779474e+00
2.410000000000000000e+02 2.967818947097756732e-01 9.281516959451823201e-01 9.578571701049805043e+00
2.420000000000000000e+02 2.878728570173348378e-01 9.329672628987933924e-01 9.601595687866211648e+00
2.430000000000000000e+02 2.810461292486707841e-01 9.349124220870892454e-01 9.620645904541015980e+00
2.440000000000000000e+02 2.711295859661440044e-01 9.402885418324073985e-01 9.638517761230469105e+00
2.450000000000000000e+02 2.677499910418764673e-01 9.469424990201217307e-01 9.656725692749022372e+00
2.460000000000000000e+02 2.626651301799591276e-01 9.494960928396337652e-01 9.674564933776856890e+00
2.470000000000000000e+02 2.549548236084355768e-01 9.517205394889478587e-01 9.690526580810546520e+00
2.480000000000000000e+02 2.456479077891700891e-01 9.565551257085120884e-01 9.706690597534178622e+00
2.490000000000000000e+02 2.447230300604656961e-01 9.597517339167623840e-01 9.722305870056151988e+00
2.500000000000000000e+02 2.395563980534830550e-01 9.626470715045827298e-01 9.737983703613281250e+00
2.510000000000000000e+02 2.320293193643666874e-01 9.644461350017464740e-01 9.751417732238769176e+00
2.520000000000000000e+02 2.280350705654840271e-01 9.672200984126186896e-01 9.765130805969238992e+00
2.530000000000000000e+02 2.241458314022513887e-01 9.698501615326668990e-01 9.777650642395020242e+00
2.540000000000000000e+02 2.178247065613325151e-01 9.727129098848671385e-01 9.787922859191896308e+00
2.550000000000000000e+02 2.129468484372735448e-01 9.752745415682827490e-01 9.798451805114746449e+00
2.560000000000000000e+02 2.103035543442664246e-01 9.756608236035004822e-01 9.809647750854491477e+00
2.570000000000000000e+02 2.041056680221501329e-01 9.784067944817316231e-01 9.818961906433106179e+00
2.580000000000000000e+02 1.969790197519477870e-01 9.809394974223322183e-01 9.828293609619139559e+00
2.590000000000000000e+02 1.931416341360457922e-01 9.815781417267421816e-01 9.836958885192871094e+00
2.600000000000000000e+02 1.903953109074558170e-01 9.826774947011249761e-01 9.844565010070800426e+00
2.610000000000000000e+02 1.875301801430013515e-01 9.829940489580220042e-01 9.851885795593261719e+00
2.620000000000000000e+02 1.827467489153227487e-01 9.847126150089682284e-01 9.860499763488769887e+00
2.630000000000000000e+02 1.798418654330883881e-01 9.868131580247545553e-01 9.866755867004394887e+00
2.640000000000000000e+02 1.780903163459066629e-01 9.873257570197738753e-01 9.875457763671875000e+00
2.650000000000000000e+02 1.733885222956269012e-01 9.879393734771357849e-01 9.883484840393066406e+00
2.660000000000000000e+02 1.703928395767909942e-01 9.888746986935597061e-01 9.891208648681640625e+00
2.670000000000000000e+02 1.655459211633606709e-01 9.898565724357554219e-01 9.897181701660155539e+00
2.680000000000000000e+02 1.624794288050486757e-01 9.899858239986150110e-01 9.902552795410157316e+00
2.690000000000000000e+02 1.610281215061551419e-01 9.909270195641236567e-01 9.907211875915526988e+00
2.700000000000000000e+02 1.562016839541593982e-01 9.910678295215460398e-01 9.912947845458983664e+00
2.710000000000000000e+02 1.536132915006551969e-01 9.918209850685438811e-01 9.917895698547363637e+00
2.720000000000000000e+02 1.516173350539037901e-01 9.920322675146130420e-01 9.923417854309080965e+00
2.730000000000000000e+02 1.471017431658550589e-01 9.927583127253614137e-01 9.927109718322753906e+00
2.740000000000000000e+02 1.463105520377658841e-01 9.924943284529027521e-01 9.932984733581543324e+00
2.750000000000000000e+02 1.454102896790904487e-01 9.936229080984296802e-01 9.938790702819824574e+00
2.760000000000000000e+02 1.402822598542292631e-01 9.938360346368032561e-01 9.943214988708495738e+00
2.770000000000000000e+02 1.421090044644381656e-01 9.948329349174173108e-01 9.946391868591309304e+00
2.780000000000000000e+02 1.403675710195340098e-01 9.947144958624910549e-01 9.949245643615721946e+00
2.790000000000000000e+02 1.364367285799809593e-01 9.945027068858217634e-01 9.953174781799317472e+00
2.800000000000000000e+02 1.353229483290629143e-01 9.950143994491948973e-01 9.955749511718750000e+00
2.810000000000000000e+02 1.341852616137381993e-01 9.949814679890869318e-01 9.959607696533202770e+00
2.820000000000000000e+02 1.316273764855286632e-01 9.952152315959352791e-01 9.963358688354491122e+00
2.830000000000000000e+02 1.290814793163999330e-01 9.956557979847467932e-01 9.966208648681639914e+00
2.840000000000000000e+02 1.245783026650066072e-01 9.961364559120600148e-01 9.967931747436523438e+00
2.850000000000000000e+02 1.227523623693931865e-01 9.966972355193950417e-01 9.970266723632812855e+00
2.860000000000000000e+02 1.224556804819031952e-01 9.960920609911100287e-01 9.973140907287598722e+00
2.870000000000000000e+02 1.201381610721623389e-01 9.962547417830801555e-01 9.975640487670897727e+00
2.880000000000000000e+02 1.203174238517777384e-01 9.967428942000106096e-01 9.977926635742187855e+00
2.890000000000000000e+02 1.198357184401846048e-01 9.966679344182368672e-01 9.980234527587890980e+00
2.900000000000000000e+02 1.189933500553046475e-01 9.971231793453441128e-01 9.982837677001953125e+00
2.910000000000000000e+02 1.152835118087136151e-01 9.970831396670898350e-01 9.983370971679688566e+00
2.920000000000000000e+02 1.137877353413623699e-01 9.969697933055275962e-01 9.984619903564452059e+00
2.930000000000000000e+02 1.114192577494875075e-01 9.973263856220287993e-01 9.986585807800292258e+00
2.940000000000000000e+02 1.102678476979722516e-01 9.971993376704155754e-01 9.987208557128907316e+00
2.950000000000000000e+02 1.111122253941203980e-01 9.966682446972833231e-01 9.989368820190430043e+00
2.960000000000000000e+02 1.081992514615777029e-01 9.970065536329894007e-01 9.989911651611327770e+00
2.970000000000000000e+02 1.076387192178326624e-01 9.972546810371134551e-01 9.992103958129883168e+00
2.980000000000000000e+02 1.071282126259634065e-01 9.972957441917323917e-01 9.993811607360839844e+00
2.990000000000000000e+02 1.096392942007037158e-01 9.979849924484520685e-01 9.997296905517577770e+00
3.000000000000000000e+02 1.049283705901263436e-01 9.980382080104878151e-01 1.000011367797851669e+01
3.010000000000000000e+02 1.054337611008112352e-01 9.982499573458267772e-01 1.000153083801269460e+01
3.020000000000000000e+02 1.038353172153487214e-01 9.985607314516991018e-01 1.000060291290283132e+01
3.030000000000000000e+02 1.036323671299472088e-01 9.983675740393445075e-01 1.000186691284179474e+01
3.040000000000000000e+02 1.018180046510864523e-01 9.982155018687184356e-01 1.000287380218506073e+01
3.050000000000000000e+02 1.011175186038917179e-01 9.982672876494018688e-01 1.000383777618408310e+01
3.060000000000000000e+02 9.848493066879267233e-02 9.986066997666432909e-01 1.000501403808593892e+01
3.070000000000000000e+02 9.834562697039159196e-02 9.985211178334068016e-01 1.000480976104736364e+01
3.080000000000000000e+02 1.009827992339766833e-01 9.982724897106305395e-01 1.000592079162597692e+01
3.090000000000000000e+02 9.946016137142522917e-02 9.984628645337458863e-01 1.000577259063720881e+01
3.100000000000000000e+02 9.399605894867509026e-02 9.985570557214041854e-01 1.000563964843749964e+01
3.110000000000000000e+02 9.651461576658916519e-02 9.988761084045723049e-01 1.000628376007079900e+01
3.120000000000000000e+02 9.771820581900067526e-02 9.986760496550268762e-01 1.000727882385253764e+01
3.130000000000000000e+02 9.622101333999803774e-02 9.985119102410833225e-01 1.000875568389892578e+01
3.140000000000000000e+02 9.635369375016582250e-02 9.986713581582312704e-01 1.000851154327392578e+01
3.150000000000000000e+02 9.488718147488170440e-02 9.988257391809491903e-01 1.000865077972412109e+01
3.160000000000000000e+02 9.164633431697373489e-02 9.986420465111505163e-01 1.000823574066162180e+01
3.170000000000000000e+02 9.204448091148666189e-02 9.985365125673875131e-01 1.000912799835205114e+01
3.180000000000000000e+02 9.122850362333856378e-02 9.985388109062518502e-01 1.001051445007324148e+01
3.190000000000000000e+02 9.291868549371957997e-02 9.987626360207541021e-01 1.000937671661376882e+01
3.200000000000000000e+02 9.010629816725806984e-02 9.988220607395167372e-01 1.000964775085449254e+01
3.210000000000000000e+02 8.812145457511044722e-02 9.986345645164824703e-01 1.000946769714355433e+01
3.220000000000000000e+02 8.780409484743191550e-02 9.987600913871772512e-01 1.001105957031250071e+01
3.230000000000000000e+02 8.695844671176315710e-02 9.989114456865614278e-01 1.001235389709472834e+01
3.240000000000000000e+02 9.017077878077085773e-02 9.989208791982535640e-01 1.001315879821777344e+01
3.250000000000000000e+02 8.596789127020797172e-02 9.988277339092256346e-01 1.001174564361572372e+01
3.260000000000000000e+02 8.669582464618739992e-02 9.985424200082214652e-01 1.001182079315185547e+01
3.270000000000000000e+02 8.876477837538383764e-02 9.989903617191099316e-01 1.001311492919921875e+01
3.280000000000000000e+02 8.630748758204617732e-02 9.989537326642049520e-01 1.001514472961425639e+01
3.290000000000000000e+02 8.792874709099716968e-02 9.987223743761484140e-01 1.001619262695312429e+01
3.300000000000000000e+02 8.656023323652338453e-02 9.989883620544007803e-01 1.001538867950439560e+01
3.310000000000000000e+02 8.668290868438818797e-02 9.990889998052502330e-01 1.001444377899169957e+01
3.320000000000000000e+02 8.902114367855387678e-02 9.990530694955165325e-01 1.001520881652832173e+01
3.330000000000000000e+02 8.906706031703259807e-02 9.990257532630182347e-01 1.001449470520019602e+01
3.340000000000000000e+02 8.659887589702140731e-02 9.990021100644049801e-01 1.001362171173095739e+01
3.350000000000000000e+02 8.576345503772693502e-02 9.992346865465193684e-01 1.001346302032470703e+01
3.360000000000000000e+02 8.444065915826438895e-02 9.992905078475164959e-01 1.001426582336425852e+01
3.370000000000000000e+02 8.446791550502888435e-02 9.992490318227186252e-01 1.001506061553955185e+01
3.380000000000000000e+02 8.694581419099542408e-02 9.994856405264784804e-01 1.001599979400634766e+01
3.390000000000000000e+02 8.336124197268725278e-02 9.994544637710230939e-01 1.001530971527099645e+01
3.400000000000000000e+02 8.304811610815041045e-02 9.992118565603484992e-01 1.001555976867675746e+01
3.410000000000000000e+02 8.274302981278092162e-02 9.992739234206531318e-01 1.001463966369628977e+01
3.420000000000000000e+02 8.238944609227667748e-02 9.995920388975879645e-01 1.001500682830810618e+01
3.430000000000000000e+02 8.354164408108891160e-02 9.994088986769084082e-01 1.001466178894042969e+01
3.440000000000000000e+02 8.374335472121748059e-02 9.993413756281840366e-01 1.001528873443603551e+01
3.450000000000000000e+02 8.300973497884064911e-02 9.993106738538821698e-01 1.001598091125488210e+01
3.460000000000000000e+02 8.061589095888517520e-02 9.993315288584577738e-01 1.001565780639648295e+01
3.470000000000000000e+02 8.276957811833281220e-02 9.994956723985310987e-01 1.001596755981445419e+01
3.480000000000000000e+02 8.218903118969600463e-02 9.992528865264009852e-01 1.001658859252929545e+01
3.490000000000000000e+02 8.180251562062357262e-02 9.994004917896723850e-01 1.001654357910156179e+01
3.500000000000000000e+02 8.119044474240263987e-02 9.993591159432021476e-01 1.001566772460937571e+01
3.510000000000000000e+02 8.304891763466856758e-02 9.994090320697145424e-01 1.001535797119140625e+01
3.520000000000000000e+02 8.049220932658691929e-02 9.994045658444644653e-01 1.001577072143554581e+01
3.530000000000000000e+02 8.373262411411687423e-02 9.994942418315422294e-01 1.001605377197265767e+01
3.540000000000000000e+02 8.029207389004604234e-02 9.991263068397164826e-01 1.001673355102539098e+01
3.550000000000000000e+02 8.088661644105929471e-02 9.992277111337721784e-01 1.001716251373291122e+01
3.560000000000000000e+02 8.021772462692565442e-02 9.994452487996924317e-01 1.001765270233154226e+01
3.570000000000000000e+02 8.259784078904207349e-02 9.994620738009869498e-01 1.001764793395996200e+01
3.580000000000000000e+02 8.307053985122279938e-02 9.995192629001903306e-01 1.001603679656982315e+01
3.590000000000000000e+02 8.429297569788903044e-02 9.992882805543049640e-01 1.001563358306884766e+01
3.600000000000000000e+02 8.593925797528800814e-02 9.991563206558582433e-01 1.001540679931640732e+01
3.610000000000000000e+02 8.046639913775306685e-02 9.994326109408665504e-01 1.001494884490966797e+01
3.620000000000000000e+02 8.013623042730147472e-02 9.993953574370915138e-01 1.001531772613525462e+01
3.630000000000000000e+02 8.143197069048686842e-02 9.994043126315265146e-01 1.001711158752441477e+01
3.640000000000000000e+02 7.926891717727282960e-02 9.994666177097653037e-01 1.001833763122558629e+01
3.650000000000000000e+02 8.123949223272369791e-02 9.994225803736586089e-01 1.001760883331298757e+01
3.660000000000000000e+02 8.395528772498705994e-02 9.994353321252383848e-01 1.001712875366211009e+01
3.670000000000000000e+02 8.001790275727747870e-02 9.994578908323331623e-01 1.001676483154296982e+01
3.680000000000000000e+02 7.883966664151195736e-02 9.994085034466944073e-01 1.001566295623779190e+01
3.690000000000000000e+02 7.923751929450771614e-02 9.993585844034978960e-01 1.001720256805420028e+01
3.700000000000000000e+02 8.119040921293106672e-02 9.995569690074010971e-01 1.001734676361084020e+01
3.710000000000000000e+02 7.831904967633840364e-02 9.993961647998879094e-01 1.001640987396240234e+01
3.720000000000000000e+02 8.029671519635152299e-02 9.994132220034327441e-01 1.001616172790527237e+01
3.730000000000000000e+02 7.640298315282732788e-02 9.993494337375721237e-01 1.001702556610107209e+01
3.740000000000000000e+02 7.772763758678893908e-02 9.993877144424353487e-01 1.001634979248046875e+01
3.750000000000000000e+02 7.907415447720515800e-02 9.994564460647483717e-01 1.001404170989990128e+01
3.760000000000000000e+02 8.208199671592882052e-02 9.991733453664386477e-01 1.001542282104492188e+01
3.770000000000000000e+02 8.004740206365197619e-02 9.992962961366078645e-01 1.001633167266845703e+01
3.780000000000000000e+02 7.777247927014499518e-02 9.992881911990839638e-01 1.001500473022460902e+01
3.790000000000000000e+02 7.935363741039333507e-02 9.993354963962318704e-01 1.001368160247802841e+01
3.800000000000000000e+02 7.877932159672589030e-02 9.987371821012220874e-01 1.001422863006591690e+01
3.810000000000000000e+02 7.952603719163349461e-02 9.993004259932203315e-01 1.001249275207519496e+01
3.820000000000000000e+02 8.182966529120870580e-02 9.991465661340729332e-01 1.001251277923584126e+01
3.830000000000000000e+02 7.810414700545224853e-02 9.991744035610470309e-01 1.001116752624511719e+01
3.840000000000000000e+02 7.979840891380420020e-02 9.990283305662632785e-01 1.001104698181152308e+01
3.850000000000000000e+02 8.305535792622259494e-02 9.992605156436455971e-01 1.001070270538330043e+01
3.860000000000000000e+02 8.219610244256911336e-02 9.993762714256887447e-01 1.001316585540771342e+01
3.870000000000000000e+02 7.975771611145003603e-02 9.991256043662150033e-01 1.001232471466064489e+01
3.880000000000000000e+02 7.997634545791160177e-02 9.992818861132272135e-01 1.001263275146484411e+01
3.890000000000000000e+02 8.185293585973471564e-02 9.990634296768498013e-01 1.001193103790283168e+01
3.900000000000000000e+02 8.018318095935735024e-02 9.991329477736076159e-01 1.001204986572265554e+01
3.910000000000000000e+02 7.849266209112970571e-02 9.989808718889052752e-01 1.001272983551025320e+01
3.920000000000000000e+02 8.165526761744427986e-02 9.989793753269747834e-01 1.001185665130615199e+01
3.930000000000000000e+02 7.964653429649073968e-02 9.989100753445213643e-01 1.001412296295166016e+01
3.940000000000000000e+02 8.113113769725589786e-02 9.990499232667898744e-01 1.001384868621826207e+01
3.950000000000000000e+02 7.942751633439128212e-02 9.991420605650322972e-01 1.001343669891357280e+01
3.960000000000000000e+02 7.751794282323143381e-02 9.989587368100264486e-01 1.001339797973632884e+01
3.970000000000000000e+02 8.100421634835536233e-02 9.990736107269426736e-01 1.001443290710449041e+01
3.980000000000000000e+02 7.991915610228432498e-02 9.991584444039804946e-01 1.001334152221679474e+01
