0.000000000000000000e+00 2.442079809860661296e-02 2.272370703176014931e-02 5.978086757659912820e+00
1.000000000000000000e+00 3.017415453004361828e-02 2.347091534796219917e-02 6.168766784667968572e+00
2.000000000000000000e+00 3.584191656522894842e-02 2.299067483373108331e-02 6.337966728210449929e+00
3.000000000000000000e+00 4.619151641882563580e-02 2.195217253406885755e-02 6.490940093994140625e+00
4.000000000000000000e+00 5.569041194474625561e-02 2.272189875965974215e-02 6.634313392639160867e+00
5.000000000000000000e+00 6.641192039808646586e-02 2.298577357559702244e-02 6.766053390502930753e+00
6.000000000000000000e+00 7.578065629378510915e-02 2.234462579097114959e-02 6.883500003814697621e+00
7.000000000000000000e+00 8.986652997070146420e-02 2.280581209003523444e-02 6.992800140380859730e+00
8.000000000000000000e+00 1.011337576993074222e-01 2.387478020689219604e-02 7.089713382720947976e+00
9.000000000000000000e+00 1.104770777443400132e-01 2.310388507042446596e-02 7.182586765289306285e+00
1.000000000000000000e+01 1.213425168482180627e-01 2.217676997788381801e-02 7.269620132446288352e+00
1.100000000000000000e+01 1.328716592185923417e-01 2.307595893518928770e-02 7.352593326568602095e+00
1.200000000000000000e+01 1.448586717743154395e-01 2.123346230109339483e-02 7.429066753387452593e+00
1.300000000000000000e+01 1.549655582377900964e-01 2.262527173164012584e-02 7.506693458557128551e+00
1.400000000000000000e+01 1.674935313274236448e-01 2.191321308591812414e-02 7.576906681060791016e+00
1.500000000000000000e+01 1.781245056914175229e-01 2.308623795699148162e-02 7.647226810455323154e+00
1.600000000000000000e+01 1.890357069960205416e-01 2.397412027893072381e-02 7.715526866912841619e+00
1.700000000000000000e+01 2.005619743650010889e-01 2.336608141798141719e-02 7.778753376007080611e+00
1.800000000000000000e+01 2.110833181998827968e-01 2.318621145440659392e-02 7.838266658782959695e+00
1.900000000000000000e+01 2.227320976204611447e-01 2.399052780656238393e-02 7.892300128936767578e+00
2.000000000000000000e+01 2.326076259993607176e-01 2.278403853899807138e-02 7.944793415069579368e+00
2.100000000000000000e+01 2.418954704008276502e-01 2.348060681715576428e-02 7.997340106964110795e+00
2.200000000000000000e+01 2.523356744983293876e-01 2.252951392972123851e-02 8.043493461608886008e+00
2.300000000000000000e+01 2.639081244300275353e-01 2.251120271987045590e-02 8.093386840820311789e+00
2.400000000000000000e+01 2.737541954032132185e-01 2.186202876230897152e-02 8.145700073242187145e+00
2.500000000000000000e+01 2.851469457232967408e-01 2.337400089201545003e-02 8.191933250427245738e+00
2.600000000000000000e+01 2.937740277003496603e-01 2.219509719372008555e-02 8.237266731262206321e+00
2.700000000000000000e+01 3.039521128987168197e-01 2.295611247862476556e-02 8.279406738281249289e+00
2.800000000000000000e+01 3.156493177409416262e-01 2.159880886452931678e-02 8.322386932373046164e+00
2.900000000000000000e+01 3.266223328047843100e-01 2.352324308094426095e-02 8.366673278808592684e+00
3.000000000000000000e+01 3.369029586265509524e-01 2.235557721955913971e-02 8.408893394470215554e+00
3.100000000000000000e+01 3.457000967977073569e-01 2.377065585695295816e-02 8.445866584777832031e+00
3.200000000000000000e+01 3.563986950211335270e-01 2.375377678611901786e-02 8.484973335266113637e+00
3.300000000000000000e+01 3.646868445425266447e-01 2.282967571651972616e-02 8.520100021362305043e+00
3.400000000000000000e+01 3.727221744924875679e-01 2.236233028467690329e-02 8.556726646423340910e+00
3.500000000000000000e+01 3.845637198779142674e-01 2.377697069102262251e-02 8.587340164184569247e+00
3.600000000000000000e+01 3.931778449892103788e-01 2.253894185945990239e-02 8.619666862487793679e+00
3.700000000000000000e+01 4.005337818357437296e-01 2.218304585962760714e-02 8.650713348388672230e+00
3.800000000000000000e+01 4.092990924983588852e-01 2.289294924860962518e-02 8.679006767272948508e+00
3.900000000000000000e+01 4.158693537597787926e-01 2.384030120258747582e-02 8.713613510131835938e+00
4.000000000000000000e+01 4.237756100512987123e-01 2.365143768657086698e-02 8.741520118713378196e+00
4.100000000000000000e+01 4.303856566890075785e-01 2.282398314151055929e-02 8.769806861877441406e+00
4.200000000000000000e+01 4.368530026893103213e-01 2.410246290227168950e-02 8.792879867553711648e+00
4.300000000000000000e+01 4.449160035557243043e-01 2.321409293895927359e-02 8.816320037841796520e+00
4.400000000000000000e+01 4.529449516961174260e-01 2.351321976957515200e-02 8.841773605346679332e+00
4.500000000000000000e+01 4.586306176648777821e-01 2.243465259973853598e-02 8.867726898193359020e+00
4.600000000000000000e+01 4.652742998877287817e-01 2.412477738160244412e-02 8.886853408813477628e+00
4.700000000000000000e+01 4.729348145133085990e-01 2.271299347081911710e-02 8.909606933593750000e+00
4.800000000000000000e+01 4.791538738191666869e-01 2.286941483796996535e-02 8.932620048522949219e+00
4.900000000000000000e+01 4.858996208311832099e-01 2.258493045753467293e-02 8.952620124816894176e+00
5.000000000000000000e+01 4.921658871822102155e-01 2.208374493792063242e-02 8.971960067749023438e+00
5.100000000000000000e+01 4.996238065498646019e-01 2.305019484446509462e-02 8.992720222473144176e+00
5.200000000000000000e+01 5.040884768059405996e-01 2.303228234541924990e-02 9.014186859130859375e+00
5.300000000000000000e+01 5.109326090571338908e-01 2.427948779700348295e-02 9.028146743774414062e+00
5.400000000000000000e+01 5.166634822582283348e-01 2.299913981932223336e-02 9.050733375549317117e+00
5.500000000000000000e+01 5.216385310722361224e-01 2.333598768692611222e-02 9.067873382568359730e+00
5.600000000000000000e+01 5.271389284524584662e-01 2.391046419753961941e-02 9.084473609924316406e+00
5.700000000000000000e+01 5.331516646776087720e-01 2.340246781797110376e-02 9.097440147399902699e+00
5.800000000000000000e+01 5.378204487719960847e-01 2.229201913049315420e-02 9.115493392944335582e+00
5.900000000000000000e+01 5.409143892919673346e-01 2.341009596991950811e-02 9.127686691284180753e+00
6.000000000000000000e+01 5.472301084589412667e-01 2.272688496783836429e-02 9.139553451538086293e+00
6.100000000000000000e+01 5.528756859371387611e-01 2.328969165576912081e-02 9.150386810302734375e+00
6.200000000000000000e+01 5.557977577959459792e-01 2.133949818822180461e-02 9.161986732482910512e+00
6.300000000000000000e+01 5.602268506575546203e-01 2.378714446723918449e-02 9.170233345031737926e+00
6.400000000000000000e+01 5.638853756619426338e-01 2.384323711554974315e-02 9.181066894531250355e+00
6.500000000000000000e+01 5.688880461536112154e-01 2.369921085661928079e-02 9.191926765441893465e+00
6.600000000000000000e+01 5.754745425746702336e-01 2.319612651276339865e-02 9.204279899597167969e+00
6.700000000000000000e+01 5.800151491057186082e-01 2.256287429878478870e-02 9.217586517333984375e+00
6.800000000000000000e+01 5.859527764675579453e-01 2.398792877623132785e-02 9.230393409729003906e+00
6.900000000000000000e+01 5.895594330962613538e-01 2.345169533778602988e-02 9.237286758422850852e+00
7.000000000000000000e+01 5.915092384334174058e-01 2.359227169245740538e-02 9.250120162963867188e+00
7.100000000000000000e+01 5.952794944925041687e-01 2.325344022013053208e-02 9.260193634033203836e+00
7.200000000000000000e+01 5.985901877353801970e-01 2.373252350406485772e-02 9.267746734619141336e+00
7.300000000000000000e+01 6.021427910044609977e-01 2.411788927601863849e-02 9.278433418273925426e+00
7.400000000000000000e+01 6.043633790925719840e-01 2.398210690053436886e-02 9.288973617553711648e+00
7.500000000000000000e+01 6.081467492051988444e-01 2.305679813813885787e-02 9.298033523559571023e+00
7.600000000000000000e+01 6.127749132519322295e-01 2.298999016035728135e-02 9.311760139465333097e+00
7.700000000000000000e+01 6.163268947210275295e-01 2.371676256756314813e-02 9.318760299682617543e+00
7.800000000000000000e+01 6.175690798439708029e-01 2.384798355195142522e-02 9.324633407592772372e+00
7.900000000000000000e+01 6.193359611077974280e-01 2.385229187339124243e-02 9.330546760559082387e+00
8.000000000000000000e+01 6.252780573016039067e-01 2.337069156658587096e-02 9.334426879882812500e+00
8.100000000000000000e+01 6.267148221005838238e-01 2.298907079243688728e-02 9.344300079345703836e+00
8.200000000000000000e+01 6.299187487635907745e-01 2.216463518179973696e-02 9.350233268737792258e+00
8.300000000000000000e+01 6.331264153641342762e-01 2.316458668778155483e-02 9.357366943359375355e+00
8.400000000000000000e+01 6.362768488051865345e-01 2.255001717148261836e-02 9.365480041503905895e+00
8.500000000000000000e+01 6.389825046625406957e-01 2.255474514269021485e-02 9.370433616638184304e+00
8.600000000000000000e+01 6.417244555756356217e-01 2.359281657945824437e-02 9.379640007019043324e+00
8.700000000000000000e+01 6.400732423307401442e-01 2.250459500348180042e-02 9.386400222778320312e+00
8.800000000000000000e+01 6.427772098387908306e-01 2.385548798536238704e-02 9.389366912841795809e+00
8.900000000000000000e+01 6.457767160076848256e-01 2.378723057377028771e-02 9.395780181884765270e+00
9.000000000000000000e+01 6.464142071553189428e-01 2.385499244740102442e-02 9.401686859130858664e+00
9.100000000000000000e+01 6.487136849364004698e-01 2.352407032733942749e-02 9.404866790771484020e+00
9.200000000000000000e+01 6.501779050155261919e-01 2.223031446922479198e-02 9.408240127563477273e+00
9.300000000000000000e+01 6.544099521925529350e-01 2.415934819585079107e-02 9.409726905822752840e+00
9.400000000000000000e+01 6.530518965868183923e-01 2.338726755546270339e-02 9.419293594360350852e+00
9.500000000000000000e+01 6.534916615475309110e-01 2.437760187422682162e-02 9.418913459777831676e+00
9.600000000000000000e+01 6.585375871551774063e-01 2.255659107409407546e-02 9.423100280761717684e+00
9.700000000000000000e+01 6.587114419826854972e-01 2.483299102653564044e-02 9.428306770324706321e+00
9.800000000000000000e+01 6.587807840593101760e-01 2.388403491779365895e-02 9.431380081176758523e+00
9.900000000000000000e+01 6.608856663114717200e-01 2.349536511279377848e-02 9.433220100402831321e+00
1.000000000000000000e+02 6.596739966104011588e-01 2.277280622611952549e-02 9.434466552734374289e+00
1.010000000000000000e+02 6.629729036895593008e-01 2.423318229742181182e-02 9.437266921997069957e+00
1.020000000000000000e+02 6.648363479485931427e-01 2.159942140015595757e-02 9.441113281250000711e+00
1.030000000000000000e+02 6.660279277629341799e-01 2.161565754660889696e-02 9.444053268432616832e+00
1.040000000000000000e+02 6.680534366090994380e-01 2.267140061972855100e-02 9.445420074462889559e+00
1.050000000000000000e+02 6.691351021177307512e-01 2.310685390315825663e-02 9.447333717346191762e+00
1.060000000000000000e+02 6.677936481482111830e-01 2.340683523255096543e-02 9.452840232849121449e+00
1.070000000000000000e+02 6.707327126899790271e-01 2.191044508324416912e-02 9.452126884460449574e+00
1.080000000000000000e+02 6.723812424758284223e-01 2.217618965403505421e-02 9.456313514709473012e+00
1.090000000000000000e+02 6.751505929273313722e-01 2.301232281660465714e-02 9.459127044677734020e+00
1.100000000000000000e+02 6.760614659220189893e-01 2.175998573363900623e-02 9.461973381042479758e+00
1.110000000000000000e+02 6.772825710249943398e-01 2.276538482493157753e-02 9.465193557739256747e+00
1.120000000000000000e+02 6.790329803105570328e-01 2.384824407464511062e-02 9.468813323974609730e+00
1.130000000000000000e+02 6.791243225790308813e-01 2.240275655612267852e-02 9.470666694641112215e+00
1.140000000000000000e+02 6.806114088030335019e-01 2.313530121615827231e-02 9.474746704101562500e+00
1.150000000000000000e+02 6.819957356815935512e-01 2.448332525618085800e-02 9.475840187072753551e+00
1.160000000000000000e+02 6.819650914590447144e-01 2.277507302556709343e-02 9.477099990844726207e+00
1.170000000000000000e+02 6.825884412115504896e-01 2.341513618638838001e-02 9.478046798706055043e+00
1.180000000000000000e+02 6.845100401779793398e-01 2.278178055587437578e-02 9.477013587951660156e+00
1.190000000000000000e+02 6.859720512815707938e-01 2.376643139347860492e-02 9.478520202636719461e+00
1.200000000000000000e+02 6.857017278126729121e-01 2.288091721245538723e-02 9.483933448791503906e+00
1.210000000000000000e+02 6.862168597111359958e-01 2.371680674584876469e-02 9.488526916503905895e+00
1.220000000000000000e+02 6.866612346287023216e-01 2.311678569842574166e-02 9.490806770324706321e+00
1.230000000000000000e+02 6.878400616367396081e-01 2.220770706447040832e-02 9.490826797485350852e+00
1.240000000000000000e+02 6.899048647242247423e-01 2.308940385278503843e-02 9.492740249633788707e+00
1.250000000000000000e+02 6.916302780921363969e-01 2.178297873900780779e-02 9.493146705627442117e+00
1.260000000000000000e+02 6.921244632297146593e-01 2.292792123092481441e-02 9.493226814270018465e+00
1.270000000000000000e+02 6.929797048776961121e-01 2.310860437620633132e-02 9.496479988098144531e+00
1.280000000000000000e+02 6.945288535844270639e-01 2.232421044169351915e-02 9.501746940612793679e+00
1.290000000000000000e+02 6.956410368905541208e-01 2.440055259978682681e-02 9.504853439331053977e+00
1.300000000000000000e+02 6.983300422871864255e-01 2.357581350817601618e-02 9.507486915588378551e+00
1.310000000000000000e+02 6.986078248224627529e-01 2.290786610990398070e-02 9.513460159301757812e+00
1.320000000000000000e+02 7.006270903378933879e-01 2.328884501143149016e-02 9.521006965637207387e+00
1.330000000000000000e+02 6.999807281852630236e-01 2.262130466617016944e-02 9.522419929504394531e+00
1.340000000000000000e+02 7.006062276459577021e-01 2.196123128399816299e-02 9.523053359985350852e+00
1.350000000000000000e+02 6.998122669614125213e-01 2.281399723120563008e-02 9.524740219116210938e+00
1.360000000000000000e+02 6.983631781591955745e-01 2.279173356072863865e-02 9.522606658935547586e+00
1.370000000000000000e+02 6.999891766412110750e-01 2.251105169833821432e-02 9.519253349304198863e+00
1.380000000000000000e+02 7.003875762707102437e-01 2.210715608276966199e-02 9.520766448974608664e+00
1.390000000000000000e+02 7.000010649446204436e-01 2.090529600834902316e-02 9.521586799621582387e+00
1.400000000000000000e+02 7.020178318807317464e-01 2.147839431085242848e-02 9.520506858825683594e+00
1.410000000000000000e+02 7.009720947831685756e-01 2.280423288759859252e-02 9.520499992370606179e+00
1.420000000000000000e+02 7.013706447214056450e-01 2.233608438323320816e-02 9.525140190124512074e+00
1.430000000000000000e+02 7.011439824493784778e-01 2.358246850614311579e-02 9.522126770019532671e+00
1.440000000000000000e+02 7.018238361812281223e-01 2.318606744360389438e-02 9.521566772460937855e+00
1.450000000000000000e+02 7.050979727038740874e-01 2.438764867531337255e-02 9.524246978759766336e+00
1.460000000000000000e+02 7.044495964589054804e-01 2.301828793961338548e-02 9.521873474121093750e+00
1.470000000000000000e+02 7.062789654558367936e-01 2.393291359138058003e-02 9.523826599121093750e+00
1.480000000000000000e+02 7.083233051019282023e-01 2.298561147663702453e-02 9.524233436584474077e+00
1.490000000000000000e+02 7.075815514782380911e-01 2.325789244972075592e-02 9.525253486633300071e+00
1.500000000000000000e+02 7.065652438733083240e-01 2.357582489828347408e-02 9.525440025329590554e+00
1.510000000000000000e+02 7.055727079373190769e-01 2.321037182164765317e-02 9.529546928405761008e+00
1.520000000000000000e+02 7.070994944294534124e-01 2.345364147897129742e-02 9.531133460998534090e+00
1.530000000000000000e+02 7.077629997848441379e-01 2.432001257021093946e-02 9.532940101623534446e+00
1.540000000000000000e+02 7.097731550937806944e-01 2.480723501832276731e-02 9.533426475524901633e+00
1.550000000000000000e+02 7.106529025809807942e-01 2.389718516982065888e-02 9.533593559265137074e+00
1.560000000000000000e+02 7.102050192690033681e-01 2.356532413836726764e-02 9.531566619873046875e+00
1.570000000000000000e+02 7.101953692787957850e-01 2.266694737200351806e-02 9.534666824340821023e+00
1.580000000000000000e+02 7.104306421663539872e-01 2.369851872292253608e-02 9.535220146179199219e+00
1.590000000000000000e+02 7.096622578768830847e-01 2.418425235651324584e-02 9.535286712646485086e+00
1.600000000000000000e+02 7.082138635058270459e-01 2.186704387192504526e-02 9.532000160217286577e+00
1.610000000000000000e+02 7.097597679862889253e-01 2.172736028303450320e-02 9.534986877441406605e+00
1.620000000000000000e+02 7.086354026729115851e-01 2.375495677913869869e-02 9.531033515930175781e+00
1.630000000000000000e+02 7.095850644309699140e-01 2.253239606511605458e-02 9.533673286437988281e+00
1.640000000000000000e+02 7.078732913425340723e-01 2.364940384022876790e-02 9.532366752624511719e+00
1.650000000000000000e+02 7.093412698619244727e-01 2.296119999853233826e-02 9.533220291137695312e+00
1.660000000000000000e+02 7.078808806684939725e-01 2.346339488047731459e-02 9.534793663024903054e+00
1.670000000000000000e+02 7.071242618188229301e-01 2.333400620463082706e-02 9.533900070190430398e+00
1.680000000000000000e+02 7.076601414943933799e-01 2.416799857468830692e-02 9.530746650695800071e+00
1.690000000000000000e+02 7.084381409208458935e-01 2.343806275683183934e-02 9.531580162048339133e+00
1.700000000000000000e+02 7.071215432870746609e-01 2.456889016120184996e-02 9.533386611938476918e+00
1.710000000000000000e+02 7.083429576832407371e-01 2.145332608103239086e-02 9.531813621520996094e+00
1.720000000000000000e+02 7.096444035764215563e-01 2.351762875469013900e-02 9.536553573608397727e+00
1.730000000000000000e+02 7.069618549451248679e-01 2.305222196562843606e-02 9.536933517456054332e+00
1.740000000000000000e+02 7.096008537017605144e-01 2.275717518681147356e-02 9.536626815795898438e+00
1.750000000000000000e+02 7.086438453778131086e-01 2.345540972475798625e-02 9.540000152587889914e+00
1.760000000000000000e+02 7.083291851827722141e-01 2.359599536549983681e-02 9.539493560791015625e+00
1.770000000000000000e+02 7.106797634670984909e-01 2.279193796617335482e-02 9.539659881591797230e+00
1.780000000000000000e+02 7.095461050553232285e-01 2.275239966258680441e-02 9.542233276367188211e+00
1.790000000000000000e+02 7.116379838199891061e-01 2.209982120392045557e-02 9.541953468322754262e+00
1.800000000000000000e+02 7.113903736778495190e-01 2.188917354629811227e-02 9.546933746337892046e+00
1.810000000000000000e+02 7.100119326817802001e-01 2.255774794723943918e-02 9.547240066528319247e+00
1.820000000000000000e+02 7.101652571235929079e-01 2.252810284858985240e-02 9.545806694030760653e+00
1.830000000000000000e+02 7.090530247105361061e-01 2.319692022264380898e-02 9.546273422241210227e+00
1.840000000000000000e+02 7.093968720574885811e-01 2.310031669064518955e-02 9.544646644592285512e+00
1.850000000000000000e+02 7.119464786411972002e-01 2.395820860526164456e-02 9.543166732788085582e+00
1.860000000000000000e+02 7.104094395828411956e-01 2.330508613958817699e-02 9.544693183898925071e+00
1.870000000000000000e+02 7.098412582594706421e-01 2.223385999451637021e-02 9.546339988708496094e+00
1.880000000000000000e+02 7.091722545667651367e-01 2.259014560674786620e-02 9.541940116882322798e+00
1.890000000000000000e+02 7.093963892709173047e-01 2.292206669645564451e-02 9.545066833496093750e+00
1.900000000000000000e+02 7.104558076577359715e-01 2.366063697170665142e-02 9.542633247375487571e+00
1.910000000000000000e+02 7.089402595070312119e-01 2.229184118835509515e-02 9.541540145874023438e+00
1.920000000000000000e+02 7.098768988520968160e-01 2.385037632144176162e-02 9.540500068664551137e+00
1.930000000000000000e+02 7.115963755380775302e-01 2.164628179143363029e-02 9.538300132751464488e+00
1.940000000000000000e+02 7.142754718673928194e-01 2.322481929842358864e-02 9.543420219421387074e+00
1.950000000000000000e+02 7.133121248636307143e-01 2.383535119988572717e-02 9.544480133056641336e+00
1.960000000000000000e+02 7.113458707174173945e-01 2.440162047344627064e-02 9.543519783020018465e+00
1.970000000000000000e+02 7.101423664611630215e-01 2.359427946725376271e-02 9.540346717834472301e+00
1.980000000000000000e+02 7.113592116799744014e-01 2.270460062802660828e-02 9.537293434143066406e+00
1.990000000000000000e+02 7.125901444539053387e-01 2.288171160008777710e-02 9.537273406982421875e+00
2.000000000000000000e+02 6.960439730122620627e-01 2.449915327444622884e-02 5.986300086975096413e+00
2.010000000000000000e+02 6.737463199619142529e-01 2.929011019494903029e-02 6.174806690216063210e+00
2.020000000000000000e+02 6.503273152047251982e-01 3.740544007980121932e-02 6.349020099639892223e+00
2.030000000000000000e+02 6.225001421907212507e-01 4.499160656000452535e-02 6.504433345794677024e+00
2.040000000000000000e+02 5.978752954517252416e-01 5.639690321219590491e-02 6.644653320312500000e+00
2.050000000000000000e+02 5.699250739451884318e-01 6.652487653114411148e-02 6.771800136566163530e+00
2.060000000000000000e+02 5.458184254649260936e-01 7.835351620024263997e-02 6.887920093536376243e+00
2.070000000000000000e+02 5.218378034870569948e-01 8.886460289587709560e-02 6.999520111083983309e+00
2.080000000000000000e+02 4.969256948508762872e-01 1.000989277403080552e-01 7.100766849517821555e+00
2.090000000000000000e+02 4.763088280512079997e-01 1.125008899335805529e-01 7.196280193328858488e+00
2.100000000000000000e+02 4.559975678864320314e-01 1.248725915333492448e-01 7.285273361206054510e+00
2.110000000000000000e+02 4.335913725478822145e-01 1.357655096603086753e-01 7.368466758728026811e+00
2.120000000000000000e+02 4.140474483290607077e-01 1.461817707589753434e-01 7.448266601562499645e+00
2.130000000000000000e+02 3.931322064768781321e-01 1.570384936401430231e-01 7.522766780853271662e+00
2.140000000000000000e+02 3.754891132756574268e-01 1.687196978691397065e-01 7.596433448791504617e+00
2.150000000000000000e+02 3.609956158224726930e-01 1.808265080111260414e-01 7.664500141143799183e+00
2.160000000000000000e+02 3.453951057723668727e-01 1.905283919220365496e-01 7.728246784210203835e+00
2.170000000000000000e+02 3.303062531983459449e-01 2.009291520428868327e-01 7.788046836853027344e+00
2.180000000000000000e+02 3.154783027217338276e-01 2.127987262942434010e-01 7.845100021362304332e+00
2.190000000000000000e+02 3.048874479419378947e-01 2.221437471503385774e-01 7.901306724548339488e+00
2.200000000000000000e+02 2.904866214208117747e-01 2.359279035214429943e-01 7.957713413238525213e+00
2.210000000000000000e+02 2.793386713788501008e-01 2.461547001349144725e-01 8.010046958923339844e+00
2.220000000000000000e+02 2.677973100447809673e-01 2.558934089404191758e-01 8.063840007781982067e+00
2.230000000000000000e+02 2.570444956327282982e-01 2.675139123369308924e-01 8.114173316955566762e+00
2.240000000000000000e+02 2.465002250728015876e-01 2.760369581866222166e-01 8.165393638610840554e+00
2.250000000000000000e+02 2.373586126118142070e-01 2.888343609673877377e-01 8.210686683654785156e+00
2.260000000000000000e+02 2.280560195048940697e-01 2.973246373501175488e-01 8.256140136718750355e+00
2.270000000000000000e+02 2.190428401903280475e-01 3.079392918933579470e-01 8.302733421325683594e+00
2.280000000000000000e+02 2.093165414553064263e-01 3.193541508460151501e-01 8.342846870422363281e+00
2.290000000000000000e+02 2.006155889708222118e-01 3.292140449738482078e-01 8.383326721191405539e+00
2.300000000000000000e+02 1.929052444021027435e-01 3.409886746699142823e-01 8.423413467407225852e+00
2.310000000000000000e+02 1.873908822749945080e-01 3.484456552662321682e-01 8.465733337402344461e+00
2.320000000000000000e+02 1.803423275482158028e-01 3.579325776419933214e-01 8.497460174560547586e+00
2.330000000000000000e+02 1.736716650663464312e-01 3.665779413271914033e-01 8.535726737976075285e+00
2.340000000000000000e+02 1.669845022727271255e-01 3.765385027044454991e-01 8.567253494262695668e+00
2.350000000000000000e+02 1.592622506298947416e-01 3.850276708121134206e-01 8.604000091552734375e+00
2.360000000000000000e+02 1.542855259961830316e-01 3.945880430490286694e-01 8.636406898498535156e+00
2.370000000000000000e+02 1.493022546096925973e-01 4.022006398254331372e-01 8.669780158996582387e+00
2.380000000000000000e+02 1.435504255067053536e-01 4.107695858850341497e-01 8.699706459045410512e+00
2.390000000000000000e+02 1.381074439498107542e-01 4.194381736370186298e-01 8.728826713562012785e+00
2.400000000000000000e+02 1.331418658126616583e-01 4.262555208275484731e-01 8.756920242309568891e+00
2.410000000000000000e+02 1.269422492028061955e-01 4.346165408893137294e-01 8.784639930725097301e+00
2.420000000000000000e+02 1.229617228502149634e-01 4.411219867837485875e-01 8.810613441467285867e+00
2.430000000000000000e+02 1.200660810402293388e-01 4.499292827250291338e-01 8.835079956054688211e+00
2.440000000000000000e+02 1.157329349714431022e-01 4.546518415243193667e-01 8.863280105590821023e+00
2.450000000000000000e+02 1.094272350739246141e-01 4.632349785298117140e-01 8.884966850280761719e+00
2.460000000000000000e+02 1.047586423817263718e-01 4.711024974850346880e-01 8.903940010070801492e+00
2.470000000000000000e+02 1.019546500196981398e-01 4.772797693796552720e-01 8.927860069274901278e+00
2.480000000000000000e+02 9.859659567451561912e-02 4.844840006756192530e-01 8.946579933166503906e+00
2.490000000000000000e+02 9.540659194408271371e-02 4.901256678628683194e-01 8.965426635742186789e+00
2.500000000000000000e+02 9.158960349967845693e-02 4.983121814446705433e-01 8.980293655395508168e+00
2.510000000000000000e+02 8.899403062959643229e-02 5.028034800203077248e-01 9.001039886474609730e+00
2.520000000000000000e+02 8.496330846907049206e-02 5.070513258797555434e-01 9.020513343811035867e+00
2.530000000000000000e+02 8.380005201203066800e-02 5.134782958135439834e-01 9.037473487854004617e+00
2.540000000000000000e+02 8.227616782738829404e-02 5.178616808197583632e-01 9.054073524475096946e+00
2.550000000000000000e+02 7.917156636238144307e-02 5.220996215680638874e-01 9.068486785888671520e+00
2.560000000000000000e+02 7.666801085538421656e-02 5.301747593181432849e-01 9.085533523559568891e+00
2.570000000000000000e+02 7.497115742967974672e-02 5.351794727376903982e-01 9.097620010375976562e+00
2.580000000000000000e+02 7.082875858761121524e-02 5.402992732027875888e-01 9.112573623657226562e+00
2.590000000000000000e+02 6.957080860432178493e-02 5.486180819605281922e-01 9.130160140991211648e+00
2.600000000000000000e+02 6.826578505358719962e-02 5.509754563174971143e-01 9.141833496093751066e+00
2.610000000000000000e+02 6.468418372847535569e-02 5.536600871816708125e-01 9.152420043945312500e+00
2.620000000000000000e+02 6.334992254592437810e-02 5.591609234355323643e-01 9.168306541442870383e+00
2.630000000000000000e+02 6.344607583028735731e-02 5.657861866689385399e-01 9.182206535339355824e+00
2.640000000000000000e+02 6.295015608232816529e-02 5.697263981983883285e-01 9.196093749999999289e+00
2.650000000000000000e+02 5.983656376408588023e-02 5.746879492923581134e-01 9.210580253601074574e+00
2.660000000000000000e+02 5.775434641108532358e-02 5.813613700265117812e-01 9.222560119628905539e+00
2.670000000000000000e+02 5.584769452905634368e-02 5.827365150941812288e-01 9.235560035705566051e+00
2.680000000000000000e+02 5.327161019266367370e-02 5.870493482505029226e-01 9.241080093383789773e+00
2.690000000000000000e+02 5.337873855077801544e-02 5.881061974923298408e-01 9.249006652832029829e+00
2.700000000000000000e+02 5.115253738421440127e-02 5.923221882847743425e-01 9.256307029724121449e+00
2.710000000000000000e+02 5.021224438290510655e-02 5.954537408968468837e-01 9.267726707458496804e+00
2.720000000000000000e+02 4.922908680008400428e-02 5.980999506588996484e-01 9.277466773986816406e+00
2.730000000000000000e+02 4.768550617215264881e-02 6.018174765758601552e-01 9.290433311462400923e+00
2.740000000000000000e+02 4.788251822268757563e-02 6.055092460187564418e-01 9.296026802062989702e+00
2.750000000000000000e+02 4.572829771475223765e-02 6.083985463656947923e-01 9.304213523864746094e+00
2.760000000000000000e+02 4.359570320582999842e-02 6.116228444101784456e-01 9.313926696777343750e+00
2.770000000000000000e+02 4.313510203278896754e-02 6.165998611111264127e-01 9.320000076293945668e+00
2.780000000000000000e+02 4.312795351543881328e-02 6.189200149071090173e-01 9.329853439331055043e+00
2.790000000000000000e+02 4.184242828660883484e-02 6.238114128522697088e-01 9.339246749877929688e+00
2.800000000000000000e+02 4.094444879981767177e-02 6.250444912839945300e-01 9.348193550109861860e+00
2.810000000000000000e+02 4.170312462002626064e-02 6.279784593767993028e-01 9.356533432006836293e+00
2.820000000000000000e+02 4.120106344116927777e-02 6.307093208321393751e-01 9.358946800231933594e+00
2.830000000000000000e+02 3.946865135787227391e-02 6.318790152684699013e-01 9.368206787109375711e+00
2.840000000000000000e+02 3.872446093817631663e-02 6.369124525486002941e-01 9.377266883850097656e+00
2.850000000000000000e+02 3.684789377888449818e-02 6.394472082647101319e-01 9.388379859924315340e+00
2.860000000000000000e+02 3.728728944384411548e-02 6.418619692803922971e-01 9.396366882324219461e+00
2.870000000000000000e+02 3.550498759593687798e-02 6.435811565494917730e-01 9.394073486328125000e+00
2.880000000000000000e+02 3.620668750034375383e-02 6.448076474678664516e-01 9.400673675537108309e+00
2.890000000000000000e+02 3.628161619748573874e-02 6.455899751128255648e-01 9.406513595581055043e+00
2.900000000000000000e+02 3.563615816230521899e-02 6.507604222192304722e-01 9.412633514404296520e+00
2.910000000000000000e+02 3.512385388712285783e-02 6.514642467397260273e-01 9.415200042724610086e+00
2.920000000000000000e+02 3.535863554282923926e-02 6.526149435670149934e-01 9.421686744689941051e+00
2.930000000000000000e+02 3.444601313104935641e-02 6.535186696765491465e-01 9.424366760253906961e+00
2.940000000000000000e+02 3.236704076524669904e-02 6.568545886995107441e-01 9.425700187683105469e+00
2.950000000000000000e+02 3.189314319253349489e-02 6.578224004971165995e-01 9.429353332519530895e+00
2.960000000000000000e+02 3.097376845167937320e-02 6.601846907098286588e-01 9.430886840820312145e+00
2.970000000000000000e+02 3.271469331674771441e-02 6.618244836012029397e-01 9.432326698303223012e+00
2.980000000000000000e+02 3.228921059904375779e-02 6.643943158787545267e-01 9.436640167236326704e+00
2.990000000000000000e+02 3.185200635695091542e-02 6.682717152236097302e-01 9.445280075073242188e+00
3.000000000000000000e+02 3.091314625580050129e-02 6.678595864118753722e-01 9.450133323669433594e+00
3.010000000000000000e+02 2.953389378677140700e-02 6.678510446986495319e-01 9.452186965942383168e+00
3.020000000000000000e+02 3.035924260380384529e-02 6.675165835882462817e-01 9.453293418884276988e+00
3.030000000000000000e+02 3.224646224937964545e-02 6.694175309821340791e-01 9.454360008239746094e+00
3.040000000000000000e+02 2.948133491243211390e-02 6.730029023034839186e-01 9.457673454284666548e+00
3.050000000000000000e+02 3.013812028580039118e-02 6.736615477385295980e-01 9.462693214416503906e+00
3.060000000000000000e+02 3.049199327835766526e-02 6.743820993414507692e-01 9.464226913452147727e+00
3.070000000000000000e+02 2.790703347699599254e-02 6.762009323190477650e-01 9.466753387451172230e+00
3.080000000000000000e+02 2.921524258024836215e-02 6.756993815972947015e-01 9.472286796569823863e+00
3.090000000000000000e+02 2.920187673896034938e-02 6.766085313169480919e-01 9.473033523559569957e+00
3.100000000000000000e+02 2.803735811717811971e-02 6.785120346008632897e-01 9.472600173950196378e+00
3.110000000000000000e+02 2.847142409512893116e-02 6.811643243950679105e-01 9.471733283996581321e+00
3.120000000000000000e+02 2.840910442114567488e-02 6.821951501784416783e-01 9.475373458862303977e+00
3.130000000000000000e+02 2.784777689927953048e-02 6.833351383530631429e-01 9.479940032958984020e+00
3.140000000000000000e+02 2.782490628360616627e-02 6.852202384629563214e-01 9.482719993591308238e+00
3.150000000000000000e+02 2.778216604653553287e-02 6.840422835389771139e-01 9.489340019226073508e+00
3.160000000000000000e+02 2.662453999138241975e-02 6.847364416915940888e-01 9.490700149536133168e+00
3.170000000000000000e+02 2.827224232678389113e-02 6.863188725802605861e-01 9.494159889221190696e+00
3.180000000000000000e+02 2.870414257932305327e-02 6.888684910273829010e-01 9.496320152282715199e+00
3.190000000000000000e+02 2.719239201624910895e-02 6.880745892243074202e-01 9.497720336914062145e+00
3.200000000000000000e+02 2.638974129106885433e-02 6.892714639850914260e-01 9.501493263244627840e+00
3.210000000000000000e+02 2.663415326727128565e-02 6.912242621918329721e-01 9.499640083312989702e+00
3.220000000000000000e+02 2.636654313525890747e-02 6.938274365760950246e-01 9.503439903259277344e+00
3.230000000000000000e+02 2.674907562067328770e-02 6.931313977005461036e-01 9.503066635131835582e+00
3.240000000000000000e+02 2.709430687175741134e-02 6.941465497446258626e-01 9.506159973144532316e+00
3.250000000000000000e+02 2.639846467916066169e-02 6.954696729503808683e-01 9.507693481445311789e+00
3.260000000000000000e+02 2.483032497473160877e-02 6.962008257931772137e-01 9.510086822509766336e+00
3.270000000000000000e+02 2.448521108322219975e-02 6.951524927629214590e-01 9.513326644897459161e+00
3.280000000000000000e+02 2.628249235116946608e-02 6.995305018749974346e-01 9.511626625061035512e+00
3.290000000000000000e+02 2.528770289055164155e-02 6.990875500200590675e-01 9.515546607971192117e+00
3.300000000000000000e+02 2.590499096260104328e-02 6.997988506707281120e-01 9.512766647338867898e+00
3.310000000000000000e+02 2.561329154976660014e-02 7.006524599480256077e-01 9.515813446044921520e+00
3.320000000000000000e+02 2.609139439342134797e-02 7.003462546876249029e-01 9.515786743164062145e+00
3.330000000000000000e+02 2.593961553208616252e-02 7.009528033284220250e-01 9.517366600036620383e+00
3.340000000000000000e+02 2.458484728215103166e-02 7.020848784288684641e-01 9.517259979248047230e+00
3.350000000000000000e+02 2.508063106219565394e-02 7.047312273706076713e-01 9.519346809387206676e+00
3.360000000000000000e+02 2.513826671771554958e-02 7.025255232719280762e-01 9.524993515014648082e+00
3.370000000000000000e+02 2.469220029925245710e-02 7.042368622282852986e-01 9.527946853637693891e+00
3.380000000000000000e+02 2.464431659008180925e-02 7.035736532800979104e-01 9.527486801147460938e+00
3.390000000000000000e+02 2.463708567004348551e-02 7.042873427825635524e-01 9.530186843872069602e+00
3.400000000000000000e+02 2.422421280640597516e-02 7.056120093602982202e-01 9.532573509216309304e+00
3.410000000000000000e+02 2.444596029482501431e-02 7.040713770416505701e-01 9.533660125732421164e+00
3.420000000000000000e+02 2.562086400763364039e-02 7.058272652867958463e-01 9.535446739196776988e+00
3.430000000000000000e+02 2.531569924437901409e-02 7.050270464457834008e-01 9.535339927673339488e+00
3.440000000000000000e+02 2.562083032951419440e-02 7.052745404042891630e-01 9.532740211486816051e+00
3.450000000000000000e+02 2.431395918035192394e-02 7.069218296777193267e-01 9.537926673889160156e+00
3.460000000000000000e+02 2.460664060898584693e-02 7.064444480314255870e-01 9.540053367614746094e+00
3.470000000000000000e+02 2.493993529763871911e-02 7.098762893131869145e-01 9.534800148010253551e+00
3.480000000000000000e+02 2.550266437805452299e-02 7.093375721572235948e-01 9.539566612243653765e+00
3.490000000000000000e+02 2.533955801498033109e-02 7.099134319374186264e-01 9.544886779785155539e+00
3.500000000000000000e+02 2.424076603436101790e-02 7.098443416852199261e-01 9.544080162048340199e+00
3.510000000000000000e+02 2.550130678103921383e-02 7.122245626126788576e-01 9.546713256835936079e+00
3.520000000000000000e+02 2.238636746259219448e-02 7.117883268258285989e-01 9.548486900329589133e+00
3.530000000000000000e+02 2.279393517165144781e-02 7.131094404347573246e-01 9.550860214233399148e+00
3.540000000000000000e+02 2.372879767867699941e-02 7.122145477310720674e-01 9.552480125427246449e+00
3.550000000000000000e+02 2.575443434551925523e-02 7.114508028794246375e-01 9.551326942443846946e+00
3.560000000000000000e+02 2.537535336229754246e-02 7.123978896979692443e-01 9.552086830139160156e+00
3.570000000000000000e+02 2.320453046354736815e-02 7.121006493416849326e-01 9.552273559570313211e+00
3.580000000000000000e+02 2.335480897418433163e-02 7.130859627664155598e-01 9.555826759338378551e+00
3.590000000000000000e+02 2.369888582815065162e-02 7.129921722016030472e-01 9.554519844055176847e+00
3.600000000000000000e+02 2.334985650116059783e-02 7.135802899840117952e-01 9.558906555175781250e+00
3.610000000000000000e+02 2.347722774822301114e-02 7.140357022108577700e-01 9.560000038146972301e+00
3.620000000000000000e+02 2.329436394002758204e-02 7.153596854866778321e-01 9.559786605834961648e+00
3.630000000000000000e+02 2.309820243579211937e-02 7.162974553749424933e-01 9.563646888732911577e+00
3.640000000000000000e+02 2.474139577096363951e-02 7.159579110044912431e-01 9.560113334655762074e+00
3.650000000000000000e+02 2.406822017958654483e-02 7.173127184746954654e-01 9.561426925659180398e+00
3.660000000000000000e+02 2.454554786535620772e-02 7.161491830928301550e-01 9.562753677368164062e+00
3.670000000000000000e+02 2.342800703334487616e-02 7.166314070172470352e-01 9.561740112304688566e+00
3.680000000000000000e+02 2.521117081959317954e-02 7.152498246190748254e-01 9.557573509216307883e+00
3.690000000000000000e+02 2.498543548582286139e-02 7.170996681468059242e-01 9.556340026855469461e+00
3.700000000000000000e+02 2.312225219481423358e-02 7.180035935008680648e-01 9.559540176391600141e+00
3.710000000000000000e+02 2.605618012857483651e-02 7.171896865183186032e-01 9.556233596801757102e+00
3.720000000000000000e+02 2.481562190650138042e-02 7.190077343650522756e-01 9.554546546936034446e+00
3.730000000000000000e+02 2.410876436589742128e-02 7.198340314780501403e-01 9.556500053405761363e+00
3.740000000000000000e+02 2.429228990437555524e-02 7.170069996749131036e-01 9.559186553955077770e+00
3.750000000000000000e+02 2.363712895312642184e-02 7.165959010040013899e-01 9.558413505554199219e+00
3.760000000000000000e+02 2.431808724356791448e-02 7.173237438350338335e-01 9.555266571044921164e+00
3.770000000000000000e+02 2.357259116614994834e-02 7.162738844023709417e-01 9.559006881713866477e+00
3.780000000000000000e+02 2.317486822814852909e-02 7.162368970984579475e-01 9.557393455505371449e+00
3.790000000000000000e+02 2.323435511581706248e-02 7.140718501700548115e-01 9.557153701782226562e+00
3.800000000000000000e+02 2.293735647846755626e-02 7.155241528705110765e-01 9.558946800231934660e+00
3.810000000000000000e+02 2.268937839487841085e-02 7.140015789137950097e-01 9.557973480224609020e+00
3.820000000000000000e+02 2.304352134038089098e-02 7.165952187216743097e-01 9.557526588439941406e+00
3.830000000000000000e+02 2.372015048336439252e-02 7.180499521797757412e-01 9.562273406982422230e+00
3.840000000000000000e+02 2.304679700930299668e-02 7.167330216685230404e-01 9.563746643066407316e+00
3.850000000000000000e+02 2.527596042519015054e-02 7.135751735357956926e-01 9.561580085754394887e+00
3.860000000000000000e+02 2.327480438492691983e-02 7.155045496737889588e-01 9.562159919738768110e+00
3.870000000000000000e+02 2.332427712971801154e-02 7.139845665154006538e-01 9.564439964294432883e+00
3.880000000000000000e+02 2.401761809448555926e-02 7.137505020072715256e-01 9.561313438415528054e+00
3.890000000000000000e+02 2.419872119163523141e-02 7.144570924548440116e-01 9.565286827087403410e+00
3.900000000000000000e+02 2.260022687274140102e-02 7.148132383218698260e-01 9.567013168334961293e+00
3.910000000000000000e+02 2.384040552973362356e-02 7.168633898121380410e-01 9.562746810913086648e+00
3.920000000000000000e+02 2.218357704625710525e-02 7.174357285454002753e-01 9.564186859130858309e+00
3.930000000000000000e+02 2.270806765352254702e-02 7.167245250628226927e-01 9.569126701354981890e+00
3.940000000000000000e+02 2.352557546564720478e-02 7.188299359922837306e-01 9.566893577575683594e+00
3.950000000000000000e+02 2.377070531932133635e-02 7.185172810380978659e-01 9.565906906127930043e+00
3.960000000000000000e+02 2.345782415175524591e-02 7.155399606395177470e-01 9.563400077819823153e+00
3.970000000000000000e+02 2.324302654777146010e-02 7.150424155843609908e-01 9.561486816406249645e+00
3.980000000000000000e+02 2.430303386759063641e-02 7.148910271769103320e-01 9.559233474731446023e+00
