0.000000000000000000e+00 3.304460432226460215e-02 3.003250128865722277e-02 6.085149955749511008e+00
1.000000000000000000e+00 4.068581183238175608e-02 2.996865861101595183e-02 6.300454711914063033e+00
2.000000000000000000e+00 5.077098624127717591e-02 2.997860571782715380e-02 6.485564804077148082e+00
3.000000000000000000e+00 6.425032899849671131e-02 2.863202501810758679e-02 6.655549812316895242e+00
4.000000000000000000e+00 7.617232275057629620e-02 2.853575404582611719e-02 6.810629749298095170e+00
5.000000000000000000e+00 9.050645293288335502e-02 3.016422787174845299e-02 6.953724765777587358e+00
6.000000000000000000e+00 1.046103420104654708e-01 3.022927578403363652e-02 7.079099845886230646e+00
7.000000000000000000e+00 1.187843139313078111e-01 3.049428338921423079e-02 7.196599864959717152e+00
8.000000000000000000e+00 1.321212731232398463e-01 2.955086153780980135e-02 7.305814838409423473e+00
9.000000000000000000e+00 1.476173881041367986e-01 3.107667229605368467e-02 7.403609848022460582e+00
1.000000000000000000e+01 1.607093396077065861e-01 3.005657533442257501e-02 7.498059749603271484e+00
1.100000000000000000e+01 1.745350679874512201e-01 3.076145035896249436e-02 7.583944797515870029e+00
1.200000000000000000e+01 1.880385010959733649e-01 3.034231780813668664e-02 7.665404796600342685e+00
1.300000000000000000e+01 2.040321355409927817e-01 3.100844963215829836e-02 7.747189807891846414e+00
1.400000000000000000e+01 2.172965442450743301e-01 3.128975442446107341e-02 7.825349807739257812e+00
1.500000000000000000e+01 2.304068177114347027e-01 2.858889936372480123e-02 7.898344707489012961e+00
1.600000000000000000e+01 2.423539640073153478e-01 2.857391547477151558e-02 7.963504791259765625e+00
1.700000000000000000e+01 2.588438327977283793e-01 2.953271190837455235e-02 8.027899837493896129e+00
1.800000000000000000e+01 2.694454788787228328e-01 3.122166299111265794e-02 8.092919731140137074e+00
1.900000000000000000e+01 2.829727447625229875e-01 3.034594544394217039e-02 8.151389694213866832e+00
2.000000000000000000e+01 2.976086866527468677e-01 2.958328693245697999e-02 8.207769775390625355e+00
2.100000000000000000e+01 3.077374026321748057e-01 2.879882631229884263e-02 8.262419891357421164e+00
2.200000000000000000e+01 3.206512318485472135e-01 3.083884816355590003e-02 8.315814781188965554e+00
2.300000000000000000e+01 3.323343542309786791e-01 2.983109183929335412e-02 8.367099571228028054e+00
2.400000000000000000e+01 3.450145654701435305e-01 2.939126585682182852e-02 8.413879776000975141e+00
2.500000000000000000e+01 3.579134732065572533e-01 2.978599756520333361e-02 8.463534736633299360e+00
2.600000000000000000e+01 3.648664441931075419e-01 2.942251311322039223e-02 8.509349632263182528e+00
2.700000000000000000e+01 3.787153177282253647e-01 2.903289197117040268e-02 8.551559638977050071e+00
2.800000000000000000e+01 3.898304298990955541e-01 3.014098627551674639e-02 8.595349884033202770e+00
2.900000000000000000e+01 4.025381893579801362e-01 2.992462852343020716e-02 8.634934806823730824e+00
3.000000000000000000e+01 4.124340767759743231e-01 2.842926771750460893e-02 8.676984596252442117e+00
3.100000000000000000e+01 4.236162818387492202e-01 2.934908936301924495e-02 8.714129829406738637e+00
3.200000000000000000e+01 4.351041473649943647e-01 2.917743288143205896e-02 8.753469848632812855e+00
3.300000000000000000e+01 4.435848399427408384e-01 3.050208282869236801e-02 8.791649818420410156e+00
3.400000000000000000e+01 4.562102332266037563e-01 3.230533874868252164e-02 8.827659797668458097e+00
3.500000000000000000e+01 4.639491333410956098e-01 2.916699859113066826e-02 8.862064933776855113e+00
3.600000000000000000e+01 4.748431812390377371e-01 3.139772179511110539e-02 8.893759727478027344e+00
3.700000000000000000e+01 4.825334430038006883e-01 2.963738589182410982e-02 8.926349639892578125e+00
3.800000000000000000e+01 4.925425183675267715e-01 3.103172145837553020e-02 8.952994537353514914e+00
3.900000000000000000e+01 5.015334462619911449e-01 3.036151076120365347e-02 8.981365013122559304e+00
4.000000000000000000e+01 5.086084111911652883e-01 3.230516492762263575e-02 9.008139610290527344e+00
4.100000000000000000e+01 5.187150528792113802e-01 3.120910753406921229e-02 9.035209846496581321e+00
4.200000000000000000e+01 5.265256931378496930e-01 3.001227530235229743e-02 9.063204765319824219e+00
4.300000000000000000e+01 5.320085401580173512e-01 2.924312435597922755e-02 9.089464569091795454e+00
4.400000000000000000e+01 5.401194735261976021e-01 3.023017640947317855e-02 9.111779785156249645e+00
4.500000000000000000e+01 5.490226820644352745e-01 2.929530127946440923e-02 9.132549858093263140e+00
4.600000000000000000e+01 5.583572025512738568e-01 3.030477232778091071e-02 9.158529853820802202e+00
4.700000000000000000e+01 5.620489347624144649e-01 3.100412022866081557e-02 9.178909683227539418e+00
4.800000000000000000e+01 5.692979392002240902e-01 2.991329260037724203e-02 9.197239685058592684e+00
4.900000000000000000e+01 5.766704528474971836e-01 3.007251039256667383e-02 9.216254615783691762e+00
5.000000000000000000e+01 5.844683182944140354e-01 3.070061469905611268e-02 9.237679862976072798e+00
5.100000000000000000e+01 5.911934240127887374e-01 3.064024470297420713e-02 9.260634803771973012e+00
5.200000000000000000e+01 5.977845538210465604e-01 3.012362509480710077e-02 9.278994560241699219e+00
5.300000000000000000e+01 6.062973765545436322e-01 3.016880623283709970e-02 9.296939849853515625e+00
5.400000000000000000e+01 6.108031981901937968e-01 3.072803340853209192e-02 9.314414596557616832e+00
5.500000000000000000e+01 6.157530810575078117e-01 3.276637144978649524e-02 9.329314804077148082e+00
5.600000000000000000e+01 6.223265037889563756e-01 3.002093291802497912e-02 9.345074653625488281e+00
5.700000000000000000e+01 6.276025673012954886e-01 2.969809241834148184e-02 9.361414909362792969e+00
5.800000000000000000e+01 6.337696106897969806e-01 3.013842431328796201e-02 9.377474784851074219e+00
5.900000000000000000e+01 6.409178776945704259e-01 3.096727527169053709e-02 9.392049789428710938e+00
6.000000000000000000e+01 6.463645020948488584e-01 2.939962792034546760e-02 9.407299804687500711e+00
6.100000000000000000e+01 6.493840293408275066e-01 3.095836652506331332e-02 9.416484832763671875e+00
6.200000000000000000e+01 6.547919187588474577e-01 2.970229031251670274e-02 9.426144790649415128e+00
6.300000000000000000e+01 6.594160883198564305e-01 2.973484792119768585e-02 9.439384841918945668e+00
6.400000000000000000e+01 6.660527663141011523e-01 2.938841860524247368e-02 9.452560043334962359e+00
6.500000000000000000e+01 6.688664728727851116e-01 3.027779580065028883e-02 9.463334655761718395e+00
6.600000000000000000e+01 6.752754513241390200e-01 2.956146966591541997e-02 9.473079681396484375e+00
6.700000000000000000e+01 6.795785522091045694e-01 2.941901571096187593e-02 9.486429786682128551e+00
6.800000000000000000e+01 6.867259755848221792e-01 3.023520318008656241e-02 9.498089790344238281e+00
6.900000000000000000e+01 6.906093553329184509e-01 3.109020450788644446e-02 9.505724525451659801e+00
7.000000000000000000e+01 6.952351859543396406e-01 3.089986537626900412e-02 9.515584945678710938e+00
7.100000000000000000e+01 6.992419400167649846e-01 3.074996885080507475e-02 9.524944877624511363e+00
7.200000000000000000e+01 7.017008889271364458e-01 2.988093375014404252e-02 9.534649848937988281e+00
7.300000000000000000e+01 7.032509568878130279e-01 2.876839276812279481e-02 9.541509819030761008e+00
7.400000000000000000e+01 7.081633167336880419e-01 3.031947496617112131e-02 9.551799774169921875e+00
7.500000000000000000e+01 7.112754322887790970e-01 2.920433904861994071e-02 9.558794784545897372e+00
7.600000000000000000e+01 7.174076294253755037e-01 3.051700478516265053e-02 9.565734863281250000e+00
7.700000000000000000e+01 7.170283861643398371e-01 2.986543064819895121e-02 9.577439689636230824e+00
7.800000000000000000e+01 7.206709170160330302e-01 2.812613362203216991e-02 9.586759757995606535e+00
7.900000000000000000e+01 7.241367515089224272e-01 3.057273267252813218e-02 9.596149826049805043e+00
8.000000000000000000e+01 7.266848800394317687e-01 3.080198062121033628e-02 9.602884483337401633e+00
8.100000000000000000e+01 7.304084029288482327e-01 3.052682699548431300e-02 9.610254859924316051e+00
8.200000000000000000e+01 7.313039988433630567e-01 2.983214783860027239e-02 9.618579864501953125e+00
8.300000000000000000e+01 7.347206038371774106e-01 2.826052254867296096e-02 9.623829841613769531e+00
8.400000000000000000e+01 7.374827641610666173e-01 3.097782139397773499e-02 9.632289695739746804e+00
8.500000000000000000e+01 7.388866251338249702e-01 2.933987110220769370e-02 9.640304756164550071e+00
8.600000000000000000e+01 7.418553498689161030e-01 3.192141525274131558e-02 9.642744827270506747e+00
8.700000000000000000e+01 7.439531418737975743e-01 2.986144152691733861e-02 9.650949668884276633e+00
8.800000000000000000e+01 7.464588570887543684e-01 2.935213037638181172e-02 9.656109619140625711e+00
8.900000000000000000e+01 7.492152918729925171e-01 3.098015977569798171e-02 9.663279724121093039e+00
9.000000000000000000e+01 7.497310150839351373e-01 3.002510535576388001e-02 9.671735000610350852e+00
9.100000000000000000e+01 7.516310248272428662e-01 2.942529061475614161e-02 9.673934555053710582e+00
9.200000000000000000e+01 7.525288950385963238e-01 3.028793764186329257e-02 9.678934860229491122e+00
9.300000000000000000e+01 7.557942324585824601e-01 3.103976817368830909e-02 9.682734680175782316e+00
9.400000000000000000e+01 7.562395017337651959e-01 2.972311518899928631e-02 9.686524963378905895e+00
9.500000000000000000e+01 7.580609333651613380e-01 3.024313913801092435e-02 9.691834449768066406e+00
9.600000000000000000e+01 7.602287322458574081e-01 2.866029632395441368e-02 9.691349792480469461e+00
9.700000000000000000e+01 7.621963939338635141e-01 3.022761211558580227e-02 9.692869949340819247e+00
9.800000000000000000e+01 7.618213436799180505e-01 3.236567916603730333e-02 9.694024848937988992e+00
9.900000000000000000e+01 7.630004857927729089e-01 3.093031003885830452e-02 9.694784736633300426e+00
1.000000000000000000e+02 7.658145970894606469e-01 3.213888171727882076e-02 9.696374893188476562e+00
1.010000000000000000e+02 7.663437810249222881e-01 3.161897690780010595e-02 9.700259780883790484e+00
1.020000000000000000e+02 7.682417784422841400e-01 2.898975151489874627e-02 9.704969596862792258e+00
1.030000000000000000e+02 7.681744080115406881e-01 3.051450146433020219e-02 9.707479667663573508e+00
1.040000000000000000e+02 7.708061823204116481e-01 2.940828202692009549e-02 9.706494522094725852e+00
1.050000000000000000e+02 7.729736013909898062e-01 2.972027734838589633e-02 9.708514595031738637e+00
1.060000000000000000e+02 7.746313487975063916e-01 3.101916889783158313e-02 9.708779716491697798e+00
1.070000000000000000e+02 7.753682057844988318e-01 3.185817865463670684e-02 9.711749839782715554e+00
1.080000000000000000e+02 7.757884595877461154e-01 3.044429564323125614e-02 9.714039802551269531e+00
1.090000000000000000e+02 7.782515686190673021e-01 2.879348631975152742e-02 9.715724945068359375e+00
1.100000000000000000e+02 7.771495144659644749e-01 3.133128660596577048e-02 9.716984939575194602e+00
1.110000000000000000e+02 7.806301198725771329e-01 2.987929635046582266e-02 9.717229843139648438e+00
1.120000000000000000e+02 7.820262314340403753e-01 2.919096974962259033e-02 9.719424819946288707e+00
1.130000000000000000e+02 7.829024164077053038e-01 3.127006715714011897e-02 9.721104621887207031e+00
1.140000000000000000e+02 7.852016189334639629e-01 2.896664965611648809e-02 9.724809646606445312e+00
1.150000000000000000e+02 7.866104567693213978e-01 3.130150982521167496e-02 9.728699874877928977e+00
1.160000000000000000e+02 7.881430240559144096e-01 2.993480180063987431e-02 9.733029747009277699e+00
1.170000000000000000e+02 7.888914678115201973e-01 3.085775576217169441e-02 9.737890052795410867e+00
1.180000000000000000e+02 7.897855114202904092e-01 2.848618732338922821e-02 9.739884757995605824e+00
1.190000000000000000e+02 7.913716205533330994e-01 2.917086594004221489e-02 9.743854713439942472e+00
1.200000000000000000e+02 7.899361522834469351e-01 2.985617934863719555e-02 9.743354797363281250e+00
1.210000000000000000e+02 7.910635870073889908e-01 3.022427549484293929e-02 9.748474693298339488e+00
1.220000000000000000e+02 7.908819044007089349e-01 3.064225293076029005e-02 9.748919677734374289e+00
1.230000000000000000e+02 7.913986368476613187e-01 3.073533918745153040e-02 9.750554656982421520e+00
1.240000000000000000e+02 7.932920708610633476e-01 2.952061620859736113e-02 9.752529525756836293e+00
1.250000000000000000e+02 7.953990598664802958e-01 2.871033170181664512e-02 9.756744766235351918e+00
1.260000000000000000e+02 7.952198990398730016e-01 2.892479741341462754e-02 9.757229614257813211e+00
1.270000000000000000e+02 7.961568042165809711e-01 3.122908264864985087e-02 9.759854888916017046e+00
1.280000000000000000e+02 7.970591498268920772e-01 3.030357782980492437e-02 9.760859680175780539e+00
1.290000000000000000e+02 7.954793612320033569e-01 3.013336301640231335e-02 9.760024833679198153e+00
1.300000000000000000e+02 7.952558846877504362e-01 2.996262700924717109e-02 9.759454917907714133e+00
1.310000000000000000e+02 7.974354364819944418e-01 3.020624774358351278e-02 9.760854911804198508e+00
1.320000000000000000e+02 7.977850604839933357e-01 2.861510947703857152e-02 9.762109565734862215e+00
1.330000000000000000e+02 7.985554060959718647e-01 2.889539873309815432e-02 9.761214828491210582e+00
1.340000000000000000e+02 7.988100348420682506e-01 2.867601239946510061e-02 9.759359741210937855e+00
1.350000000000000000e+02 8.016032876958821829e-01 3.031434967374870004e-02 9.759284782409666903e+00
1.360000000000000000e+02 8.007935650758172264e-01 3.061659282415747640e-02 9.766824913024901633e+00
1.370000000000000000e+02 8.019766592544669281e-01 3.056622373330650927e-02 9.766379737854004262e+00
1.380000000000000000e+02 8.014757397988580001e-01 3.141244477953986092e-02 9.766314888000488637e+00
1.390000000000000000e+02 8.017762256090072981e-01 2.992628480190944254e-02 9.764939880371093395e+00
1.400000000000000000e+02 8.017605649213279673e-01 2.972230708179364467e-02 9.766709709167479048e+00
1.410000000000000000e+02 8.018462516382149907e-01 3.049751007971086836e-02 9.766829872131348012e+00
1.420000000000000000e+02 8.036616295337863924e-01 2.870442118309705568e-02 9.767404747009278410e+00
1.430000000000000000e+02 8.028120120531164750e-01 3.048817692776282368e-02 9.766444778442382457e+00
1.440000000000000000e+02 8.026330534682691864e-01 3.044071996044052375e-02 9.769229698181151278e+00
1.450000000000000000e+02 8.026160476190511428e-01 3.077047249090747449e-02 9.770819664001464844e+00
1.460000000000000000e+02 8.036795620345934532e-01 3.197802224936256710e-02 9.773289871215819602e+00
1.470000000000000000e+02 8.036242980056200746e-01 2.842591826065818048e-02 9.772589492797852273e+00
1.480000000000000000e+02 8.042744025793445717e-01 3.027455577252606209e-02 9.774869728088379617e+00
1.490000000000000000e+02 8.057439362269168681e-01 3.176528132572323249e-02 9.778004646301269531e+00
1.500000000000000000e+02 8.041259035502144048e-01 3.006428702712128989e-02 9.778724670410156250e+00
1.510000000000000000e+02 8.061690393994539461e-01 3.100260641525686908e-02 9.778754806518554332e+00
1.520000000000000000e+02 8.068773224166539970e-01 3.075973778177931370e-02 9.779939651489257812e+00
1.530000000000000000e+02 8.068115729734990360e-01 3.147102271316004618e-02 9.780849647521971946e+00
1.540000000000000000e+02 8.087657900715575776e-01 3.091999986906868864e-02 9.780089569091796164e+00
1.550000000000000000e+02 8.067944640732700456e-01 2.824518245221424584e-02 9.783099555969238637e+00
1.560000000000000000e+02 8.073196208519790584e-01 3.064048782753358777e-02 9.779640007019043679e+00
1.570000000000000000e+02 8.066210559967231797e-01 3.164324268252527439e-02 9.781904792785644176e+00
1.580000000000000000e+02 8.085038197483498390e-01 2.917458168316559158e-02 9.782199859619140625e+00
1.590000000000000000e+02 8.079058126842884047e-01 2.958098012967043042e-02 9.781514549255371449e+00
1.600000000000000000e+02 8.085310711540573125e-01 3.066681616545724465e-02 9.781224822998046520e+00
1.610000000000000000e+02 8.086650720812275095e-01 3.019421065108004662e-02 9.782164764404296164e+00
1.620000000000000000e+02 8.097038144189231401e-01 3.032200820677233982e-02 9.785644721984864347e+00
1.630000000000000000e+02 8.082830217178220700e-01 2.979408189229511283e-02 9.785689735412598012e+00
1.640000000000000000e+02 8.101223182961099223e-01 2.915208041483594026e-02 9.790134620666503196e+00
1.650000000000000000e+02 8.091351808284925617e-01 3.026965922867232497e-02 9.791569709777832031e+00
1.660000000000000000e+02 8.088747925389547788e-01 2.927605169050726680e-02 9.790984725952148082e+00
1.670000000000000000e+02 8.087070439077195250e-01 3.177464218534134521e-02 9.788334465026856890e+00
1.680000000000000000e+02 8.095014927475420174e-01 2.994574831868768161e-02 9.787114715576171520e+00
1.690000000000000000e+02 8.080888257463407776e-01 3.053222594675669352e-02 9.790589714050293324e+00
1.700000000000000000e+02 8.083397923352158010e-01 3.134016894451057550e-02 9.785979652404785512e+00
1.710000000000000000e+02 8.101667398349003957e-01 3.087844715018855588e-02 9.787494850158690696e+00
1.720000000000000000e+02 8.074549439607218160e-01 2.931262855434366155e-02 9.787694740295410867e+00
1.730000000000000000e+02 8.071565697980115361e-01 2.895947683564609187e-02 9.788364982604980113e+00
1.740000000000000000e+02 8.088073948851552952e-01 3.075076867281487797e-02 9.788564682006835938e+00
1.750000000000000000e+02 8.084838819283901579e-01 3.119351424336206172e-02 9.789734649658203836e+00
1.760000000000000000e+02 8.095696654176851581e-01 3.014693969636834600e-02 9.790869712829589844e+00
1.770000000000000000e+02 8.105227441595438398e-01 3.135438656131787211e-02 9.789194679260253551e+00
1.780000000000000000e+02 8.124426519872455232e-01 3.011741210824185958e-02 9.788194847106934660e+00
1.790000000000000000e+02 8.109485166995551442e-01 2.984017320494570386e-02 9.788639831542969461e+00
1.800000000000000000e+02 8.100041945933582621e-01 2.998874577075190742e-02 9.785734558105469105e+00
1.810000000000000000e+02 8.107217612471001589e-01 2.964569883590981170e-02 9.782509803771972656e+00
1.820000000000000000e+02 8.095397906193299020e-01 2.990132260122298560e-02 9.781734657287596946e+00
1.830000000000000000e+02 8.091697986144128496e-01 3.130601005155282668e-02 9.781144714355468395e+00
1.840000000000000000e+02 8.101215541361883599e-01 3.082703556922072527e-02 9.781459617614745028e+00
1.850000000000000000e+02 8.091279955716537131e-01 3.078056858061614665e-02 9.781524658203125000e+00
1.860000000000000000e+02 8.078571297100506365e-01 3.046190048046018214e-02 9.782399749755859020e+00
1.870000000000000000e+02 8.087978360761164387e-01 3.062234652666662518e-02 9.785204887390136719e+00
1.880000000000000000e+02 8.082126128409016230e-01 2.833160307994438479e-02 9.784594535827636719e+00
1.890000000000000000e+02 8.053350932176879251e-01 3.035735991599961686e-02 9.784359931945800781e+00
1.900000000000000000e+02 8.068118694625762144e-01 3.097899708947060571e-02 9.787284851074218750e+00
1.910000000000000000e+02 8.084876841406249959e-01 3.080862153658626632e-02 9.787649726867675426e+00
1.920000000000000000e+02 8.071164643539593397e-01 3.029410450742512848e-02 9.789659690856932883e+00
1.930000000000000000e+02 8.088148989942371969e-01 3.140723996885987079e-02 9.787294769287109730e+00
1.940000000000000000e+02 8.078780233804665478e-01 3.011261947777217618e-02 9.788604927062987571e+00
1.950000000000000000e+02 8.080167302082322811e-01 2.886518530796353121e-02 9.788764762878418679e+00
1.960000000000000000e+02 8.064138235436939528e-01 3.138415265546736638e-02 9.789904975891113637e+00
1.970000000000000000e+02 8.054555706470970522e-01 3.041192484523323053e-02 9.787969779968261008e+00
1.980000000000000000e+02 8.058519854693305673e-01 2.891831044180285040e-02 9.782514572143554688e+00
1.990000000000000000e+02 8.057884057403318367e-01 3.066616431147701702e-02 9.782134819030762429e+00
2.000000000000000000e+02 7.913437147426271023e-01 3.189980253328869586e-02 6.048479843139648260e+00
2.010000000000000000e+02 7.703790820143132656e-01 4.062631976337734152e-02 6.260679912567138850e+00
2.020000000000000000e+02 7.444157098155429475e-01 5.118702270302863400e-02 6.448819732666015270e+00
2.030000000000000000e+02 7.139983119848731796e-01 6.407550020813632119e-02 6.617599773406982244e+00
2.040000000000000000e+02 6.873681633324175699e-01 7.796526108885734607e-02 6.775209808349609730e+00
2.050000000000000000e+02 6.592467182691164052e-01 8.980176233776905603e-02 6.911574745178223012e+00
2.060000000000000000e+02 6.293391437517370512e-01 1.056800466768309105e-01 7.038539791107178090e+00
2.070000000000000000e+02 6.007813507245189921e-01 1.206227710864935521e-01 7.153239917755128019e+00
2.080000000000000000e+02 5.757481718422249317e-01 1.362214603838022564e-01 7.257039737701416193e+00
2.090000000000000000e+02 5.500554867776628054e-01 1.508069175351758884e-01 7.357444763183593750e+00
2.100000000000000000e+02 5.261594375748233077e-01 1.630300857302648676e-01 7.448639678955077947e+00
2.110000000000000000e+02 5.031851364929275094e-01 1.761440637406657683e-01 7.537569713592529475e+00
2.120000000000000000e+02 4.820951808323054033e-01 1.909850267683081970e-01 7.618409824371338068e+00
2.130000000000000000e+02 4.599471206728333317e-01 2.064798498731112986e-01 7.700944805145264027e+00
2.140000000000000000e+02 4.399800629092481263e-01 2.177865337748082775e-01 7.775354862213134766e+00
2.150000000000000000e+02 4.230384948840197890e-01 2.313569527410404836e-01 7.844279766082763672e+00
2.160000000000000000e+02 4.075237246577991801e-01 2.441583022102002953e-01 7.910504817962646484e+00
2.170000000000000000e+02 3.910418850493737053e-01 2.573496935116395545e-01 7.970179748535155539e+00
2.180000000000000000e+02 3.719352522756165791e-01 2.723537883385432901e-01 8.036649703979492188e+00
2.190000000000000000e+02 3.573729813190900106e-01 2.854281669692395051e-01 8.096524620056150923e+00
2.200000000000000000e+02 3.420952177376268000e-01 2.980621678638563643e-01 8.155774688720702770e+00
2.210000000000000000e+02 3.278807405105182982e-01 3.096583292309222357e-01 8.216679954528808949e+00
2.220000000000000000e+02 3.126948674763841418e-01 3.257117003595287885e-01 8.269225120544435370e+00
2.230000000000000000e+02 3.005352394725352427e-01 3.376270736130060346e-01 8.327084732055665128e+00
2.240000000000000000e+02 2.878950899060634949e-01 3.496241881965675979e-01 8.374654769897460938e+00
2.250000000000000000e+02 2.775658346908477236e-01 3.603579973014111593e-01 8.421369743347167258e+00
2.260000000000000000e+02 2.657300812640571719e-01 3.731189779343471180e-01 8.467009544372558594e+00
2.270000000000000000e+02 2.542954982666260633e-01 3.856682572277144172e-01 8.512014579772948508e+00
2.280000000000000000e+02 2.454676397836584589e-01 3.987534812346415491e-01 8.556909942626953480e+00
2.290000000000000000e+02 2.362923105722417871e-01 4.074400560171846375e-01 8.597774887084961293e+00
2.300000000000000000e+02 2.279838787809885803e-01 4.202648407791126361e-01 8.635214805603027344e+00
2.310000000000000000e+02 2.187822826307475599e-01 4.296227385008312694e-01 8.674309730529785156e+00
2.320000000000000000e+02 2.103828924259338595e-01 4.397885205246275242e-01 8.710094833374023793e+00
2.330000000000000000e+02 2.016637593797113437e-01 4.503023941465978397e-01 8.743279838562012074e+00
2.340000000000000000e+02 1.918218669365112650e-01 4.615403568045906568e-01 8.780299758911134234e+00
2.350000000000000000e+02 1.857247731842552596e-01 4.689657318018781162e-01 8.811899757385253551e+00
2.360000000000000000e+02 1.790615855933970768e-01 4.794081823378992246e-01 8.841054534912109020e+00
2.370000000000000000e+02 1.727383542666800220e-01 4.893174275431304565e-01 8.873769950866700285e+00
2.380000000000000000e+02 1.672154500363642882e-01 4.985242572562751939e-01 8.902869606018066762e+00
2.390000000000000000e+02 1.611851536084239755e-01 5.090364846538192323e-01 8.935009765624998934e+00
2.400000000000000000e+02 1.534703091699468336e-01 5.190583729901766530e-01 8.966829872131347301e+00
2.410000000000000000e+02 1.484771703503122153e-01 5.295752569886450489e-01 8.996944808959961293e+00
2.420000000000000000e+02 1.450992296977076934e-01 5.351269514008186734e-01 9.021314811706542258e+00
2.430000000000000000e+02 1.391411131305062832e-01 5.426324296803954894e-01 9.042139816284178622e+00
2.440000000000000000e+02 1.357719591375075863e-01 5.527535253965597528e-01 9.064649963378906605e+00
2.450000000000000000e+02 1.315665960749579366e-01 5.609736535287892512e-01 9.087374687194824219e+00
2.460000000000000000e+02 1.284019691873330982e-01 5.688695744820918554e-01 9.110339927673340554e+00
2.470000000000000000e+02 1.228860543538413536e-01 5.729286753526618980e-01 9.131559944152831676e+00
2.480000000000000000e+02 1.193022821266038341e-01 5.815645420667275856e-01 9.151514625549316051e+00
2.490000000000000000e+02 1.163326479426706056e-01 5.865657370871736331e-01 9.171869659423828480e+00
2.500000000000000000e+02 1.116008477013605837e-01 5.946928263596961139e-01 9.190299797058104403e+00
2.510000000000000000e+02 1.082907562413039093e-01 6.005704536466340837e-01 9.208149719238280184e+00
2.520000000000000000e+02 1.041346394601644493e-01 6.100495911110999092e-01 9.225364685058593750e+00
2.530000000000000000e+02 1.000275968669594173e-01 6.162502412280296271e-01 9.245379829406738637e+00
2.540000000000000000e+02 9.829193959610693643e-02 6.219764854021513356e-01 9.262044715881348367e+00
2.550000000000000000e+02 9.433279648715263421e-02 6.260007601306593061e-01 9.276814842224121449e+00
2.560000000000000000e+02 9.220132373498021727e-02 6.327645973592269657e-01 9.292514801025390625e+00
2.570000000000000000e+02 9.007637858297484756e-02 6.372830915560222520e-01 9.307134628295898438e+00
2.580000000000000000e+02 8.839070342684741954e-02 6.431272578673360441e-01 9.321109962463378196e+00
2.590000000000000000e+02 8.697748732269068583e-02 6.470196068275586576e-01 9.333864784240722301e+00
2.600000000000000000e+02 8.408728197438007645e-02 6.525866517201682759e-01 9.346059989929200285e+00
2.610000000000000000e+02 7.999592102750602285e-02 6.583101474834606170e-01 9.359854698181152344e+00
2.620000000000000000e+02 7.940815613387253169e-02 6.650012312400733760e-01 9.372974777221680043e+00
2.630000000000000000e+02 7.595699451658682877e-02 6.685188744166936647e-01 9.387344551086426847e+00
2.640000000000000000e+02 7.265286422342565054e-02 6.706768867773890141e-01 9.399539756774901278e+00
2.650000000000000000e+02 7.086092191493660597e-02 6.758026583281044886e-01 9.409039688110350852e+00
2.660000000000000000e+02 7.053362671026229547e-02 6.801737032742977140e-01 9.419349861145020597e+00
2.670000000000000000e+02 6.935542664886240605e-02 6.852814410468766049e-01 9.427759742736816051e+00
2.680000000000000000e+02 6.738313905391411784e-02 6.901960658678364391e-01 9.434359931945801137e+00
2.690000000000000000e+02 6.613800185806201215e-02 6.957931448282803633e-01 9.445439910888673296e+00
2.700000000000000000e+02 6.646395578396938064e-02 6.989502653334426219e-01 9.457934761047363637e+00
2.710000000000000000e+02 6.267831377345951804e-02 7.028166792266584695e-01 9.468154716491698153e+00
2.720000000000000000e+02 6.158109584667145753e-02 7.069226438753459796e-01 9.476849555969238281e+00
2.730000000000000000e+02 6.199373808784963691e-02 7.119971980736112815e-01 9.481109809875489347e+00
2.740000000000000000e+02 6.084479904300593017e-02 7.123582325807779059e-01 9.487454605102538352e+00
2.750000000000000000e+02 5.899182863172130337e-02 7.181543917060422277e-01 9.494764709472656605e+00
2.760000000000000000e+02 5.666500768435714375e-02 7.218634888032530172e-01 9.503184700012207387e+00
2.770000000000000000e+02 5.793240382577036912e-02 7.262988960596642452e-01 9.515089607238770952e+00
2.780000000000000000e+02 5.518365512991359884e-02 7.282935841971376334e-01 9.522534751892088423e+00
2.790000000000000000e+02 5.345436289593005069e-02 7.317155994427592125e-01 9.532564544677734730e+00
2.800000000000000000e+02 5.253121603423731995e-02 7.353646507722992887e-01 9.541669654846192117e+00
2.810000000000000000e+02 5.124811095866687455e-02 7.364985948925262260e-01 9.546829795837401988e+00
2.820000000000000000e+02 5.055629086762866015e-02 7.392821660068088496e-01 9.551374816894531605e+00
2.830000000000000000e+02 4.996245712171562547e-02 7.402046078885196057e-01 9.558019828796386008e+00
2.840000000000000000e+02 5.002206018026168766e-02 7.435579765905172556e-01 9.566849708557128906e+00
2.850000000000000000e+02 4.897894453673666548e-02 7.448200822226429541e-01 9.571764564514159801e+00
2.860000000000000000e+02 4.864671213418272216e-02 7.466216803919789591e-01 9.575634765625000711e+00
2.870000000000000000e+02 4.817863456103745057e-02 7.503594612725924540e-01 9.581574821472168324e+00
2.880000000000000000e+02 4.514894585751424994e-02 7.533971259979808099e-01 9.589754676818847301e+00
2.890000000000000000e+02 4.543494055118722785e-02 7.564810800449707218e-01 9.593034744262695312e+00
2.900000000000000000e+02 4.599049270306538456e-02 7.553850706138245386e-01 9.594470024108886719e+00
2.910000000000000000e+02 4.456884885291462206e-02 7.584271547566880933e-01 9.597009658813476562e+00
2.920000000000000000e+02 4.441641575622803234e-02 7.609913955545924980e-01 9.599494934082031250e+00
2.930000000000000000e+02 4.355007891277094811e-02 7.639161262388158846e-01 9.607084846496581676e+00
2.940000000000000000e+02 4.348990557228908649e-02 7.644632772579843527e-01 9.612904930114746449e+00
2.950000000000000000e+02 4.387615006320522842e-02 7.664622106780555333e-01 9.618204689025878551e+00
2.960000000000000000e+02 4.363742350332524417e-02 7.654731171654257649e-01 9.621649742126464844e+00
2.970000000000000000e+02 4.182425901261661860e-02 7.672701200218402517e-01 9.622419929504394176e+00
2.980000000000000000e+02 3.934412945734818562e-02 7.702764377585269440e-01 9.623419570922850497e+00
2.990000000000000000e+02 3.996362770273049342e-02 7.730907951904979480e-01 9.625714683532715199e+00
3.000000000000000000e+02 4.091818317114924441e-02 7.757926516046095289e-01 9.631944656372070312e+00
3.010000000000000000e+02 3.952805374405138350e-02 7.772991273167857429e-01 9.633664703369140270e+00
3.020000000000000000e+02 3.911497209292794097e-02 7.773515177995183878e-01 9.637469673156738637e+00
3.030000000000000000e+02 3.750136576147477391e-02 7.802550310910695286e-01 9.637784957885742188e+00
3.040000000000000000e+02 3.855166647844534417e-02 7.815840043496474765e-01 9.639994812011719816e+00
3.050000000000000000e+02 3.830849482916428433e-02 7.809448351165271252e-01 9.641334724426270597e+00
3.060000000000000000e+02 3.703425035580775598e-02 7.837464620417567973e-01 9.643424987792968750e+00
3.070000000000000000e+02 3.612981855707366602e-02 7.866701755901041038e-01 9.646854782104490766e+00
3.080000000000000000e+02 3.622963385322335722e-02 7.863578277585113740e-01 9.652804946899413707e+00
3.090000000000000000e+02 3.596019907142024297e-02 7.885438632440494588e-01 9.653359794616699574e+00
3.100000000000000000e+02 3.578253283679781738e-02 7.889906263606235592e-01 9.655574607849121804e+00
3.110000000000000000e+02 3.645631356917061749e-02 7.917019918731833528e-01 9.656139564514159446e+00
3.120000000000000000e+02 3.425421109001990094e-02 7.893010721284479114e-01 9.661004638671874645e+00
3.130000000000000000e+02 3.698607632056238187e-02 7.933977259064818321e-01 9.661449813842772016e+00
3.140000000000000000e+02 3.562086105785326751e-02 7.927165042053870847e-01 9.665144920349121094e+00
3.150000000000000000e+02 3.418713415715925186e-02 7.939978727906656930e-01 9.665474700927735086e+00
3.160000000000000000e+02 3.411168307194440558e-02 7.914529373344459939e-01 9.666749763488770242e+00
3.170000000000000000e+02 3.485332402744210217e-02 7.940962141664490437e-01 9.667474746704101562e+00
3.180000000000000000e+02 3.545443270922175871e-02 7.936211676526112591e-01 9.668979835510253196e+00
3.190000000000000000e+02 3.344590369152364295e-02 7.940335018007013135e-01 9.667644691467284446e+00
3.200000000000000000e+02 3.388875806018123993e-02 7.951787959205317557e-01 9.673029708862305398e+00
3.210000000000000000e+02 3.442636340454637706e-02 7.970397905778622283e-01 9.678894615173341265e+00
3.220000000000000000e+02 3.399848884666607784e-02 7.959210174817488159e-01 9.680529785156249289e+00
3.230000000000000000e+02 3.476599044225001101e-02 7.962569421622867072e-01 9.680749893188476562e+00
3.240000000000000000e+02 3.282855232414618601e-02 7.963647464284129285e-01 9.680924606323243253e+00
3.250000000000000000e+02 3.470580989692346324e-02 7.981669835436695504e-01 9.681264686584473367e+00
3.260000000000000000e+02 3.156778316896056286e-02 8.002225152559991894e-01 9.684074783325193891e+00
3.270000000000000000e+02 3.257637976482255504e-02 7.990327742219365259e-01 9.686624717712403410e+00
3.280000000000000000e+02 3.309835609160410169e-02 8.008783938216131881e-01 9.686314773559571378e+00
3.290000000000000000e+02 3.332592347863232163e-02 8.021224815692460375e-01 9.690299797058106179e+00
3.300000000000000000e+02 3.185758155717002132e-02 8.028169634415799338e-01 9.691789817810059660e+00
3.310000000000000000e+02 3.328757171485175609e-02 8.040969152934813735e-01 9.691534996032714844e+00
3.320000000000000000e+02 3.297813482374506444e-02 8.038685705646880786e-01 9.696749687194824219e+00
3.330000000000000000e+02 3.080370127833817126e-02 8.065211876409037473e-01 9.694429588317870383e+00
3.340000000000000000e+02 3.163658041471848620e-02 8.070910372383811593e-01 9.696869850158691406e+00
3.350000000000000000e+02 3.166133395509420495e-02 8.056285265191469591e-01 9.696479606628418679e+00
3.360000000000000000e+02 3.163625672518677323e-02 8.052363317351775018e-01 9.695929718017577414e+00
3.370000000000000000e+02 3.179461834307230339e-02 8.052115832420778663e-01 9.693764686584472656e+00
3.380000000000000000e+02 3.077452799911891204e-02 8.046083337966392079e-01 9.694754791259764914e+00
3.390000000000000000e+02 3.252308386930290868e-02 8.032907730326441786e-01 9.692194747924805398e+00
3.400000000000000000e+02 3.168938867628573464e-02 8.067812740311923747e-01 9.691204643249511363e+00
3.410000000000000000e+02 3.131192213490634896e-02 8.038295016394343406e-01 9.692099761962889914e+00
3.420000000000000000e+02 3.302022392765153330e-02 8.051862090469072974e-01 9.692349815368652699e+00
3.430000000000000000e+02 3.134814302193585783e-02 8.042374932338435256e-01 9.694249725341796520e+00
3.440000000000000000e+02 3.098116361514103440e-02 8.031751566983927892e-01 9.696949577331542613e+00
3.450000000000000000e+02 3.163861744946047660e-02 8.029345603629577388e-01 9.694604682922363992e+00
3.460000000000000000e+02 3.238069529135321339e-02 8.018181964776378567e-01 9.694034767150878196e+00
3.470000000000000000e+02 3.280968557036650912e-02 8.045561954508214653e-01 9.695954895019530895e+00
3.480000000000000000e+02 3.423197558815202490e-02 8.061735386632931100e-01 9.698119735717773082e+00
3.490000000000000000e+02 3.204768986367476785e-02 8.024911709710480512e-01 9.700644683837891691e+00
3.500000000000000000e+02 3.168086920691483982e-02 8.043040514354564685e-01 9.700249862670899503e+00
3.510000000000000000e+02 3.075993250890713196e-02 8.031747543701073244e-01 9.698740005493164062e+00
3.520000000000000000e+02 2.977629293775103242e-02 8.036809293679789690e-01 9.695994758605957387e+00
3.530000000000000000e+02 3.090980333445676395e-02 8.046630294047767418e-01 9.695909690856932883e+00
3.540000000000000000e+02 3.050947479064891610e-02 8.071284929727158275e-01 9.696504783630370383e+00
3.550000000000000000e+02 3.217742767473973781e-02 8.089460622434261339e-01 9.697259712219237215e+00
3.560000000000000000e+02 3.063599299054505648e-02 8.064260384175232499e-01 9.698519897460938566e+00
3.570000000000000000e+02 3.010099148109162889e-02 8.092938997973766480e-01 9.699479866027830965e+00
3.580000000000000000e+02 3.013865277778465801e-02 8.095295708056501338e-01 9.704364776611328125e+00
3.590000000000000000e+02 3.020705001648091304e-02 8.109064548843846199e-01 9.701804733276366832e+00
3.600000000000000000e+02 3.105309558343541040e-02 8.098355478798516804e-01 9.699409675598143821e+00
3.610000000000000000e+02 3.072703345099285499e-02 8.113401968528242136e-01 9.700599670410156250e+00
3.620000000000000000e+02 3.192484581534302257e-02 8.124850393961907669e-01 9.702259826660155184e+00
3.630000000000000000e+02 3.008835596319881997e-02 8.112774169091405696e-01 9.702224540710449929e+00
3.640000000000000000e+02 3.058084010262181879e-02 8.113803158818512218e-01 9.701079750061035512e+00
3.650000000000000000e+02 3.068183933827087206e-02 8.103739223882112652e-01 9.699589729309082031e+00
3.660000000000000000e+02 3.171269413926659092e-02 8.123692390838856969e-01 9.699819946289062855e+00
3.670000000000000000e+02 3.071725385510822720e-02 8.130061002598586439e-01 9.702164840698241477e+00
3.680000000000000000e+02 3.115096111749853305e-02 8.117175743958001677e-01 9.703369903564453836e+00
3.690000000000000000e+02 3.112457244510057064e-02 8.120138473075905194e-01 9.702394676208495383e+00
3.700000000000000000e+02 3.025867840430304656e-02 8.097795961384158803e-01 9.703949737548827059e+00
3.710000000000000000e+02 3.098437409054989947e-02 8.105361030491311514e-01 9.701934623718262429e+00
3.720000000000000000e+02 3.027129700073741617e-02 8.097672164947451456e-01 9.700174903869628551e+00
3.730000000000000000e+02 3.008774572907497655e-02 8.115937550075205120e-01 9.701394653320312145e+00
3.740000000000000000e+02 3.062650208816080147e-02 8.092332043520795715e-01 9.703039741516112926e+00
3.750000000000000000e+02 2.989781602102312141e-02 8.093892859543649898e-01 9.699484825134277344e+00
3.760000000000000000e+02 3.100225912578538981e-02 8.099568333278286403e-01 9.697664833068849077e+00
3.770000000000000000e+02 2.999022521402312791e-02 8.093564065285573372e-01 9.697849655151367543e+00
3.780000000000000000e+02 3.029283214288125067e-02 8.090775386245762091e-01 9.703439903259276633e+00
3.790000000000000000e+02 3.159896593673378051e-02 8.098361333565026188e-01 9.704464721679688211e+00
3.800000000000000000e+02 2.972709783080965118e-02 8.110230832223721542e-01 9.708599853515623934e+00
3.810000000000000000e+02 3.111746359409409482e-02 8.103855479391149919e-01 9.712524795532226918e+00
3.820000000000000000e+02 3.079128620238102618e-02 8.124887136640333019e-01 9.712409973144531250e+00
3.830000000000000000e+02 3.138719034519756035e-02 8.095722919311434396e-01 9.711549568176270242e+00
3.840000000000000000e+02 2.982870536251160457e-02 8.105833618437950916e-01 9.710289573669435015e+00
3.850000000000000000e+02 3.033092723154076978e-02 8.115201185400973127e-01 9.709059906005860441e+00
3.860000000000000000e+02 3.059857943067425395e-02 8.115337770953902075e-01 9.708544921874999289e+00
3.870000000000000000e+02 2.910991471465902009e-02 8.122516835822367609e-01 9.708909797668457742e+00
3.880000000000000000e+02 2.964443948270145679e-02 8.122141716748334517e-01 9.708619880676268465e+00
3.890000000000000000e+02 3.064769466614446561e-02 8.121397028284652597e-01 9.707689857482909801e+00
3.900000000000000000e+02 3.033207876644744561e-02 8.118565703967234315e-01 9.707974624633788352e+00
3.910000000000000000e+02 2.949138452927995563e-02 8.125228225447920227e-01 9.710524749755860441e+00
3.920000000000000000e+02 3.067674252690815589e-02 8.134919644141637152e-01 9.712114524841307883e+00
3.930000000000000000e+02 2.894830144470626060e-02 8.132353418785276400e-01 9.712349700927735086e+00
3.940000000000000000e+02 3.040020105732932007e-02 8.120955756468141162e-01 9.715719413757325285e+00
3.950000000000000000e+02 2.967906372516557895e-02 8.135028444263313618e-01 9.716429901123046164e+00
3.960000000000000000e+02 2.923554322768269487e-02 8.111424614467758198e-01 9.719719696044922586e+00
3.970000000000000000e+02 3.131554414754306875e-02 8.133212180167083138e-01 9.714449691772461648e+00
3.980000000000000000e+02 3.050592467779989631e-02 8.133344228394205899e-01 9.714649772644044390e+00
