0.000000000000000000e+00 1.037690151041227443e-01 7.789741019828201607e-02 5.973911762237548828e+00
1.000000000000000000e+00 1.554410331746010343e-01 7.677804519050047960e-02 6.298628330230712002e+00
2.000000000000000000e+00 2.043686956573020908e-01 7.366679101435805177e-02 6.581326293945313211e+00
3.000000000000000000e+00 2.531309673388633663e-01 7.673215461891302880e-02 6.832011699676513672e+00
4.000000000000000000e+00 3.025207488686097457e-01 7.554676765181619902e-02 7.057477474212646484e+00
5.000000000000000000e+00 3.484806749537109338e-01 7.203892473250508854e-02 7.260644817352296165e+00
6.000000000000000000e+00 3.954332657139814078e-01 7.460209005764188717e-02 7.443071937561034801e+00
7.000000000000000000e+00 4.394063762320069566e-01 7.381472971329058885e-02 7.608362865447998225e+00
8.000000000000000000e+00 4.828280327760471335e-01 7.510018076811633692e-02 7.758722305297851562e+00
9.000000000000000000e+00 5.257935010155441180e-01 7.389853516048554283e-02 7.896657276153563387e+00
1.000000000000000000e+01 5.636708755870469822e-01 7.523038991599050040e-02 8.022806262969970348e+00
1.100000000000000000e+01 5.991749535885351197e-01 7.361145445046189673e-02 8.138866806030273793e+00
1.200000000000000000e+01 6.306707840556242672e-01 7.531107236755350820e-02 8.244849395751952414e+00
1.300000000000000000e+01 6.601238165238714206e-01 7.427214661617671798e-02 8.343033409118651988e+00
1.400000000000000000e+01 6.864238084125930950e-01 7.368960826722854851e-02 8.434292221069336293e+00
1.500000000000000000e+01 7.117217311400602098e-01 7.510899422554066784e-02 8.520570945739747160e+00
1.600000000000000000e+01 7.353176492805248987e-01 7.142687169295793004e-02 8.599582099914551137e+00
1.700000000000000000e+01 7.591089072613457223e-01 7.570404639927141854e-02 8.673807716369628551e+00
1.800000000000000000e+01 7.782202747399409315e-01 7.382241568932268461e-02 8.744728279113768821e+00
1.900000000000000000e+01 7.981086822732899044e-01 7.372712863630249969e-02 8.811850357055664773e+00
2.000000000000000000e+01 8.149609683709269081e-01 7.346085912155679576e-02 8.873062705993653765e+00
2.100000000000000000e+01 8.307903673532955890e-01 7.747639275251921864e-02 8.931968879699706321e+00
2.200000000000000000e+01 8.464890676617680132e-01 7.448693406698811414e-02 8.987124633789063566e+00
2.300000000000000000e+01 8.592588707212027721e-01 7.469934896740618169e-02 9.038729858398436789e+00
2.400000000000000000e+01 8.733779337412640453e-01 7.344740896279954023e-02 9.087273788452149503e+00
2.500000000000000000e+01 8.844325936282697587e-01 7.514973645310218942e-02 9.135169219970702414e+00
2.600000000000000000e+01 8.956060364263974671e-01 7.154930227832533018e-02 9.178566551208495738e+00
2.700000000000000000e+01 9.068068116142444790e-01 7.317227112435706338e-02 9.221693420410156605e+00
2.800000000000000000e+01 9.148852904566860955e-01 7.703837028905412276e-02 9.260978317260743609e+00
2.900000000000000000e+01 9.264722866711887495e-01 7.415831179800314032e-02 9.297553825378416903e+00
3.000000000000000000e+01 9.347575172717390579e-01 7.378663809543119234e-02 9.331831932067871094e+00
3.100000000000000000e+01 9.412861899935899279e-01 7.475225782092193016e-02 9.367339515686035512e+00
3.200000000000000000e+01 9.460376619231924966e-01 7.581701687298489367e-02 9.399221229553223367e+00
3.300000000000000000e+01 9.528954923122368026e-01 7.336519633944778296e-02 9.428553771972655539e+00
3.400000000000000000e+01 9.576118391043692002e-01 7.394041230164766221e-02 9.457601737976073508e+00
3.500000000000000000e+01 9.629189614371300721e-01 7.339811316254196694e-02 9.484893226623535512e+00
3.600000000000000000e+01 9.670525875207683919e-01 7.570240590035627604e-02 9.512752723693848722e+00
3.700000000000000000e+01 9.710320138497928744e-01 7.535895573264732306e-02 9.537216758728028765e+00
3.800000000000000000e+01 9.764248695546500212e-01 7.746403370714582959e-02 9.560326194763183238e+00
3.900000000000000000e+01 9.769469149306028166e-01 7.821780593811120119e-02 9.581804847717284801e+00
4.000000000000000000e+01 9.804618269752011228e-01 7.464414948718485487e-02 9.602239799499511008e+00
4.100000000000000000e+01 9.824570390579659973e-01 7.296257250117828275e-02 9.623099327087402344e+00
4.200000000000000000e+01 9.851910929401217487e-01 7.477999712997884796e-02 9.640595436096191406e+00
4.300000000000000000e+01 9.881800840842948075e-01 7.648594859188247164e-02 9.658330154418944602e+00
4.400000000000000000e+01 9.889629775504291676e-01 7.409431234979813041e-02 9.675115203857423296e+00
4.500000000000000000e+01 9.900661791578991844e-01 7.413123849750867522e-02 9.691944313049317472e+00
4.600000000000000000e+01 9.915411930084013781e-01 7.659641637962916194e-02 9.707525444030762785e+00
4.700000000000000000e+01 9.931943349818532774e-01 7.567013165256747387e-02 9.721176338195800071e+00
4.800000000000000000e+01 9.929265289329540778e-01 7.537446258583258007e-02 9.733731269836425781e+00
4.900000000000000000e+01 9.948284555820697816e-01 7.291723224554447214e-02 9.745665359497071023e+00
5.000000000000000000e+01 9.955819996445424147e-01 7.412440368024512949e-02 9.758137893676757102e+00
5.100000000000000000e+01 9.962048943261072598e-01 7.603503368549556496e-02 9.769690513610839844e+00
5.200000000000000000e+01 9.964284943010227602e-01 7.439405067767300428e-02 9.779783058166504617e+00
5.300000000000000000e+01 9.971238701823631478e-01 7.485656855280779787e-02 9.790091705322266691e+00
5.400000000000000000e+01 9.970341893608071215e-01 7.473508933465650150e-02 9.798668479919435015e+00
5.500000000000000000e+01 9.976999242663403544e-01 7.733284398408189764e-02 9.807542419433593395e+00
5.600000000000000000e+01 9.981872808374833150e-01 7.529515194633401576e-02 9.814417076110839133e+00
5.700000000000000000e+01 9.982538554674713627e-01 7.700021963126808811e-02 9.822691535949706676e+00
5.800000000000000000e+01 9.987298733498944925e-01 7.527059404310283697e-02 9.831329345703125000e+00
5.900000000000000000e+01 9.986381896944755976e-01 7.524006750050291070e-02 9.838377380371094105e+00
6.000000000000000000e+01 9.988753548771898139e-01 7.327725617697469773e-02 9.845047569274901988e+00
6.100000000000000000e+01 9.990766664240712247e-01 7.563566518299573438e-02 9.849996376037596590e+00
6.200000000000000000e+01 9.990127570219253794e-01 7.188021526814002138e-02 9.856620025634766691e+00
6.300000000000000000e+01 9.991605774845678800e-01 7.629532205526988464e-02 9.860886383056641336e+00
6.400000000000000000e+01 9.991556340099537747e-01 7.510277349130746460e-02 9.865636253356933949e+00
6.500000000000000000e+01 9.994082178580837583e-01 7.561947751336807466e-02 9.871249198913574219e+00
6.600000000000000000e+01 9.994407379652753276e-01 7.352724686621320282e-02 9.875815773010254262e+00
6.700000000000000000e+01 9.996845000050017527e-01 7.365788269091898266e-02 9.879586410522460227e+00
6.800000000000000000e+01 9.996320100660588404e-01 7.449699421994934734e-02 9.883782577514647727e+00
6.900000000000000000e+01 9.997140699462189195e-01 7.436084637906731354e-02 9.887484550476074219e+00
7.000000000000000000e+01 9.996431258419423704e-01 7.525161290386887802e-02 9.891715049743652344e+00
7.100000000000000000e+01 9.998082635519971451e-01 7.466008992673062172e-02 9.895039749145508878e+00
7.200000000000000000e+01 9.998860288688278253e-01 7.596447642778762777e-02 9.898893737792969105e+00
7.300000000000000000e+01 9.998833705288998619e-01 7.494007611411865333e-02 9.901274299621581676e+00
7.400000000000000000e+01 9.996668191945314863e-01 7.828439724191695037e-02 9.904455757141112926e+00
7.500000000000000000e+01 9.997634411380410535e-01 7.573350023743162518e-02 9.906963157653809304e+00
7.600000000000000000e+01 9.997886600673089319e-01 7.267736470661392834e-02 9.909012794494628906e+00
7.700000000000000000e+01 9.998315530843107091e-01 7.848021490877096773e-02 9.911131095886229758e+00
7.800000000000000000e+01 9.998087923212247707e-01 7.658128180756977599e-02 9.913679695129394176e+00
7.900000000000000000e+01 9.998083580925404279e-01 7.505486332697623719e-02 9.916181182861327770e+00
8.000000000000000000e+01 9.997337031412153463e-01 7.824410319662550295e-02 9.918370819091796520e+00
8.100000000000000000e+01 9.998486818614276128e-01 7.750085089258210158e-02 9.920428276062011719e+00
8.200000000000000000e+01 9.999272994190709918e-01 7.240867670576188464e-02 9.922402191162110086e+00
8.300000000000000000e+01 9.998479037239775824e-01 7.372684077046351425e-02 9.923603248596190696e+00
8.400000000000000000e+01 9.998553488473870265e-01 7.827654029566623317e-02 9.925314140319823508e+00
8.500000000000000000e+01 9.998722567117351856e-01 7.631830975614761758e-02 9.927268791198731179e+00
8.600000000000000000e+01 9.999659841386071557e-01 7.565884316954187006e-02 9.928532218933105113e+00
8.700000000000000000e+01 9.999272994190709918e-01 7.644737659491429582e-02 9.930817222595214488e+00
8.800000000000000000e+01 9.999269216386068582e-01 7.538923409940279097e-02 9.932143592834473012e+00
8.900000000000000000e+01 9.999659841386069337e-01 7.608759325332345447e-02 9.933489418029784801e+00
9.000000000000000000e+01 9.999269216386070802e-01 7.824598222896698985e-02 9.934884834289549715e+00
9.100000000000000000e+01 9.999659841386071557e-01 7.590495658470630680e-02 9.934662246704101918e+00
9.200000000000000000e+01 9.999659841386069337e-01 7.568353205243499859e-02 9.935823249816895242e+00
9.300000000000000000e+01 9.999659841386069337e-01 7.317405899665277436e-02 9.936636734008787997e+00
9.400000000000000000e+01 9.999659841386069337e-01 7.753209527845608684e-02 9.937626838684082031e+00
9.500000000000000000e+01 9.999659841386069337e-01 7.394875048902914416e-02 9.939315414428710582e+00
9.600000000000000000e+01 9.999659841386071557e-01 7.599735010134421598e-02 9.940481567382812855e+00
9.700000000000000000e+01 9.999268068614276528e-01 7.559008391022975504e-02 9.939946746826173296e+00
9.800000000000000000e+01 9.999251678120765208e-01 7.466798591202666868e-02 9.939207458496094105e+00
9.900000000000000000e+01 9.999659841386069337e-01 7.482245777075853532e-02 9.940692138671874289e+00
1.000000000000000000e+02 9.999251678120762987e-01 7.495456768761606103e-02 9.940991020202636363e+00
1.010000000000000000e+02 9.999659841386069337e-01 7.696470175477040931e-02 9.941438865661620383e+00
1.020000000000000000e+02 9.999659841386069337e-01 7.680345370029525998e-02 9.941622924804686789e+00
1.030000000000000000e+02 9.999659841386069337e-01 7.718999098275095005e-02 9.941650581359862571e+00
1.040000000000000000e+02 9.999271491871506434e-01 7.729430985681981503e-02 9.942197418212890270e+00
1.050000000000000000e+02 9.999269977838313173e-01 7.793204843525909642e-02 9.943102645874024148e+00
1.060000000000000000e+02 9.999659841386071557e-01 7.507433171765237612e-02 9.942597961425780895e+00
1.070000000000000000e+02 9.999659841386069337e-01 7.659751042810504507e-02 9.942852210998534446e+00
1.080000000000000000e+02 9.999659841386069337e-01 7.751447300820428488e-02 9.943013763427735796e+00
1.090000000000000000e+02 9.999659841386069337e-01 7.596635549035112012e-02 9.943571281433104758e+00
1.100000000000000000e+02 9.999659841386071557e-01 7.622889065246429841e-02 9.944016838073730824e+00
1.110000000000000000e+02 9.999659841386069337e-01 7.753997522828445788e-02 9.943824768066406250e+00
1.120000000000000000e+02 9.999659841386069337e-01 7.771990954207351476e-02 9.943167686462402344e+00
1.130000000000000000e+02 9.999250843431060076e-01 7.840093892037558465e-02 9.942875480651856890e+00
1.140000000000000000e+02 9.999269977838310952e-01 7.652605213964720765e-02 9.943432807922363281e+00
1.150000000000000000e+02 9.999256615579619201e-01 7.620946757867554100e-02 9.942893409729004262e+00
1.160000000000000000e+02 9.998847617624607720e-01 7.584722271244090375e-02 9.943343734741210582e+00
1.170000000000000000e+02 9.999659841386069337e-01 7.796251854939137416e-02 9.945112419128417258e+00
1.180000000000000000e+02 9.999104420518697411e-01 7.621816575840226204e-02 9.945466613769530895e+00
1.190000000000000000e+02 9.999659841386069337e-01 7.782394611521870065e-02 9.945249938964844105e+00
1.200000000000000000e+02 9.999659841386071557e-01 7.769927955839234235e-02 9.945762825012206321e+00
1.210000000000000000e+02 9.999659841386069337e-01 7.621175586646858346e-02 9.946237182617187145e+00
1.220000000000000000e+02 9.999263409275069847e-01 7.519031328346521825e-02 9.945620536804199219e+00
1.230000000000000000e+02 9.999659841386071557e-01 7.576057916069262044e-02 9.945960235595704191e+00
1.240000000000000000e+02 9.999659841386069337e-01 7.427540982510298651e-02 9.945570182800292258e+00
1.250000000000000000e+02 9.999659841386069337e-01 7.595041668262147994e-02 9.946975898742675071e+00
1.260000000000000000e+02 9.999659841386069337e-01 7.441966836816199526e-02 9.945700263977050426e+00
1.270000000000000000e+02 9.999659841386071557e-01 7.764518219124119658e-02 9.945445251464843039e+00
1.280000000000000000e+02 9.999263409275069847e-01 7.459966037022343344e-02 9.945600700378417258e+00
1.290000000000000000e+02 9.999263409275069847e-01 7.451455155047234657e-02 9.945767402648924005e+00
1.300000000000000000e+02 9.999659841386069337e-01 7.579616288039495164e-02 9.945089721679687855e+00
1.310000000000000000e+02 9.999659841386069337e-01 7.587152751492329261e-02 9.944866180419921875e+00
1.320000000000000000e+02 9.999659841386069337e-01 7.597660744543721645e-02 9.944693756103514914e+00
1.330000000000000000e+02 9.999659841386071557e-01 7.821165752256106773e-02 9.944370269775390625e+00
1.340000000000000000e+02 9.999250843431060076e-01 7.402222637430894148e-02 9.944446754455567472e+00
1.350000000000000000e+02 9.999659841386069337e-01 7.601974484240221763e-02 9.944884300231933594e+00
1.360000000000000000e+02 9.999250843431058966e-01 7.530002337830871140e-02 9.945068550109864347e+00
1.370000000000000000e+02 9.999659841386069337e-01 7.648772670371878357e-02 9.945066833496092329e+00
1.380000000000000000e+02 9.999659841386069337e-01 7.635498873038715217e-02 9.945042610168457031e+00
1.390000000000000000e+02 9.999659841386071557e-01 7.915024923709911009e-02 9.945079803466796875e+00
1.400000000000000000e+02 9.999659841386069337e-01 7.768879455921182120e-02 9.944248771667480113e+00
1.410000000000000000e+02 9.999659841386069337e-01 7.762769399779667623e-02 9.944944190979004617e+00
1.420000000000000000e+02 9.999659841386071557e-01 7.866894663395442022e-02 9.944541740417481179e+00
1.430000000000000000e+02 9.999659841386069337e-01 7.831082164627993503e-02 9.944108772277830965e+00
1.440000000000000000e+02 9.999659841386071557e-01 7.553936613389575228e-02 9.944734191894530895e+00
1.450000000000000000e+02 9.999659841386069337e-01 7.682587452638221792e-02 9.944610404968262429e+00
1.460000000000000000e+02 9.999659841386071557e-01 7.641434935184834853e-02 9.945212173461914773e+00
1.470000000000000000e+02 9.999659841386069337e-01 7.688257380633053972e-02 9.946961593627930753e+00
1.480000000000000000e+02 9.999659841386069337e-01 7.580018275776585768e-02 9.947720909118652699e+00
1.490000000000000000e+02 9.999659841386069337e-01 7.777549004910021269e-02 9.948143959045410156e+00
1.500000000000000000e+02 9.999659841386071557e-01 7.707953420706926961e-02 9.949202919006348012e+00
1.510000000000000000e+02 9.999659841386071557e-01 7.462750130412260097e-02 9.949697303771973367e+00
1.520000000000000000e+02 9.999659841386069337e-01 7.728810790094417515e-02 9.948976898193359730e+00
1.530000000000000000e+02 9.999659841386069337e-01 7.647732689521323513e-02 9.949492645263671164e+00
1.540000000000000000e+02 9.999659841386069337e-01 7.615179352337650420e-02 9.950011253356933594e+00
1.550000000000000000e+02 9.999659841386071557e-01 7.386746713057484870e-02 9.950939178466796875e+00
1.560000000000000000e+02 9.999659841386069337e-01 7.573914358216735088e-02 9.951334190368651633e+00
1.570000000000000000e+02 9.999659841386069337e-01 7.302587691496470468e-02 9.951172637939453836e+00
1.580000000000000000e+02 9.999659841386071557e-01 7.453064961811424471e-02 9.949716758728026633e+00
1.590000000000000000e+02 9.999659841386071557e-01 7.695664781702542256e-02 9.948994255065917613e+00
1.600000000000000000e+02 9.999659841386069337e-01 7.509291554305352889e-02 9.948783683776854403e+00
1.610000000000000000e+02 9.999659841386069337e-01 7.655200559008311367e-02 9.948976898193357954e+00
1.620000000000000000e+02 9.999659841386071557e-01 7.781472471202925678e-02 9.948445320129394531e+00
1.630000000000000000e+02 9.999659841386069337e-01 7.821060979372548849e-02 9.948418235778808238e+00
1.640000000000000000e+02 9.999659841386069337e-01 7.584122153428686508e-02 9.948307991027830255e+00
1.650000000000000000e+02 9.999659841386069337e-01 7.480672479605306180e-02 9.948643302917480113e+00
1.660000000000000000e+02 9.999659841386069337e-01 7.752573093123463210e-02 9.949092864990234375e+00
1.670000000000000000e+02 9.999659841386069337e-01 7.521281235070324811e-02 9.948977661132813566e+00
1.680000000000000000e+02 9.999659841386071557e-01 7.832347688552804277e-02 9.949419212341307883e+00
1.690000000000000000e+02 9.999659841386069337e-01 7.768339356916939553e-02 9.948909950256346946e+00
1.700000000000000000e+02 9.999659841386069337e-01 7.593685019878772258e-02 9.948944282531739347e+00
1.710000000000000000e+02 9.999659841386069337e-01 7.481779630422898120e-02 9.949368858337400923e+00
1.720000000000000000e+02 9.999659841386069337e-01 7.558980616738569802e-02 9.950214767456053266e+00
1.730000000000000000e+02 9.999659841386069337e-01 7.627084113659707287e-02 9.949291610717772016e+00
1.740000000000000000e+02 9.999659841386071557e-01 7.493731294939615095e-02 9.949392318725585938e+00
1.750000000000000000e+02 9.999659841386071557e-01 7.582109522533699020e-02 9.949386405944823153e+00
1.760000000000000000e+02 9.999659841386069337e-01 7.628071937396374569e-02 9.948421287536621804e+00
1.770000000000000000e+02 9.999659841386071557e-01 7.708924511791410972e-02 9.950368309020994673e+00
1.780000000000000000e+02 9.999659841386069337e-01 7.573102856733802957e-02 9.951352310180665128e+00
1.790000000000000000e+02 9.999659841386069337e-01 7.674519351342487528e-02 9.951326179504395242e+00
1.800000000000000000e+02 9.999659841386069337e-01 7.606362021579811394e-02 9.950557136535644887e+00
1.810000000000000000e+02 9.999659841386069337e-01 7.725770611967795742e-02 9.951321601867675781e+00
1.820000000000000000e+02 9.999659841386069337e-01 7.914880893277803642e-02 9.951535606384277699e+00
1.830000000000000000e+02 9.999659841386069337e-01 8.058273454455014417e-02 9.951374816894531961e+00
1.840000000000000000e+02 9.999659841386069337e-01 7.512973392709960951e-02 9.950845146179199574e+00
1.850000000000000000e+02 9.999659841386069337e-01 7.954365957680212262e-02 9.950408172607422941e+00
1.860000000000000000e+02 9.999659841386069337e-01 7.796277551096005010e-02 9.949800682067870383e+00
1.870000000000000000e+02 9.999659841386069337e-01 7.364655155937069320e-02 9.950541877746582387e+00
1.880000000000000000e+02 9.999659841386069337e-01 7.687955093266221618e-02 9.950907897949219816e+00
1.890000000000000000e+02 9.999659841386069337e-01 8.005169361701766628e-02 9.951083183288574219e+00
1.900000000000000000e+02 9.999659841386069337e-01 7.876687059043335770e-02 9.952322769165039773e+00
1.910000000000000000e+02 9.999659841386069337e-01 7.817275214874705447e-02 9.952679443359375711e+00
1.920000000000000000e+02 9.999659841386069337e-01 7.488340243356800263e-02 9.951814842224120383e+00
1.930000000000000000e+02 9.999659841386069337e-01 7.467590530699348694e-02 9.950506782531737926e+00
1.940000000000000000e+02 9.999659841386069337e-01 7.738701374248833920e-02 9.951149749755860086e+00
1.950000000000000000e+02 9.999659841386071557e-01 7.517671031549123806e-02 9.951029205322265980e+00
1.960000000000000000e+02 9.999659841386069337e-01 7.669764524608346790e-02 9.950337791442871449e+00
1.970000000000000000e+02 9.999659841386069337e-01 7.713262037230049495e-02 9.951586532592772372e+00
1.980000000000000000e+02 9.999659841386071557e-01 7.807056011219294656e-02 9.950780487060546520e+00
1.990000000000000000e+02 9.999659841386069337e-01 7.579006477196538472e-02 9.951000595092773793e+00
2.000000000000000000e+02 9.998685327823448876e-01 1.046717913779832004e-01 5.991209793090821023e+00
2.010000000000000000e+02 9.998685327823448876e-01 1.564317202851380206e-01 6.317775821685790660e+00
2.020000000000000000e+02 9.997915491482290973e-01 2.088944112071460524e-01 6.603521347045898438e+00
2.030000000000000000e+02 9.996005782964281217e-01 2.544482116095875268e-01 6.855443286895750887e+00
2.040000000000000000e+02 9.987047765693742862e-01 3.036766784734525881e-01 7.078769302368164595e+00
2.050000000000000000e+02 9.954251911440018530e-01 3.527003241216922769e-01 7.280099391937256748e+00
2.060000000000000000e+02 9.899051911159524320e-01 3.959808542697358935e-01 7.462854290008545277e+00
2.070000000000000000e+02 9.802701932059917356e-01 4.445195535009019427e-01 7.626675415039063211e+00
2.080000000000000000e+02 9.652126042990819554e-01 4.876510748407496543e-01 7.775214195251464844e+00
2.090000000000000000e+02 9.463814375725720929e-01 5.281912027316932878e-01 7.911339378356933238e+00
2.100000000000000000e+02 9.266754858424923746e-01 5.648124615710981011e-01 8.037751388549803977e+00
2.110000000000000000e+02 9.028358749293362573e-01 5.982446865738565434e-01 8.152318382263183949e+00
2.120000000000000000e+02 8.783829521272060736e-01 6.292280486589703070e-01 8.257873153686523082e+00
2.130000000000000000e+02 8.526857668598278872e-01 6.604945950314972114e-01 8.354452896118162997e+00
2.140000000000000000e+02 8.264828125347125631e-01 6.853715557513240242e-01 8.444957923889159446e+00
2.150000000000000000e+02 7.993010466771953704e-01 7.132018318388207989e-01 8.530295181274412997e+00
2.160000000000000000e+02 7.736294955623476133e-01 7.317501900890311939e-01 8.608485221862792969e+00
2.170000000000000000e+02 7.481365661755053909e-01 7.550977014727087155e-01 8.681426239013672941e+00
2.180000000000000000e+02 7.221041967994814570e-01 7.774024916240614980e-01 8.750658607482909801e+00
2.190000000000000000e+02 6.987339073377113463e-01 7.957988106933854278e-01 8.815980339050291548e+00
2.200000000000000000e+02 6.737828143015637261e-01 8.146246468842425204e-01 8.878808784484863992e+00
2.210000000000000000e+02 6.489870795845097406e-01 8.297132137552248876e-01 8.936465835571288707e+00
2.220000000000000000e+02 6.296019451808207990e-01 8.449743891008949515e-01 8.993418312072753551e+00
2.230000000000000000e+02 6.061775155712214591e-01 8.581331873340226624e-01 9.045427703857422230e+00
2.240000000000000000e+02 5.884520909735500016e-01 8.719530391006319325e-01 9.094916343688964844e+00
2.250000000000000000e+02 5.691227004236610876e-01 8.842945003091080558e-01 9.142372322082518821e+00
2.260000000000000000e+02 5.523487701701369490e-01 8.953744825637278693e-01 9.187549400329588778e+00
2.270000000000000000e+02 5.351158117214074306e-01 9.066619823079913321e-01 9.228525924682616122e+00
2.280000000000000000e+02 5.157672929047885102e-01 9.138568825042834298e-01 9.268010330200196378e+00
2.290000000000000000e+02 5.015803193085883738e-01 9.230346908957081098e-01 9.305544281005859730e+00
2.300000000000000000e+02 4.855680547483912091e-01 9.334466006989777798e-01 9.341715812683105469e+00
2.310000000000000000e+02 4.699884932457354392e-01 9.398079163686183790e-01 9.375577354431152699e+00
2.320000000000000000e+02 4.586689239625791337e-01 9.466909513608906535e-01 9.406674766540527699e+00
2.330000000000000000e+02 4.497337839075498667e-01 9.529669899757748919e-01 9.437176132202148793e+00
2.340000000000000000e+02 4.370712253606247599e-01 9.580322881432257187e-01 9.467179870605468395e+00
2.350000000000000000e+02 4.226904755458782970e-01 9.630577899881145321e-01 9.493751716613770597e+00
2.360000000000000000e+02 4.122763319499064827e-01 9.672970870222331596e-01 9.519926643371581676e+00
2.370000000000000000e+02 4.025755413619425127e-01 9.707819623817681709e-01 9.544296264648437500e+00
2.380000000000000000e+02 3.949253387915879765e-01 9.735059908803616047e-01 9.567495346069335938e+00
2.390000000000000000e+02 3.852357782710600365e-01 9.762822584626288380e-01 9.589481353759765625e+00
2.400000000000000000e+02 3.768454933108124627e-01 9.801264826643387718e-01 9.610133934020996804e+00
2.410000000000000000e+02 3.661581381627270204e-01 9.815590026054223927e-01 9.630017852783202770e+00
2.420000000000000000e+02 3.597563284815127882e-01 9.836367986586107559e-01 9.647795486450194247e+00
2.430000000000000000e+02 3.501449851675022540e-01 9.856185102964478695e-01 9.666215133666991477e+00
2.440000000000000000e+02 3.448567975033920430e-01 9.874293634819447663e-01 9.683266067504883168e+00
2.450000000000000000e+02 3.390419258798329505e-01 9.891005147880376214e-01 9.697825241088867898e+00
2.460000000000000000e+02 3.330937440344883260e-01 9.902598234441656322e-01 9.712966156005858664e+00
2.470000000000000000e+02 3.229130715349832759e-01 9.918834707196417799e-01 9.727400207519531605e+00
2.480000000000000000e+02 3.205547953456652222e-01 9.922245061001221389e-01 9.741184234619140625e+00
2.490000000000000000e+02 3.137505669962790122e-01 9.939019971605537185e-01 9.754917144775390625e+00
2.500000000000000000e+02 3.057880933801669365e-01 9.952557670067375684e-01 9.767248725891112926e+00
2.510000000000000000e+02 3.016432067152841068e-01 9.946665170507177356e-01 9.778038215637206321e+00
2.520000000000000000e+02 3.000335264961892512e-01 9.949988523744706104e-01 9.788237571716308594e+00
2.530000000000000000e+02 2.925617375950649302e-01 9.963416090065979613e-01 9.797960853576659801e+00
2.540000000000000000e+02 2.877434601939897196e-01 9.966023585371436289e-01 9.806969642639160156e+00
2.550000000000000000e+02 2.848590134566272858e-01 9.969413886109781409e-01 9.815231704711914418e+00
2.560000000000000000e+02 2.759271423488455777e-01 9.975689582485203211e-01 9.824154281616211293e+00
2.570000000000000000e+02 2.718651061949803327e-01 9.981107338017340957e-01 9.831737899780273793e+00
2.580000000000000000e+02 2.658759977940899355e-01 9.983101809300609641e-01 9.838603973388671875e+00
2.590000000000000000e+02 2.663958191623974625e-01 9.982466452925204958e-01 9.845702552795408735e+00
2.600000000000000000e+02 2.609786823837996206e-01 9.986500054154140438e-01 9.851406860351561434e+00
2.610000000000000000e+02 2.541206506259783282e-01 9.988664971697317485e-01 9.857738113403319957e+00
2.620000000000000000e+02 2.498444756623645624e-01 9.990817177815920491e-01 9.863706779479979758e+00
2.630000000000000000e+02 2.454371118522669371e-01 9.988251396251248693e-01 9.868047142028808949e+00
2.640000000000000000e+02 2.430529202455997406e-01 9.990561050643049779e-01 9.873870468139648082e+00
2.650000000000000000e+02 2.372553852062196100e-01 9.990570766596295060e-01 9.879742240905761363e+00
2.660000000000000000e+02 2.315806342937838658e-01 9.993308024372966614e-01 9.884128761291504972e+00
2.670000000000000000e+02 2.273666873099343122e-01 9.995278825069491280e-01 9.888234138488769531e+00
2.680000000000000000e+02 2.245520153922941908e-01 9.996216162100650671e-01 9.892068290710449574e+00
2.690000000000000000e+02 2.197539494484421208e-01 9.996859274924536631e-01 9.895887184143067117e+00
2.700000000000000000e+02 2.153817094429945067e-01 9.996218724069731998e-01 9.898368644714354403e+00
2.710000000000000000e+02 2.097040495312955943e-01 9.997739037485653402e-01 9.901296806335448508e+00
2.720000000000000000e+02 2.055937723144088403e-01 9.995572133585756136e-01 9.905055046081542969e+00
2.730000000000000000e+02 2.012737130659779661e-01 9.996913797172539695e-01 9.908211708068847656e+00
2.740000000000000000e+02 1.988059629306347387e-01 9.997566570673742659e-01 9.911237335205077770e+00
2.750000000000000000e+02 1.980246432877405816e-01 9.999189003399304720e-01 9.912831878662110796e+00
2.760000000000000000e+02 1.911168733308493961e-01 9.997408439788402212e-01 9.915814971923829546e+00
2.770000000000000000e+02 1.885126103205537196e-01 9.997724672204396645e-01 9.917767333984373934e+00
2.780000000000000000e+02 1.859716009582733920e-01 9.998392238452945557e-01 9.920407676696775923e+00
2.790000000000000000e+02 1.817455812740081389e-01 9.999587283984920916e-01 9.922599029541016691e+00
2.800000000000000000e+02 1.762445353481808252e-01 9.998255331171440607e-01 9.923859405517577059e+00
2.810000000000000000e+02 1.737921365188680733e-01 9.998366345160529800e-01 9.925308609008789418e+00
2.820000000000000000e+02 1.721391724109853083e-01 9.997415156560685023e-01 9.927169609069823153e+00
2.830000000000000000e+02 1.653627317527521234e-01 9.997574146087022662e-01 9.928657531738281250e+00
2.840000000000000000e+02 1.634572331645276766e-01 9.999594271889680197e-01 9.930960655212402344e+00
2.850000000000000000e+02 1.635761114025019447e-01 9.999191046083228951e-01 9.931575775146484375e+00
2.860000000000000000e+02 1.568579761285918417e-01 9.999195876732293042e-01 9.933755302429199574e+00
2.870000000000000000e+02 1.540107789384138615e-01 9.999195876732291932e-01 9.935777282714845171e+00
2.880000000000000000e+02 1.522834272598702909e-01 9.998801276031491492e-01 9.937967300415039062e+00
2.890000000000000000e+02 1.489483269504564833e-01 9.998390005809989489e-01 9.939607620239257812e+00
2.900000000000000000e+02 1.493170786797672622e-01 9.999593462201764593e-01 9.940443611145019176e+00
2.910000000000000000e+02 1.442218789162546810e-01 9.999996281939932397e-01 9.940813827514649148e+00
2.920000000000000000e+02 1.404762219430995274e-01 9.999597080343126665e-01 9.940655326843261363e+00
2.930000000000000000e+02 1.407382100955538728e-01 9.998382355293575774e-01 9.942300224304199574e+00
2.940000000000000000e+02 1.398011324915513220e-01 9.999593056133480040e-01 9.941952705383300781e+00
2.950000000000000000e+02 1.341244454178732448e-01 9.999996281939932397e-01 9.942196083068846946e+00
2.960000000000000000e+02 1.330392984441080284e-01 9.999193471903397024e-01 9.943242263793944602e+00
2.970000000000000000e+02 1.329247004016428924e-01 9.999203688896615150e-01 9.944696235656738992e+00
2.980000000000000000e+02 1.295857857541371505e-01 9.999595078329099884e-01 9.945346450805663707e+00
2.990000000000000000e+02 1.306926176743727075e-01 9.999604892507446552e-01 9.945406150817870383e+00
3.000000000000000000e+02 1.279931399612888043e-01 9.999576554762596992e-01 9.946022605895997515e+00
3.010000000000000000e+02 1.231886475764133598e-01 9.999996281939930176e-01 9.947616386413574929e+00
3.020000000000000000e+02 1.221784177391135318e-01 9.999996281939932397e-01 9.947358703613280895e+00
3.030000000000000000e+02 1.206469958398625753e-01 9.999996281939930176e-01 9.948325347900389914e+00
3.040000000000000000e+02 1.196442501890072896e-01 9.999996281939932397e-01 9.948317337036133523e+00
3.050000000000000000e+02 1.171553919515447295e-01 9.999197061200114645e-01 9.948584175109862926e+00
3.060000000000000000e+02 1.159569147827475416e-01 9.999996281939932397e-01 9.948024749755859375e+00
3.070000000000000000e+02 1.133382645011746792e-01 9.999996281939932397e-01 9.948546600341797941e+00
3.080000000000000000e+02 1.126168244251057188e-01 9.999996281939932397e-01 9.948886871337890625e+00
3.090000000000000000e+02 1.111617226197572222e-01 9.999612036022544892e-01 9.950184249877930043e+00
3.100000000000000000e+02 1.128404350257153216e-01 9.999612036022544892e-01 9.950506782531737926e+00
3.110000000000000000e+02 1.147413617782573059e-01 9.999612036022543782e-01 9.950702285766601207e+00
3.120000000000000000e+02 1.093046357667742385e-01 9.999996281939930176e-01 9.951286125183104403e+00
3.130000000000000000e+02 1.092235775752808252e-01 9.999210429596842031e-01 9.949905204772949929e+00
3.140000000000000000e+02 1.072743863828469896e-01 9.999996281939930176e-01 9.950957679748535512e+00
3.150000000000000000e+02 1.053719542405507359e-01 9.999578309108165808e-01 9.951435279846192472e+00
3.160000000000000000e+02 1.042505497086907013e-01 9.999996281939932397e-01 9.953877830505371449e+00
3.170000000000000000e+02 1.058371539965969194e-01 9.999996281939932397e-01 9.954276275634764914e+00
3.180000000000000000e+02 1.055596673637984317e-01 9.999612036022544892e-01 9.954944419860840554e+00
3.190000000000000000e+02 1.021754955097004258e-01 9.999594675514228426e-01 9.954729843139649148e+00
3.200000000000000000e+02 1.021989556541616773e-01 9.999996281939932397e-01 9.954817771911621094e+00
3.210000000000000000e+02 9.989631389879694012e-02 9.999996281939932397e-01 9.954476737976074574e+00
3.220000000000000000e+02 9.953781224069530031e-02 9.999443091678452689e-01 9.955392265319824574e+00
3.230000000000000000e+02 9.995241531814796909e-02 9.999996281939932397e-01 9.956338310241697798e+00
3.240000000000000000e+02 9.687155754127554919e-02 9.999996281939932397e-01 9.955943298339843039e+00
3.250000000000000000e+02 9.723333028569335068e-02 9.999996281939932397e-01 9.957154846191405895e+00
3.260000000000000000e+02 9.670779797102126152e-02 9.999996281939932397e-01 9.958196449279785867e+00
3.270000000000000000e+02 9.841094239652360687e-02 9.999996281939932397e-01 9.958049583435057528e+00
3.280000000000000000e+02 9.552417888815790958e-02 9.999996281939932397e-01 9.958958244323730113e+00
3.290000000000000000e+02 9.375648523934053402e-02 9.999996281939932397e-01 9.958657836914062145e+00
3.300000000000000000e+02 9.142347958953453424e-02 9.999996281939932397e-01 9.959548187255860441e+00
3.310000000000000000e+02 9.343581004423136271e-02 9.999996281939932397e-01 9.958468437194824219e+00
3.320000000000000000e+02 9.073490158430246033e-02 9.999996281939932397e-01 9.958361053466797230e+00
3.330000000000000000e+02 9.337427324834562947e-02 9.999996281939932397e-01 9.958513832092284801e+00
3.340000000000000000e+02 9.300908601544252696e-02 9.999996281939932397e-01 9.958620262145995383e+00
3.350000000000000000e+02 9.063673860137193283e-02 9.999594675514229536e-01 9.957542610168458097e+00
3.360000000000000000e+02 9.025657555226331008e-02 9.999996281939932397e-01 9.956884765625000355e+00
3.370000000000000000e+02 8.874074459148668936e-02 9.999996281939932397e-01 9.957387924194335938e+00
3.380000000000000000e+02 8.885348749752111641e-02 9.999996281939932397e-01 9.955879592895506391e+00
3.390000000000000000e+02 8.586752814150046265e-02 9.999594271889680197e-01 9.955100631713866832e+00
3.400000000000000000e+02 9.062788225722581692e-02 9.999996281939932397e-01 9.954132080078125000e+00
3.410000000000000000e+02 8.819107105982952610e-02 9.999594675514229536e-01 9.954089355468751066e+00
3.420000000000000000e+02 8.485319760008608325e-02 9.999996281939932397e-01 9.954089355468751066e+00
3.430000000000000000e+02 8.572912417829650633e-02 9.999996281939932397e-01 9.954873275756835227e+00
3.440000000000000000e+02 8.651902686818140065e-02 9.999996281939932397e-01 9.954030799865723367e+00
3.450000000000000000e+02 8.442721512019252250e-02 9.999996281939932397e-01 9.954158782958984375e+00
3.460000000000000000e+02 8.738246951965729370e-02 9.999996281939930176e-01 9.954257583618163707e+00
3.470000000000000000e+02 8.518792805364365506e-02 9.999996281939932397e-01 9.952696800231933594e+00
3.480000000000000000e+02 8.395282440393821155e-02 9.999996281939930176e-01 9.952455711364745383e+00
3.490000000000000000e+02 8.418062314375507338e-02 9.999996281939932397e-01 9.953624534606932528e+00
3.500000000000000000e+02 8.217844642723311221e-02 9.999996281939932397e-01 9.954794502258300426e+00
3.510000000000000000e+02 8.568160897521688579e-02 9.999996281939932397e-01 9.955921936035155184e+00
3.520000000000000000e+02 8.257027499181573971e-02 9.999996281939932397e-01 9.956432342529296875e+00
3.530000000000000000e+02 8.293580096215522057e-02 9.999996281939930176e-01 9.957022285461427202e+00
3.540000000000000000e+02 8.121379777832381242e-02 9.999996281939932397e-01 9.957315063476562145e+00
3.550000000000000000e+02 8.063203696379991903e-02 9.999996281939932397e-01 9.957133865356444957e+00
3.560000000000000000e+02 8.316219835860323706e-02 9.999996281939932397e-01 9.957467651367187145e+00
3.570000000000000000e+02 8.029020633837322118e-02 9.999996281939932397e-01 9.957505798339843395e+00
3.580000000000000000e+02 8.145119460783212251e-02 9.999996281939930176e-01 9.956704711914062145e+00
3.590000000000000000e+02 8.139493867549391082e-02 9.999996281939930176e-01 9.956024169921875000e+00
3.600000000000000000e+02 8.329695266068562476e-02 9.999996281939930176e-01 9.955635070800781250e+00
3.610000000000000000e+02 7.887181009858032499e-02 9.999996281939930176e-01 9.955981636047363637e+00
3.620000000000000000e+02 8.033283787974487833e-02 9.999996281939932397e-01 9.955370712280274148e+00
3.630000000000000000e+02 7.973592698022032021e-02 9.999996281939932397e-01 9.956278228759765980e+00
3.640000000000000000e+02 8.084953957328043506e-02 9.999996281939932397e-01 9.956550598144531250e+00
3.650000000000000000e+02 8.290835962696614658e-02 9.999996281939932397e-01 9.956225776672363637e+00
3.660000000000000000e+02 7.849318479910852298e-02 9.999996281939932397e-01 9.957608222961425781e+00
3.670000000000000000e+02 8.211944843300435226e-02 9.999996281939932397e-01 9.957054328918458097e+00
3.680000000000000000e+02 8.124324298525829879e-02 9.999996281939930176e-01 9.956446647644042969e+00
3.690000000000000000e+02 7.853273735019228319e-02 9.999996281939932397e-01 9.956968879699706676e+00
3.700000000000000000e+02 8.096176971341648154e-02 9.999996281939932397e-01 9.958105087280273438e+00
3.710000000000000000e+02 7.791348368130468494e-02 9.999996281939932397e-01 9.957792854309081676e+00
3.720000000000000000e+02 7.764186191404513770e-02 9.999996281939932397e-01 9.957291793823241477e+00
3.730000000000000000e+02 7.967979763395424686e-02 9.999996281939932397e-01 9.958201026916503551e+00
3.740000000000000000e+02 8.100145625829124896e-02 9.999996281939932397e-01 9.957717704772949929e+00
3.750000000000000000e+02 7.800519694169610885e-02 9.999996281939932397e-01 9.958581161499022727e+00
3.760000000000000000e+02 8.002096632016154898e-02 9.999996281939932397e-01 9.957682418823242898e+00
3.770000000000000000e+02 7.603598580157666653e-02 9.999996281939932397e-01 9.958549499511716974e+00
3.780000000000000000e+02 8.115094863867226838e-02 9.999996281939932397e-01 9.959023666381835227e+00
3.790000000000000000e+02 7.832800204944345701e-02 9.999996281939932397e-01 9.958551406860351562e+00
3.800000000000000000e+02 7.922114606797371616e-02 9.999996281939932397e-01 9.958155822753905539e+00
3.810000000000000000e+02 7.744057618179825409e-02 9.999996281939932397e-01 9.956906509399413352e+00
3.820000000000000000e+02 7.994770348304659768e-02 9.999996281939932397e-01 9.957604789733887074e+00
3.830000000000000000e+02 7.759959787963338629e-02 9.999996281939932397e-01 9.957786369323731179e+00
3.840000000000000000e+02 7.753656951327798919e-02 9.999463421688064013e-01 9.957402038574219461e+00
3.850000000000000000e+02 7.817834597375410144e-02 9.999996281939932397e-01 9.957993698120116477e+00
3.860000000000000000e+02 8.045094402872909889e-02 9.999996281939932397e-01 9.957351112365723012e+00
3.870000000000000000e+02 8.069623278657746257e-02 9.999996281939932397e-01 9.957498931884765980e+00
3.880000000000000000e+02 7.801079646487621422e-02 9.999996281939932397e-01 9.957841682434082742e+00
3.890000000000000000e+02 7.576184470384904335e-02 9.999996281939932397e-01 9.956371688842773793e+00
3.900000000000000000e+02 7.805481856692959852e-02 9.999996281939932397e-01 9.955868911743163352e+00
3.910000000000000000e+02 7.815767953016708458e-02 9.999996281939932397e-01 9.956265449523925781e+00
3.920000000000000000e+02 7.769033567025862563e-02 9.999996281939932397e-01 9.955693244934082031e+00
3.930000000000000000e+02 7.774390525112419292e-02 9.999996281939932397e-01 9.956343841552733664e+00
3.940000000000000000e+02 7.941385280596958973e-02 9.999996281939932397e-01 9.956735992431640980e+00
3.950000000000000000e+02 7.723689872036183790e-02 9.999996281939930176e-01 9.956354141235351562e+00
3.960000000000000000e+02 7.674829477034880720e-02 9.999996281939932397e-01 9.956949806213378551e+00
3.970000000000000000e+02 7.619066711247281243e-02 9.999996281939932397e-01 9.956913185119629972e+00
3.980000000000000000e+02 7.915688217250609060e-02 9.999996281939932397e-01 9.957838249206542258e+00
