0.000000000000000000e+00 4.987330371922331362e-02 4.524993652939127142e-02 6.000966835021973367e+00
1.000000000000000000e+00 5.973835665316318960e-02 4.530094360176149110e-02 6.243153285980224787e+00
2.000000000000000000e+00 7.491185449145183750e-02 4.644567581742389123e-02 6.459593391418457564e+00
3.000000000000000000e+00 8.991212907797538345e-02 4.582500689469321681e-02 6.651026821136474254e+00
4.000000000000000000e+00 1.081354946254338562e-01 4.840934914571919101e-02 6.823433399200438565e+00
5.000000000000000000e+00 1.300099233244979002e-01 4.608155931523175153e-02 6.977380084991455789e+00
6.000000000000000000e+00 1.477510710265189930e-01 4.514412090448498976e-02 7.118330097198485973e+00
7.000000000000000000e+00 1.682651686331116392e-01 4.769204028185178301e-02 7.247926807403564098e+00
8.000000000000000000e+00 1.878560967923376401e-01 4.444543693763297609e-02 7.366386795043944780e+00
9.000000000000000000e+00 2.067525436686526719e-01 4.621647884548139851e-02 7.473516845703124467e+00
1.000000000000000000e+01 2.249229872954076892e-01 4.558073790651573365e-02 7.577810001373291193e+00
1.100000000000000000e+01 2.453865444898322701e-01 4.684701250077760032e-02 7.673073482513427912e+00
1.200000000000000000e+01 2.630722675233160279e-01 4.565675701472653863e-02 7.763873386383056463e+00
1.300000000000000000e+01 2.809558827965391581e-01 4.568275489746372736e-02 7.846463489532469637e+00
1.400000000000000000e+01 2.974664699889096320e-01 4.537335758759020871e-02 7.927270126342774503e+00
1.500000000000000000e+01 3.156311169158083629e-01 4.623091344991824003e-02 8.004003429412840376e+00
1.600000000000000000e+01 3.322168494242728753e-01 4.463466334857454226e-02 8.077050304412841442e+00
1.700000000000000000e+01 3.471841846599081349e-01 4.859317645294969346e-02 8.148576736450195312e+00
1.800000000000000000e+01 3.661753458250396331e-01 4.388818125434854056e-02 8.214190101623534801e+00
1.900000000000000000e+01 3.820222997720684743e-01 4.522764199935049717e-02 8.277966499328613281e+00
2.000000000000000000e+01 3.954289287090244631e-01 4.569182573437464284e-02 8.337720108032225852e+00
2.100000000000000000e+01 4.115981955586102692e-01 4.781652514239979890e-02 8.394880104064940340e+00
2.200000000000000000e+01 4.276495551324088207e-01 4.729276400137075870e-02 8.451846694946288707e+00
2.300000000000000000e+01 4.446123959410702708e-01 4.615084083269324622e-02 8.506480216979980469e+00
2.400000000000000000e+01 4.565652282445025190e-01 4.680353809012030575e-02 8.556756782531737215e+00
2.500000000000000000e+01 4.718872214233471585e-01 4.643038053004558408e-02 8.606000328063965199e+00
2.600000000000000000e+01 4.882862014791871097e-01 4.507106483762170906e-02 8.655113601684570668e+00
2.700000000000000000e+01 4.993024034068573314e-01 4.656432331814966408e-02 8.700579833984374289e+00
2.800000000000000000e+01 5.102407445795820173e-01 4.746998831335093316e-02 8.744490051269529829e+00
2.900000000000000000e+01 5.244002356527924791e-01 4.467010790589508173e-02 8.788063240051270597e+00
3.000000000000000000e+01 5.387404869685621378e-01 4.631858861479133671e-02 8.833086776733399148e+00
3.100000000000000000e+01 5.509322416109269094e-01 4.650586168626953676e-02 8.871123313903808594e+00
3.200000000000000000e+01 5.613415043865289666e-01 4.896379018850682135e-02 8.906216812133788352e+00
3.300000000000000000e+01 5.712492285445690543e-01 4.720919559712632996e-02 8.942596817016601918e+00
3.400000000000000000e+01 5.846580387331329343e-01 4.822846565740260272e-02 8.978646850585937145e+00
3.500000000000000000e+01 5.982332239709897692e-01 4.687788997161305288e-02 9.014753723144531605e+00
3.600000000000000000e+01 6.112575791202550235e-01 4.642617996149482618e-02 9.048573303222655184e+00
3.700000000000000000e+01 6.190507055927356728e-01 4.483512659654339400e-02 9.080036926269531961e+00
3.800000000000000000e+01 6.295202839666967920e-01 4.676809587084798658e-02 9.108496856689452414e+00
3.900000000000000000e+01 6.401413216576542498e-01 4.670476184389650565e-02 9.138886833190918324e+00
4.000000000000000000e+01 6.506536009274702659e-01 4.743676638912321802e-02 9.166936683654785867e+00
4.100000000000000000e+01 6.587999296835047591e-01 4.657379861189781672e-02 9.193566703796387074e+00
4.200000000000000000e+01 6.684246047254738254e-01 4.746348800389778300e-02 9.217916679382323508e+00
4.300000000000000000e+01 6.776598140356931976e-01 4.559985956157006776e-02 9.248556709289550426e+00
4.400000000000000000e+01 6.854621206103167497e-01 4.691893390685871607e-02 9.270070075988769531e+00
4.500000000000000000e+01 6.925040839091334277e-01 4.610609033215957303e-02 9.292536544799803622e+00
4.600000000000000000e+01 6.999729412949944329e-01 4.543820786241353771e-02 9.314016914367675426e+00
4.700000000000000000e+01 7.071409269093528183e-01 4.444316858864288955e-02 9.332719802856445312e+00
4.800000000000000000e+01 7.187620080084927698e-01 4.393494827737885744e-02 9.352276802062988281e+00
4.900000000000000000e+01 7.266493911288909313e-01 4.629864031140649289e-02 9.374086952209472301e+00
5.000000000000000000e+01 7.301443644873006900e-01 4.436296462908812660e-02 9.393893432617186789e+00
5.100000000000000000e+01 7.363062978468196684e-01 4.505682056056814488e-02 9.413626670837402344e+00
5.200000000000000000e+01 7.421383374845589298e-01 4.699467278340570264e-02 9.427870178222656605e+00
5.300000000000000000e+01 7.505635770889730329e-01 4.433151950652444717e-02 9.443506813049316051e+00
5.400000000000000000e+01 7.563376946192900130e-01 4.670986014508509560e-02 9.458373260498046164e+00
5.500000000000000000e+01 7.631103098803817542e-01 4.639728199097818695e-02 9.475296783447266336e+00
5.600000000000000000e+01 7.704436078927023868e-01 4.601254340927037056e-02 9.493186759948731179e+00
5.700000000000000000e+01 7.740866160589491285e-01 4.570708999636794584e-02 9.506456565856934660e+00
5.800000000000000000e+01 7.798711174452026551e-01 4.548040960486777334e-02 9.521013450622557883e+00
5.900000000000000000e+01 7.858444071679833165e-01 4.695748199388391497e-02 9.533200263977050781e+00
6.000000000000000000e+01 7.894054681393837258e-01 4.647308492536312424e-02 9.546196937561035156e+00
6.100000000000000000e+01 7.940212831549130490e-01 4.682230961860441715e-02 9.557276916503905539e+00
6.200000000000000000e+01 7.972281593799537269e-01 4.681796274767408700e-02 9.569043540954590199e+00
6.300000000000000000e+01 8.017615102472047672e-01 4.618778847894770140e-02 9.576983642578126066e+00
6.400000000000000000e+01 8.055787093400510468e-01 4.686823123037617278e-02 9.589403533935547230e+00
6.500000000000000000e+01 8.090608846558788869e-01 4.548289614993221430e-02 9.600370025634765270e+00
6.600000000000000000e+01 8.130460772981196182e-01 4.570067616197729526e-02 9.610019874572753196e+00
6.700000000000000000e+01 8.177709165105351286e-01 4.771449341227317065e-02 9.620760154724120383e+00
6.800000000000000000e+01 8.207604385795617130e-01 4.692835212758401237e-02 9.630109977722167258e+00
6.900000000000000000e+01 8.253678843612807237e-01 4.541627024805049845e-02 9.637460136413572798e+00
7.000000000000000000e+01 8.293666565176682770e-01 4.682834145632173983e-02 9.645610237121582387e+00
7.100000000000000000e+01 8.317995337406596246e-01 4.705130187495770028e-02 9.651530075073242898e+00
7.200000000000000000e+01 8.360823406914804634e-01 4.589158524551409379e-02 9.659243583679197442e+00
7.300000000000000000e+01 8.404074911734538134e-01 4.607414705341791178e-02 9.668693351745606179e+00
7.400000000000000000e+01 8.431697606715534699e-01 4.587422296639327712e-02 9.673780059814452770e+00
7.500000000000000000e+01 8.465934969694739465e-01 4.421667217173628345e-02 9.679916954040526988e+00
7.600000000000000000e+01 8.489082230518234518e-01 4.585623171284079758e-02 9.686783409118651988e+00
7.700000000000000000e+01 8.484837941526118810e-01 4.704952895410149244e-02 9.691956520080566406e+00
7.800000000000000000e+01 8.516539095495062606e-01 4.596659786032508688e-02 9.696909904479980469e+00
7.900000000000000000e+01 8.558165373118262753e-01 4.385224000971846975e-02 9.701736831665039418e+00
8.000000000000000000e+01 8.574213148307074928e-01 4.864042043991481656e-02 9.707506752014159801e+00
8.100000000000000000e+01 8.613307643855223628e-01 4.648994582859489882e-02 9.713943290710449929e+00
8.200000000000000000e+01 8.638850056452537229e-01 4.573939575468966706e-02 9.719800186157227628e+00
8.300000000000000000e+01 8.645120327379792746e-01 4.750528255674150296e-02 9.722716522216796164e+00
8.400000000000000000e+01 8.670728017611045724e-01 4.633232401130914224e-02 9.727586936950682883e+00
8.500000000000000000e+01 8.684005823612308550e-01 4.684923361516787205e-02 9.732010269165039418e+00
8.600000000000000000e+01 8.712335885255059198e-01 4.803733751163419968e-02 9.731983375549317472e+00
8.700000000000000000e+01 8.732305597330186631e-01 4.579373832621321666e-02 9.738346672058105113e+00
8.800000000000000000e+01 8.752127428118295915e-01 4.532039553373829605e-02 9.744780349731444247e+00
8.900000000000000000e+01 8.774742511487008123e-01 4.486525206292980850e-02 9.748799896240234020e+00
9.000000000000000000e+01 8.799615880285535097e-01 4.677000934609283622e-02 9.752433204650879262e+00
9.100000000000000000e+01 8.797192502201504061e-01 4.658221195777288715e-02 9.756286811828612571e+00
9.200000000000000000e+01 8.828412196084348684e-01 4.790256673238135060e-02 9.758146858215331676e+00
9.300000000000000000e+01 8.830829252251511940e-01 4.600608944911608461e-02 9.761140251159668324e+00
9.400000000000000000e+01 8.852577987072847154e-01 4.673133167991944115e-02 9.763483428955078480e+00
9.500000000000000000e+01 8.855193023933020102e-01 4.436531292738373627e-02 9.766356849670410512e+00
9.600000000000000000e+01 8.862583057110182683e-01 4.453376449206006282e-02 9.766866683959960938e+00
9.700000000000000000e+01 8.872047726866486572e-01 4.658214604186619590e-02 9.769883537292480824e+00
9.800000000000000000e+01 8.907680468015473085e-01 4.617129527919458520e-02 9.773483276367187500e+00
9.900000000000000000e+01 8.893348699427446880e-01 4.619570589321438797e-02 9.777320098876954191e+00
1.000000000000000000e+02 8.907377886651648424e-01 4.657143726545628221e-02 9.777806854248046520e+00
1.010000000000000000e+02 8.896712211156688754e-01 4.385611276549589849e-02 9.778996849060057173e+00
1.020000000000000000e+02 8.925370308211170167e-01 4.745745150413920727e-02 9.780606651306150923e+00
1.030000000000000000e+02 8.936191139778560943e-01 4.694078389764315407e-02 9.783000183105469816e+00
1.040000000000000000e+02 8.952182969289487202e-01 4.614751358054591107e-02 9.784503364562988637e+00
1.050000000000000000e+02 8.952002015919879874e-01 4.585580935692273180e-02 9.787916755676269176e+00
1.060000000000000000e+02 8.953740077088898630e-01 4.601298810547729129e-02 9.790853309631348367e+00
1.070000000000000000e+02 8.968188813500387324e-01 4.705446348718569927e-02 9.793100166320801492e+00
1.080000000000000000e+02 9.001618329275257180e-01 4.706590975761124757e-02 9.795563316345214488e+00
1.090000000000000000e+02 9.007985628588116578e-01 4.708911884749699545e-02 9.803463554382323863e+00
1.100000000000000000e+02 9.011884983793756465e-01 4.562990945169916740e-02 9.804906845092773438e+00
1.110000000000000000e+02 9.014637543334258485e-01 4.612908724734453292e-02 9.805823516845702414e+00
1.120000000000000000e+02 9.019013993898183923e-01 4.584128972463643453e-02 9.807956886291503196e+00
1.130000000000000000e+02 9.023087140074426138e-01 4.704489294117183279e-02 9.808686828613280895e+00
1.140000000000000000e+02 9.051363475732874253e-01 4.482947496919790359e-02 9.809223556518555043e+00
1.150000000000000000e+02 9.039689513806524745e-01 4.499908816307345710e-02 9.812713432312012429e+00
1.160000000000000000e+02 9.035803337694068293e-01 4.641605645663286761e-02 9.813733482360840199e+00
1.170000000000000000e+02 9.046962206582432886e-01 4.651681670009814168e-02 9.815073394775390980e+00
1.180000000000000000e+02 9.055753587183661413e-01 4.483096080127948330e-02 9.821066665649414773e+00
1.190000000000000000e+02 9.046904984812236261e-01 4.624492804181621480e-02 9.823130226135255327e+00
1.200000000000000000e+02 9.053028991464294739e-01 4.626868583607355451e-02 9.821553421020507102e+00
1.210000000000000000e+02 9.049044150744121051e-01 4.612213637942327860e-02 9.820950317382811434e+00
1.220000000000000000e+02 9.074338473208827249e-01 4.603953977577832091e-02 9.820230293273924715e+00
1.230000000000000000e+02 9.073360788943215516e-01 4.612701227487995409e-02 9.821690177917480113e+00
1.240000000000000000e+02 9.091931510355522050e-01 4.528668649352176473e-02 9.823243713378905895e+00
1.250000000000000000e+02 9.087808688791881861e-01 4.739759229318943334e-02 9.825373458862305398e+00
1.260000000000000000e+02 9.084854280777284741e-01 4.505111059695064007e-02 9.830546760559080610e+00
1.270000000000000000e+02 9.097795120317387907e-01 4.592041241964457676e-02 9.831879997253416548e+00
1.280000000000000000e+02 9.103095741102797955e-01 4.663490401906691951e-02 9.833970069885253906e+00
1.290000000000000000e+02 9.097495844157895695e-01 4.676516165769119965e-02 9.835976791381837003e+00
1.300000000000000000e+02 9.107507845472088137e-01 4.732378111353351124e-02 9.836890220642089844e+00
1.310000000000000000e+02 9.123892137467015662e-01 4.719989943217363371e-02 9.836336898803709872e+00
1.320000000000000000e+02 9.105154599037419416e-01 4.456182103953166412e-02 9.837466812133788707e+00
1.330000000000000000e+02 9.108177545832953914e-01 4.658276985504461454e-02 9.835726737976074219e+00
1.340000000000000000e+02 9.115518913561218017e-01 4.615581421669182061e-02 9.839723396301270242e+00
1.350000000000000000e+02 9.123660523830138258e-01 4.566027302127847326e-02 9.838936805725097656e+00
1.360000000000000000e+02 9.135808320053755427e-01 4.672731627831391843e-02 9.841800117492676137e+00
1.370000000000000000e+02 9.145285533458021865e-01 4.618132785844742544e-02 9.843376922607422586e+00
1.380000000000000000e+02 9.139968213136100417e-01 4.678113332565358995e-02 9.843346595764160156e+00
1.390000000000000000e+02 9.138453868696722049e-01 4.682747387526656202e-02 9.843779945373533735e+00
1.400000000000000000e+02 9.137169847788434440e-01 4.641839562332105568e-02 9.843113517761230113e+00
1.410000000000000000e+02 9.135311739002783815e-01 4.432785046416243269e-02 9.844790077209472301e+00
1.420000000000000000e+02 9.135807584025904537e-01 4.642909084941083953e-02 9.846256637573242543e+00
1.430000000000000000e+02 9.124573366105583894e-01 4.614913130036458339e-02 9.847123336791991477e+00
1.440000000000000000e+02 9.127589068049418719e-01 4.588678838091765633e-02 9.847036933898925426e+00
1.450000000000000000e+02 9.133259882728357315e-01 4.636994388010966944e-02 9.850593376159666903e+00
1.460000000000000000e+02 9.126539223383351995e-01 4.812903254714414464e-02 9.850366783142090910e+00
1.470000000000000000e+02 9.140620523879893211e-01 4.697357532772426097e-02 9.847910118103026633e+00
1.480000000000000000e+02 9.149068479381530228e-01 4.660353107781518150e-02 9.847166633605956676e+00
1.490000000000000000e+02 9.154942414389836136e-01 4.462114036191446725e-02 9.848236656188964488e+00
1.500000000000000000e+02 9.169105373567574269e-01 4.422996506186040871e-02 9.850100135803222301e+00
1.510000000000000000e+02 9.154784509290689876e-01 4.644619965751088653e-02 9.851706695556639914e+00
1.520000000000000000e+02 9.162383295495910573e-01 4.552729622577569857e-02 9.851840019226074219e+00
1.530000000000000000e+02 9.152844455784787669e-01 4.539516836221607621e-02 9.851003456115723367e+00
1.540000000000000000e+02 9.173066679044353799e-01 4.641890101760404869e-02 9.845849990844726562e+00
1.550000000000000000e+02 9.168540492736563241e-01 4.426959714038266464e-02 9.846893501281737571e+00
1.560000000000000000e+02 9.173625237225047080e-01 4.775271060063529527e-02 9.843280029296876066e+00
1.570000000000000000e+02 9.170429141918429172e-01 4.654341267245616642e-02 9.843680000305175426e+00
1.580000000000000000e+02 9.157941176988301235e-01 4.519220915434171704e-02 9.844289970397950285e+00
1.590000000000000000e+02 9.155642601425000304e-01 4.499125513935924026e-02 9.845640182495117188e+00
1.600000000000000000e+02 9.147050961483714770e-01 4.734626724038533407e-02 9.846540069580077770e+00
1.610000000000000000e+02 9.165035102641158060e-01 4.851009665191733516e-02 9.846283340454101918e+00
1.620000000000000000e+02 9.160011570445560913e-01 4.537356697550202350e-02 9.843823432922361505e+00
1.630000000000000000e+02 9.174940695433120297e-01 4.464035191771987404e-02 9.846326637268067117e+00
1.640000000000000000e+02 9.187641359256312201e-01 4.666151606752912129e-02 9.844856834411620738e+00
1.650000000000000000e+02 9.190586726835816567e-01 4.745402687741438752e-02 9.845326805114746449e+00
1.660000000000000000e+02 9.195269126269718374e-01 4.462621469742041741e-02 9.845843315124511719e+00
1.670000000000000000e+02 9.179485351488565481e-01 4.590094952682904905e-02 9.847513198852537286e+00
1.680000000000000000e+02 9.197395474304591589e-01 4.452003154404805124e-02 9.846260070800781250e+00
1.690000000000000000e+02 9.206430162160754715e-01 4.647135114779252230e-02 9.848233413696288352e+00
1.700000000000000000e+02 9.198101667162897899e-01 4.615416215814895778e-02 9.851876640319824574e+00
1.710000000000000000e+02 9.195755761508564996e-01 4.376407989887720618e-02 9.855036735534667969e+00
1.720000000000000000e+02 9.198503069236283469e-01 4.638734047947209310e-02 9.853690147399902344e+00
1.730000000000000000e+02 9.206820947703393543e-01 4.509795510590881851e-02 9.853140068054198508e+00
1.740000000000000000e+02 9.204674350404631333e-01 4.761002084882405561e-02 9.854620170593261008e+00
1.750000000000000000e+02 9.219278606596430503e-01 4.526371415659711378e-02 9.857456779479980113e+00
1.760000000000000000e+02 9.213035794535372469e-01 4.542829642992043948e-02 9.857063484191893821e+00
1.770000000000000000e+02 9.210548014823799479e-01 4.579561879790811085e-02 9.854693412780761719e+00
1.780000000000000000e+02 9.203316288257651356e-01 4.517241624131185934e-02 9.852693367004395242e+00
1.790000000000000000e+02 9.199420937611392235e-01 4.617478568646270903e-02 9.853910255432129617e+00
1.800000000000000000e+02 9.199159222012519566e-01 4.625039574004097959e-02 9.856686401367188211e+00
1.810000000000000000e+02 9.190457281442018234e-01 4.424153304906367629e-02 9.853970146179198863e+00
1.820000000000000000e+02 9.196900439996945620e-01 4.720799846370581088e-02 9.852820014953612926e+00
1.830000000000000000e+02 9.194723173485689349e-01 4.510507376968190402e-02 9.853460121154784090e+00
1.840000000000000000e+02 9.183716749427995873e-01 4.389002195161415681e-02 9.853363609313964488e+00
1.850000000000000000e+02 9.174020727068586956e-01 4.497629327255266846e-02 9.853423500061033735e+00
1.860000000000000000e+02 9.183076665982541353e-01 4.690749525886814958e-02 9.853956794738769176e+00
1.870000000000000000e+02 9.191028453690012201e-01 4.674603142921054943e-02 9.855126571655272727e+00
1.880000000000000000e+02 9.193009534867894184e-01 4.400702679116690053e-02 9.855163192749023082e+00
1.890000000000000000e+02 9.194521967810798113e-01 4.777542215864109820e-02 9.853579902648926137e+00
1.900000000000000000e+02 9.196772088621490981e-01 4.630665573110875205e-02 9.854666709899902344e+00
1.910000000000000000e+02 9.199210802074757609e-01 4.776257087113514044e-02 9.855313491821288352e+00
1.920000000000000000e+02 9.197245062806026494e-01 4.699634276625772739e-02 9.853783416748047586e+00
1.930000000000000000e+02 9.194754026725857621e-01 4.557790183989734317e-02 9.853590011596679688e+00
1.940000000000000000e+02 9.187016261446383503e-01 4.476061453246679006e-02 9.850289916992187145e+00
1.950000000000000000e+02 9.202220933308435935e-01 4.742859696508911621e-02 9.854956626892089844e+00
1.960000000000000000e+02 9.199486032134431834e-01 4.586336601553177295e-02 9.857970046997069247e+00
1.970000000000000000e+02 9.193320687330229779e-01 4.486060595897229525e-02 9.859130096435546164e+00
1.980000000000000000e+02 9.198968954208750493e-01 4.678174735103636517e-02 9.858980178833007812e+00
1.990000000000000000e+02 9.197404680851113401e-01 4.651639590927401230e-02 9.857600021362305398e+00
2.000000000000000000e+02 9.090470366758143239e-01 5.021938601494779775e-02 5.954186725616454900e+00
2.010000000000000000e+02 8.913534333956222300e-01 6.122350585716197779e-02 6.189566802978515803e+00
2.020000000000000000e+02 8.688620883968262154e-01 7.597018449152279085e-02 6.405286693572998402e+00
2.030000000000000000e+02 8.415632523214012783e-01 9.461475607102465268e-02 6.599260044097900568e+00
2.040000000000000000e+02 8.114181629848711275e-01 1.123146411660471827e-01 6.771210098266601030e+00
2.050000000000000000e+02 7.807611920022931029e-01 1.329315679343494594e-01 6.926459980010987394e+00
2.060000000000000000e+02 7.524648610206082777e-01 1.507185090822309725e-01 7.068416786193847834e+00
2.070000000000000000e+02 7.183664397397511170e-01 1.718251499902141433e-01 7.194936752319335938e+00
2.080000000000000000e+02 6.869748733101275207e-01 1.923488708741937780e-01 7.313393402099608309e+00
2.090000000000000000e+02 6.601410222959028795e-01 2.134124705576914971e-01 7.422983360290526633e+00
2.100000000000000000e+02 6.302762012883336151e-01 2.303940426295981725e-01 7.522900104522705078e+00
2.110000000000000000e+02 6.046075175419447501e-01 2.504926792159029580e-01 7.615609931945801492e+00
2.120000000000000000e+02 5.797871988225662410e-01 2.689116511827980838e-01 7.700376796722411932e+00
2.130000000000000000e+02 5.553734991755713279e-01 2.885012118712876883e-01 7.787356758117676137e+00
2.140000000000000000e+02 5.306108067840226150e-01 3.049422621128757283e-01 7.866570186614990412e+00
2.150000000000000000e+02 5.097617339508604406e-01 3.236339722723249879e-01 7.941809940338133700e+00
2.160000000000000000e+02 4.897740755633471221e-01 3.386240158946175471e-01 8.013873386383057351e+00
2.170000000000000000e+02 4.682282817741693637e-01 3.586766428099995574e-01 8.083166694641112926e+00
2.180000000000000000e+02 4.466773840828019426e-01 3.727935778933149646e-01 8.149520111083983664e+00
2.190000000000000000e+02 4.287374834092369524e-01 3.884215736804217389e-01 8.212123489379882457e+00
2.200000000000000000e+02 4.117463551742897021e-01 4.055625355915007946e-01 8.269579887390136719e+00
2.210000000000000000e+02 3.952237762385472641e-01 4.186103359568691951e-01 8.327646636962889204e+00
2.220000000000000000e+02 3.793933588124542844e-01 4.322366774388252120e-01 8.383476829528808238e+00
2.230000000000000000e+02 3.630945630877723262e-01 4.475126580436932788e-01 8.437736701965331321e+00
2.240000000000000000e+02 3.495124937424616274e-01 4.644717031166260557e-01 8.487433624267577414e+00
2.250000000000000000e+02 3.342856585686286297e-01 4.774657649177463936e-01 8.537953567504882102e+00
2.260000000000000000e+02 3.215455984045038074e-01 4.905539308659290776e-01 8.585460090637207387e+00
2.270000000000000000e+02 3.092557590986813043e-01 5.040013429081083851e-01 8.631523513793945668e+00
2.280000000000000000e+02 2.975164529210602149e-01 5.177064043617547462e-01 8.675173568725584872e+00
2.290000000000000000e+02 2.864797708359698158e-01 5.348437226790383470e-01 8.716083526611328125e+00
2.300000000000000000e+02 2.747309478936979521e-01 5.445778020053958501e-01 8.756356620788574574e+00
2.310000000000000000e+02 2.653762705598664562e-01 5.574986187580363017e-01 8.792620086669920454e+00
2.320000000000000000e+02 2.555613603066941297e-01 5.679155296326604541e-01 8.829753303527832387e+00
2.330000000000000000e+02 2.448521961811085668e-01 5.782329776441621494e-01 8.865039825439453125e+00
2.340000000000000000e+02 2.381059428902657926e-01 5.904038976853167586e-01 8.902120018005371449e+00
2.350000000000000000e+02 2.266137233149718433e-01 6.025490299905623681e-01 8.933703613281251066e+00
2.360000000000000000e+02 2.202356648811788775e-01 6.118885285714029676e-01 8.967343521118163352e+00
2.370000000000000000e+02 2.120844221822950904e-01 6.230741880930095178e-01 9.000430107116699219e+00
2.380000000000000000e+02 2.058089040100529732e-01 6.328002285431175711e-01 9.028380012512206676e+00
2.390000000000000000e+02 1.981240949267258911e-01 6.446174259170891485e-01 9.056076812744139559e+00
2.400000000000000000e+02 1.917250928226687245e-01 6.523721141544878144e-01 9.083026885986328125e+00
2.410000000000000000e+02 1.842540612115823595e-01 6.630837141831561476e-01 9.106180000305174715e+00
2.420000000000000000e+02 1.771735298036275497e-01 6.690923107275988935e-01 9.131310272216797586e+00
2.430000000000000000e+02 1.710470361887068136e-01 6.785012790917801517e-01 9.155540084838866832e+00
2.440000000000000000e+02 1.647285683277426860e-01 6.870105773133490246e-01 9.180316734313965554e+00
2.450000000000000000e+02 1.610797355194283076e-01 6.943523123149456522e-01 9.199133300781250355e+00
2.460000000000000000e+02 1.545214774253050871e-01 7.024471895753306994e-01 9.219913482666015625e+00
2.470000000000000000e+02 1.509128482455242837e-01 7.106231550286750132e-01 9.239813423156737926e+00
2.480000000000000000e+02 1.450506568396812135e-01 7.155358010010733905e-01 9.259510040283203125e+00
2.490000000000000000e+02 1.413607462264474535e-01 7.243869505612348103e-01 9.280116462707519887e+00
2.500000000000000000e+02 1.366912631782726817e-01 7.317483385442524746e-01 9.299903488159179332e+00
2.510000000000000000e+02 1.367100437404447921e-01 7.394582264251676751e-01 9.319203376770019531e+00
2.520000000000000000e+02 1.281612416747874850e-01 7.466698958925561680e-01 9.335263633728027699e+00
2.530000000000000000e+02 1.270139933984610336e-01 7.521045832088706362e-01 9.349383354187011719e+00
2.540000000000000000e+02 1.221194130937437727e-01 7.586067650069410195e-01 9.364643478393553266e+00
2.550000000000000000e+02 1.214694093766058025e-01 7.626978412108849081e-01 9.377920150756835938e+00
2.560000000000000000e+02 1.164409127769814728e-01 7.703019121635515942e-01 9.392399978637696378e+00
2.570000000000000000e+02 1.130056239334051721e-01 7.751538188783031469e-01 9.407713508605956676e+00
2.580000000000000000e+02 1.096265597764446292e-01 7.814686916123978477e-01 9.419546890258789773e+00
2.590000000000000000e+02 1.075131764684403440e-01 7.857980820209335970e-01 9.430280113220215199e+00
2.600000000000000000e+02 1.039748470889038240e-01 7.881512489644451058e-01 9.439940261840819247e+00
2.610000000000000000e+02 1.021764550883370731e-01 7.910917990668360211e-01 9.449309921264648082e+00
2.620000000000000000e+02 9.830132419269915767e-02 8.014597199828757956e-01 9.457540130615234020e+00
2.630000000000000000e+02 9.709348558836645993e-02 8.036697706871169800e-01 9.469486808776855113e+00
2.640000000000000000e+02 9.611765174696772218e-02 8.089245954862392951e-01 9.478620147705077770e+00
2.650000000000000000e+02 9.101961822386916978e-02 8.107830728111086183e-01 9.488763236999510298e+00
2.660000000000000000e+02 9.214177072285086034e-02 8.178936626993322800e-01 9.502430343627930043e+00
2.670000000000000000e+02 8.841888042914278212e-02 8.216409859390484405e-01 9.508856773376464844e+00
2.680000000000000000e+02 8.699145797073090658e-02 8.255668533437754419e-01 9.517650032043457387e+00
2.690000000000000000e+02 8.608150828696579937e-02 8.293881929221631477e-01 9.528700065612792258e+00
2.700000000000000000e+02 8.526868007791253701e-02 8.329936520988073800e-01 9.538940238952637429e+00
2.710000000000000000e+02 8.385763778291906168e-02 8.351467826776991510e-01 9.547733497619628196e+00
2.720000000000000000e+02 8.154302901934958048e-02 8.382643295417050444e-01 9.554743385314941051e+00
2.730000000000000000e+02 8.056086107653975814e-02 8.400956077587039550e-01 9.561656761169432528e+00
2.740000000000000000e+02 7.884562868211270059e-02 8.448631209473126402e-01 9.566443443298339844e+00
2.750000000000000000e+02 7.723394976327707662e-02 8.466209957124102292e-01 9.572706794738769176e+00
2.760000000000000000e+02 7.445080216637410542e-02 8.515887748357959808e-01 9.582333374023436434e+00
2.770000000000000000e+02 7.117112067539653475e-02 8.521791600013328694e-01 9.590953636169432528e+00
2.780000000000000000e+02 7.379356712632351156e-02 8.552267746742620025e-01 9.596479988098144176e+00
2.790000000000000000e+02 7.397083121292764851e-02 8.566532671723077197e-01 9.601313400268553622e+00
2.800000000000000000e+02 6.860754966651752551e-02 8.604026667884987489e-01 9.608493614196776278e+00
2.810000000000000000e+02 6.954812277907193585e-02 8.635928095565439389e-01 9.613916778564453480e+00
2.820000000000000000e+02 6.784043565605431259e-02 8.642613767588591678e-01 9.620310211181640980e+00
2.830000000000000000e+02 6.686550847907780926e-02 8.674539284983374676e-01 9.626170158386230469e+00
2.840000000000000000e+02 6.626628444738011381e-02 8.692464458777015013e-01 9.630356788635253906e+00
2.850000000000000000e+02 6.630289790100661607e-02 8.685922020716626557e-01 9.632906723022459872e+00
2.860000000000000000e+02 6.597105718080041592e-02 8.722081226940827658e-01 9.640340042114257102e+00
2.870000000000000000e+02 6.395587561028198698e-02 8.740218046412185915e-01 9.643353652954100852e+00
2.880000000000000000e+02 6.408125097975611584e-02 8.720271630555530562e-01 9.646313476562500711e+00
2.890000000000000000e+02 6.457939951575386583e-02 8.757610205875276943e-01 9.646853446960449219e+00
2.900000000000000000e+02 6.444525763366855398e-02 8.772743128025961568e-01 9.653269958496094816e+00
2.910000000000000000e+02 6.288631661005873730e-02 8.786628968214533764e-01 9.660553550720214488e+00
2.920000000000000000e+02 6.063448793743880100e-02 8.814626885929960354e-01 9.665060043334960938e+00
2.930000000000000000e+02 5.827782369740697188e-02 8.807440706721680890e-01 9.666589927673339133e+00
2.940000000000000000e+02 5.797774755394766860e-02 8.832372628958514715e-01 9.671406745910644531e+00
2.950000000000000000e+02 5.681441472584321944e-02 8.844810889670868814e-01 9.672070312500000711e+00
2.960000000000000000e+02 5.832062525447356122e-02 8.846106651920387920e-01 9.675913238525390980e+00
2.970000000000000000e+02 5.763731868550160675e-02 8.879265387588491931e-01 9.676200294494629262e+00
2.980000000000000000e+02 5.512038208805866701e-02 8.868087599847864766e-01 9.680090332031250355e+00
2.990000000000000000e+02 5.745806585185839893e-02 8.893965573112825318e-01 9.682859992980956676e+00
3.000000000000000000e+02 5.759724972915844510e-02 8.885323555518297445e-01 9.685383415222167613e+00
3.010000000000000000e+02 5.571756101114368198e-02 8.911428571041213331e-01 9.689003372192381391e+00
3.020000000000000000e+02 5.487954818854888506e-02 8.910444639658302579e-01 9.689053535461424005e+00
3.030000000000000000e+02 5.445856242660760543e-02 8.924398671444849773e-01 9.690823554992677558e+00
3.040000000000000000e+02 5.355137790954358351e-02 8.945374002464022700e-01 9.691223335266112571e+00
3.050000000000000000e+02 5.196528257107629195e-02 8.950370733665889977e-01 9.690203475952149148e+00
3.060000000000000000e+02 5.611657947678251601e-02 8.953969711211410276e-01 9.691886520385741832e+00
3.070000000000000000e+02 5.295877961899662228e-02 8.965084984851215966e-01 9.695156669616698863e+00
3.080000000000000000e+02 5.501162397840049512e-02 8.959330272904231229e-01 9.697763252258299715e+00
3.090000000000000000e+02 5.308331438932407248e-02 8.960651050867702860e-01 9.701250076293945312e+00
3.100000000000000000e+02 5.210623931273678650e-02 8.983952983575098639e-01 9.702400207519531250e+00
3.110000000000000000e+02 5.240012644956103249e-02 8.979074563048504709e-01 9.706916618347166903e+00
3.120000000000000000e+02 5.124969052142841486e-02 9.016816155210567452e-01 9.708793449401856179e+00
3.130000000000000000e+02 5.173135109175525798e-02 9.021913094287830059e-01 9.713533401489257812e+00
3.140000000000000000e+02 5.287790465080240143e-02 9.029584962201544496e-01 9.716750144958496094e+00
3.150000000000000000e+02 5.182130219175874047e-02 9.039528924413735567e-01 9.721110153198242898e+00
3.160000000000000000e+02 4.998488603543355807e-02 9.064665486716101395e-01 9.723600006103517046e+00
3.170000000000000000e+02 5.052617441492801564e-02 9.076143529130276111e-01 9.725213432312012074e+00
3.180000000000000000e+02 5.098459023415589236e-02 9.066654070483510797e-01 9.726156616210937855e+00
3.190000000000000000e+02 5.002555377204811332e-02 9.095747944975666188e-01 9.727710151672363637e+00
3.200000000000000000e+02 4.941605449706507058e-02 9.099638175694263476e-01 9.726289939880370383e+00
3.210000000000000000e+02 4.857512050590477581e-02 9.099064820208039306e-01 9.729050254821776988e+00
3.220000000000000000e+02 4.923487554364294055e-02 9.115339767094043921e-01 9.730273437500001066e+00
3.230000000000000000e+02 4.878403660993069213e-02 9.120337812896531782e-01 9.733253288269043679e+00
3.240000000000000000e+02 4.687031327098142852e-02 9.133596647261895685e-01 9.731413269042969105e+00
3.250000000000000000e+02 4.828152689736204400e-02 9.131910079126183133e-01 9.735199928283691406e+00
3.260000000000000000e+02 4.915041908705505835e-02 9.137881991984615482e-01 9.735803604125976562e+00
3.270000000000000000e+02 4.835293817377972481e-02 9.126398062237213171e-01 9.736413574218749645e+00
3.280000000000000000e+02 4.999669250260901227e-02 9.146443397447843182e-01 9.738126754760743964e+00
3.290000000000000000e+02 4.953711126001142384e-02 9.157839134525185276e-01 9.740460205078123934e+00
3.300000000000000000e+02 4.902799049008471632e-02 9.163650214226591872e-01 9.743006706237792969e+00
3.310000000000000000e+02 4.823535277629885376e-02 9.171390849676803736e-01 9.745609855651855113e+00
3.320000000000000000e+02 4.688852806823524261e-02 9.178764239904818600e-01 9.746453285217285156e+00
3.330000000000000000e+02 4.754578419595360816e-02 9.179654177841143348e-01 9.748113250732421520e+00
3.340000000000000000e+02 4.905897450007712379e-02 9.185409972600329098e-01 9.748266792297362926e+00
3.350000000000000000e+02 4.912693397754079594e-02 9.180703116970209132e-01 9.746393394470215910e+00
3.360000000000000000e+02 4.853106021756707633e-02 9.188170270020791230e-01 9.746300125122070668e+00
3.370000000000000000e+02 4.658497189262217342e-02 9.196716084186969953e-01 9.745243453979492543e+00
3.380000000000000000e+02 4.766660693541095728e-02 9.207593483386738997e-01 9.749783325195311434e+00
3.390000000000000000e+02 4.652543023351785045e-02 9.200673041799550811e-01 9.747246932983399503e+00
3.400000000000000000e+02 4.544532722586949042e-02 9.191936988587364743e-01 9.744993209838867188e+00
3.410000000000000000e+02 4.592182335511420938e-02 9.197656574673328533e-01 9.748176956176758168e+00
3.420000000000000000e+02 4.610648847120302207e-02 9.177458478017846977e-01 9.748466682434083097e+00
3.430000000000000000e+02 4.733885270426423791e-02 9.186449749974630041e-01 9.747940254211425071e+00
3.440000000000000000e+02 4.629465757075040822e-02 9.192519170982574872e-01 9.747703361511229403e+00
3.450000000000000000e+02 4.776156620108355094e-02 9.194340855626528253e-01 9.745413208007811079e+00
3.460000000000000000e+02 4.630769268797905319e-02 9.194230860024826812e-01 9.748733520507812500e+00
3.470000000000000000e+02 4.620505409536305313e-02 9.209167637432370546e-01 9.748616790771484020e+00
3.480000000000000000e+02 4.797014003615684280e-02 9.201139924958238181e-01 9.749933242797851562e+00
3.490000000000000000e+02 4.543763895392061852e-02 9.191490540817217614e-01 9.749880027770995383e+00
3.500000000000000000e+02 4.594107849522860443e-02 9.181490747336926717e-01 9.749836730957030184e+00
3.510000000000000000e+02 4.519016217097547583e-02 9.196250823750343750e-01 9.747853469848632102e+00
3.520000000000000000e+02 4.437610075365339829e-02 9.199914533342821166e-01 9.750853538513183594e+00
3.530000000000000000e+02 4.462576227173294108e-02 9.206289286078241929e-01 9.753296661376952059e+00
3.540000000000000000e+02 4.882316809544627600e-02 9.208572662577473311e-01 9.754259872436524148e+00
3.550000000000000000e+02 4.632783115076714864e-02 9.194009583688489418e-01 9.751660156249998934e+00
3.560000000000000000e+02 4.548467906218123941e-02 9.203516114288917693e-01 9.752416801452636008e+00
3.570000000000000000e+02 4.689616019792243462e-02 9.214048546185906741e-01 9.752033424377440696e+00
3.580000000000000000e+02 4.423923199843236842e-02 9.207172335995968959e-01 9.753630065917969105e+00
3.590000000000000000e+02 4.663969067642879940e-02 9.206594729254284903e-01 9.752906608581543679e+00
3.600000000000000000e+02 4.605289362577274365e-02 9.213331501751792496e-01 9.751113510131835582e+00
3.610000000000000000e+02 4.630087483661686487e-02 9.217514160543577306e-01 9.751766777038573863e+00
3.620000000000000000e+02 4.636567357588966543e-02 9.214196342323307531e-01 9.754403495788574574e+00
3.630000000000000000e+02 4.740532273060169000e-02 9.207710895569153342e-01 9.753630065917969105e+00
3.640000000000000000e+02 4.577732739005210133e-02 9.214336867163432920e-01 9.755710220336913707e+00
3.650000000000000000e+02 4.663492106541369808e-02 9.209026113573706152e-01 9.755103492736816762e+00
3.660000000000000000e+02 4.616033238163852470e-02 9.214711969566660166e-01 9.753146553039551137e+00
3.670000000000000000e+02 4.543073255992571835e-02 9.197851233436938889e-01 9.750037002563475497e+00
3.680000000000000000e+02 4.742153722958467044e-02 9.210541979226409826e-01 9.746866798400878551e+00
3.690000000000000000e+02 4.724884629239173295e-02 9.217896754426685435e-01 9.744483375549316762e+00
3.700000000000000000e+02 4.623998420634718026e-02 9.221055381946919871e-01 9.747669982910156961e+00
3.710000000000000000e+02 4.606717843860183570e-02 9.214240161588630462e-01 9.749956703186034801e+00
3.720000000000000000e+02 4.654628155825885072e-02 9.228993286471913748e-01 9.749293518066405539e+00
3.730000000000000000e+02 4.619049889965398670e-02 9.223790788768475579e-01 9.747633361816406605e+00
3.740000000000000000e+02 4.343024125706803490e-02 9.229955486073256887e-01 9.747266769409179688e+00
3.750000000000000000e+02 4.398282235853610139e-02 9.239070885613277495e-01 9.748113250732421520e+00
3.760000000000000000e+02 4.580755035532044217e-02 9.228398620227845628e-01 9.748473358154296164e+00
3.770000000000000000e+02 4.687422124003893381e-02 9.239485779210622196e-01 9.748380088806152699e+00
3.780000000000000000e+02 4.701075014289661513e-02 9.216432025940021200e-01 9.750016784667968395e+00
3.790000000000000000e+02 4.712677784673725140e-02 9.219154422771677071e-01 9.749476814270019887e+00
3.800000000000000000e+02 4.427626378192241197e-02 9.210868680442138023e-01 9.748876762390136008e+00
3.810000000000000000e+02 4.560554602223994974e-02 9.223013585520964952e-01 9.746743583679199574e+00
3.820000000000000000e+02 4.538013698995813083e-02 9.232838924580425433e-01 9.747546958923338778e+00
3.830000000000000000e+02 4.415730137341454531e-02 9.228937446040875736e-01 9.746749877929687500e+00
3.840000000000000000e+02 4.476544593483589018e-02 9.231110465060181625e-01 9.749600219726563211e+00
3.850000000000000000e+02 4.429134458612473541e-02 9.224195787068778518e-01 9.750763320922851918e+00
3.860000000000000000e+02 4.470206621437378125e-02 9.241165062696190535e-01 9.751366806030274503e+00
3.870000000000000000e+02 4.712861215046643820e-02 9.233864070922989109e-01 9.750763320922850141e+00
3.880000000000000000e+02 4.560899831391699438e-02 9.217795248114865059e-01 9.751310157775879617e+00
3.890000000000000000e+02 4.341120848899118756e-02 9.233392404403718556e-01 9.751570129394529829e+00
3.900000000000000000e+02 4.545133821123158863e-02 9.238491426223103264e-01 9.748933601379395242e+00
3.910000000000000000e+02 4.696942491502163058e-02 9.240783305072344245e-01 9.746676445007324219e+00
3.920000000000000000e+02 4.399797422853053003e-02 9.240326054830200198e-01 9.749150085449217684e+00
3.930000000000000000e+02 4.764508518577859064e-02 9.244237127834057377e-01 9.750216674804686789e+00
3.940000000000000000e+02 4.470713973969024646e-02 9.254484107539205917e-01 9.749400138854980469e+00
3.950000000000000000e+02 4.458635865267565612e-02 9.225953794004679853e-01 9.749850082397461648e+00
3.960000000000000000e+02 4.451266087623648865e-02 9.226195340321048377e-01 9.752466583251953480e+00
3.970000000000000000e+02 4.497840327980864167e-02 9.234282523932554332e-01 9.752856445312499289e+00
3.980000000000000000e+02 4.661224983827925994e-02 9.244444782721028542e-01 9.755510139465330965e+00
