0.000000000000000000e+00 1.513950539731291622e-01 7.488693072845574450e-02 6.004626655578613637e+00
1.000000000000000000e+00 2.769897021202745169e-01 7.569246146350058768e-02 6.347516345977782137e+00
2.000000000000000000e+00 3.667271691777816978e-01 7.531754178466378014e-02 6.644419288635253551e+00
3.000000000000000000e+00 4.135567320214652010e-01 7.362809922196351942e-02 6.906966590881348012e+00
4.000000000000000000e+00 4.342382340950516895e-01 7.260443957255939551e-02 7.139805793762207031e+00
5.000000000000000000e+00 4.612585076408334261e-01 7.167552709691012158e-02 7.350474548339843039e+00
6.000000000000000000e+00 4.892178362396264468e-01 6.987686854186693497e-02 7.540808582305908558e+00
7.000000000000000000e+00 5.271317482374109353e-01 7.492892724791366810e-02 7.713538837432861506e+00
8.000000000000000000e+00 5.681060243429377765e-01 7.143378703839875499e-02 7.871149539947509766e+00
9.000000000000000000e+00 6.112429541951661660e-01 7.327673229934335286e-02 8.013922691345214844e+00
1.000000000000000000e+01 6.524092513096790835e-01 7.176683801348922309e-02 8.144818496704102628e+00
1.100000000000000000e+01 6.897517433671890297e-01 7.233539572758675151e-02 8.265041160583496804e+00
1.200000000000000000e+01 7.230145765396697177e-01 7.055398519832427329e-02 8.376274871826172586e+00
1.300000000000000000e+01 7.517451894204730811e-01 7.276447313890423152e-02 8.478731346130372160e+00
1.400000000000000000e+01 7.790594183288830354e-01 7.193822750643399933e-02 8.572900581359863992e+00
1.500000000000000000e+01 8.043879158191711287e-01 7.229742916656035912e-02 8.660684204101562145e+00
1.600000000000000000e+01 8.259325244638794361e-01 7.180293992467977338e-02 8.742117881774902344e+00
1.700000000000000000e+01 8.452185364878337381e-01 7.406057487864264877e-02 8.817816162109375355e+00
1.800000000000000000e+01 8.635154299703392544e-01 7.318641542545654965e-02 8.889031791687012074e+00
1.900000000000000000e+01 8.788341449289882590e-01 7.297898482765265149e-02 8.955456924438477628e+00
2.000000000000000000e+01 8.954351705772308767e-01 7.326267294417641851e-02 9.017299842834471946e+00
2.100000000000000000e+01 9.076598374578347395e-01 7.146635399407927358e-02 9.075895500183106535e+00
2.200000000000000000e+01 9.199856086526428944e-01 7.492233469832138004e-02 9.130329895019531961e+00
2.300000000000000000e+01 9.298450993950253540e-01 7.430845154546346365e-02 9.181773948669434304e+00
2.400000000000000000e+01 9.383544581368875592e-01 7.490768096262719056e-02 9.230504035949707031e+00
2.500000000000000000e+01 9.468324089284243517e-01 7.552191587219794777e-02 9.276326370239258878e+00
2.600000000000000000e+01 9.544372670109222412e-01 7.429174461981606636e-02 9.319148635864257457e+00
2.700000000000000000e+01 9.616360198927287328e-01 7.278780270288288945e-02 9.358363533020019887e+00
2.800000000000000000e+01 9.659948755513122487e-01 7.369119143793624593e-02 9.396870231628417613e+00
2.900000000000000000e+01 9.715550911299688508e-01 7.359584635775823225e-02 9.433071899414063211e+00
3.000000000000000000e+01 9.749926590869846255e-01 7.415367789253486663e-02 9.467553329467772727e+00
3.100000000000000000e+01 9.801660939516385618e-01 7.116129195997966672e-02 9.499813079833984375e+00
3.200000000000000000e+01 9.836272190350573430e-01 7.302736952018049066e-02 9.529857254028321734e+00
3.300000000000000000e+01 9.864674262724838494e-01 7.270365719484064848e-02 9.559129142761230824e+00
3.400000000000000000e+01 9.882240368094119543e-01 7.275720307635084871e-02 9.586114692687987215e+00
3.500000000000000000e+01 9.896479538997484671e-01 7.500419221125835534e-02 9.612365722656250000e+00
3.600000000000000000e+01 9.916049140009698393e-01 7.263017716579833749e-02 9.636441802978515270e+00
3.700000000000000000e+01 9.937659792419843985e-01 7.369602757601841081e-02 9.659017181396485796e+00
3.800000000000000000e+01 9.944693474802791533e-01 7.610075355756767967e-02 9.679995918273926137e+00
3.900000000000000000e+01 9.955609640454062825e-01 7.303691562891731492e-02 9.699152755737305398e+00
4.000000000000000000e+01 9.960181466044479848e-01 7.376223982579335758e-02 9.717373847961424005e+00
4.100000000000000000e+01 9.976579496582661521e-01 7.250502144735321286e-02 9.735144042968750355e+00
4.200000000000000000e+01 9.979260568677712495e-01 7.311527187029485952e-02 9.751772308349609730e+00
4.300000000000000000e+01 9.982661060553147392e-01 7.501676963313964885e-02 9.767064476013183949e+00
4.400000000000000000e+01 9.983818187838258140e-01 7.310115612805957730e-02 9.781577491760254262e+00
4.500000000000000000e+01 9.987248652772204860e-01 7.469345466948379419e-02 9.794750595092773793e+00
4.600000000000000000e+01 9.990473277207669867e-01 7.302814061958989855e-02 9.807826995849609375e+00
4.700000000000000000e+01 9.991917809715402665e-01 7.607317623225959280e-02 9.819698715209959516e+00
4.800000000000000000e+01 9.994073138253515287e-01 7.574907034874381329e-02 9.830597114562987571e+00
4.900000000000000000e+01 9.996011606009455042e-01 7.787642472215286493e-02 9.840739059448242898e+00
5.000000000000000000e+01 9.996051159802421537e-01 7.492988513469717171e-02 9.850707817077637429e+00
5.100000000000000000e+01 9.996311423181452049e-01 7.679610400359940248e-02 9.860615348815917613e+00
5.200000000000000000e+01 9.996652801781089615e-01 7.759339593527875278e-02 9.869401550292970171e+00
5.300000000000000000e+01 9.998323814409473265e-01 7.423456698046142221e-02 9.877014541625976918e+00
5.400000000000000000e+01 9.998174466082587752e-01 7.590698396454018115e-02 9.884087562561035156e+00
5.500000000000000000e+01 9.998317828758317427e-01 7.375372574450977936e-02 9.891841316223144887e+00
5.600000000000000000e+01 9.999913215374162112e-01 7.529657943222965721e-02 9.898582649230956321e+00
5.700000000000000000e+01 9.999111592046764363e-01 7.680451151713767188e-02 9.904139328002930398e+00
5.800000000000000000e+01 9.998709721130809580e-01 7.320243721026685468e-02 9.910156631469725141e+00
5.900000000000000000e+01 9.999351566545995329e-01 7.315487353047379904e-02 9.915116691589355824e+00
6.000000000000000000e+01 9.999351566545995329e-01 7.337610637091618315e-02 9.920490074157713778e+00
6.100000000000000000e+01 9.999913215374162112e-01 7.336012971555766482e-02 9.925377655029297586e+00
6.200000000000000000e+01 9.999510395635996529e-01 7.868135269141565691e-02 9.930089950561523438e+00
6.300000000000000000e+01 9.999913215374162112e-01 7.553256460935438288e-02 9.934003829956054688e+00
6.400000000000000000e+01 9.999913215374162112e-01 7.633557218207620565e-02 9.938665199279785867e+00
6.500000000000000000e+01 9.999913215374162112e-01 7.678176285367786791e-02 9.941910362243651988e+00
6.600000000000000000e+01 9.999913215374164333e-01 7.471601126461178966e-02 9.946640968322753906e+00
6.700000000000000000e+01 9.999913215374162112e-01 7.510381627850849784e-02 9.950498771667481535e+00
6.800000000000000000e+01 9.999913215374162112e-01 7.242617057597112995e-02 9.953670310974121804e+00
6.900000000000000000e+01 9.999913215374164333e-01 7.557604428406633490e-02 9.955877685546873579e+00
7.000000000000000000e+01 9.999913215374162112e-01 7.336416454264138576e-02 9.959370994567871449e+00
7.100000000000000000e+01 9.999913215374162112e-01 7.574915130059325930e-02 9.962104034423827414e+00
7.200000000000000000e+01 9.999913215374162112e-01 7.525568404667680455e-02 9.964041709899902344e+00
7.300000000000000000e+01 9.999913215374164333e-01 7.560061634071073289e-02 9.967151832580565696e+00
7.400000000000000000e+01 9.999913215374162112e-01 7.522365299552216666e-02 9.970039367675781250e+00
7.500000000000000000e+01 9.999913215374162112e-01 7.424906187723202822e-02 9.971538925170898793e+00
7.600000000000000000e+01 9.999913215374162112e-01 7.475748297268927645e-02 9.973430252075194957e+00
7.700000000000000000e+01 9.999913215374162112e-01 7.557642512321961770e-02 9.975885581970215910e+00
7.800000000000000000e+01 9.999913215374162112e-01 7.683595522992782423e-02 9.977003860473633523e+00
7.900000000000000000e+01 9.999913215374164333e-01 7.436747759678324909e-02 9.978615570068358309e+00
8.000000000000000000e+01 9.999913215374162112e-01 7.477648091060036528e-02 9.981013298034667969e+00
8.100000000000000000e+01 9.999913215374162112e-01 7.545536177214809404e-02 9.982333564758301137e+00
8.200000000000000000e+01 9.999913215374164333e-01 7.622305128871871560e-02 9.983936691284180043e+00
8.300000000000000000e+01 9.999913215374162112e-01 7.416394644155585580e-02 9.985682296752928622e+00
8.400000000000000000e+01 9.999913215374162112e-01 7.289085889901066040e-02 9.986355209350586293e+00
8.500000000000000000e+01 9.999913215374162112e-01 7.414066976486190230e-02 9.987176513671874645e+00
8.600000000000000000e+01 9.999913215374162112e-01 7.420776869948234045e-02 9.988558387756347301e+00
8.700000000000000000e+01 9.999913215374162112e-01 7.484105611778517353e-02 9.988663673400878906e+00
8.800000000000000000e+01 9.999913215374162112e-01 7.236005667581710266e-02 9.989811897277832031e+00
8.900000000000000000e+01 9.999913215374162112e-01 7.413058379273992915e-02 9.991003990173339844e+00
9.000000000000000000e+01 9.999913215374162112e-01 7.543451625139986627e-02 9.991768455505370738e+00
9.100000000000000000e+01 9.999913215374162112e-01 7.694240327793952505e-02 9.991728019714354758e+00
9.200000000000000000e+01 9.999913215374162112e-01 7.310747088951652373e-02 9.992667007446289773e+00
9.300000000000000000e+01 9.999913215374162112e-01 7.503786315775667903e-02 9.993752288818358309e+00
9.400000000000000000e+01 9.999913215374162112e-01 7.691522427025786202e-02 9.994641876220702770e+00
9.500000000000000000e+01 9.999913215374164333e-01 7.520469113335238875e-02 9.994687843322754617e+00
9.600000000000000000e+01 9.999913215374164333e-01 7.330270084402404351e-02 9.995455551147461648e+00
9.700000000000000000e+01 9.999913215374162112e-01 7.530452176092758410e-02 9.995735359191893821e+00
9.800000000000000000e+01 9.999913215374162112e-01 7.503825264637625780e-02 9.997194290161132812e+00
9.900000000000000000e+01 9.999913215374162112e-01 7.512014922101255265e-02 9.997563743591307173e+00
1.000000000000000000e+02 9.999913215374162112e-01 7.578029090220586572e-02 9.998798751831053266e+00
1.010000000000000000e+02 9.999913215374162112e-01 7.534403728602868944e-02 9.999002838134764204e+00
1.020000000000000000e+02 9.999913215374162112e-01 7.422768020252068499e-02 9.999304008483887785e+00
1.030000000000000000e+02 9.999913215374162112e-01 7.631121041075525357e-02 9.999788284301757812e+00
1.040000000000000000e+02 9.999913215374162112e-01 7.448260943784229537e-02 1.000013141632079972e+01
1.050000000000000000e+02 9.999913215374164333e-01 7.375475344223195173e-02 1.000052146911621165e+01
1.060000000000000000e+02 9.999913215374162112e-01 7.628680852156186076e-02 1.000170536041259695e+01
1.070000000000000000e+02 9.999913215374162112e-01 7.551151172785357246e-02 1.000169563293457031e+01
1.080000000000000000e+02 9.999913215374162112e-01 7.539146821539262355e-02 1.000183162689208949e+01
1.090000000000000000e+02 9.999913215374162112e-01 7.519321612279120104e-02 1.000197124481201172e+01
1.100000000000000000e+02 9.999913215374162112e-01 7.407669566319381727e-02 1.000234603881835938e+01
1.110000000000000000e+02 9.999913215374162112e-01 7.439826268482162275e-02 1.000239353179931534e+01
1.120000000000000000e+02 9.999913215374162112e-01 7.552153083254975474e-02 1.000253334045410014e+01
1.130000000000000000e+02 9.999913215374162112e-01 7.454754651162762147e-02 1.000321006774902344e+01
1.140000000000000000e+02 9.999913215374162112e-01 7.455707936919540868e-02 1.000237903594970845e+01
1.150000000000000000e+02 9.999913215374162112e-01 7.528496169330463339e-02 1.000236110687255930e+01
1.160000000000000000e+02 9.999913215374162112e-01 7.637917382543073230e-02 1.000244255065917898e+01
1.170000000000000000e+02 9.999913215374162112e-01 7.556955851493279974e-02 1.000295677185058452e+01
1.180000000000000000e+02 9.999913215374162112e-01 7.504993536994598868e-02 1.000364265441894496e+01
1.190000000000000000e+02 9.999913215374162112e-01 7.473803758938318831e-02 1.000285129547119212e+01
1.200000000000000000e+02 9.999913215374164333e-01 7.438396625516625893e-02 1.000378074645995952e+01
1.210000000000000000e+02 9.999913215374162112e-01 7.551996914371127134e-02 1.000440406799316406e+01
1.220000000000000000e+02 9.999913215374162112e-01 7.661908563475504363e-02 1.000386104583740199e+01
1.230000000000000000e+02 9.999913215374162112e-01 7.546269842987234078e-02 1.000244235992431641e+01
1.240000000000000000e+02 9.999913215374164333e-01 7.447392624595924882e-02 1.000281200408935689e+01
1.250000000000000000e+02 9.999913215374162112e-01 7.405709577474850480e-02 1.000266284942626882e+01
1.260000000000000000e+02 9.999913215374162112e-01 7.355748017763164004e-02 1.000281524658203125e+01
1.270000000000000000e+02 9.999913215374164333e-01 7.254204900273840406e-02 1.000262451171875000e+01
1.280000000000000000e+02 9.999913215374164333e-01 7.328778978984619441e-02 1.000263042449951101e+01
1.290000000000000000e+02 9.999913215374162112e-01 7.254389378367502583e-02 1.000290889739990341e+01
1.300000000000000000e+02 9.999913215374164333e-01 7.368402803032735038e-02 1.000275001525878871e+01
1.310000000000000000e+02 9.999913215374164333e-01 7.475675736970711915e-02 1.000257720947265661e+01
1.320000000000000000e+02 9.999913215374162112e-01 7.262934540479422385e-02 1.000317325592041051e+01
1.330000000000000000e+02 9.999913215374164333e-01 7.213991731379924832e-02 1.000363674163818395e+01
1.340000000000000000e+02 9.999913215374162112e-01 7.331197052714383267e-02 1.000404338836669993e+01
1.350000000000000000e+02 9.999913215374162112e-01 7.398734783257636394e-02 1.000408039093017543e+01
1.360000000000000000e+02 9.999913215374162112e-01 7.631171138427006451e-02 1.000391082763671768e+01
1.370000000000000000e+02 9.999913215374162112e-01 7.324591057291914009e-02 1.000302543640136577e+01
1.380000000000000000e+02 9.999913215374162112e-01 7.603790743118782336e-02 1.000234737396240270e+01
1.390000000000000000e+02 9.999913215374164333e-01 7.472256532967738729e-02 1.000231571197509872e+01
1.400000000000000000e+02 9.999913215374162112e-01 7.422665083374523076e-02 1.000266971588134801e+01
1.410000000000000000e+02 9.999913215374162112e-01 7.222791470130782154e-02 1.000326824188232422e+01
1.420000000000000000e+02 9.999913215374164333e-01 7.370725523467970552e-02 1.000358619689941442e+01
1.430000000000000000e+02 9.999913215374162112e-01 7.394409622329302378e-02 1.000363845825195241e+01
1.440000000000000000e+02 9.999913215374164333e-01 7.471564729009873285e-02 1.000389690399170028e+01
1.450000000000000000e+02 9.999913215374164333e-01 7.384182268613227740e-02 1.000467147827148295e+01
1.460000000000000000e+02 9.999913215374162112e-01 7.625976204377611645e-02 1.000452671051025177e+01
1.470000000000000000e+02 9.999913215374162112e-01 7.414181984732681752e-02 1.000424346923828089e+01
1.480000000000000000e+02 9.999913215374162112e-01 7.444750267668549804e-02 1.000418033599853551e+01
1.490000000000000000e+02 9.999913215374162112e-01 7.321109430131424178e-02 1.000408287048339773e+01
1.500000000000000000e+02 9.999913215374162112e-01 7.132650588841633887e-02 1.000455055236816371e+01
1.510000000000000000e+02 9.999913215374164333e-01 7.333371432695097447e-02 1.000445709228515767e+01
1.520000000000000000e+02 9.999913215374162112e-01 7.375830127085934718e-02 1.000498695373535085e+01
1.530000000000000000e+02 9.999913215374164333e-01 7.513066297703004104e-02 1.000447044372558558e+01
1.540000000000000000e+02 9.999913215374162112e-01 7.634025463519771015e-02 1.000502262115478480e+01
1.550000000000000000e+02 9.999913215374164333e-01 7.417486468868451921e-02 1.000528411865234268e+01
1.560000000000000000e+02 9.999913215374162112e-01 7.862245835998496468e-02 1.000510482788086009e+01
1.570000000000000000e+02 9.999913215374162112e-01 7.855789440578553329e-02 1.000644226074218679e+01
1.580000000000000000e+02 9.999913215374164333e-01 7.384093016109216645e-02 1.000538768768310582e+01
1.590000000000000000e+02 9.999913215374162112e-01 7.293026930178517220e-02 1.000592231750488281e+01
1.600000000000000000e+02 9.999913215374162112e-01 7.517691352204017297e-02 1.000646533966064489e+01
1.610000000000000000e+02 9.999913215374162112e-01 7.545066030277294833e-02 1.000688667297363210e+01
1.620000000000000000e+02 9.999913215374162112e-01 7.309204344040991230e-02 1.000713558197021413e+01
1.630000000000000000e+02 9.999913215374162112e-01 7.315353416164921407e-02 1.000666484832763636e+01
1.640000000000000000e+02 9.999913215374162112e-01 7.453229117649533275e-02 1.000627040863037109e+01
1.650000000000000000e+02 9.999913215374164333e-01 7.495102531800525159e-02 1.000648193359375071e+01
1.660000000000000000e+02 9.999913215374162112e-01 7.414974268946404601e-02 1.000601806640625036e+01
1.670000000000000000e+02 9.999913215374162112e-01 7.444528937745037434e-02 1.000562534332275355e+01
1.680000000000000000e+02 9.999913215374164333e-01 7.372813527662981647e-02 1.000648937225341761e+01
1.690000000000000000e+02 9.999913215374164333e-01 7.343521243984162117e-02 1.000626544952392649e+01
1.700000000000000000e+02 9.999913215374162112e-01 7.470635926897956081e-02 1.000582466125488246e+01
1.710000000000000000e+02 9.999913215374164333e-01 7.398698839595087284e-02 1.000584506988525391e+01
1.720000000000000000e+02 9.999913215374164333e-01 7.341787428691030903e-02 1.000656738281249858e+01
1.730000000000000000e+02 9.999913215374164333e-01 7.443008452085088378e-02 1.000583248138427805e+01
1.740000000000000000e+02 9.999913215374162112e-01 7.587788074408299832e-02 1.000549697875976562e+01
1.750000000000000000e+02 9.999913215374162112e-01 7.435428182977189826e-02 1.000596446990966726e+01
1.760000000000000000e+02 9.999913215374162112e-01 7.389673975535289430e-02 1.000541305541992188e+01
1.770000000000000000e+02 9.999913215374164333e-01 7.417496053170433146e-02 1.000431327819824112e+01
1.780000000000000000e+02 9.999913215374162112e-01 7.468135427704870877e-02 1.000426635742187464e+01
1.790000000000000000e+02 9.999913215374162112e-01 7.366523408774909576e-02 1.000421962738037074e+01
1.800000000000000000e+02 9.999913215374162112e-01 7.665973643522150383e-02 1.000432720184326207e+01
1.810000000000000000e+02 9.999913215374162112e-01 7.493571318462068087e-02 1.000449943542480469e+01
1.820000000000000000e+02 9.999913215374164333e-01 7.558992427029377625e-02 1.000470180511474538e+01
1.830000000000000000e+02 9.999913215374162112e-01 7.472500209604812649e-02 1.000496273040771555e+01
1.840000000000000000e+02 9.999913215374162112e-01 7.310995494653949045e-02 1.000453948974609375e+01
1.850000000000000000e+02 9.999913215374162112e-01 7.397980786820014532e-02 1.000410156250000071e+01
1.860000000000000000e+02 9.999913215374164333e-01 7.200978848218118900e-02 1.000378723144531179e+01
1.870000000000000000e+02 9.999913215374162112e-01 7.268685943570500629e-02 1.000367336273193430e+01
1.880000000000000000e+02 9.999913215374162112e-01 7.295896147089622752e-02 1.000421218872070384e+01
1.890000000000000000e+02 9.999913215374162112e-01 7.416326449178492486e-02 1.000403938293456996e+01
1.900000000000000000e+02 9.999913215374164333e-01 7.655559698696165483e-02 1.000356197357177734e+01
1.910000000000000000e+02 9.999913215374162112e-01 7.683598982840712799e-02 1.000331687927246094e+01
1.920000000000000000e+02 9.999913215374164333e-01 7.328693866105086274e-02 1.000389919281005824e+01
1.930000000000000000e+02 9.999913215374162112e-01 7.365280368034203551e-02 1.000385551452636612e+01
1.940000000000000000e+02 9.999913215374162112e-01 7.102221959148601049e-02 1.000340728759765696e+01
1.950000000000000000e+02 9.999913215374162112e-01 7.517201400600208305e-02 1.000336647033691406e+01
1.960000000000000000e+02 9.999913215374162112e-01 7.441664760293145719e-02 1.000300407409667969e+01
1.970000000000000000e+02 9.999913215374162112e-01 7.393982554569152044e-02 1.000232582092285227e+01
1.980000000000000000e+02 9.999913215374162112e-01 7.476995851206945376e-02 1.000186691284179652e+01
1.990000000000000000e+02 9.999913215374162112e-01 7.588573201283108083e-02 1.000190849304199148e+01
2.000000000000000000e+02 9.999913215374162112e-01 1.483351922388066457e-01 5.974844646453856711e+00
2.010000000000000000e+02 9.999913215374162112e-01 2.721268600642639535e-01 6.313533687591553090e+00
2.020000000000000000e+02 9.999913215374164333e-01 3.592519268015478273e-01 6.609331798553466975e+00
2.030000000000000000e+02 9.999913215374162112e-01 4.076983502567567141e-01 6.870434761047364169e+00
2.040000000000000000e+02 9.998716427898507453e-01 4.341782619951159994e-01 7.103278541564941762e+00
2.050000000000000000e+02 9.990716774572101500e-01 4.620688232201176637e-01 7.312435054779052201e+00
2.060000000000000000e+02 9.973013349162329622e-01 4.938648431958356233e-01 7.502234363555908558e+00
2.070000000000000000e+02 9.921027023962483149e-01 5.323940709677419392e-01 7.673707294464112039e+00
2.080000000000000000e+02 9.837334435645053166e-01 5.746988211579932004e-01 7.829630851745605469e+00
2.090000000000000000e+02 9.701739669413353973e-01 6.172867820938539030e-01 7.972799587249756570e+00
2.100000000000000000e+02 9.539400074473530777e-01 6.528898042406109381e-01 8.104793167114257457e+00
2.110000000000000000e+02 9.327140916269505144e-01 6.923637552132106965e-01 8.224988937377929688e+00
2.120000000000000000e+02 9.124793393723653612e-01 7.239419254058004904e-01 8.335999298095702059e+00
2.130000000000000000e+02 8.885245516234527852e-01 7.540777338805769725e-01 8.438016128540038352e+00
2.140000000000000000e+02 8.607689067090485979e-01 7.825329837652108544e-01 8.532856941223144531e+00
2.150000000000000000e+02 8.364215143849924594e-01 8.028907835281191563e-01 8.620344543457031605e+00
2.160000000000000000e+02 8.091732139947567237e-01 8.251251254326963380e-01 8.700765991210937855e+00
2.170000000000000000e+02 7.826090678587115379e-01 8.444025347948549420e-01 8.776765060424805753e+00
2.180000000000000000e+02 7.564146573279587615e-01 8.628233343571338754e-01 8.847613334655761719e+00
2.190000000000000000e+02 7.319380517758545812e-01 8.795973742824781949e-01 8.913735008239745738e+00
2.200000000000000000e+02 7.086842452301931328e-01 8.940647592763585338e-01 8.976060676574705965e+00
2.210000000000000000e+02 6.858220315086263064e-01 9.058986996613763720e-01 9.034782218933104403e+00
2.220000000000000000e+02 6.627987198127458512e-01 9.182511485440109089e-01 9.088751983642577414e+00
2.230000000000000000e+02 6.396568058232142695e-01 9.273336687569575520e-01 9.140481758117676492e+00
2.240000000000000000e+02 6.185357185267127411e-01 9.386238036982001987e-01 9.188990211486817827e+00
2.250000000000000000e+02 6.030837253247834928e-01 9.458235539591481889e-01 9.234663009643554688e+00
2.260000000000000000e+02 5.808543464703986858e-01 9.535022773796554274e-01 9.278287506103515270e+00
2.270000000000000000e+02 5.683769970889578360e-01 9.615547721675230530e-01 9.318943214416504972e+00
2.280000000000000000e+02 5.552523491730698701e-01 9.653319817608064790e-01 9.356415176391601918e+00
2.290000000000000000e+02 5.397930178630195863e-01 9.722772900757036263e-01 9.392432594299316762e+00
2.300000000000000000e+02 5.299110726463623910e-01 9.770630325050734255e-01 9.426766014099120738e+00
2.310000000000000000e+02 5.201137643196583893e-01 9.792194532147910913e-01 9.459115600585937145e+00
2.320000000000000000e+02 5.065310848503664642e-01 9.843089360049557257e-01 9.489397239685057883e+00
2.330000000000000000e+02 5.005282899419024600e-01 9.863893302514339378e-01 9.518422698974609020e+00
2.340000000000000000e+02 4.927029923206978079e-01 9.891721988580589597e-01 9.545562553405760653e+00
2.350000000000000000e+02 4.845604586841700812e-01 9.908675620636201442e-01 9.571089553833006747e+00
2.360000000000000000e+02 4.777028215799387079e-01 9.928102375334139085e-01 9.595351219177246094e+00
2.370000000000000000e+02 4.729319577276704933e-01 9.939591931416695836e-01 9.618059158325195312e+00
2.380000000000000000e+02 4.680860762136136444e-01 9.952493220487874659e-01 9.639589118957518465e+00
2.390000000000000000e+02 4.632813395293436387e-01 9.957021630626063935e-01 9.659058952331543324e+00
2.400000000000000000e+02 4.552619425809536491e-01 9.966789840218828189e-01 9.678225135803222301e+00
2.410000000000000000e+02 4.527688728099102389e-01 9.970341692817791257e-01 9.695559883117676137e+00
2.420000000000000000e+02 4.532516652471518248e-01 9.978326871939808829e-01 9.711497306823730469e+00
2.430000000000000000e+02 4.492924138574799775e-01 9.979725670022832063e-01 9.727445411682129617e+00
2.440000000000000000e+02 4.438016776449724143e-01 9.986866767402354794e-01 9.741529273986815340e+00
2.450000000000000000e+02 4.373331687997285555e-01 9.989898334327769192e-01 9.753988647460937855e+00
2.460000000000000000e+02 4.355752617451307263e-01 9.988421632090012103e-01 9.766516685485839844e+00
2.470000000000000000e+02 4.301056526593362572e-01 9.993214668294823078e-01 9.778453826904296875e+00
2.480000000000000000e+02 4.274397902668438110e-01 9.992906002832111501e-01 9.789721107482909801e+00
2.490000000000000000e+02 4.238891572084800274e-01 9.994635128705469107e-01 9.799819946289062500e+00
2.500000000000000000e+02 4.174938555868338841e-01 9.997423250508750137e-01 9.810063743591308949e+00
2.510000000000000000e+02 4.180174760860512206e-01 9.997314337840788045e-01 9.818355751037598722e+00
2.520000000000000000e+02 4.123039837024081722e-01 9.996577124014256466e-01 9.826850128173827414e+00
2.530000000000000000e+02 4.092159620294691380e-01 9.997563095064850858e-01 9.834902954101561789e+00
2.540000000000000000e+02 4.039583975532992643e-01 9.998344453667652454e-01 9.842528343200683594e+00
2.550000000000000000e+02 4.009143337055418588e-01 9.999179112632702315e-01 9.849263763427734020e+00
2.560000000000000000e+02 3.965472024349668279e-01 9.999186833173135946e-01 9.856932258605956676e+00
2.570000000000000000e+02 3.929193495057006214e-01 9.999978919369367780e-01 9.863439369201659090e+00
2.580000000000000000e+02 3.869470226044622874e-01 9.999564840694418200e-01 9.869685935974120028e+00
2.590000000000000000e+02 3.798677990857075581e-01 9.999978919369368890e-01 9.875893592834472656e+00
2.600000000000000000e+02 3.748239312021949265e-01 9.999560071201827327e-01 9.880547332763672586e+00
2.610000000000000000e+02 3.696030317563611112e-01 9.999584830699417282e-01 9.885230827331543679e+00
2.620000000000000000e+02 3.660768882731382790e-01 9.999585218581966695e-01 9.889993667602539062e+00
2.630000000000000000e+02 3.622654436516848375e-01 9.999978919369367780e-01 9.894741821289061434e+00
2.640000000000000000e+02 3.553734002304517747e-01 9.999564840694420420e-01 9.898268127441406605e+00
2.650000000000000000e+02 3.474452830113486934e-01 9.999978919369367780e-01 9.901966857910156961e+00
2.660000000000000000e+02 3.425704779463340510e-01 9.999978919369368890e-01 9.905520248413086648e+00
2.670000000000000000e+02 3.372383471847343328e-01 9.999978919369368890e-01 9.909741401672363281e+00
2.680000000000000000e+02 3.303992404030411389e-01 9.999978919369367780e-01 9.913081359863280539e+00
2.690000000000000000e+02 3.239302681206286394e-01 9.999978919369367780e-01 9.916256141662596946e+00
2.700000000000000000e+02 3.176660251020715919e-01 9.999978919369368890e-01 9.918370246887207031e+00
2.710000000000000000e+02 3.143072285040132696e-01 9.999978919369371111e-01 9.920745849609375000e+00
2.720000000000000000e+02 3.111966163174113009e-01 9.999978919369368890e-01 9.923024559020996449e+00
2.730000000000000000e+02 3.046110222823679159e-01 9.999978919369368890e-01 9.926079559326172586e+00
2.740000000000000000e+02 2.962221286836234646e-01 9.999978919369367780e-01 9.928183746337891691e+00
2.750000000000000000e+02 2.913638768928563105e-01 9.999978919369367780e-01 9.929925918579101562e+00
2.760000000000000000e+02 2.877443792138248968e-01 9.999978919369367780e-01 9.931428527832030895e+00
2.770000000000000000e+02 2.827076803668073790e-01 9.999978919369367780e-01 9.932934951782225852e+00
2.780000000000000000e+02 2.774760298998431018e-01 9.999978919369368890e-01 9.935071182250977628e+00
2.790000000000000000e+02 2.724022652418242596e-01 9.999978919369368890e-01 9.936794471740721946e+00
2.800000000000000000e+02 2.651901069004294342e-01 9.999564840694418200e-01 9.937993812561034090e+00
2.810000000000000000e+02 2.618844483633663289e-01 9.999978919369368890e-01 9.939563560485840554e+00
2.820000000000000000e+02 2.535722470544657936e-01 9.999978919369368890e-01 9.940788650512695668e+00
2.830000000000000000e+02 2.483041033661989583e-01 9.999978919369367780e-01 9.941758537292480824e+00
2.840000000000000000e+02 2.433598333478892706e-01 9.999978919369367780e-01 9.942331504821776633e+00
2.850000000000000000e+02 2.392276633176468326e-01 9.999978919369367780e-01 9.943189048767090199e+00
2.860000000000000000e+02 2.345285179479220661e-01 9.999978919369367780e-01 9.944101142883301492e+00
2.870000000000000000e+02 2.264937526252373268e-01 9.999978919369367780e-01 9.945602226257324929e+00
2.880000000000000000e+02 2.244004086218004124e-01 9.999978919369367780e-01 9.947630882263183594e+00
2.890000000000000000e+02 2.176581560173661001e-01 9.999978919369368890e-01 9.948632431030274503e+00
2.900000000000000000e+02 2.147399648708598063e-01 9.999978919369367780e-01 9.949478912353514559e+00
2.910000000000000000e+02 2.109833888752003506e-01 9.999978919369367780e-01 9.949733734130859375e+00
2.920000000000000000e+02 2.066090191263120213e-01 9.999978919369367780e-01 9.950750350952148438e+00
2.930000000000000000e+02 2.029595273959982349e-01 9.999978919369367780e-01 9.951277732849121094e+00
2.940000000000000000e+02 2.012249887733143783e-01 9.999978919369368890e-01 9.951722335815428977e+00
2.950000000000000000e+02 1.942276879580509819e-01 9.999978919369367780e-01 9.952064323425291903e+00
2.960000000000000000e+02 1.899970883317179671e-01 9.999978919369367780e-01 9.952938079833984375e+00
2.970000000000000000e+02 1.844563342620737234e-01 9.999978919369371111e-01 9.953318023681640980e+00
2.980000000000000000e+02 1.836549865857087793e-01 9.999978919369368890e-01 9.954052543640136363e+00
2.990000000000000000e+02 1.800902957396303128e-01 9.999978919369368890e-01 9.953845214843751066e+00
3.000000000000000000e+02 1.788214033369859290e-01 9.999978919369367780e-01 9.953561782836914062e+00
3.010000000000000000e+02 1.719077506115336273e-01 9.999978919369367780e-01 9.953620147705077414e+00
3.020000000000000000e+02 1.702279110572465226e-01 9.999978919369367780e-01 9.955057334899901633e+00
3.030000000000000000e+02 1.654566654731345343e-01 9.999978919369367780e-01 9.955513191223143821e+00
3.040000000000000000e+02 1.621649094371799271e-01 9.999978919369367780e-01 9.957329750061035156e+00
3.050000000000000000e+02 1.611673918835830333e-01 9.999978919369367780e-01 9.957760620117186434e+00
3.060000000000000000e+02 1.560299524769056256e-01 9.999978919369367780e-01 9.958198165893554332e+00
3.070000000000000000e+02 1.531485322628710899e-01 9.999978919369367780e-01 9.958176040649412641e+00
3.080000000000000000e+02 1.528323466801373709e-01 9.999978919369367780e-01 9.958943557739257102e+00
3.090000000000000000e+02 1.469265283190360483e-01 9.999978919369367780e-01 9.958901214599610086e+00
3.100000000000000000e+02 1.438164289305469967e-01 9.999978919369367780e-01 9.959377670288086293e+00
3.110000000000000000e+02 1.451155645625814006e-01 9.999978919369367780e-01 9.960699272155762785e+00
3.120000000000000000e+02 1.407213503260023590e-01 9.999978919369367780e-01 9.961046791076659801e+00
3.130000000000000000e+02 1.379021456493777498e-01 9.999978919369367780e-01 9.961659049987792613e+00
3.140000000000000000e+02 1.348525905128819813e-01 9.999978919369367780e-01 9.961774063110352628e+00
3.150000000000000000e+02 1.328733062564154965e-01 9.999978919369367780e-01 9.961023521423339133e+00
3.160000000000000000e+02 1.302927519287724323e-01 9.999978919369367780e-01 9.961841011047363637e+00
3.170000000000000000e+02 1.264357586727627991e-01 9.999978919369367780e-01 9.961959838867187500e+00
3.180000000000000000e+02 1.278782289449174325e-01 9.999978919369367780e-01 9.961298561096191051e+00
3.190000000000000000e+02 1.226058707077860577e-01 9.999978919369367780e-01 9.961047363281251066e+00
3.200000000000000000e+02 1.229726406670231115e-01 9.999978919369367780e-01 9.959660911560058949e+00
3.210000000000000000e+02 1.227887870553777128e-01 9.999978919369368890e-01 9.959257888793946023e+00
3.220000000000000000e+02 1.186101118184108988e-01 9.999978919369368890e-01 9.960445404052734375e+00
3.230000000000000000e+02 1.175754898808869797e-01 9.999978919369367780e-01 9.960697937011717684e+00
3.240000000000000000e+02 1.172789835524409990e-01 9.999978919369367780e-01 9.960401344299317117e+00
3.250000000000000000e+02 1.166733420934835674e-01 9.999978919369367780e-01 9.961231040954590554e+00
3.260000000000000000e+02 1.146622470402802046e-01 9.999978919369368890e-01 9.961286926269531605e+00
3.270000000000000000e+02 1.112230759103712968e-01 9.999978919369368890e-01 9.960932540893555398e+00
3.280000000000000000e+02 1.099275076187059691e-01 9.999978919369368890e-01 9.961388969421387074e+00
3.290000000000000000e+02 1.091816778548585498e-01 9.999978919369367780e-01 9.961896896362304688e+00
3.300000000000000000e+02 1.066615497471054552e-01 9.999978919369367780e-01 9.962307548522948863e+00
3.310000000000000000e+02 1.070766242451468286e-01 9.999978919369367780e-01 9.962305068969726562e+00
3.320000000000000000e+02 1.047593645622151570e-01 9.999978919369368890e-01 9.962297058105468395e+00
3.330000000000000000e+02 1.016185993978218904e-01 9.999978919369368890e-01 9.962368965148925781e+00
3.340000000000000000e+02 1.007824190344559084e-01 9.999978919369367780e-01 9.962495040893555753e+00
3.350000000000000000e+02 1.001863203043133754e-01 9.999978919369367780e-01 9.962657737731934304e+00
3.360000000000000000e+02 9.891361392643069350e-02 9.999978919369368890e-01 9.962940597534180043e+00
3.370000000000000000e+02 9.924855991771038000e-02 9.999978919369367780e-01 9.962342643737793324e+00
3.380000000000000000e+02 9.790388494637246308e-02 9.999978919369368890e-01 9.962282752990722301e+00
3.390000000000000000e+02 9.678550586868052419e-02 9.999978919369367780e-01 9.961934471130369673e+00
3.400000000000000000e+02 9.712982285339732957e-02 9.999978919369368890e-01 9.962675094604492188e+00
3.410000000000000000e+02 9.464149008914159167e-02 9.999978919369367780e-01 9.962619400024413707e+00
3.420000000000000000e+02 9.433006574908853192e-02 9.999978919369368890e-01 9.961676406860352273e+00
3.430000000000000000e+02 9.626254943939266395e-02 9.999978919369367780e-01 9.961707496643066762e+00
3.440000000000000000e+02 9.303768528761816037e-02 9.999978919369367780e-01 9.962549209594726562e+00
3.450000000000000000e+02 9.145947150306620033e-02 9.999978919369367780e-01 9.962788772583007102e+00
3.460000000000000000e+02 8.945799517734963346e-02 9.999978919369368890e-01 9.962461090087890270e+00
3.470000000000000000e+02 9.072225148750791279e-02 9.999978919369368890e-01 9.962014579772947798e+00
3.480000000000000000e+02 8.874796246703720026e-02 9.999978919369367780e-01 9.961959457397460582e+00
3.490000000000000000e+02 8.777182170401923167e-02 9.999978919369367780e-01 9.962679481506349077e+00
3.500000000000000000e+02 8.865261056908850523e-02 9.999978919369367780e-01 9.962660217285156605e+00
3.510000000000000000e+02 9.005231672902119788e-02 9.999978919369367780e-01 9.962288856506349433e+00
3.520000000000000000e+02 8.990011570115012673e-02 9.999978919369367780e-01 9.962071990966796520e+00
3.530000000000000000e+02 8.968044732175675660e-02 9.999978919369367780e-01 9.961093902587890625e+00
3.540000000000000000e+02 8.632332899548939009e-02 9.999978919369367780e-01 9.961237144470215910e+00
3.550000000000000000e+02 8.648751976365477712e-02 9.999978919369368890e-01 9.961694908142089133e+00
3.560000000000000000e+02 8.644403390295975209e-02 9.999978919369367780e-01 9.961482620239259234e+00
3.570000000000000000e+02 8.617730182619796897e-02 9.999978919369368890e-01 9.961151885986328836e+00
3.580000000000000000e+02 8.179908678547638534e-02 9.999978919369367780e-01 9.959903717041015625e+00
3.590000000000000000e+02 8.210111139351168597e-02 9.999978919369367780e-01 9.960341072082519176e+00
3.600000000000000000e+02 8.435149286110739386e-02 9.999978919369368890e-01 9.960299491882324219e+00
3.610000000000000000e+02 8.244205086071031141e-02 9.999978919369367780e-01 9.960181808471679332e+00
3.620000000000000000e+02 8.227805488355975638e-02 9.999978919369367780e-01 9.960226631164550426e+00
3.630000000000000000e+02 8.150040503507149925e-02 9.999978919369367780e-01 9.960540771484375000e+00
3.640000000000000000e+02 8.076451318640309740e-02 9.999978919369368890e-01 9.960444450378417969e+00
3.650000000000000000e+02 7.965050659781071352e-02 9.999978919369368890e-01 9.958952140808104758e+00
3.660000000000000000e+02 7.889663495835934348e-02 9.999978919369367780e-01 9.959107589721680753e+00
3.670000000000000000e+02 7.854602831357257453e-02 9.999978919369367780e-01 9.958310699462890270e+00
3.680000000000000000e+02 8.123826352372656712e-02 9.999978919369367780e-01 9.958660507202148793e+00
3.690000000000000000e+02 7.864722778620092392e-02 9.999978919369367780e-01 9.958859634399413352e+00
3.700000000000000000e+02 7.969045605147154210e-02 9.999978919369367780e-01 9.959484291076659446e+00
3.710000000000000000e+02 8.146894936379289742e-02 9.999978919369367780e-01 9.959502220153808594e+00
3.720000000000000000e+02 7.715057682307190079e-02 9.999978919369368890e-01 9.959080505371094461e+00
3.730000000000000000e+02 8.029450808506681525e-02 9.999978919369367780e-01 9.959393692016602628e+00
3.740000000000000000e+02 7.622307807528413970e-02 9.999978919369367780e-01 9.959389305114745738e+00
3.750000000000000000e+02 7.739523046595321587e-02 9.999978919369368890e-01 9.959742927551269887e+00
3.760000000000000000e+02 7.581965000325868731e-02 9.999978919369367780e-01 9.960039710998534801e+00
3.770000000000000000e+02 7.430782142824265968e-02 9.999978919369367780e-01 9.960457611083985086e+00
3.780000000000000000e+02 7.876175334812371420e-02 9.999978919369368890e-01 9.959935760498046520e+00
3.790000000000000000e+02 7.718488262676623246e-02 9.999978919369367780e-01 9.959719657897949219e+00
3.800000000000000000e+02 7.734926226508137548e-02 9.999978919369368890e-01 9.959356307983398438e+00
3.810000000000000000e+02 7.716817089953555142e-02 9.999978919369367780e-01 9.959130287170410156e+00
3.820000000000000000e+02 7.563702215896500602e-02 9.999978919369368890e-01 9.958828926086425781e+00
3.830000000000000000e+02 7.855030457810210920e-02 9.999978919369367780e-01 9.958548545837402344e+00
3.840000000000000000e+02 7.732007018440299750e-02 9.999978919369368890e-01 9.958220672607421164e+00
3.850000000000000000e+02 7.890170561781466307e-02 9.999978919369367780e-01 9.958205223083496094e+00
3.860000000000000000e+02 7.732919850001951367e-02 9.999978919369367780e-01 9.959092521667480824e+00
3.870000000000000000e+02 7.667335933972449502e-02 9.999978919369367780e-01 9.959209823608398793e+00
3.880000000000000000e+02 7.754494133523008592e-02 9.999978919369368890e-01 9.959475135803222301e+00
3.890000000000000000e+02 7.867540233466065180e-02 9.999978919369367780e-01 9.959764862060547230e+00
3.900000000000000000e+02 7.471756554598259215e-02 9.999978919369368890e-01 9.959849357604980469e+00
3.910000000000000000e+02 7.600672277121266196e-02 9.999978919369368890e-01 9.960397529602051492e+00
3.920000000000000000e+02 7.707379999513920554e-02 9.999978919369367780e-01 9.960253524780274148e+00
3.930000000000000000e+02 7.616301059559821285e-02 9.999978919369367780e-01 9.960067749023437500e+00
3.940000000000000000e+02 7.607819758697688395e-02 9.999978919369368890e-01 9.959431266784667613e+00
3.950000000000000000e+02 7.601205135891614395e-02 9.999978919369367780e-01 9.959926223754882457e+00
3.960000000000000000e+02 7.734802096248853676e-02 9.999978919369367780e-01 9.960064125061034446e+00
3.970000000000000000e+02 7.678238770990809814e-02 9.999978919369368890e-01 9.960512924194336648e+00
3.980000000000000000e+02 7.932247182297520738e-02 9.999978919369367780e-01 9.961164665222169035e+00
